3707 0 1e+6 2e+5 0.2 5e-7 0.42 3e-10 2e-4 2e-3 0.3 0.4 0.5 7e+5 5e-13 0 1e-6 1e-6 1e+06 615 2.76845e-10 0.000193792 4.57011e-20 2.96987e-07 2.80644e-15 9.70606e-12 4.28618e-22 5.79152 20.8338 8.65817e-12 3.12719e-22
3707 1 1e+6 2e+5 0.2 5e-7 0.42 3e-10 2e-4 2e-3 0.3 0.4 0.5 7e+5 5e-13 0 1e-6 1e-6 1e+06 591 2.76102e-10 0.000193271 4.76878e-20 2.97246e-07 2.84842e-15 9.6628e-12 4.23612e-22 5.79589 21.4762 8.63119e-12 3.12501e-22
3707 2 1e+6 2e+5 0.2 5e-7 0.42 3e-10 2e-4 2e-3 0.3 0.4 0.5 7e+5 5e-13 0 1e-6 1e-6 1e+06 615 2.76045e-10 0.000193231 4.4915e-20 2.96748e-07 2.67965e-15 9.68269e-12 4.17731e-22 5.77752 20.874 8.65457e-12 3.11431e-22
3707 3 1e+6 2e+5 0.2 5e-7 0.42 3e-10 2e-4 2e-3 0.3 0.4 0.5 7e+5 5e-13 0 1e-6 1e-6 1e+06 464 2.76474e-10 0.000193532 4.53697e-20 2.96571e-07 2.71952e-15 9.67711e-12 4.4118e-22 5.796 20.9838 8.63713e-12 3.14433e-22
3707 4 1e+6 2e+5 0.2 5e-7 0.42 3e-10 2e-4 2e-3 0.3 0.4 0.5 7e+5 5e-13 0 1e-6 1e-6 1e+06 581 2.76177e-10 0.000193324 4.60091e-20 2.96869e-07 2.75232e-15 9.65257e-12 4.37608e-22 5.80479 21.0782 8.6091e-12 3.13024e-22
3707 5 1e+6 2e+5 0.2 5e-7 0.42 3e-10 2e-4 2e-3 0.3 0.4 0.5 7e+5 5e-13 0 1e-6 1e-6 1e+06 603 2.77317e-10 0.000194122 4.82131e-20 2.97282e-07 2.90732e-15 9.59737e-12 4.18402e-22 5.86145 22.115 8.56785e-12 3.10858e-22
3707 6 1e+6 2e+5 0.2 5e-7 0.42 3e-10 2e-4 2e-3 0.3 0.4 0.5 7e+5 5e-13 0 1e-6 1e-6 1e+06 581 2.76615e-10 0.00019363 4.5423e-20 2.969e-07 2.79728e-15 9.6579e-12 4.247e-22 5.79659 20.5966 8.6458e-12 3.12601e-22
3707 7 1e+6 2e+5 0.2 5e-7 0.42 3e-10 2e-4 2e-3 0.3 0.4 0.5 7e+5 5e-13 0 1e-6 1e-6 1e+06 617 2.77099e-10 0.000193969 4.32593e-20 2.96301e-07 2.58107e-15 9.71631e-12 4.09451e-22 5.78734 20.3862 8.67242e-12 3.09243e-22
3707 8 1e+6 2e+5 0.2 5e-7 0.42 3e-10 2e-4 2e-3 0.3 0.4 0.5 7e+5 5e-13 0 1e-6 1e-6 1e+06 536 2.76502e-10 0.000193551 4.70205e-20 2.97107e-07 2.80626e-15 9.5959e-12 3.98702e-22 5.84969 21.6127 8.56376e-12 3.06416e-22
3707 9 1e+6 2e+5 0.2 5e-7 0.42 3e-10 2e-4 2e-3 0.3 0.4 0.5 7e+5 5e-13 0 1e-6 1e-6 1e+06 542 2.76171e-10 0.00019332 4.46292e-20 2.96722e-07 2.72424e-15 9.61966e-12 4.20169e-22 5.81181 20.641 8.60584e-12 3.09973e-22
3707 10 1e+6 2e+5 0.2 5e-7 0.42 3e-10 2e-4 2e-3 0.3 0.4 0.5 7e+5 5e-13 0 1e-6 1e-6 1e+06 635 2.76226e-10 0.000193358 4.5579e-20 2.97076e-07 2.83264e-15 9.62471e-12 4.28365e-22 5.82093 21.0312 8.59289e-12 3.11826e-22
3707 11 1e+6 2e+5 0.2 5e-7 0.42 3e-10 2e-4 2e-3 0.3 0.4 0.5 7e+5 5e-13 0 1e-6 1e-6 1e+06 599 2.76063e-10 0.000193244 4.56479e-20 2.96871e-07 2.75034e-15 9.67349e-12 4.40021e-22 5.79035 21.1391 8.63287e-12 3.1472e-22
3707 12 1e+6 2e+5 0.2 5e-7 0.42 3e-10 2e-4 2e-3 0.3 0.4 0.5 7e+5 5e-13 0 1e-6 1e-6 1e+06 616 2.76551e-10 0.000193586 4.19429e-20 2.96358e-07 2.54808e-15 9.66798e-12 4.05308e-22 5.79032 19.8179 8.65292e-12 3.0811e-22
3707 13 1e+6 2e+5 0.2 5e-7 0.42 3e-10 2e-4 2e-3 0.3 0.4 0.5 7e+5 5e-13 0 1e-6 1e-6 1e+06 456 2.75798e-10 0.000193058 4.57356e-20 2.9694e-07 2.77128e-15 9.68101e-12 4.32528e-22 5.7801 21.0862 8.63983e-12 3.13838e-22
3707 14 1e+6 2e+5 0.2 5e-7 0.42 3e-10 2e-4 2e-3 0.3 0.4 0.5 7e+5 5e-13 0 1e-6 1e-6 1e+06 491 2.75888e-10 0.000193122 4.42494e-20 2.96713e-07 2.73302e-15 9.65882e-12 4.38388e-22 5.79653 20.5082 8.61372e-12 3.13259e-22
3707 15 1e+6 2e+5 0.2 5e-7 0.42 3e-10 2e-4 2e-3 0.3 0.4 0.5 7e+5 5e-13 0 1e-6 1e-6 1e+06 558 2.76441e-10 0.000193509 4.70606e-20 2.97198e-07 2.86531e-15 9.67387e-12 4.33113e-22 5.794 21.3742 8.64768e-12 3.15249e-22
3707 16 1e+6 2e+5 0.2 5e-7 0.42 3e-10 2e-4 2e-3 0.3 0.4 0.5 7e+5 5e-13 0 1e-6 1e-6 1e+06 646 2.77169e-10 0.000194018 4.55105e-20 2.96926e-07 2.74378e-15 9.69331e-12 4.29637e-22 5.79473 20.8945 8.66009e-12 3.13182e-22
3707 17 1e+6 2e+5 0.2 5e-7 0.42 3e-10 2e-4 2e-3 0.3 0.4 0.5 7e+5 5e-13 0 1e-6 1e-6 1e+06 542 2.76828e-10 0.00019378 4.67367e-20 2.96766e-07 2.74421e-15 9.6694e-12 4.31666e-22 5.8104 21.2931 8.62832e-12 3.1363e-22
3707 18 1e+6 2e+5 0.2 5e-7 0.42 3e-10 2e-4 2e-3 0.3 0.4 0.5 7e+5 5e-13 0 1e-6 1e-6 1e+06 568 2.76078e-10 0.000193254 4.5783e-20 2.97037e-07 2.80928e-15 9.66737e-12 4.20045e-22 5.79889 21.407 8.61902e-12 3.10859e-22
3707 19 1e+6 2e+5 0.2 5e-7 0.42 3e-10 2e-4 2e-3 0.3 0.4 0.5 7e+5 5e-13 0 1e-6 1e-6 1e+06 691 2.76806e-10 0.000193764 4.4737e-20 2.96708e-07 2.67438e-15 9.71306e-12 4.45243e-22 5.78207 20.4684 8.67472e-12 3.16213e-22
3707 20 1e+6 2e+5 0.175 1e-6 0.42 3e-10 2e-4 2e-3 0.3 0.4 0.5 7e+5 5e-13 0 1e-6 1e-6 1e+06 655 2.39448e-10 0.000167614 5.18258e-20 3.50348e-07 6.2673e-15 9.1722e-12 3.09559e-22 5.8969 31.1151 8.38791e-12 2.59936e-22
3707 21 1e+6 2e+5 0.175 1e-6 0.42 3e-10 2e-4 2e-3 0.3 0.4 0.5 7e+5 5e-13 0 1e-6 1e-6 1e+06 752 2.39135e-10 0.000167395 4.79096e-20 3.48957e-07 5.81094e-15 9.20793e-12 3.08028e-22 5.86578 28.6859 8.42675e-12 2.58444e-22
3707 22 1e+6 2e+5 0.175 1e-6 0.42 3e-10 2e-4 2e-3 0.3 0.4 0.5 7e+5 5e-13 0 1e-6 1e-6 1e+06 759 2.38636e-10 0.000167045 4.71681e-20 3.4982e-07 6.06069e-15 9.22038e-12 3.15428e-22 5.85768 29.2295 8.42319e-12 2.60547e-22
3707 23 1e+6 2e+5 0.175 1e-6 0.42 3e-10 2e-4 2e-3 0.3 0.4 0.5 7e+5 5e-13 0 1e-6 1e-6 1e+06 754 2.37463e-10 0.000166224 4.55776e-20 3.48619e-07 5.66393e-15 9.20185e-12 2.97481e-22 5.82634 28.0062 8.42765e-12 2.56256e-22
3707 24 1e+6 2e+5 0.175 1e-6 0.42 3e-10 2e-4 2e-3 0.3 0.4 0.5 7e+5 5e-13 0 1e-6 1e-6 1e+06 424 2.38505e-10 0.000166954 4.56481e-20 3.4805e-07 5.60874e-15 9.17386e-12 3.02619e-22 5.8679 28.4375 8.39505e-12 2.5614e-22
3707 25 1e+6 2e+5 0.175 1e-6 0.42 3e-10 2e-4 2e-3 0.3 0.4 0.5 7e+5 5e-13 0 1e-6 1e-6 1e+06 582 2.3796e-10 0.000166572 4.63591e-20 3.48658e-07 5.6578e-15 9.12769e-12 2.99606e-22 5.88658 29.037 8.35969e-12 2.56418e-22
3707 26 1e+6 2e+5 0.175 1e-6 0.42 3e-10 2e-4 2e-3 0.3 0.4 0.5 7e+5 5e-13 0 1e-6 1e-6 1e+06 649 2.38745e-10 0.000167122 4.52879e-20 3.48433e-07 5.67465e-15 9.18086e-12 3.08023e-22 5.84912 27.3274 8.43331e-12 2.58237e-22
3707 27 1e+6 2e+5 0.175 1e-6 0.42 3e-10 2e-4 2e-3 0.3 0.4 0.5 7e+5 5e-13 0 1e-6 1e-6 1e+06 466 2.38278e-10 0.000166795 4.5912e-20 3.48969e-07 5.96734e-15 9.18627e-12 3.14213e-22 5.86299 28.0061 8.39848e-12 2.58455e-22
3707 28 1e+6 2e+5 0.175 1e-6 0.42 3e-10 2e-4 2e-3 0.3 0.4 0.5 7e+5 5e-13 0 1e-6 1e-6 1e+06 541 2.39329e-10 0.00016753 4.52104e-20 3.48407e-07 5.6696e-15 9.15759e-12 3.29084e-22 5.89388 28.1592 8.39548e-12 2.6152e-22
3707 29 1e+6 2e+5 0.175 1e-6 0.42 3e-10 2e-4 2e-3 0.3 0.4 0.5 7e+5 5e-13 0 1e-6 1e-6 1e+06 638 2.38562e-10 0.000166993 4.38167e-20 3.47158e-07 5.19474e-15 9.09567e-12 3.04212e-22 5.90108 27.5803 8.3551e-12 2.55059e-22
3707 30 1e+6 2e+5 0.175 1e-6 0.42 3e-10 2e-4 2e-3 0.3 0.4 0.5 7e+5 5e-13 0 1e-6 1e-6 1e+06 615 2.3779e-10 0.000166453 4.3674e-20 3.483e-07 5.55106e-15 9.18461e-12 3.0835e-22 5.8439 27.4344 8.41413e-12 2.57495e-22
3707 31 1e+6 2e+5 0.175 1e-6 0.42 3e-10 2e-4 2e-3 0.3 0.4 0.5 7e+5 5e-13 0 1e-6 1e-6 1e+06 667 2.38682e-10 0.000167078 4.69288e-20 3.48732e-07 5.64428e-15 9.26991e-12 3.19104e-22 5.83245 28.7239 8.46077e-12 2.61397e-22
3707 32 1e+6 2e+5 0.175 1e-6 0.42 3e-10 2e-4 2e-3 0.3 0.4 0.5 7e+5 5e-13 0 1e-6 1e-6 1e+06 609 2.3863e-10 0.000167041 4.89438e-20 3.4903e-07 5.86345e-15 9.18751e-12 3.04732e-22 5.86167 29.8418 8.41727e-12 2.5813e-22
3707 33 1e+6 2e+5 0.175 1e-6 0.42 3e-10 2e-4 2e-3 0.3 0.4 0.5 7e+5 5e-13 0 1e-6 1e-6 1e+06 554 2.39002e-10 0.000167301 4.81031e-20 3.49681e-07 6.04856e-15 9.17414e-12 3.0921e-22 5.88954 29.6586 8.38705e-12 2.59652e-22
3707 34 1e+6 2e+5 0.175 1e-6 0.42 3e-10 2e-4 2e-3 0.3 0.4 0.5 7e+5 5e-13 0 1e-6 1e-6 1e+06 463 2.36426e-10 0.000165498 4.90155e-20 3.49899e-07 6.04394e-15 9.19554e-12 3.23548e-22 5.81858 30.0146 8.39825e-12 2.61411e-22
3707 35 1e+6 2e+5 0.175 1e-6 0.42 3e-10 2e-4 2e-3 0.3 0.4 0.5 7e+5 5e-13 0 1e-6 1e-6 1e+06 506 2.39075e-10 0.000167353 4.94188e-20 3.49416e-07 6.04716e-15 9.15331e-12 3.22906e-22 5.9064 30.6278 8.37033e-12 2.61855e-22
3707 36 1e+6 2e+5 0.175 1e-6 0.42 3e-10 2e-4 2e-3 0.3 0.4 0.5 7e+5 5e-13 0 1e-6 1e-6 1e+06 669 2.39158e-10 0.00016741 5.03283e-20 3.50094e-07 6.21372e-15 9.23873e-12 3.04308e-22 5.86591 30.3152 8.43104e-12 2.59758e-22
3707 37 1e+6 2e+5 0.175 1e-6 0.42 3e-10 2e-4 2e-3 0.3 0.4 0.5 7e+5 5e-13 0 1e-6 1e-6 1e+06 602 2.38247e-10 0.000166773 4.39084e-20 3.48937e-07 5.83094e-15 9.18899e-12 3.05972e-22 5.85464 27.5784 8.41315e-12 2.56406e-22
3707 38 1e+6 2e+5 0.175 1e-6 0.42 3e-10 2e-4 2e-3 0.3 0.4 0.5 7e+5 5e-13 0 1e-6 1e-6 1e+06 647 2.39274e-10 0.000167492 4.66197e-20 3.49117e-07 5.9013e-15 9.14079e-12 3.30139e-22 5.89788 28.7295 8.3887e-12 2.62249e-22
3707 39 1e+6 2e+5 0.175 1e-6 0.42 3e-10 2e-4 2e-3 0.3 0.4 0.5 7e+5 5e-13 0 1e-6 1e-6 1e+06 534 2.38473e-10 0.000166931 4.65284e-20 3.48822e-07 5.82755e-15 9.19907e-12 3.01375e-22 5.85643 28.7161 8.42073e-12 2.5685e-22
3707 40 1e+6 2e+5 0.175 1.5e-6 0.42 3e-10 2e-4 2e-3 0.3 0.4 0.5 7e+5 5e-13 0 1e-6 1e-6 1e+06 575 2.39194e-10 0.000167435 4.87675e-20 3.53694e-07 7.45876e-15 9.02128e-12 2.42589e-22 5.89413 30.8509 8.37642e-12 2.20703e-22
3707 41 1e+6 2e+5 0.175 1.5e-6 0.42 3e-10 2e-4 2e-3 0.3 0.4 0.5 7e+5 5e-13 0 1e-6 1e-6 1e+06 522 2.37527e-10 0.000166269 5.05791e-20 3.5518e-07 7.9417e-15 9.06975e-12 2.41874e-22 5.82887 31.1131 8.4106e-12 2.21966e-22
3707 42 1e+6 2e+5 0.175 1.5e-6 0.42 3e-10 2e-4 2e-3 0.3 0.4 0.5 7e+5 5e-13 0 1e-6 1e-6 1e+06 607 2.38777e-10 0.000167144 5.05996e-20 3.5496e-07 7.79513e-15 9.08826e-12 2.46761e-22 5.86548 31.4646 8.41081e-12 2.25001e-22
3707 43 1e+6 2e+5 0.175 1.5e-6 0.42 3e-10 2e-4 2e-3 0.3 0.4 0.5 7e+5 5e-13 0 1e-6 1e-6 1e+06 627 2.3813e-10 0.000166691 4.98238e-20 3.55043e-07 7.78932e-15 9.05031e-12 2.52156e-22 5.86138 30.8471 8.39985e-12 2.24422e-22
3707 44 1e+6 2e+5 0.175 1.5e-6 0.42 3e-10 2e-4 2e-3 0.3 0.4 0.5 7e+5 5e-13 0 1e-6 1e-6 1e+06 551 2.38213e-10 0.000166749 5.18486e-20 3.54883e-07 7.72906e-15 9.09953e-12 2.37801e-22 5.84816 32.374 8.41669e-12 2.2327e-22
3707 45 1e+6 2e+5 0.175 1.5e-6 0.42 3e-10 2e-4 2e-3 0.3 0.4 0.5 7e+5 5e-13 0 1e-6 1e-6 1e+06 544 2.38895e-10 0.000167226 5.04963e-20 3.54594e-07 7.78008e-15 9.04118e-12 2.50415e-22 5.88102 31.4146 8.38234e-12 2.25034e-22
3707 46 1e+6 2e+5 0.175 1.5e-6 0.42 3e-10 2e-4 2e-3 0.3 0.4 0.5 7e+5 5e-13 0 1e-6 1e-6 1e+06 823 2.39384e-10 0.000167569 4.78545e-20 3.54098e-07 7.47669e-15 9.04815e-12 2.40598e-22 5.8868 30.709 8.39328e-12 2.21399e-22
3707 47 1e+6 2e+5 0.175 1.5e-6 0.42 3e-10 2e-4 2e-3 0.3 0.4 0.5 7e+5 5e-13 0 1e-6 1e-6 1e+06 541 2.38171e-10 0.000166719 4.96587e-20 3.54606e-07 7.76594e-15 9.03365e-12 2.42105e-22 5.87735 31.1184 8.37303e-12 2.21754e-22
3707 48 1e+6 2e+5 0.175 1.5e-6 0.42 3e-10 2e-4 2e-3 0.3 0.4 0.5 7e+5 5e-13 0 1e-6 1e-6 1e+06 866 2.37835e-10 0.000166485 5.48722e-20 3.57081e-07 8.4062e-15 9.15114e-12 2.47451e-22 5.79995 32.8919 8.46709e-12 2.27102e-22
3707 49 1e+6 2e+5 0.175 1.5e-6 0.42 3e-10 2e-4 2e-3 0.3 0.4 0.5 7e+5 5e-13 0 1e-6 1e-6 1e+06 540 2.38617e-10 0.000167032 5.04308e-20 3.53904e-07 7.39382e-15 9.04935e-12 2.53822e-22 5.86781 31.2956 8.38872e-12 2.24075e-22
3707 50 1e+6 2e+5 0.175 1.5e-6 0.42 3e-10 2e-4 2e-3 0.3 0.4 0.5 7e+5 5e-13 0 1e-6 1e-6 1e+06 593 2.38969e-10 0.000167278 4.99261e-20 3.55291e-07 8.05638e-15 9.02821e-12 2.3555e-22 5.89434 31.2163 8.36934e-12 2.20794e-22
3707 51 1e+6 2e+5 0.175 1.5e-6 0.42 3e-10 2e-4 2e-3 0.3 0.4 0.5 7e+5 5e-13 0 1e-6 1e-6 1e+06 501 2.37434e-10 0.000166204 4.93464e-20 3.55254e-07 7.84542e-15 9.06511e-12 2.43709e-22 5.83802 30.9476 8.39028e-12 2.21128e-22
3707 52 1e+6 2e+5 0.175 1.5e-6 0.42 3e-10 2e-4 2e-3 0.3 0.4 0.5 7e+5 5e-13 0 1e-6 1e-6 1e+06 662 2.38387e-10 0.000166871 4.97222e-20 3.54109e-07 7.39957e-15 9.07427e-12 2.41418e-22 5.84122 31.1196 8.4267e-12 2.22367e-22
3707 53 1e+6 2e+5 0.175 1.5e-6 0.42 3e-10 2e-4 2e-3 0.3 0.4 0.5 7e+5 5e-13 0 1e-6 1e-6 1e+06 501 2.39157e-10 0.00016741 4.98917e-20 3.54589e-07 7.67884e-15 9.07341e-12 2.48754e-22 5.86891 31.3386 8.41287e-12 2.24609e-22
3707 54 1e+6 2e+5 0.175 1.5e-6 0.42 3e-10 2e-4 2e-3 0.3 0.4 0.5 7e+5 5e-13 0 1e-6 1e-6 1e+06 460 2.37344e-10 0.000166141 5.05848e-20 3.55038e-07 7.84251e-15 9.12246e-12 2.5739e-22 5.80902 31.2716 8.43895e-12 2.27131e-22
3707 55 1e+6 2e+5 0.175 1.5e-6 0.42 3e-10 2e-4 2e-3 0.3 0.4 0.5 7e+5 5e-13 0 1e-6 1e-6 1e+06 720 2.3817e-10 0.000166719 5.06252e-20 3.55471e-07 7.97008e-15 9.04442e-12 2.4674e-22 5.85042 30.8314 8.40651e-12 2.23707e-22
3707 56 1e+6 2e+5 0.175 1.5e-6 0.42 3e-10 2e-4 2e-3 0.3 0.4 0.5 7e+5 5e-13 0 1e-6 1e-6 1e+06 603 2.37733e-10 0.000166413 4.85235e-20 3.54382e-07 7.61797e-15 9.06668e-12 2.50883e-22 5.84041 30.376 8.4094e-12 2.23082e-22
3707 57 1e+6 2e+5 0.175 1.5e-6 0.42 3e-10 2e-4 2e-3 0.3 0.4 0.5 7e+5 5e-13 0 1e-6 1e-6 1e+06 572 2.38125e-10 0.000166688 5.10042e-20 3.54267e-07 7.69021e-15 9.11823e-12 2.52835e-22 5.83063 31.7661 8.42836e-12 2.25261e-22
3707 58 1e+6 2e+5 0.175 1.5e-6 0.42 3e-10 2e-4 2e-3 0.3 0.4 0.5 7e+5 5e-13 0 1e-6 1e-6 1e+06 594 2.38325e-10 0.000166828 4.9937e-20 3.54641e-07 7.74149e-15 9.07809e-12 2.55822e-22 5.84265 30.9218 8.41871e-12 2.25322e-22
3707 59 1e+6 2e+5 0.175 1.5e-6 0.42 3e-10 2e-4 2e-3 0.3 0.4 0.5 7e+5 5e-13 0 1e-6 1e-6 1e+06 498 2.37147e-10 0.000166003 5.03163e-20 3.55122e-07 8.08625e-15 9.02609e-12 2.29808e-22 5.84319 31.2636 8.38044e-12 2.19969e-22
3707 60 1e+6 2e+5 0.125 2e-6 0.42 3e-10 2e-4 2e-3 0.3 0.4 0.5 7e+5 5e-13 0 1e-6 1e-6 1e+06 502 1.64441e-10 0.000115109 3.39221e-20 5.07121e-07 1.63242e-14 8.47187e-12 2.30467e-22 5.99965 44.3465 7.92606e-12 2.13027e-22
3707 61 1e+6 2e+5 0.125 2e-6 0.42 3e-10 2e-4 2e-3 0.3 0.4 0.5 7e+5 5e-13 0 1e-6 1e-6 1e+06 564 1.623e-10 0.00011361 3.21516e-20 5.04358e-07 1.46614e-14 8.53229e-12 2.17171e-22 5.85759 40.8087 8.00081e-12 2.09374e-22
3707 62 1e+6 2e+5 0.125 2e-6 0.42 3e-10 2e-4 2e-3 0.3 0.4 0.5 7e+5 5e-13 0 1e-6 1e-6 1e+06 815 1.63273e-10 0.000114291 3.01586e-20 5.04966e-07 1.43978e-14 8.43785e-12 2.15195e-22 5.95279 40.7706 7.92191e-12 2.05162e-22
3707 63 1e+6 2e+5 0.125 2e-6 0.42 3e-10 2e-4 2e-3 0.3 0.4 0.5 7e+5 5e-13 0 1e-6 1e-6 1e+06 574 1.62767e-10 0.000113937 3.08535e-20 5.03998e-07 1.43689e-14 8.47495e-12 2.21505e-22 5.90969 41.1904 7.95747e-12 2.10619e-22
3707 64 1e+6 2e+5 0.125 2e-6 0.42 3e-10 2e-4 2e-3 0.3 0.4 0.5 7e+5 5e-13 0 1e-6 1e-6 1e+06 572 1.62323e-10 0.000113626 2.98806e-20 5.03751e-07 1.41384e-14 8.42555e-12 2.24221e-22 5.93296 40.8631 7.90901e-12 2.08387e-22
3707 65 1e+6 2e+5 0.125 2e-6 0.42 3e-10 2e-4 2e-3 0.3 0.4 0.5 7e+5 5e-13 0 1e-6 1e-6 1e+06 523 1.63837e-10 0.000114686 3.11948e-20 5.05113e-07 1.52748e-14 8.43105e-12 2.10876e-22 5.97634 42.2285 7.91668e-12 2.06977e-22
3707 66 1e+6 2e+5 0.125 2e-6 0.42 3e-10 2e-4 2e-3 0.3 0.4 0.5 7e+5 5e-13 0 1e-6 1e-6 1e+06 581 1.64639e-10 0.000115247 3.22051e-20 5.02093e-07 1.43383e-14 8.53393e-12 2.46968e-22 5.9466 41.3358 8.00167e-12 2.16157e-22
3707 67 1e+6 2e+5 0.125 2e-6 0.42 3e-10 2e-4 2e-3 0.3 0.4 0.5 7e+5 5e-13 0 1e-6 1e-6 1e+06 846 1.62161e-10 0.000113512 3.26367e-20 5.0466e-07 1.4309e-14 8.5091e-12 2.30403e-22 5.88122 42.6963 7.96225e-12 2.10664e-22
3707 68 1e+6 2e+5 0.125 2e-6 0.42 3e-10 2e-4 2e-3 0.3 0.4 0.5 7e+5 5e-13 0 1e-6 1e-6 1e+06 552 1.62298e-10 0.000113608 3.43344e-20 5.05842e-07 1.55875e-14 8.47768e-12 2.2329e-22 5.91916 44.8519 7.93526e-12 2.1226e-22
3707 69 1e+6 2e+5 0.125 2e-6 0.42 3e-10 2e-4 2e-3 0.3 0.4 0.5 7e+5 5e-13 0 1e-6 1e-6 1e+06 453 1.64201e-10 0.000114941 3.26501e-20 5.04889e-07 1.51279e-14 8.47514e-12 2.22725e-22 5.95808 42.9988 7.95129e-12 2.09828e-22
3707 70 1e+6 2e+5 0.125 2e-6 0.42 3e-10 2e-4 2e-3 0.3 0.4 0.5 7e+5 5e-13 0 1e-6 1e-6 1e+06 691 1.63341e-10 0.000114339 3.20004e-20 5.06095e-07 1.52077e-14 8.4938e-12 2.36854e-22 5.92312 41.9792 7.96768e-12 2.14724e-22
3707 71 1e+6 2e+5 0.125 2e-6 0.42 3e-10 2e-4 2e-3 0.3 0.4 0.5 7e+5 5e-13 0 1e-6 1e-6 1e+06 1020 1.64086e-10 0.00011486 3.18764e-20 5.04646e-07 1.47707e-14 8.48182e-12 2.35343e-22 5.94384 41.3822 7.97539e-12 2.10817e-22
3707 72 1e+6 2e+5 0.125 2e-6 0.42 3e-10 2e-4 2e-3 0.3 0.4 0.5 7e+5 5e-13 0 1e-6 1e-6 1e+06 331 1.63796e-10 0.000114657 3.20375e-20 5.04288e-07 1.46703e-14 8.49098e-12 2.20129e-22 5.95847 42.916 7.93514e-12 2.085e-22
3707 73 1e+6 2e+5 0.125 2e-6 0.42 3e-10 2e-4 2e-3 0.3 0.4 0.5 7e+5 5e-13 0 1e-6 1e-6 1e+06 628 1.63492e-10 0.000114444 3.36308e-20 5.03548e-07 1.4437e-14 8.46908e-12 2.29245e-22 5.94967 43.9375 7.94143e-12 2.11842e-22
3707 74 1e+6 2e+5 0.125 2e-6 0.42 3e-10 2e-4 2e-3 0.3 0.4 0.5 7e+5 5e-13 0 1e-6 1e-6 1e+06 627 1.63751e-10 0.000114626 3.35724e-20 5.04767e-07 1.44923e-14 8.5292e-12 2.26348e-22 5.92595 44.3247 7.9711e-12 2.10103e-22
3707 75 1e+6 2e+5 0.125 2e-6 0.42 3e-10 2e-4 2e-3 0.3 0.4 0.5 7e+5 5e-13 0 1e-6 1e-6 1e+06 562 1.63488e-10 0.000114442 3.1616e-20 5.03977e-07 1.4769e-14 8.4711e-12 2.07903e-22 5.94371 42.0321 7.94341e-12 2.05307e-22
3707 76 1e+6 2e+5 0.125 2e-6 0.42 3e-10 2e-4 2e-3 0.3 0.4 0.5 7e+5 5e-13 0 1e-6 1e-6 1e+06 724 1.64836e-10 0.000115385 3.05439e-20 5.0432e-07 1.45756e-14 8.54449e-12 2.24904e-22 5.95186 40.636 8.00474e-12 2.09569e-22
3707 77 1e+6 2e+5 0.125 2e-6 0.42 3e-10 2e-4 2e-3 0.3 0.4 0.5 7e+5 5e-13 0 1e-6 1e-6 1e+06 587 1.63896e-10 0.000114727 2.80066e-20 5.01563e-07 1.34115e-14 8.45333e-12 2.26813e-22 5.98026 38.9326 7.91784e-12 2.06719e-22
3707 78 1e+6 2e+5 0.125 2e-6 0.42 3e-10 2e-4 2e-3 0.3 0.4 0.5 7e+5 5e-13 0 1e-6 1e-6 1e+06 721 1.63927e-10 0.000114749 3.28197e-20 5.05176e-07 1.48733e-14 8.46537e-12 2.26322e-22 5.95893 42.7061 7.94572e-12 2.10649e-22
3707 79 1e+6 2e+5 0.125 2e-6 0.42 3e-10 2e-4 2e-3 0.3 0.4 0.5 7e+5 5e-13 0 1e-6 1e-6 1e+06 727 1.63342e-10 0.00011434 3.08404e-20 5.03019e-07 1.39452e-14 8.45948e-12 2.22007e-22 5.94594 41.6846 7.93468e-12 2.08728e-22
3707 80 1e+6 2e+5 0.125 2.5e-6 0.42 3e-10 2e-4 2e-3 0.3 0.4 0.5 7e+5 5e-13 0 1e-6 1e-6 1e+06 590 1.63465e-10 0.000114425 3.48266e-20 5.09943e-07 1.72845e-14 8.43136e-12 1.78129e-22 5.94771 45.1981 7.93698e-12 1.86047e-22
3707 81 1e+6 2e+5 0.125 2.5e-6 0.42 3e-10 2e-4 2e-3 0.3 0.4 0.5 7e+5 5e-13 0 1e-6 1e-6 1e+06 448 1.63291e-10 0.000114304 3.06782e-20 5.08783e-07 1.65187e-14 8.42673e-12 1.7987e-22 5.92037 40.9259 7.95165e-12 1.86389e-22
3707 82 1e+6 2e+5 0.125 2.5e-6 0.42 3e-10 2e-4 2e-3 0.3 0.4 0.5 7e+5 5e-13 0 1e-6 1e-6 1e+06 489 1.63629e-10 0.00011454 2.94266e-20 5.06221e-07 1.53395e-14 8.39892e-12 2.05556e-22 5.96886 40.671 7.90308e-12 1.88789e-22
3707 83 1e+6 2e+5 0.125 2.5e-6 0.42 3e-10 2e-4 2e-3 0.3 0.4 0.5 7e+5 5e-13 0 1e-6 1e-6 1e+06 569 1.6166e-10 0.000113162 3.2343e-20 5.11021e-07 1.74041e-14 8.4612e-12 1.88202e-22 5.85463 43.1999 7.97522e-12 1.88661e-22
3707 84 1e+6 2e+5 0.125 2.5e-6 0.42 3e-10 2e-4 2e-3 0.3 0.4 0.5 7e+5 5e-13 0 1e-6 1e-6 1e+06 616 1.63987e-10 0.000114791 3.01537e-20 5.08096e-07 1.60606e-14 8.38369e-12 1.7367e-22 6.00601 42.1835 7.89136e-12 1.82548e-22
3707 85 1e+6 2e+5 0.125 2.5e-6 0.42 3e-10 2e-4 2e-3 0.3 0.4 0.5 7e+5 5e-13 0 1e-6 1e-6 1e+06 532 1.63634e-10 0.000114544 2.99719e-20 5.08012e-07 1.61501e-14 8.43351e-12 1.84711e-22 5.95093 41.6115 7.94877e-12 1.8808e-22
3707 86 1e+6 2e+5 0.125 2.5e-6 0.42 3e-10 2e-4 2e-3 0.3 0.4 0.5 7e+5 5e-13 0 1e-6 1e-6 1e+06 481 1.63067e-10 0.000114147 3.01783e-20 5.06494e-07 1.54149e-14 8.42429e-12 1.92374e-22 5.92121 40.9272 7.96186e-12 1.87235e-22
3707 87 1e+6 2e+5 0.125 2.5e-6 0.42 3e-10 2e-4 2e-3 0.3 0.4 0.5 7e+5 5e-13 0 1e-6 1e-6 1e+06 755 1.62021e-10 0.000113415 3.08354e-20 5.10705e-07 1.69034e-14 8.46189e-12 1.94192e-22 5.87686 41.239 7.96605e-12 1.91471e-22
3707 88 1e+6 2e+5 0.125 2.5e-6 0.42 3e-10 2e-4 2e-3 0.3 0.4 0.5 7e+5 5e-13 0 1e-6 1e-6 1e+06 730 1.63079e-10 0.000114156 3.02662e-20 5.07253e-07 1.54014e-14 8.43044e-12 1.7814e-22 5.9309 41.5807 7.9516e-12 1.83998e-22
3707 89 1e+6 2e+5 0.125 2.5e-6 0.42 3e-10 2e-4 2e-3 0.3 0.4 0.5 7e+5 5e-13 0 1e-6 1e-6 1e+06 579 1.64313e-10 0.000115019 3.43991e-20 5.09992e-07 1.75561e-14 8.48153e-12 1.88899e-22 5.92703 44.8881 7.9958e-12 1.90571e-22
3707 90 1e+6 2e+5 0.125 2.5e-6 0.42 3e-10 2e-4 2e-3 0.3 0.4 0.5 7e+5 5e-13 0 1e-6 1e-6 1e+06 677 1.62655e-10 0.000113858 3.11228e-20 5.09522e-07 1.68815e-14 8.43267e-12 1.80094e-22 5.91534 41.9566 7.95224e-12 1.88238e-22
3707 91 1e+6 2e+5 0.125 2.5e-6 0.42 3e-10 2e-4 2e-3 0.3 0.4 0.5 7e+5 5e-13 0 1e-6 1e-6 1e+06 603 1.64143e-10 0.0001149 3.23817e-20 5.0884e-07 1.66284e-14 8.4989e-12 1.8175e-22 5.93313 43.1975 7.98921e-12 1.87767e-22
3707 92 1e+6 2e+5 0.125 2.5e-6 0.42 3e-10 2e-4 2e-3 0.3 0.4 0.5 7e+5 5e-13 0 1e-6 1e-6 1e+06 487 1.6175e-10 0.000113225 3.1879e-20 5.09448e-07 1.65581e-14 8.38326e-12 1.83627e-22 5.91475 43.1493 7.89164e-12 1.87429e-22
3707 93 1e+6 2e+5 0.125 2.5e-6 0.42 3e-10 2e-4 2e-3 0.3 0.4 0.5 7e+5 5e-13 0 1e-6 1e-6 1e+06 465 1.63168e-10 0.000114218 3.09056e-20 5.08497e-07 1.6634e-14 8.48609e-12 1.93208e-22 5.89773 41.6306 7.98488e-12 1.89399e-22
3707 94 1e+6 2e+5 0.125 2.5e-6 0.42 3e-10 2e-4 2e-3 0.3 0.4 0.5 7e+5 5e-13 0 1e-6 1e-6 1e+06 647 1.63183e-10 0.000114228 3.38437e-20 5.11588e-07 1.79083e-14 8.44154e-12 2.31999e-22 5.9207 43.3514 7.96652e-12 1.99719e-22
3707 95 1e+6 2e+5 0.125 2.5e-6 0.42 3e-10 2e-4 2e-3 0.3 0.4 0.5 7e+5 5e-13 0 1e-6 1e-6 1e+06 654 1.63075e-10 0.000114153 3.06027e-20 5.09568e-07 1.68803e-14 8.37941e-12 1.88096e-22 5.96278 41.8476 7.89163e-12 1.86451e-22
3707 96 1e+6 2e+5 0.125 2.5e-6 0.42 3e-10 2e-4 2e-3 0.3 0.4 0.5 7e+5 5e-13 0 1e-6 1e-6 1e+06 522 1.63611e-10 0.000114528 3.13293e-20 5.07774e-07 1.67189e-14 8.36974e-12 1.88546e-22 5.9691 42.1774 7.91643e-12 1.86887e-22
3707 97 1e+6 2e+5 0.125 2.5e-6 0.42 3e-10 2e-4 2e-3 0.3 0.4 0.5 7e+5 5e-13 0 1e-6 1e-6 1e+06 574 1.62776e-10 0.000113943 3.09568e-20 5.10241e-07 1.67894e-14 8.41452e-12 1.95561e-22 5.93627 42.8999 7.91506e-12 1.91126e-22
3707 98 1e+6 2e+5 0.125 2.5e-6 0.42 3e-10 2e-4 2e-3 0.3 0.4 0.5 7e+5 5e-13 0 1e-6 1e-6 1e+06 631 1.64362e-10 0.000115054 3.16543e-20 5.06814e-07 1.5869e-14 8.39546e-12 1.94155e-22 5.99826 42.9022 7.9149e-12 1.88845e-22
3707 99 1e+6 2e+5 0.125 2.5e-6 0.42 3e-10 2e-4 2e-3 0.3 0.4 0.5 7e+5 5e-13 0 1e-6 1e-6 1e+06 502 1.62934e-10 0.000114054 3.25021e-20 5.09929e-07 1.65332e-14 8.43041e-12 2.04727e-22 5.91748 43.1648 7.94696e-12 1.90511e-22
3707 100 1e+6 2e+5 0.125 3e-6 0.42 3e-10 2e-4 2e-3 0.3 0.4 0.5 7e+5 5e-13 0 1e-6 1e-6 1e+06 508 1.63101e-10 0.000114171 3.38736e-20 5.15618e-07 1.94293e-14 8.45546e-12 1.69603e-22 5.88584 45.1827 7.9973e-12 1.7412e-22
3707 101 1e+6 2e+5 0.125 3e-6 0.42 3e-10 2e-4 2e-3 0.3 0.4 0.5 7e+5 5e-13 0 1e-6 1e-6 1e+06 700 1.64131e-10 0.000114892 3.45012e-20 5.15969e-07 1.96438e-14 8.45305e-12 1.71064e-22 5.94422 46.256 7.97085e-12 1.7607e-22
3707 102 1e+6 2e+5 0.125 3e-6 0.42 3e-10 2e-4 2e-3 0.3 0.4 0.5 7e+5 5e-13 0 1e-6 1e-6 1e+06 514 1.61817e-10 0.000113272 3.45311e-20 5.15648e-07 1.98725e-14 8.35634e-12 1.74258e-22 5.91666 46.2305 7.90017e-12 1.7568e-22
3707 103 1e+6 2e+5 0.125 3e-6 0.42 3e-10 2e-4 2e-3 0.3 0.4 0.5 7e+5 5e-13 0 1e-6 1e-6 1e+06 818 1.6456e-10 0.000115192 3.1415e-20 5.12274e-07 1.78125e-14 8.46901e-12 1.74553e-22 5.92453 42.3199 8.01538e-12 1.75847e-22
3707 104 1e+6 2e+5 0.125 3e-6 0.42 3e-10 2e-4 2e-3 0.3 0.4 0.5 7e+5 5e-13 0 1e-6 1e-6 1e+06 550 1.62894e-10 0.000114026 3.18055e-20 5.12015e-07 1.77703e-14 8.39244e-12 1.74813e-22 5.90095 42.5088 7.95439e-12 1.73537e-22
3707 105 1e+6 2e+5 0.125 3e-6 0.42 3e-10 2e-4 2e-3 0.3 0.4 0.5 7e+5 5e-13 0 1e-6 1e-6 1e+06 816 1.62006e-10 0.000113404 3.28488e-20 5.17113e-07 1.96827e-14 8.47684e-12 1.68368e-22 5.84004 43.3451 8.01818e-12 1.73471e-22
3707 106 1e+6 2e+5 0.125 3e-6 0.42 3e-10 2e-4 2e-3 0.3 0.4 0.5 7e+5 5e-13 0 1e-6 1e-6 1e+06 674 1.64658e-10 0.000115261 3.27056e-20 5.13995e-07 1.87433e-14 8.39349e-12 1.88584e-22 5.97536 44.1477 7.94514e-12 1.79652e-22
3707 107 1e+6 2e+5 0.125 3e-6 0.42 3e-10 2e-4 2e-3 0.3 0.4 0.5 7e+5 5e-13 0 1e-6 1e-6 1e+06 499 1.64493e-10 0.000115145 3.37441e-20 5.14577e-07 1.8836e-14 8.40291e-12 1.68026e-22 5.98208 45.7706 7.93924e-12 1.75327e-22
3707 108 1e+6 2e+5 0.125 3e-6 0.42 3e-10 2e-4 2e-3 0.3 0.4 0.5 7e+5 5e-13 0 1e-6 1e-6 1e+06 686 1.64182e-10 0.000114927 3.3068e-20 5.16824e-07 2.06846e-14 8.35583e-12 1.65102e-22 5.97314 43.8277 7.93231e-12 1.7336e-22
3707 109 1e+6 2e+5 0.125 3e-6 0.42 3e-10 2e-4 2e-3 0.3 0.4 0.5 7e+5 5e-13 0 1e-6 1e-6 1e+06 506 1.64564e-10 0.000115195 2.9691e-20 5.12584e-07 1.83156e-14 8.38769e-12 1.65537e-22 5.97221 41.0475 7.9501e-12 1.72493e-22
3707 110 1e+6 2e+5 0.125 3e-6 0.42 3e-10 2e-4 2e-3 0.3 0.4 0.5 7e+5 5e-13 0 1e-6 1e-6 1e+06 427 1.63766e-10 0.000114636 3.31474e-20 5.14404e-07 1.93042e-14 8.36706e-12 1.6907e-22 5.95568 44.4405 7.92037e-12 1.74782e-22
3707 111 1e+6 2e+5 0.125 3e-6 0.42 3e-10 2e-4 2e-3 0.3 0.4 0.5 7e+5 5e-13 0 1e-6 1e-6 1e+06 664 1.62295e-10 0.000113607 3.5125e-20 5.16652e-07 1.97463e-14 8.42005e-12 1.89258e-22 5.86271 44.831 7.97773e-12 1.78401e-22
3707 112 1e+6 2e+5 0.125 3e-6 0.42 3e-10 2e-4 2e-3 0.3 0.4 0.5 7e+5 5e-13 0 1e-6 1e-6 1e+06 764 1.62522e-10 0.000113766 3.1726e-20 5.15121e-07 1.93044e-14 8.48925e-12 1.73978e-22 5.84002 41.9786 8.03418e-12 1.74689e-22
3707 113 1e+6 2e+5 0.125 3e-6 0.42 3e-10 2e-4 2e-3 0.3 0.4 0.5 7e+5 5e-13 0 1e-6 1e-6 1e+06 740 1.61743e-10 0.00011322 3.60095e-20 5.17859e-07 2.06204e-14 8.42935e-12 1.5332e-22 5.86757 47.0583 7.96559e-12 1.73684e-22
3707 114 1e+6 2e+5 0.125 3e-6 0.42 3e-10 2e-4 2e-3 0.3 0.4 0.5 7e+5 5e-13 0 1e-6 1e-6 1e+06 402 1.61127e-10 0.000112789 3.19876e-20 5.16402e-07 2.09995e-14 8.28165e-12 1.70638e-22 5.91826 42.8192 7.85284e-12 1.71477e-22
3707 115 1e+6 2e+5 0.125 3e-6 0.42 3e-10 2e-4 2e-3 0.3 0.4 0.5 7e+5 5e-13 0 1e-6 1e-6 1e+06 537 1.62767e-10 0.000113937 3.3001e-20 5.12694e-07 1.83598e-14 8.35801e-12 1.70709e-22 5.91744 43.971 7.92532e-12 1.7455e-22
3707 116 1e+6 2e+5 0.125 3e-6 0.42 3e-10 2e-4 2e-3 0.3 0.4 0.5 7e+5 5e-13 0 1e-6 1e-6 1e+06 542 1.63399e-10 0.000114379 3.14162e-20 5.13556e-07 1.89625e-14 8.38697e-12 1.63496e-22 5.9434 43.4587 7.939e-12 1.73407e-22
3707 117 1e+6 2e+5 0.125 3e-6 0.42 3e-10 2e-4 2e-3 0.3 0.4 0.5 7e+5 5e-13 0 1e-6 1e-6 1e+06 459 1.61838e-10 0.000113287 3.07758e-20 5.12579e-07 1.82743e-14 8.3498e-12 1.57901e-22 5.90599 42.3066 7.89882e-12 1.69856e-22
3707 118 1e+6 2e+5 0.125 3e-6 0.42 3e-10 2e-4 2e-3 0.3 0.4 0.5 7e+5 5e-13 0 1e-6 1e-6 1e+06 603 1.64066e-10 0.000114846 3.34332e-20 5.14616e-07 1.90862e-14 8.39049e-12 1.71327e-22 5.95309 44.3523 7.94579e-12 1.74823e-22
3707 119 1e+6 2e+5 0.125 3e-6 0.42 3e-10 2e-4 2e-3 0.3 0.4 0.5 7e+5 5e-13 0 1e-6 1e-6 1e+06 520 1.62755e-10 0.000113928 3.17428e-20 5.12415e-07 1.84274e-14 8.39388e-12 1.68794e-22 5.92573 43.6449 7.92531e-12 1.73417e-22
3707 120 1e+6 2e+5 0.125 3.5e-6 0.42 3e-10 2e-4 2e-3 0.3 0.4 0.5 7e+5 5e-13 0 1e-6 1e-6 1e+06 905 1.62093e-10 0.000113465 2.92942e-20 5.17083e-07 2.05349e-14 8.3346e-12 1.50693e-22 5.89899 40.7222 7.92766e-12 1.61427e-22
3707 121 1e+6 2e+5 0.125 3.5e-6 0.42 3e-10 2e-4 2e-3 0.3 0.4 0.5 7e+5 5e-13 0 1e-6 1e-6 1e+06 596 1.63471e-10 0.00011443 3.34146e-20 5.20462e-07 2.19004e-14 8.3367e-12 1.52227e-22 5.9556 45.3523 7.91998e-12 1.6277e-22
3707 122 1e+6 2e+5 0.125 3.5e-6 0.42 3e-10 2e-4 2e-3 0.3 0.4 0.5 7e+5 5e-13 0 1e-6 1e-6 1e+06 686 1.62381e-10 0.000113666 3.21955e-20 5.19067e-07 2.0476e-14 8.35262e-12 1.46259e-22 5.91105 43.9368 7.91371e-12 1.60186e-22
3707 123 1e+6 2e+5 0.125 3.5e-6 0.42 3e-10 2e-4 2e-3 0.3 0.4 0.5 7e+5 5e-13 0 1e-6 1e-6 1e+06 573 1.6269e-10 0.000113883 3.31502e-20 5.17387e-07 2.01836e-14 8.36327e-12 1.5351e-22 5.91759 44.8371 7.9232e-12 1.61494e-22
3707 124 1e+6 2e+5 0.125 3.5e-6 0.42 3e-10 2e-4 2e-3 0.3 0.4 0.5 7e+5 5e-13 0 1e-6 1e-6 1e+06 642 1.63614e-10 0.00011453 3.26489e-20 5.16916e-07 2.00294e-14 8.41826e-12 1.60723e-22 5.90552 44.0645 7.99628e-12 1.63309e-22
3707 125 1e+6 2e+5 0.125 3.5e-6 0.42 3e-10 2e-4 2e-3 0.3 0.4 0.5 7e+5 5e-13 0 1e-6 1e-6 1e+06 611 1.62145e-10 0.000113501 3.41619e-20 5.19992e-07 2.23079e-14 8.33567e-12 1.5888e-22 5.90091 45.4419 7.91019e-12 1.62686e-22
3707 126 1e+6 2e+5 0.125 3.5e-6 0.42 3e-10 2e-4 2e-3 0.3 0.4 0.5 7e+5 5e-13 0 1e-6 1e-6 1e+06 550 1.64147e-10 0.000114903 3.73885e-20 5.24165e-07 2.33999e-14 8.38568e-12 1.62247e-22 5.97468 49.6088 7.92606e-12 1.67515e-22
3707 127 1e+6 2e+5 0.125 3.5e-6 0.42 3e-10 2e-4 2e-3 0.3 0.4 0.5 7e+5 5e-13 0 1e-6 1e-6 1e+06 721 1.60773e-10 0.000112541 3.35723e-20 5.22377e-07 2.23837e-14 8.43721e-12 1.43025e-22 5.81028 44.8261 7.99317e-12 1.61225e-22
3707 128 1e+6 2e+5 0.125 3.5e-6 0.42 3e-10 2e-4 2e-3 0.3 0.4 0.5 7e+5 5e-13 0 1e-6 1e-6 1e+06 576 1.63255e-10 0.000114278 3.41976e-20 5.17285e-07 2.07948e-14 8.448e-12 1.55153e-22 5.88517 44.9027 8.01669e-12 1.64147e-22
3707 129 1e+6 2e+5 0.125 3.5e-6 0.42 3e-10 2e-4 2e-3 0.3 0.4 0.5 7e+5 5e-13 0 1e-6 1e-6 1e+06 498 1.6263e-10 0.000113841 3.59085e-20 5.17589e-07 2.04508e-14 8.45884e-12 1.70752e-22 5.85659 47.4424 8.01616e-12 1.67072e-22
3707 130 1e+6 2e+5 0.125 3.5e-6 0.42 3e-10 2e-4 2e-3 0.3 0.4 0.5 7e+5 5e-13 0 1e-6 1e-6 1e+06 554 1.6336e-10 0.000114352 3.60721e-20 5.2231e-07 2.33793e-14 8.4454e-12 1.63651e-22 5.89547 47.1434 7.9979e-12 1.67923e-22
3707 131 1e+6 2e+5 0.125 3.5e-6 0.42 3e-10 2e-4 2e-3 0.3 0.4 0.5 7e+5 5e-13 0 1e-6 1e-6 1e+06 401 1.63365e-10 0.000114356 2.89444e-20 5.1486e-07 1.98427e-14 8.37697e-12 1.44966e-22 5.91979 40.4654 7.96475e-12 1.59101e-22
3707 132 1e+6 2e+5 0.125 3.5e-6 0.42 3e-10 2e-4 2e-3 0.3 0.4 0.5 7e+5 5e-13 0 1e-6 1e-6 1e+06 662 1.62519e-10 0.000113763 3.73973e-20 5.22561e-07 2.27981e-14 8.35586e-12 1.52304e-22 5.94338 50.9331 7.89437e-12 1.64008e-22
3707 133 1e+6 2e+5 0.125 3.5e-6 0.42 3e-10 2e-4 2e-3 0.3 0.4 0.5 7e+5 5e-13 0 1e-6 1e-6 1e+06 484 1.62596e-10 0.000113817 3.3962e-20 5.19252e-07 2.10254e-14 8.36383e-12 1.48586e-22 5.90139 45.7799 7.93724e-12 1.61917e-22
3707 134 1e+6 2e+5 0.125 3.5e-6 0.42 3e-10 2e-4 2e-3 0.3 0.4 0.5 7e+5 5e-13 0 1e-6 1e-6 1e+06 666 1.62768e-10 0.000113938 3.45e-20 5.17991e-07 2.05149e-14 8.39221e-12 1.6171e-22 5.89735 46.242 7.9654e-12 1.65447e-22
3707 135 1e+6 2e+5 0.125 3.5e-6 0.42 3e-10 2e-4 2e-3 0.3 0.4 0.5 7e+5 5e-13 0 1e-6 1e-6 1e+06 745 1.62472e-10 0.00011373 3.50606e-20 5.22377e-07 2.17916e-14 8.39968e-12 1.50418e-22 5.89591 47.2645 7.958e-12 1.65194e-22
3707 136 1e+6 2e+5 0.125 3.5e-6 0.42 3e-10 2e-4 2e-3 0.3 0.4 0.5 7e+5 5e-13 0 1e-6 1e-6 1e+06 728 1.63584e-10 0.000114509 3.36621e-20 5.21287e-07 2.21498e-14 8.41907e-12 1.5832e-22 5.90433 45.0865 7.9851e-12 1.65353e-22
3707 137 1e+6 2e+5 0.125 3.5e-6 0.42 3e-10 2e-4 2e-3 0.3 0.4 0.5 7e+5 5e-13 0 1e-6 1e-6 1e+06 422 1.61341e-10 0.000112939 3.32382e-20 5.19671e-07 2.17446e-14 8.27924e-12 1.59644e-22 5.91287 45.7107 7.8696e-12 1.63935e-22
3707 138 1e+6 2e+5 0.125 3.5e-6 0.42 3e-10 2e-4 2e-3 0.3 0.4 0.5 7e+5 5e-13 0 1e-6 1e-6 1e+06 607 1.61674e-10 0.000113172 3.06488e-20 5.16856e-07 2.02768e-14 8.37533e-12 1.48087e-22 5.86411 42.3048 7.952e-12 1.59297e-22
3707 139 1e+6 2e+5 0.125 3.5e-6 0.42 3e-10 2e-4 2e-3 0.3 0.4 0.5 7e+5 5e-13 0 1e-6 1e-6 1e+06 711 1.62006e-10 0.000113404 3.57041e-20 5.20467e-07 2.15512e-14 8.40566e-12 1.6002e-22 5.86494 47.0647 7.96068e-12 1.65326e-22
3707 140 1e+6 2e+5 0.125 4e-6 0.42 3e-10 2e-4 2e-3 0.3 0.4 0.5 7e+5 5e-13 0 1e-6 1e-6 1e+06 610 1.62852e-10 0.000113996 3.46366e-20 5.23525e-07 2.26929e-14 8.40314e-12 1.54594e-22 5.87567 46.8318 7.99719e-12 1.57716e-22
3707 141 1e+6 2e+5 0.125 4e-6 0.42 3e-10 2e-4 2e-3 0.3 0.4 0.5 7e+5 5e-13 0 1e-6 1e-6 1e+06 695 1.63602e-10 0.000114521 3.81839e-20 5.2345e-07 2.34336e-14 8.41502e-12 1.51966e-22 5.91613 49.8307 7.97254e-12 1.59898e-22
3707 142 1e+6 2e+5 0.125 4e-6 0.42 3e-10 2e-4 2e-3 0.3 0.4 0.5 7e+5 5e-13 0 1e-6 1e-6 1e+06 470 1.62434e-10 0.000113704 3.26553e-20 5.21092e-07 2.19955e-14 8.36218e-12 1.3178e-22 5.88073 45.2112 7.96457e-12 1.51447e-22
3707 143 1e+6 2e+5 0.125 4e-6 0.42 3e-10 2e-4 2e-3 0.3 0.4 0.5 7e+5 5e-13 0 1e-6 1e-6 1e+06 560 1.61676e-10 0.000113173 3.00598e-20 5.18874e-07 2.11649e-14 8.39314e-12 1.36307e-22 5.82333 41.0625 8.00139e-12 1.49318e-22
3707 144 1e+6 2e+5 0.125 4e-6 0.42 3e-10 2e-4 2e-3 0.3 0.4 0.5 7e+5 5e-13 0 1e-6 1e-6 1e+06 501 1.62961e-10 0.000114072 3.14002e-20 5.20199e-07 2.22645e-14 8.3637e-12 1.37807e-22 5.89288 43.1794 7.97732e-12 1.50923e-22
3707 145 1e+6 2e+5 0.125 4e-6 0.42 3e-10 2e-4 2e-3 0.3 0.4 0.5 7e+5 5e-13 0 1e-6 1e-6 1e+06 558 1.62871e-10 0.00011401 3.50918e-20 5.25264e-07 2.44451e-14 8.39909e-12 1.49385e-22 5.87291 45.8475 7.98719e-12 1.58426e-22
3707 146 1e+6 2e+5 0.125 4e-6 0.42 3e-10 2e-4 2e-3 0.3 0.4 0.5 7e+5 5e-13 0 1e-6 1e-6 1e+06 636 1.62617e-10 0.000113832 3.2939e-20 5.23975e-07 2.35374e-14 8.37277e-12 1.46656e-22 5.88091 45.1278 7.97641e-12 1.57248e-22
3707 147 1e+6 2e+5 0.125 4e-6 0.42 3e-10 2e-4 2e-3 0.3 0.4 0.5 7e+5 5e-13 0 1e-6 1e-6 1e+06 707 1.62141e-10 0.000113498 3.37473e-20 5.22372e-07 2.2383e-14 8.4283e-12 1.41188e-22 5.8401 45.3823 8.01761e-12 1.5446e-22
3707 148 1e+6 2e+5 0.125 4e-6 0.42 3e-10 2e-4 2e-3 0.3 0.4 0.5 7e+5 5e-13 0 1e-6 1e-6 1e+06 560 1.63552e-10 0.000114487 3.41239e-20 5.25231e-07 2.43039e-14 8.34226e-12 1.33382e-22 5.93675 46.6666 7.93434e-12 1.51155e-22
3707 149 1e+6 2e+5 0.125 4e-6 0.42 3e-10 2e-4 2e-3 0.3 0.4 0.5 7e+5 5e-13 0 1e-6 1e-6 1e+06 612 1.61877e-10 0.000113314 3.29418e-20 5.25765e-07 2.36095e-14 8.36925e-12 1.34223e-22 5.87738 44.8987 7.94223e-12 1.49495e-22
3707 150 1e+6 2e+5 0.125 4e-6 0.42 3e-10 2e-4 2e-3 0.3 0.4 0.5 7e+5 5e-13 0 1e-6 1e-6 1e+06 537 1.62831e-10 0.000113981 3.42194e-20 5.22472e-07 2.19955e-14 8.4176e-12 1.43532e-22 5.87487 46.4928 7.99193e-12 1.54832e-22
3707 151 1e+6 2e+5 0.125 4e-6 0.42 3e-10 2e-4 2e-3 0.3 0.4 0.5 7e+5 5e-13 0 1e-6 1e-6 1e+06 659 1.63981e-10 0.000114787 3.2668e-20 5.22077e-07 2.26208e-14 8.37797e-12 1.46745e-22 5.92677 44.1178 7.96104e-12 1.53439e-22
3707 152 1e+6 2e+5 0.125 4e-6 0.42 3e-10 2e-4 2e-3 0.3 0.4 0.5 7e+5 5e-13 0 1e-6 1e-6 1e+06 586 1.60199e-10 0.00011214 3.06785e-20 5.20214e-07 2.10174e-14 8.31075e-12 1.35763e-22 5.82799 42.7282 7.93336e-12 1.49883e-22
3707 153 1e+6 2e+5 0.125 4e-6 0.42 3e-10 2e-4 2e-3 0.3 0.4 0.5 7e+5 5e-13 0 1e-6 1e-6 1e+06 660 1.6364e-10 0.000114548 3.15666e-20 5.17699e-07 2.04582e-14 8.38122e-12 1.48731e-22 5.90996 42.7168 7.98447e-12 1.51785e-22
3707 154 1e+6 2e+5 0.125 4e-6 0.42 3e-10 2e-4 2e-3 0.3 0.4 0.5 7e+5 5e-13 0 1e-6 1e-6 1e+06 343 1.61668e-10 0.000113168 3.58593e-20 5.21584e-07 2.17286e-14 8.36326e-12 1.45558e-22 5.85778 47.6097 7.95498e-12 1.52648e-22
3707 155 1e+6 2e+5 0.125 4e-6 0.42 3e-10 2e-4 2e-3 0.3 0.4 0.5 7e+5 5e-13 0 1e-6 1e-6 1e+06 672 1.62426e-10 0.000113698 3.28193e-20 5.21739e-07 2.17973e-14 8.40803e-12 1.33066e-22 5.8449 43.952 8.01113e-12 1.49249e-22
3707 156 1e+6 2e+5 0.125 4e-6 0.42 3e-10 2e-4 2e-3 0.3 0.4 0.5 7e+5 5e-13 0 1e-6 1e-6 1e+06 694 1.6286e-10 0.000114002 3.16721e-20 5.24699e-07 2.37237e-14 8.33115e-12 1.36211e-22 5.93247 43.5723 7.92557e-12 1.51345e-22
3707 157 1e+6 2e+5 0.125 4e-6 0.42 3e-10 2e-4 2e-3 0.3 0.4 0.5 7e+5 5e-13 0 1e-6 1e-6 1e+06 275 1.61994e-10 0.000113396 2.92598e-20 5.21344e-07 2.2184e-14 8.30747e-12 1.27172e-22 5.89323 41.133 7.91407e-12 1.44939e-22
3707 158 1e+6 2e+5 0.125 4e-6 0.42 3e-10 2e-4 2e-3 0.3 0.4 0.5 7e+5 5e-13 0 1e-6 1e-6 1e+06 783 1.64085e-10 0.00011486 3.48196e-20 5.21549e-07 2.28942e-14 8.33785e-12 1.40811e-22 5.93632 46.5574 7.96391e-12 1.54931e-22
3707 159 1e+6 2e+5 0.125 4e-6 0.42 3e-10 2e-4 2e-3 0.3 0.4 0.5 7e+5 5e-13 0 1e-6 1e-6 1e+06 653 1.61668e-10 0.000113167 3.2368e-20 5.21167e-07 2.09935e-14 8.36118e-12 1.37504e-22 5.85154 43.8588 7.97537e-12 1.5036e-22
3707 160 1e+6 2e+5 0.125 4.5e-6 0.42 3e-10 2e-4 2e-3 0.3 0.4 0.5 7e+5 5e-13 0 1e-6 1e-6 1e+06 617 1.64214e-10 0.00011495 3.63706e-20 5.28266e-07 2.57257e-14 8.34148e-12 1.24374e-22 5.94713 48.6575 7.94574e-12 1.44485e-22
3707 161 1e+6 2e+5 0.125 4.5e-6 0.42 3e-10 2e-4 2e-3 0.3 0.4 0.5 7e+5 5e-13 0 1e-6 1e-6 1e+06 400 1.61689e-10 0.000113182 3.316e-20 5.26161e-07 2.36706e-14 8.40362e-12 1.36339e-22 5.82457 45.2058 7.99383e-12 1.44877e-22
3707 162 1e+6 2e+5 0.125 4.5e-6 0.42 3e-10 2e-4 2e-3 0.3 0.4 0.5 7e+5 5e-13 0 1e-6 1e-6 1e+06 526 1.62098e-10 0.000113468 3.34271e-20 5.27338e-07 2.47816e-14 8.35184e-12 1.28875e-22 5.86381 45.9188 7.96313e-12 1.43407e-22
3707 163 1e+6 2e+5 0.125 4.5e-6 0.42 3e-10 2e-4 2e-3 0.3 0.4 0.5 7e+5 5e-13 0 1e-6 1e-6 1e+06 395 1.63126e-10 0.000114188 3.37282e-20 5.27957e-07 2.54607e-14 8.42493e-12 1.44487e-22 5.86782 46.1709 8.00302e-12 1.4852e-22
3707 164 1e+6 2e+5 0.125 4.5e-6 0.42 3e-10 2e-4 2e-3 0.3 0.4 0.5 7e+5 5e-13 0 1e-6 1e-6 1e+06 655 1.62622e-10 0.000113835 3.52738e-20 5.29423e-07 2.57954e-14 8.35769e-12 1.32961e-22 5.88864 47.4633 7.96447e-12 1.4691e-22
3707 165 1e+6 2e+5 0.125 4.5e-6 0.42 3e-10 2e-4 2e-3 0.3 0.4 0.5 7e+5 5e-13 0 1e-6 1e-6 1e+06 769 1.63367e-10 0.000114357 3.15039e-20 5.26196e-07 2.4527e-14 8.36248e-12 1.26429e-22 5.90805 43.5249 7.97434e-12 1.41336e-22
3707 166 1e+6 2e+5 0.125 4.5e-6 0.42 3e-10 2e-4 2e-3 0.3 0.4 0.5 7e+5 5e-13 0 1e-6 1e-6 1e+06 333 1.6353e-10 0.000114471 3.47721e-20 5.24336e-07 2.35479e-14 8.32942e-12 1.32367e-22 5.93503 46.6053 7.94249e-12 1.45785e-22
3707 167 1e+6 2e+5 0.125 4.5e-6 0.42 3e-10 2e-4 2e-3 0.3 0.4 0.5 7e+5 5e-13 0 1e-6 1e-6 1e+06 582 1.62568e-10 0.000113798 3.23538e-20 5.26182e-07 2.48058e-14 8.36489e-12 1.39127e-22 5.86757 44.3301 7.9907e-12 1.47892e-22
3707 168 1e+6 2e+5 0.125 4.5e-6 0.42 3e-10 2e-4 2e-3 0.3 0.4 0.5 7e+5 5e-13 0 1e-6 1e-6 1e+06 630 1.6213e-10 0.000113491 3.27305e-20 5.27427e-07 2.495e-14 8.33756e-12 1.24423e-22 5.86257 44.5164 7.97565e-12 1.41457e-22
3707 169 1e+6 2e+5 0.125 4.5e-6 0.42 3e-10 2e-4 2e-3 0.3 0.4 0.5 7e+5 5e-13 0 1e-6 1e-6 1e+06 365 1.63468e-10 0.000114428 3.48927e-20 5.25561e-07 2.42275e-14 8.36269e-12 1.36787e-22 5.93401 48.1058 7.94633e-12 1.48223e-22
3707 170 1e+6 2e+5 0.125 4.5e-6 0.42 3e-10 2e-4 2e-3 0.3 0.4 0.5 7e+5 5e-13 0 1e-6 1e-6 1e+06 615 1.65473e-10 0.000115831 3.2803e-20 5.26023e-07 2.4813e-14 8.33615e-12 1.29825e-22 5.98297 44.8276 7.97303e-12 1.42464e-22
3707 171 1e+6 2e+5 0.125 4.5e-6 0.42 3e-10 2e-4 2e-3 0.3 0.4 0.5 7e+5 5e-13 0 1e-6 1e-6 1e+06 559 1.62015e-10 0.00011341 3.61562e-20 5.27257e-07 2.56985e-14 8.34475e-12 1.37831e-22 5.87748 47.4174 7.95343e-12 1.47994e-22
3707 172 1e+6 2e+5 0.125 4.5e-6 0.42 3e-10 2e-4 2e-3 0.3 0.4 0.5 7e+5 5e-13 0 1e-6 1e-6 1e+06 548 1.62491e-10 0.000113744 3.59692e-20 5.26037e-07 2.36097e-14 8.40379e-12 1.28087e-22 5.84933 48.0908 8.0133e-12 1.4625e-22
3707 173 1e+6 2e+5 0.125 4.5e-6 0.42 3e-10 2e-4 2e-3 0.3 0.4 0.5 7e+5 5e-13 0 1e-6 1e-6 1e+06 551 1.63826e-10 0.000114679 3.25594e-20 5.26633e-07 2.5506e-14 8.33177e-12 1.32448e-22 5.94789 44.8105 7.94548e-12 1.44193e-22
3707 174 1e+6 2e+5 0.125 4.5e-6 0.42 3e-10 2e-4 2e-3 0.3 0.4 0.5 7e+5 5e-13 0 1e-6 1e-6 1e+06 665 1.6307e-10 0.000114149 3.25187e-20 5.26228e-07 2.41928e-14 8.29592e-12 1.31236e-22 5.93444 44.8073 7.92202e-12 1.44692e-22
3707 175 1e+6 2e+5 0.125 4.5e-6 0.42 3e-10 2e-4 2e-3 0.3 0.4 0.5 7e+5 5e-13 0 1e-6 1e-6 1e+06 306 1.64208e-10 0.000114946 3.71592e-20 5.29855e-07 2.73636e-14 8.31009e-12 1.31701e-22 5.9746 49.4519 7.91806e-12 1.47489e-22
3707 176 1e+6 2e+5 0.125 4.5e-6 0.42 3e-10 2e-4 2e-3 0.3 0.4 0.5 7e+5 5e-13 0 1e-6 1e-6 1e+06 557 1.62954e-10 0.000114068 3.44635e-20 5.28776e-07 2.62592e-14 8.35026e-12 1.32833e-22 5.89125 46.7775 7.96782e-12 1.46404e-22
3707 177 1e+6 2e+5 0.125 4.5e-6 0.42 3e-10 2e-4 2e-3 0.3 0.4 0.5 7e+5 5e-13 0 1e-6 1e-6 1e+06 813 1.63312e-10 0.000114318 3.50413e-20 5.27077e-07 2.43185e-14 8.36015e-12 1.35662e-22 5.90797 47.484 7.96626e-12 1.44146e-22
3707 178 1e+6 2e+5 0.125 4.5e-6 0.42 3e-10 2e-4 2e-3 0.3 0.4 0.5 7e+5 5e-13 0 1e-6 1e-6 1e+06 492 1.64224e-10 0.000114957 3.32493e-20 5.24176e-07 2.36912e-14 8.27472e-12 1.23437e-22 5.9947 45.7737 7.90096e-12 1.41871e-22
3707 179 1e+6 2e+5 0.125 4.5e-6 0.42 3e-10 2e-4 2e-3 0.3 0.4 0.5 7e+5 5e-13 0 1e-6 1e-6 1e+06 656 1.64317e-10 0.000115022 3.32541e-20 5.21261e-07 2.24509e-14 8.34991e-12 1.29807e-22 5.95416 45.9683 7.97466e-12 1.42772e-22
3707 180 1e+6 2e+5 0.1 5e-6 0.42 3e-10 2e-4 2e-3 0.3 0.4 0.5 7e+5 5e-13 0 1e-6 1e-6 1e+06 824 1.25626e-10 8.79379e-05 2.40899e-20 6.59736e-07 3.49196e-14 8.12659e-12 1.15478e-22 5.82224 53.5068 7.78433e-12 1.36981e-22
3707 181 1e+6 2e+5 0.1 5e-6 0.42 3e-10 2e-4 2e-3 0.3 0.4 0.5 7e+5 5e-13 0 1e-6 1e-6 1e+06 414 1.26383e-10 8.84681e-05 2.53263e-20 6.55053e-07 3.30406e-14 8.05475e-12 1.26594e-22 5.87548 55.0957 7.71157e-12 1.38089e-22
3707 182 1e+6 2e+5 0.1 5e-6 0.42 3e-10 2e-4 2e-3 0.3 0.4 0.5 7e+5 5e-13 0 1e-6 1e-6 1e+06 747 1.2617e-10 8.83188e-05 2.48973e-20 6.60536e-07 3.59795e-14 8.12329e-12 1.30153e-22 5.8481 54.1672 7.76401e-12 1.41911e-22
3707 183 1e+6 2e+5 0.1 5e-6 0.42 3e-10 2e-4 2e-3 0.3 0.4 0.5 7e+5 5e-13 0 1e-6 1e-6 1e+06 503 1.25289e-10 8.77026e-05 2.19333e-20 6.57374e-07 3.30916e-14 8.05825e-12 1.26268e-22 5.82931 48.8059 7.73649e-12 1.40212e-22
3707 184 1e+6 2e+5 0.1 5e-6 0.42 3e-10 2e-4 2e-3 0.3 0.4 0.5 7e+5 5e-13 0 1e-6 1e-6 1e+06 756 1.24858e-10 8.74006e-05 2.48823e-20 6.55756e-07 3.18481e-14 8.10676e-12 1.31975e-22 5.78084 53.5001 7.75997e-12 1.40187e-22
3707 185 1e+6 2e+5 0.1 5e-6 0.42 3e-10 2e-4 2e-3 0.3 0.4 0.5 7e+5 5e-13 0 1e-6 1e-6 1e+06 326 1.24023e-10 8.68164e-05 2.26619e-20 6.57015e-07 3.2243e-14 8.0889e-12 1.19844e-22 5.77423 51.1572 7.73386e-12 1.37388e-22
3707 186 1e+6 2e+5 0.1 5e-6 0.42 3e-10 2e-4 2e-3 0.3 0.4 0.5 7e+5 5e-13 0 1e-6 1e-6 1e+06 429 1.26152e-10 8.83061e-05 2.31693e-20 6.56348e-07 3.34156e-14 8.06309e-12 1.23339e-22 5.88986 52.1715 7.72167e-12 1.39015e-22
3707 187 1e+6 2e+5 0.1 5e-6 0.42 3e-10 2e-4 2e-3 0.3 0.4 0.5 7e+5 5e-13 0 1e-6 1e-6 1e+06 422 1.24495e-10 8.71467e-05 2.47255e-20 6.60648e-07 3.62003e-14 8.00344e-12 1.29899e-22 5.85189 54.7605 7.66852e-12 1.43079e-22
3707 188 1e+6 2e+5 0.1 5e-6 0.42 3e-10 2e-4 2e-3 0.3 0.4 0.5 7e+5 5e-13 0 1e-6 1e-6 1e+06 621 1.23789e-10 8.66525e-05 2.34812e-20 6.56385e-07 3.32811e-14 8.07656e-12 1.24872e-22 5.75374 51.4758 7.74901e-12 1.38184e-22
3707 189 1e+6 2e+5 0.1 5e-6 0.42 3e-10 2e-4 2e-3 0.3 0.4 0.5 7e+5 5e-13 0 1e-6 1e-6 1e+06 458 1.26216e-10 8.8351e-05 2.18239e-20 6.56781e-07 3.40688e-14 8.10489e-12 1.29891e-22 5.86479 49.9465 7.74169e-12 1.41294e-22
3707 190 1e+6 2e+5 0.1 5e-6 0.42 3e-10 2e-4 2e-3 0.3 0.4 0.5 7e+5 5e-13 0 1e-6 1e-6 1e+06 760 1.24721e-10 8.7305e-05 2.41314e-20 6.58063e-07 3.38513e-14 8.0945e-12 1.27388e-22 5.77531 50.7866 7.78096e-12 1.4294e-22
3707 191 1e+6 2e+5 0.1 5e-6 0.42 3e-10 2e-4 2e-3 0.3 0.4 0.5 7e+5 5e-13 0 1e-6 1e-6 1e+06 584 1.2579e-10 8.8053e-05 2.37011e-20 6.58725e-07 3.36638e-14 8.0859e-12 1.21298e-22 5.85335 52.7237 7.7532e-12 1.3827e-22
3707 192 1e+6 2e+5 0.1 5e-6 0.42 3e-10 2e-4 2e-3 0.3 0.4 0.5 7e+5 5e-13 0 1e-6 1e-6 1e+06 649 1.26435e-10 8.85043e-05 2.47547e-20 6.60934e-07 3.57392e-14 8.09335e-12 1.17671e-22 5.89122 54.7552 7.73506e-12 1.40894e-22
3707 193 1e+6 2e+5 0.1 5e-6 0.42 3e-10 2e-4 2e-3 0.3 0.4 0.5 7e+5 5e-13 0 1e-6 1e-6 1e+06 662 1.2633e-10 8.8431e-05 2.53486e-20 6.5357e-07 3.23071e-14 8.08208e-12 1.4274e-22 5.84491 54.7567 7.76389e-12 1.42562e-22
3707 194 1e+6 2e+5 0.1 5e-6 0.42 3e-10 2e-4 2e-3 0.3 0.4 0.5 7e+5 5e-13 0 1e-6 1e-6 1e+06 622 1.27336e-10 8.91355e-05 2.21121e-20 6.5859e-07 3.39069e-14 8.14132e-12 1.38274e-22 5.88953 49.7752 7.78396e-12 1.45244e-22
3707 195 1e+6 2e+5 0.1 5e-6 0.42 3e-10 2e-4 2e-3 0.3 0.4 0.5 7e+5 5e-13 0 1e-6 1e-6 1e+06 322 1.25433e-10 8.78034e-05 2.62275e-20 6.58936e-07 3.47321e-14 8.09945e-12 1.34786e-22 5.83908 56.9756 7.73771e-12 1.4248e-22
3707 196 1e+6 2e+5 0.1 5e-6 0.42 3e-10 2e-4 2e-3 0.3 0.4 0.5 7e+5 5e-13 0 1e-6 1e-6 1e+06 691 1.25404e-10 8.7783e-05 2.08816e-20 6.61671e-07 3.6265e-14 8.16349e-12 1.23631e-22 5.79633 47.5401 7.80195e-12 1.40643e-22
3707 197 1e+6 2e+5 0.1 5e-6 0.42 3e-10 2e-4 2e-3 0.3 0.4 0.5 7e+5 5e-13 0 1e-6 1e-6 1e+06 545 1.26148e-10 8.83035e-05 2.37872e-20 6.6149e-07 3.54078e-14 8.07473e-12 1.20615e-22 5.8794 53.0331 7.72493e-12 1.37502e-22
3707 198 1e+6 2e+5 0.1 5e-6 0.42 3e-10 2e-4 2e-3 0.3 0.4 0.5 7e+5 5e-13 0 1e-6 1e-6 1e+06 825 1.27257e-10 8.908e-05 2.485e-20 6.59773e-07 3.50814e-14 8.15951e-12 1.24365e-22 5.86936 54.2861 7.80323e-12 1.41949e-22
3707 199 1e+6 2e+5 0.1 5e-6 0.42 3e-10 2e-4 2e-3 0.3 0.4 0.5 7e+5 5e-13 0 1e-6 1e-6 1e+06 488 1.26756e-10 8.8729e-05 2.19659e-20 6.56254e-07 3.2455e-14 8.02941e-12 1.2779e-22 5.94926 51.5992 7.66756e-12 1.39904e-22
3707 200 1e+6 2e+5 0.1 5.5e-6 0.42 3e-10 2e-4 2e-3 0.3 0.4 0.5 7e+5 5e-13 0 1e-6 1e-6 1e+06 639 1.25327e-10 8.77289e-05 2.14062e-20 6.62374e-07 3.58724e-14 8.11077e-12 1.11064e-22 5.81087 49.3491 7.7721e-12 1.31184e-22
3707 201 1e+6 2e+5 0.1 5.5e-6 0.42 3e-10 2e-4 2e-3 0.3 0.4 0.5 7e+5 5e-13 0 1e-6 1e-6 1e+06 835 1.25565e-10 8.78958e-05 2.55226e-20 6.5876e-07 3.32806e-14 8.09885e-12 1.13186e-22 5.81698 56.1387 7.76681e-12 1.31072e-22
3707 202 1e+6 2e+5 0.1 5.5e-6 0.42 3e-10 2e-4 2e-3 0.3 0.4 0.5 7e+5 5e-13 0 1e-6 1e-6 1e+06 623 1.26934e-10 8.88538e-05 2.39132e-20 6.58272e-07 3.40009e-14 8.016e-12 1.18493e-22 5.92802 52.6657 7.70898e-12 1.3161e-22
3707 203 1e+6 2e+5 0.1 5.5e-6 0.42 3e-10 2e-4 2e-3 0.3 0.4 0.5 7e+5 5e-13 0 1e-6 1e-6 1e+06 461 1.27709e-10 8.9396e-05 2.52714e-20 6.63287e-07 3.73373e-14 8.04192e-12 1.21827e-22 5.95697 54.7809 7.7057e-12 1.35932e-22
3707 204 1e+6 2e+5 0.1 5.5e-6 0.42 3e-10 2e-4 2e-3 0.3 0.4 0.5 7e+5 5e-13 0 1e-6 1e-6 1e+06 584 1.25367e-10 8.77567e-05 2.28836e-20 6.66163e-07 3.75802e-14 8.07682e-12 1.22014e-22 5.83169 51.5656 7.74669e-12 1.359e-22
3707 205 1e+6 2e+5 0.1 5.5e-6 0.42 3e-10 2e-4 2e-3 0.3 0.4 0.5 7e+5 5e-13 0 1e-6 1e-6 1e+06 724 1.27674e-10 8.93719e-05 2.49455e-20 6.58954e-07 3.47804e-14 8.12424e-12 1.17715e-22 5.89166 53.82 7.79107e-12 1.32772e-22
3707 206 1e+6 2e+5 0.1 5.5e-6 0.42 3e-10 2e-4 2e-3 0.3 0.4 0.5 7e+5 5e-13 0 1e-6 1e-6 1e+06 592 1.2603e-10 8.82207e-05 2.30237e-20 6.58113e-07 3.45641e-14 8.04219e-12 1.12292e-22 5.87805 50.8709 7.71734e-12 1.28652e-22
3707 207 1e+6 2e+5 0.1 5.5e-6 0.42 3e-10 2e-4 2e-3 0.3 0.4 0.5 7e+5 5e-13 0 1e-6 1e-6 1e+06 532 1.27294e-10 8.91056e-05 2.48076e-20 6.62135e-07 3.74082e-14 8.09044e-12 1.23911e-22 5.91349 55.3288 7.73822e-12 1.35417e-22
3707 208 1e+6 2e+5 0.1 5.5e-6 0.42 3e-10 2e-4 2e-3 0.3 0.4 0.5 7e+5 5e-13 0 1e-6 1e-6 1e+06 612 1.2665e-10 8.86552e-05 2.40194e-20 6.63154e-07 3.67192e-14 8.08858e-12 1.15223e-22 5.86618 53.2438 7.75884e-12 1.32949e-22
3707 209 1e+6 2e+5 0.1 5.5e-6 0.42 3e-10 2e-4 2e-3 0.3 0.4 0.5 7e+5 5e-13 0 1e-6 1e-6 1e+06 412 1.2581e-10 8.80667e-05 2.39845e-20 6.57996e-07 3.43471e-14 7.98714e-12 1.20095e-22 5.90248 53.6258 7.66573e-12 1.30576e-22
3707 210 1e+6 2e+5 0.1 5.5e-6 0.42 3e-10 2e-4 2e-3 0.3 0.4 0.5 7e+5 5e-13 0 1e-6 1e-6 1e+06 659 1.25898e-10 8.81289e-05 2.46532e-20 6.61978e-07 3.57907e-14 8.12342e-12 1.15957e-22 5.81295 53.3214 7.79035e-12 1.34141e-22
3707 211 1e+6 2e+5 0.1 5.5e-6 0.42 3e-10 2e-4 2e-3 0.3 0.4 0.5 7e+5 5e-13 0 1e-6 1e-6 1e+06 285 1.25506e-10 8.78545e-05 2.29799e-20 6.62436e-07 3.66173e-14 8.12656e-12 1.18484e-22 5.80071 51.1234 7.77296e-12 1.35413e-22
3707 212 1e+6 2e+5 0.1 5.5e-6 0.42 3e-10 2e-4 2e-3 0.3 0.4 0.5 7e+5 5e-13 0 1e-6 1e-6 1e+06 482 1.24564e-10 8.71945e-05 2.31959e-20 6.61468e-07 3.46854e-14 8.0705e-12 1.27127e-22 5.79623 51.9464 7.74367e-12 1.39629e-22
3707 213 1e+6 2e+5 0.1 5.5e-6 0.42 3e-10 2e-4 2e-3 0.3 0.4 0.5 7e+5 5e-13 0 1e-6 1e-6 1e+06 511 1.26499e-10 8.8549e-05 2.29921e-20 6.65178e-07 3.85673e-14 8.09341e-12 1.08512e-22 5.89027 52.3607 7.73653e-12 1.31349e-22
3707 214 1e+6 2e+5 0.1 5.5e-6 0.42 3e-10 2e-4 2e-3 0.3 0.4 0.5 7e+5 5e-13 0 1e-6 1e-6 1e+06 727 1.27889e-10 8.95226e-05 2.2237e-20 6.57643e-07 3.33015e-14 8.06321e-12 1.20495e-22 5.94748 50.028 7.7328e-12 1.33503e-22
3707 215 1e+6 2e+5 0.1 5.5e-6 0.42 3e-10 2e-4 2e-3 0.3 0.4 0.5 7e+5 5e-13 0 1e-6 1e-6 1e+06 459 1.25578e-10 8.79044e-05 2.15894e-20 6.57222e-07 3.3573e-14 8.03134e-12 1.16787e-22 5.87748 49.7902 7.70004e-12 1.31226e-22
3707 216 1e+6 2e+5 0.1 5.5e-6 0.42 3e-10 2e-4 2e-3 0.3 0.4 0.5 7e+5 5e-13 0 1e-6 1e-6 1e+06 289 1.25257e-10 8.768e-05 2.20703e-20 6.56181e-07 3.29535e-14 8.01115e-12 1.12765e-22 5.84636 50.7566 7.69214e-12 1.28065e-22
3707 217 1e+6 2e+5 0.1 5.5e-6 0.42 3e-10 2e-4 2e-3 0.3 0.4 0.5 7e+5 5e-13 0 1e-6 1e-6 1e+06 694 1.2632e-10 8.84239e-05 2.23463e-20 6.62234e-07 3.67372e-14 8.07105e-12 1.06907e-22 5.88514 51.0902 7.7278e-12 1.29365e-22
3707 218 1e+6 2e+5 0.1 5.5e-6 0.42 3e-10 2e-4 2e-3 0.3 0.4 0.5 7e+5 5e-13 0 1e-6 1e-6 1e+06 670 1.26854e-10 8.8798e-05 2.32882e-20 6.58659e-07 3.45011e-14 8.01852e-12 1.08248e-22 5.93109 52.3487 7.69785e-12 1.27312e-22
3707 219 1e+6 2e+5 0.1 5.5e-6 0.42 3e-10 2e-4 2e-3 0.3 0.4 0.5 7e+5 5e-13 0 1e-6 1e-6 1e+06 609 1.25602e-10 8.79215e-05 2.1996e-20 6.60998e-07 3.59506e-14 8.09328e-12 1.10063e-22 5.84097 50.1675 7.75521e-12 1.3044e-22
3707 220 1e+6 2e+5 0.1 6e-6 0.42 3e-10 2e-4 2e-3 0.3 0.4 0.5 7e+5 5e-13 0 1e-6 1e-6 1e+06 729 1.26555e-10 8.85885e-05 2.2656e-20 6.64646e-07 3.81528e-14 8.10429e-12 1.09265e-22 5.83195 49.7532 7.80028e-12 1.27293e-22
3707 221 1e+6 2e+5 0.1 6e-6 0.42 3e-10 2e-4 2e-3 0.3 0.4 0.5 7e+5 5e-13 0 1e-6 1e-6 1e+06 673 1.26604e-10 8.86227e-05 2.55782e-20 6.66398e-07 3.80477e-14 8.03809e-12 1.14494e-22 5.90618 56.8217 7.71892e-12 1.30443e-22
3707 222 1e+6 2e+5 0.1 6e-6 0.42 3e-10 2e-4 2e-3 0.3 0.4 0.5 7e+5 5e-13 0 1e-6 1e-6 1e+06 767 1.26446e-10 8.85123e-05 2.56946e-20 6.67664e-07 3.94646e-14 8.12442e-12 1.17178e-22 5.8362 55.4611 7.79175e-12 1.30638e-22
3707 223 1e+6 2e+5 0.1 6e-6 0.42 3e-10 2e-4 2e-3 0.3 0.4 0.5 7e+5 5e-13 0 1e-6 1e-6 1e+06 334 1.25541e-10 8.78788e-05 2.12897e-20 6.59058e-07 3.51224e-14 7.98057e-12 1.07008e-22 5.85986 48.3485 7.6993e-12 1.25127e-22
3707 224 1e+6 2e+5 0.1 6e-6 0.42 3e-10 2e-4 2e-3 0.3 0.4 0.5 7e+5 5e-13 0 1e-6 1e-6 1e+06 542 1.26624e-10 8.86368e-05 2.6735e-20 6.63962e-07 3.77463e-14 8.05692e-12 1.28926e-22 5.87577 56.0751 7.75589e-12 1.3777e-22
3707 225 1e+6 2e+5 0.1 6e-6 0.42 3e-10 2e-4 2e-3 0.3 0.4 0.5 7e+5 5e-13 0 1e-6 1e-6 1e+06 452 1.24962e-10 8.74733e-05 2.22885e-20 6.66298e-07 3.76854e-14 8.07055e-12 1.07231e-22 5.80765 50.8658 7.74762e-12 1.25115e-22
3707 226 1e+6 2e+5 0.1 6e-6 0.42 3e-10 2e-4 2e-3 0.3 0.4 0.5 7e+5 5e-13 0 1e-6 1e-6 1e+06 1050 1.26121e-10 8.82846e-05 2.48936e-20 6.65484e-07 3.68823e-14 8.1213e-12 1.08628e-22 5.8351 55.0859 7.78077e-12 1.27105e-22
3707 227 1e+6 2e+5 0.1 6e-6 0.42 3e-10 2e-4 2e-3 0.3 0.4 0.5 7e+5 5e-13 0 1e-6 1e-6 1e+06 385 1.25487e-10 8.78409e-05 2.24282e-20 6.56168e-07 3.32163e-14 7.99846e-12 1.06095e-22 5.8512 49.8221 7.70108e-12 1.22035e-22
3707 228 1e+6 2e+5 0.1 6e-6 0.42 3e-10 2e-4 2e-3 0.3 0.4 0.5 7e+5 5e-13 0 1e-6 1e-6 1e+06 511 1.26951e-10 8.88657e-05 2.57128e-20 6.63834e-07 3.72756e-14 8.05083e-12 1.15073e-22 5.92434 56.4846 7.71919e-12 1.30211e-22
3707 229 1e+6 2e+5 0.1 6e-6 0.42 3e-10 2e-4 2e-3 0.3 0.4 0.5 7e+5 5e-13 0 1e-6 1e-6 1e+06 421 1.24694e-10 8.72858e-05 2.45467e-20 6.62168e-07 3.51534e-14 8.06051e-12 1.08139e-22 5.8156 54.9407 7.72211e-12 1.25662e-22
3707 230 1e+6 2e+5 0.1 6e-6 0.42 3e-10 2e-4 2e-3 0.3 0.4 0.5 7e+5 5e-13 0 1e-6 1e-6 1e+06 352 1.25623e-10 8.79359e-05 2.49209e-20 6.6916e-07 4.08555e-14 8.02986e-12 1.04945e-22 5.88404 56.7976 7.69732e-12 1.2497e-22
3707 231 1e+6 2e+5 0.1 6e-6 0.42 3e-10 2e-4 2e-3 0.3 0.4 0.5 7e+5 5e-13 0 1e-6 1e-6 1e+06 427 1.26656e-10 8.86594e-05 2.24029e-20 6.67272e-07 3.98087e-14 8.09087e-12 1.1218e-22 5.89119 52.0896 7.7465e-12 1.29106e-22
3707 232 1e+6 2e+5 0.1 6e-6 0.42 3e-10 2e-4 2e-3 0.3 0.4 0.5 7e+5 5e-13 0 1e-6 1e-6 1e+06 954 1.25815e-10 8.80708e-05 2.38288e-20 6.64328e-07 3.64397e-14 8.10405e-12 1.15779e-22 5.80204 53.1866 7.78579e-12 1.27634e-22
3707 233 1e+6 2e+5 0.1 6e-6 0.42 3e-10 2e-4 2e-3 0.3 0.4 0.5 7e+5 5e-13 0 1e-6 1e-6 1e+06 870 1.25791e-10 8.80537e-05 2.24015e-20 6.70769e-07 4.17814e-14 8.07912e-12 1.07157e-22 5.84576 50.9606 7.74061e-12 1.26669e-22
3707 234 1e+6 2e+5 0.1 6e-6 0.42 3e-10 2e-4 2e-3 0.3 0.4 0.5 7e+5 5e-13 0 1e-6 1e-6 1e+06 378 1.25139e-10 8.75975e-05 2.21334e-20 6.61206e-07 3.62413e-14 8.03383e-12 1.12471e-22 5.82767 49.5493 7.72202e-12 1.27868e-22
3707 235 1e+6 2e+5 0.1 6e-6 0.42 3e-10 2e-4 2e-3 0.3 0.4 0.5 7e+5 5e-13 0 1e-6 1e-6 1e+06 341 1.25973e-10 8.81809e-05 2.36207e-20 6.6418e-07 3.81129e-14 8.00677e-12 1.0691e-22 5.88148 52.7238 7.70549e-12 1.25127e-22
3707 236 1e+6 2e+5 0.1 6e-6 0.42 3e-10 2e-4 2e-3 0.3 0.4 0.5 7e+5 5e-13 0 1e-6 1e-6 1e+06 294 1.26351e-10 8.84456e-05 2.37603e-20 6.683e-07 4.13095e-14 8.07178e-12 1.04759e-22 5.86444 53.1208 7.74019e-12 1.27742e-22
3707 237 1e+6 2e+5 0.1 6e-6 0.42 3e-10 2e-4 2e-3 0.3 0.4 0.5 7e+5 5e-13 0 1e-6 1e-6 1e+06 444 1.24341e-10 8.70387e-05 2.26318e-20 6.58922e-07 3.39359e-14 8.01964e-12 1.01493e-22 5.80861 51.3376 7.703e-12 1.2252e-22
3707 238 1e+6 2e+5 0.1 6e-6 0.42 3e-10 2e-4 2e-3 0.3 0.4 0.5 7e+5 5e-13 0 1e-6 1e-6 1e+06 510 1.26367e-10 8.84572e-05 2.36892e-20 6.64781e-07 3.70788e-14 8.07514e-12 1.14223e-22 5.87692 53.7052 7.75664e-12 1.30399e-22
3707 239 1e+6 2e+5 0.1 6e-6 0.42 3e-10 2e-4 2e-3 0.3 0.4 0.5 7e+5 5e-13 0 1e-6 1e-6 1e+06 594 1.25591e-10 8.79134e-05 2.39087e-20 6.6382e-07 3.72585e-14 8.07122e-12 1.18658e-22 5.84195 53.7047 7.74188e-12 1.31239e-22
3707 240 1e+6 2e+5 0.1 6.5e-6 0.42 3e-10 2e-4 2e-3 0.3 0.4 0.5 7e+5 5e-13 0 1e-6 1e-6 1e+06 557 1.24851e-10 8.73959e-05 2.41159e-20 6.7089e-07 4.06428e-14 8.00453e-12 1.02378e-22 5.82595 53.6967 7.71237e-12 1.22456e-22
3707 241 1e+6 2e+5 0.1 6.5e-6 0.42 3e-10 2e-4 2e-3 0.3 0.4 0.5 7e+5 5e-13 0 1e-6 1e-6 1e+06 532 1.26827e-10 8.87787e-05 2.4024e-20 6.71265e-07 4.1955e-14 8.06577e-12 9.8435e-23 5.88885 53.261 7.76209e-12 1.18321e-22
3707 242 1e+6 2e+5 0.1 6.5e-6 0.42 3e-10 2e-4 2e-3 0.3 0.4 0.5 7e+5 5e-13 0 1e-6 1e-6 1e+06 525 1.25511e-10 8.78576e-05 2.33757e-20 6.67877e-07 3.78187e-14 8.07143e-12 1.00087e-22 5.82498 53.491 7.74202e-12 1.20487e-22
3707 243 1e+6 2e+5 0.1 6.5e-6 0.42 3e-10 2e-4 2e-3 0.3 0.4 0.5 7e+5 5e-13 0 1e-6 1e-6 1e+06 538 1.23418e-10 8.63927e-05 2.33639e-20 6.72154e-07 4.10416e-14 8.09091e-12 9.91591e-23 5.71082 52.1061 7.76768e-12 1.20746e-22
3707 244 1e+6 2e+5 0.1 6.5e-6 0.42 3e-10 2e-4 2e-3 0.3 0.4 0.5 7e+5 5e-13 0 1e-6 1e-6 1e+06 630 1.24616e-10 8.72313e-05 2.34907e-20 6.64484e-07 3.60898e-14 8.04186e-12 1.06574e-22 5.79617 52.7308 7.73249e-12 1.20091e-22
3707 245 1e+6 2e+5 0.1 6.5e-6 0.42 3e-10 2e-4 2e-3 0.3 0.4 0.5 7e+5 5e-13 0 1e-6 1e-6 1e+06 1114 1.26475e-10 8.85324e-05 2.40261e-20 6.69696e-07 4.0394e-14 8.04723e-12 1.07139e-22 5.89398 54.34 7.71156e-12 1.22575e-22
3707 246 1e+6 2e+5 0.1 6.5e-6 0.42 3e-10 2e-4 2e-3 0.3 0.4 0.5 7e+5 5e-13 0 1e-6 1e-6 1e+06 734 1.27459e-10 8.92215e-05 2.44935e-20 6.63404e-07 3.85825e-14 8.06119e-12 1.02046e-22 5.90872 52.4447 7.77029e-12 1.20973e-22
3707 247 1e+6 2e+5 0.1 6.5e-6 0.42 3e-10 2e-4 2e-3 0.3 0.4 0.5 7e+5 5e-13 0 1e-6 1e-6 1e+06 488 1.23783e-10 8.66481e-05 2.11805e-20 6.6598e-07 3.78908e-14 8.09102e-12 1.01975e-22 5.71798 47.7395 7.80052e-12 1.22657e-22
3707 248 1e+6 2e+5 0.1 6.5e-6 0.42 3e-10 2e-4 2e-3 0.3 0.4 0.5 7e+5 5e-13 0 1e-6 1e-6 1e+06 805 1.27914e-10 8.95395e-05 2.50871e-20 6.68009e-07 4.04088e-14 8.12064e-12 1.11046e-22 5.89784 55.4836 7.80294e-12 1.26094e-22
3707 249 1e+6 2e+5 0.1 6.5e-6 0.42 3e-10 2e-4 2e-3 0.3 0.4 0.5 7e+5 5e-13 0 1e-6 1e-6 1e+06 469 1.24237e-10 8.69657e-05 2.14605e-20 6.66463e-07 3.81556e-14 8.05611e-12 1.00461e-22 5.77123 48.9805 7.75278e-12 1.20021e-22
3707 250 1e+6 2e+5 0.1 6.5e-6 0.42 3e-10 2e-4 2e-3 0.3 0.4 0.5 7e+5 5e-13 0 1e-6 1e-6 1e+06 323 1.26922e-10 8.88455e-05 2.38023e-20 6.65942e-07 3.97333e-14 8.04287e-12 1.04787e-22 5.91196 53.1787 7.72376e-12 1.22763e-22
3707 251 1e+6 2e+5 0.1 6.5e-6 0.42 3e-10 2e-4 2e-3 0.3 0.4 0.5 7e+5 5e-13 0 1e-6 1e-6 1e+06 992 1.26053e-10 8.82368e-05 2.35187e-20 6.65106e-07 3.76754e-14 8.02797e-12 1.04851e-22 5.86545 52.3728 7.72978e-12 1.21911e-22
3707 252 1e+6 2e+5 0.1 6.5e-6 0.42 3e-10 2e-4 2e-3 0.3 0.4 0.5 7e+5 5e-13 0 1e-6 1e-6 1e+06 546 1.2589e-10 8.81231e-05 2.27157e-20 6.63467e-07 3.68729e-14 8.0644e-12 1.0253e-22 5.86412 52.6983 7.74375e-12 1.21428e-22
3707 253 1e+6 2e+5 0.1 6.5e-6 0.42 3e-10 2e-4 2e-3 0.3 0.4 0.5 7e+5 5e-13 0 1e-6 1e-6 1e+06 629 1.27352e-10 8.91461e-05 2.06809e-20 6.58804e-07 3.35988e-14 8.04002e-12 1.00374e-22 5.92532 48.6407 7.73998e-12 1.20093e-22
3707 254 1e+6 2e+5 0.1 6.5e-6 0.42 3e-10 2e-4 2e-3 0.3 0.4 0.5 7e+5 5e-13 0 1e-6 1e-6 1e+06 516 1.24468e-10 8.71273e-05 1.98966e-20 6.63217e-07 3.67136e-14 8.01707e-12 9.81646e-23 5.79452 46.1045 7.71991e-12 1.16324e-22
3707 255 1e+6 2e+5 0.1 6.5e-6 0.42 3e-10 2e-4 2e-3 0.3 0.4 0.5 7e+5 5e-13 0 1e-6 1e-6 1e+06 397 1.24432e-10 8.71025e-05 2.40838e-20 6.70879e-07 4.25273e-14 7.99639e-12 1.07077e-22 5.80767 53.465 7.70492e-12 1.21231e-22
3707 256 1e+6 2e+5 0.1 6.5e-6 0.42 3e-10 2e-4 2e-3 0.3 0.4 0.5 7e+5 5e-13 0 1e-6 1e-6 1e+06 381 1.26264e-10 8.83848e-05 2.2035e-20 6.67021e-07 4.01821e-14 8.0277e-12 9.70449e-23 5.89808 51.2757 7.70987e-12 1.17923e-22
3707 257 1e+6 2e+5 0.1 6.5e-6 0.42 3e-10 2e-4 2e-3 0.3 0.4 0.5 7e+5 5e-13 0 1e-6 1e-6 1e+06 728 1.24881e-10 8.74165e-05 2.40638e-20 6.6958e-07 3.91029e-14 8.07784e-12 1.02721e-22 5.80092 54.2022 7.75378e-12 1.19605e-22
3707 258 1e+6 2e+5 0.1 6.5e-6 0.42 3e-10 2e-4 2e-3 0.3 0.4 0.5 7e+5 5e-13 0 1e-6 1e-6 1e+06 615 1.26755e-10 8.87288e-05 2.17187e-20 6.64567e-07 3.65129e-14 8.01052e-12 1.02402e-22 5.91251 50.8721 7.70741e-12 1.20127e-22
3707 259 1e+6 2e+5 0.1 6.5e-6 0.42 3e-10 2e-4 2e-3 0.3 0.4 0.5 7e+5 5e-13 0 1e-6 1e-6 1e+06 557 1.25374e-10 8.77621e-05 2.60201e-20 6.71222e-07 4.18865e-14 8.01241e-12 1.0107e-22 5.86878 57.3106 7.69608e-12 1.22025e-22
3707 260 1e+6 2e+5 0.1 7e-6 0.42 3e-10 2e-4 2e-3 0.3 0.4 0.5 7e+5 5e-13 0 1e-6 1e-6 1e+06 558 1.2565e-10 8.79547e-05 2.37026e-20 6.72412e-07 4.27016e-14 8.09186e-12 9.64425e-23 5.81339 53.2491 7.77998e-12 1.15856e-22
3707 261 1e+6 2e+5 0.1 7e-6 0.42 3e-10 2e-4 2e-3 0.3 0.4 0.5 7e+5 5e-13 0 1e-6 1e-6 1e+06 824 1.25313e-10 8.77193e-05 2.15125e-20 6.69078e-07 3.99953e-14 8.0748e-12 9.49386e-23 5.79564 48.6404 7.77742e-12 1.13424e-22
3707 262 1e+6 2e+5 0.1 7e-6 0.42 3e-10 2e-4 2e-3 0.3 0.4 0.5 7e+5 5e-13 0 1e-6 1e-6 1e+06 666 1.24158e-10 8.69104e-05 2.27126e-20 6.72194e-07 4.11436e-14 7.97884e-12 9.32441e-23 5.81903 51.9415 7.68385e-12 1.15362e-22
3707 263 1e+6 2e+5 0.1 7e-6 0.42 3e-10 2e-4 2e-3 0.3 0.4 0.5 7e+5 5e-13 0 1e-6 1e-6 1e+06 437 1.26341e-10 8.84384e-05 2.29234e-20 6.68238e-07 3.87437e-14 8.02342e-12 9.61825e-23 5.88006 51.9074 7.73273e-12 1.14404e-22
3707 264 1e+6 2e+5 0.1 7e-6 0.42 3e-10 2e-4 2e-3 0.3 0.4 0.5 7e+5 5e-13 0 1e-6 1e-6 1e+06 418 1.27014e-10 8.89097e-05 2.35034e-20 6.64937e-07 3.77662e-14 7.99865e-12 9.71447e-23 5.94756 53.7533 7.69159e-12 1.15199e-22
3707 265 1e+6 2e+5 0.1 7e-6 0.42 3e-10 2e-4 2e-3 0.3 0.4 0.5 7e+5 5e-13 0 1e-6 1e-6 1e+06 771 1.2619e-10 8.8333e-05 2.32215e-20 6.70152e-07 4.02425e-14 8.09186e-12 1.088e-22 5.81754 51.9391 7.80167e-12 1.23393e-22
3707 266 1e+6 2e+5 0.1 7e-6 0.42 3e-10 2e-4 2e-3 0.3 0.4 0.5 7e+5 5e-13 0 1e-6 1e-6 1e+06 410 1.25443e-10 8.781e-05 2.09403e-20 6.72513e-07 4.14451e-14 8.07691e-12 9.87462e-23 5.81291 48.5791 7.76955e-12 1.16697e-22
3707 267 1e+6 2e+5 0.1 7e-6 0.42 3e-10 2e-4 2e-3 0.3 0.4 0.5 7e+5 5e-13 0 1e-6 1e-6 1e+06 737 1.25905e-10 8.81334e-05 2.47414e-20 6.79894e-07 4.45548e-14 8.09402e-12 9.61136e-23 5.81579 54.7984 7.76979e-12 1.17591e-22
3707 268 1e+6 2e+5 0.1 7e-6 0.42 3e-10 2e-4 2e-3 0.3 0.4 0.5 7e+5 5e-13 0 1e-6 1e-6 1e+06 485 1.2575e-10 8.80247e-05 2.10641e-20 6.61896e-07 3.60076e-14 8.00275e-12 9.13219e-23 5.86831 49.1951 7.71448e-12 1.13157e-22
3707 269 1e+6 2e+5 0.1 7e-6 0.42 3e-10 2e-4 2e-3 0.3 0.4 0.5 7e+5 5e-13 0 1e-6 1e-6 1e+06 363 1.25355e-10 8.77485e-05 2.45623e-20 6.72077e-07 4.09176e-14 8.08557e-12 9.74859e-23 5.82239 55.6911 7.74671e-12 1.17383e-22
3707 270 1e+6 2e+5 0.1 7e-6 0.42 3e-10 2e-4 2e-3 0.3 0.4 0.5 7e+5 5e-13 0 1e-6 1e-6 1e+06 903 1.27439e-10 8.92072e-05 2.55873e-20 6.71247e-07 4.19719e-14 8.10626e-12 1.1091e-22 5.89964 56.3901 7.7666e-12 1.20527e-22
3707 271 1e+6 2e+5 0.1 7e-6 0.42 3e-10 2e-4 2e-3 0.3 0.4 0.5 7e+5 5e-13 0 1e-6 1e-6 1e+06 525 1.25179e-10 8.76254e-05 2.24331e-20 6.70993e-07 4.17102e-14 8.00543e-12 8.99772e-23 5.83531 50.9651 7.71415e-12 1.12777e-22
3707 272 1e+6 2e+5 0.1 7e-6 0.42 3e-10 2e-4 2e-3 0.3 0.4 0.5 7e+5 5e-13 0 1e-6 1e-6 1e+06 657 1.26785e-10 8.87495e-05 2.42186e-20 6.73876e-07 4.3458e-14 8.08547e-12 1.01265e-22 5.84365 52.24 7.78545e-12 1.18027e-22
3707 273 1e+6 2e+5 0.1 7e-6 0.42 3e-10 2e-4 2e-3 0.3 0.4 0.5 7e+5 5e-13 0 1e-6 1e-6 1e+06 450 1.26013e-10 8.82093e-05 2.34819e-20 6.70951e-07 3.96553e-14 8.08367e-12 9.81599e-23 5.84032 53.2203 7.77038e-12 1.16383e-22
3707 274 1e+6 2e+5 0.1 7e-6 0.42 3e-10 2e-4 2e-3 0.3 0.4 0.5 7e+5 5e-13 0 1e-6 1e-6 1e+06 689 1.27175e-10 8.90226e-05 2.34461e-20 6.6799e-07 3.81019e-14 8.15637e-12 1.09612e-22 5.83975 52.15 7.85582e-12 1.23947e-22
3707 275 1e+6 2e+5 0.1 7e-6 0.42 3e-10 2e-4 2e-3 0.3 0.4 0.5 7e+5 5e-13 0 1e-6 1e-6 1e+06 653 1.26309e-10 8.84163e-05 2.209e-20 6.70048e-07 3.90416e-14 8.11466e-12 9.78622e-23 5.82489 50.1054 7.82917e-12 1.17515e-22
3707 276 1e+6 2e+5 0.1 7e-6 0.42 3e-10 2e-4 2e-3 0.3 0.4 0.5 7e+5 5e-13 0 1e-6 1e-6 1e+06 294 1.2574e-10 8.8018e-05 2.44605e-20 6.74592e-07 4.3805e-14 8.002e-12 9.39869e-23 5.8858 56.2328 7.6815e-12 1.15862e-22
3707 277 1e+6 2e+5 0.1 7e-6 0.42 3e-10 2e-4 2e-3 0.3 0.4 0.5 7e+5 5e-13 0 1e-6 1e-6 1e+06 231 1.25795e-10 8.80565e-05 2.61073e-20 6.69651e-07 4.05798e-14 8.00971e-12 1.01504e-22 5.8642 57.4093 7.68883e-12 1.16968e-22
3707 278 1e+6 2e+5 0.1 7e-6 0.42 3e-10 2e-4 2e-3 0.3 0.4 0.5 7e+5 5e-13 0 1e-6 1e-6 1e+06 564 1.24378e-10 8.70644e-05 2.53658e-20 6.80029e-07 4.59522e-14 8.13538e-12 1.0297e-22 5.7483 55.7398 7.8003e-12 1.21645e-22
3707 279 1e+6 2e+5 0.1 7e-6 0.42 3e-10 2e-4 2e-3 0.3 0.4 0.5 7e+5 5e-13 0 1e-6 1e-6 1e+06 463 1.24595e-10 8.72166e-05 2.25372e-20 6.75214e-07 4.27032e-14 8.04724e-12 9.55445e-23 5.78738 51.2889 7.74356e-12 1.1655e-22
3707 280 1e+6 2e+5 0.1 7.5e-6 0.42 3e-10 2e-4 2e-3 0.3 0.4 0.5 7e+5 5e-13 0 1e-6 1e-6 1e+06 818 1.26189e-10 8.83324e-05 2.38337e-20 6.72887e-07 4.18798e-14 8.06159e-12 9.62887e-23 5.84392 52.8654 7.76676e-12 1.13992e-22
3707 281 1e+6 2e+5 0.1 7.5e-6 0.42 3e-10 2e-4 2e-3 0.3 0.4 0.5 7e+5 5e-13 0 1e-6 1e-6 1e+06 637 1.25694e-10 8.79855e-05 2.58955e-20 6.75129e-07 4.37121e-14 8.11994e-12 9.66298e-23 5.78528 56.1383 7.81682e-12 1.11855e-22
3707 282 1e+6 2e+5 0.1 7.5e-6 0.42 3e-10 2e-4 2e-3 0.3 0.4 0.5 7e+5 5e-13 0 1e-6 1e-6 1e+06 466 1.24379e-10 8.70653e-05 2.32661e-20 6.74728e-07 4.26766e-14 8.06958e-12 9.28636e-23 5.76304 52.6898 7.76088e-12 1.11612e-22
3707 283 1e+6 2e+5 0.1 7.5e-6 0.42 3e-10 2e-4 2e-3 0.3 0.4 0.5 7e+5 5e-13 0 1e-6 1e-6 1e+06 525 1.24864e-10 8.7405e-05 2.23793e-20 6.70682e-07 3.98827e-14 8.0612e-12 8.92225e-23 5.79087 50.6529 7.77212e-12 1.09678e-22
3707 284 1e+6 2e+5 0.1 7.5e-6 0.42 3e-10 2e-4 2e-3 0.3 0.4 0.5 7e+5 5e-13 0 1e-6 1e-6 1e+06 958 1.26512e-10 8.85581e-05 2.37819e-20 6.69506e-07 3.95258e-14 8.10882e-12 9.59048e-23 5.81546 51.9177 7.82119e-12 1.11421e-22
3707 285 1e+6 2e+5 0.1 7.5e-6 0.42 3e-10 2e-4 2e-3 0.3 0.4 0.5 7e+5 5e-13 0 1e-6 1e-6 1e+06 357 1.24518e-10 8.71624e-05 2.14386e-20 6.68435e-07 4.07983e-14 8.03905e-12 9.27848e-23 5.78626 48.856 7.73089e-12 1.08533e-22
3707 286 1e+6 2e+5 0.1 7.5e-6 0.42 3e-10 2e-4 2e-3 0.3 0.4 0.5 7e+5 5e-13 0 1e-6 1e-6 1e+06 538 1.2679e-10 8.87533e-05 2.20217e-20 6.71474e-07 4.11627e-14 8.08023e-12 8.87645e-23 5.8711 50.4756 7.7854e-12 1.08979e-22
3707 287 1e+6 2e+5 0.1 7.5e-6 0.42 3e-10 2e-4 2e-3 0.3 0.4 0.5 7e+5 5e-13 0 1e-6 1e-6 1e+06 435 1.25344e-10 8.77408e-05 2.3148e-20 6.6951e-07 3.96496e-14 8.02414e-12 9.26688e-23 5.81722 52.2624 7.73965e-12 1.08688e-22
3707 288 1e+6 2e+5 0.1 7.5e-6 0.42 3e-10 2e-4 2e-3 0.3 0.4 0.5 7e+5 5e-13 0 1e-6 1e-6 1e+06 585 1.2574e-10 8.80182e-05 2.57631e-20 6.73271e-07 4.14429e-14 8.10612e-12 9.89115e-23 5.80798 56.6681 7.79485e-12 1.16207e-22
3707 289 1e+6 2e+5 0.1 7.5e-6 0.42 3e-10 2e-4 2e-3 0.3 0.4 0.5 7e+5 5e-13 0 1e-6 1e-6 1e+06 522 1.24835e-10 8.73847e-05 2.24744e-20 6.74339e-07 4.21007e-14 8.04903e-12 8.88089e-23 5.79241 51.3615 7.74405e-12 1.08345e-22
3707 290 1e+6 2e+5 0.1 7.5e-6 0.42 3e-10 2e-4 2e-3 0.3 0.4 0.5 7e+5 5e-13 0 1e-6 1e-6 1e+06 634 1.26356e-10 8.84494e-05 2.3975e-20 6.70393e-07 4.062e-14 8.03238e-12 9.53397e-23 5.86699 54.0883 7.75208e-12 1.13511e-22
3707 291 1e+6 2e+5 0.1 7.5e-6 0.42 3e-10 2e-4 2e-3 0.3 0.4 0.5 7e+5 5e-13 0 1e-6 1e-6 1e+06 501 1.26432e-10 8.85027e-05 2.18957e-20 6.6955e-07 4.10011e-14 8.03207e-12 9.18967e-23 5.85921 50.0835 7.7591e-12 1.09352e-22
3707 292 1e+6 2e+5 0.1 7.5e-6 0.42 3e-10 2e-4 2e-3 0.3 0.4 0.5 7e+5 5e-13 0 1e-6 1e-6 1e+06 874 1.2549e-10 8.78429e-05 2.00351e-20 6.73794e-07 4.16513e-14 8.05989e-12 8.83931e-23 5.8149 46.5655 7.76645e-12 1.08727e-22
3707 293 1e+6 2e+5 0.1 7.5e-6 0.42 3e-10 2e-4 2e-3 0.3 0.4 0.5 7e+5 5e-13 0 1e-6 1e-6 1e+06 444 1.25351e-10 8.77458e-05 2.36949e-20 6.74312e-07 4.33535e-14 8.04835e-12 9.63069e-23 5.82645 53.9142 7.73746e-12 1.14138e-22
3707 294 1e+6 2e+5 0.1 7.5e-6 0.42 3e-10 2e-4 2e-3 0.3 0.4 0.5 7e+5 5e-13 0 1e-6 1e-6 1e+06 617 1.26615e-10 8.86308e-05 2.257e-20 6.69218e-07 3.98135e-14 8.07117e-12 8.87825e-23 5.86693 51.9319 7.77475e-12 1.10629e-22
3707 295 1e+6 2e+5 0.1 7.5e-6 0.42 3e-10 2e-4 2e-3 0.3 0.4 0.5 7e+5 5e-13 0 1e-6 1e-6 1e+06 559 1.25423e-10 8.77959e-05 2.47012e-20 6.75396e-07 4.21872e-14 8.12222e-12 9.7837e-23 5.76503 55.2286 7.82336e-12 1.15296e-22
3707 296 1e+6 2e+5 0.1 7.5e-6 0.42 3e-10 2e-4 2e-3 0.3 0.4 0.5 7e+5 5e-13 0 1e-6 1e-6 1e+06 363 1.27685e-10 8.93793e-05 2.35088e-20 6.66488e-07 3.98191e-14 7.96357e-12 8.36839e-23 5.97945 54.1287 7.67651e-12 1.06648e-22
3707 297 1e+6 2e+5 0.1 7.5e-6 0.42 3e-10 2e-4 2e-3 0.3 0.4 0.5 7e+5 5e-13 0 1e-6 1e-6 1e+06 640 1.27339e-10 8.91372e-05 2.17415e-20 6.72613e-07 4.13967e-14 8.07061e-12 8.95485e-23 5.89943 50.8575 7.77023e-12 1.08285e-22
3707 298 1e+6 2e+5 0.1 7.5e-6 0.42 3e-10 2e-4 2e-3 0.3 0.4 0.5 7e+5 5e-13 0 1e-6 1e-6 1e+06 537 1.27402e-10 8.91812e-05 2.1666e-20 6.68437e-07 3.91108e-14 8.03464e-12 9.58557e-23 5.90882 48.9868 7.74427e-12 1.10556e-22
3707 299 1e+6 2e+5 0.1 7.5e-6 0.42 3e-10 2e-4 2e-3 0.3 0.4 0.5 7e+5 5e-13 0 1e-6 1e-6 1e+06 512 1.24603e-10 8.72218e-05 2.18238e-20 6.67084e-07 3.96471e-14 8.04667e-12 9.75073e-23 5.77071 49.2688 7.76053e-12 1.10726e-22
3707 300 1e+6 2e+5 0.075 8e-6 0.42 3e-10 2e-4 2e-3 0.3 0.4 0.5 7e+5 5e-13 0 1e-6 1e-6 1e+06 406 8.88947e-11 6.22263e-05 1.32549e-20 8.88611e-07 5.94737e-14 7.82222e-12 8.3633e-23 5.64552 56.7383 7.56006e-12 1.079e-22
3707 301 1e+6 2e+5 0.075 8e-6 0.42 3e-10 2e-4 2e-3 0.3 0.4 0.5 7e+5 5e-13 0 1e-6 1e-6 1e+06 462 8.97293e-11 6.28105e-05 1.37096e-20 8.88664e-07 6.01741e-14 7.8117e-12 9.79284e-23 5.71044 57.4745 7.53921e-12 1.15744e-22
3707 302 1e+6 2e+5 0.075 8e-6 0.42 3e-10 2e-4 2e-3 0.3 0.4 0.5 7e+5 5e-13 0 1e-6 1e-6 1e+06 462 9.00313e-11 6.30219e-05 1.51418e-20 8.92325e-07 6.01106e-14 7.82501e-12 1.04258e-22 5.70571 62.0797 7.5383e-12 1.16329e-22
3707 303 1e+6 2e+5 0.075 8e-6 0.42 3e-10 2e-4 2e-3 0.3 0.4 0.5 7e+5 5e-13 0 1e-6 1e-6 1e+06 1053 8.98505e-11 6.28954e-05 1.46004e-20 8.86374e-07 5.81671e-14 7.87385e-12 9.78762e-23 5.65762 60.089 7.61442e-12 1.14104e-22
3707 304 1e+6 2e+5 0.075 8e-6 0.42 3e-10 2e-4 2e-3 0.3 0.4 0.5 7e+5 5e-13 0 1e-6 1e-6 1e+06 678 8.90573e-11 6.23401e-05 1.37224e-20 8.91207e-07 5.98674e-14 7.83979e-12 8.92153e-23 5.63483 56.8938 7.58129e-12 1.1055e-22
3707 305 1e+6 2e+5 0.075 8e-6 0.42 3e-10 2e-4 2e-3 0.3 0.4 0.5 7e+5 5e-13 0 1e-6 1e-6 1e+06 381 8.95229e-11 6.2666e-05 1.51942e-20 8.91009e-07 6.14231e-14 7.77665e-12 9.51564e-23 5.69215 60.8627 7.53057e-12 1.1231e-22
3707 306 1e+6 2e+5 0.075 8e-6 0.42 3e-10 2e-4 2e-3 0.3 0.4 0.5 7e+5 5e-13 0 1e-6 1e-6 1e+06 726 8.91676e-11 6.24173e-05 1.33688e-20 8.9268e-07 6.27165e-14 7.78601e-12 9.21523e-23 5.68742 57.3494 7.52195e-12 1.09743e-22
3707 307 1e+6 2e+5 0.075 8e-6 0.42 3e-10 2e-4 2e-3 0.3 0.4 0.5 7e+5 5e-13 0 1e-6 1e-6 1e+06 476 8.86997e-11 6.20898e-05 1.12497e-20 8.72757e-07 4.70622e-14 7.76985e-12 8.88118e-23 5.66032 49.8003 7.51848e-12 1.07639e-22
3707 308 1e+6 2e+5 0.075 8e-6 0.42 3e-10 2e-4 2e-3 0.3 0.4 0.5 7e+5 5e-13 0 1e-6 1e-6 1e+06 567 8.89244e-11 6.22471e-05 1.61845e-20 8.98758e-07 6.8371e-14 7.80604e-12 8.43121e-23 5.65604 65.8431 7.53731e-12 1.09525e-22
3707 309 1e+6 2e+5 0.075 8e-6 0.42 3e-10 2e-4 2e-3 0.3 0.4 0.5 7e+5 5e-13 0 1e-6 1e-6 1e+06 708 8.8293e-11 6.18051e-05 1.31355e-20 8.9125e-07 6.13503e-14 7.80247e-12 9.47469e-23 5.62179 56.5138 7.53777e-12 1.1241e-22
3707 310 1e+6 2e+5 0.075 8e-6 0.42 3e-10 2e-4 2e-3 0.3 0.4 0.5 7e+5 5e-13 0 1e-6 1e-6 1e+06 346 8.99732e-11 6.29813e-05 1.37609e-20 8.86891e-07 5.93997e-14 7.76869e-12 9.03336e-23 5.73825 58.625 7.52222e-12 1.09487e-22
3707 311 1e+6 2e+5 0.075 8e-6 0.42 3e-10 2e-4 2e-3 0.3 0.4 0.5 7e+5 5e-13 0 1e-6 1e-6 1e+06 708 9.01577e-11 6.31104e-05 1.65366e-20 8.81347e-07 5.28419e-14 7.79231e-12 9.79849e-23 5.72236 67.5204 7.51522e-12 1.14331e-22
3707 312 1e+6 2e+5 0.075 8e-6 0.42 3e-10 2e-4 2e-3 0.3 0.4 0.5 7e+5 5e-13 0 1e-6 1e-6 1e+06 884 8.80147e-11 6.16103e-05 1.37872e-20 8.88126e-07 5.57133e-14 7.81093e-12 8.86373e-23 5.58583 57.9809 7.55809e-12 1.05813e-22
3707 313 1e+6 2e+5 0.075 8e-6 0.42 3e-10 2e-4 2e-3 0.3 0.4 0.5 7e+5 5e-13 0 1e-6 1e-6 1e+06 379 8.89199e-11 6.22439e-05 1.35418e-20 8.93458e-07 6.39101e-14 7.71265e-12 8.55862e-23 5.70124 58.3206 7.45897e-12 1.07242e-22
3707 314 1e+6 2e+5 0.075 8e-6 0.42 3e-10 2e-4 2e-3 0.3 0.4 0.5 7e+5 5e-13 0 1e-6 1e-6 1e+06 621 8.98694e-11 6.29086e-05 1.37071e-20 8.91344e-07 6.0316e-14 7.77492e-12 8.33159e-23 5.74554 59.5361 7.4994e-12 1.09814e-22
3707 315 1e+6 2e+5 0.075 8e-6 0.42 3e-10 2e-4 2e-3 0.3 0.4 0.5 7e+5 5e-13 0 1e-6 1e-6 1e+06 690 9.00399e-11 6.30279e-05 1.69377e-20 8.89996e-07 5.86809e-14 7.85112e-12 1.10186e-22 5.68058 66.4947 7.5911e-12 1.1751e-22
3707 316 1e+6 2e+5 0.075 8e-6 0.42 3e-10 2e-4 2e-3 0.3 0.4 0.5 7e+5 5e-13 0 1e-6 1e-6 1e+06 807 8.98888e-11 6.29221e-05 1.56513e-20 8.94512e-07 6.32737e-14 7.86024e-12 9.04675e-23 5.67438 63.9539 7.60888e-12 1.16077e-22
3707 317 1e+6 2e+5 0.075 8e-6 0.42 3e-10 2e-4 2e-3 0.3 0.4 0.5 7e+5 5e-13 0 1e-6 1e-6 1e+06 474 8.95001e-11 6.26501e-05 1.35753e-20 8.89383e-07 6.14444e-14 7.79183e-12 8.17474e-23 5.71597 58.4769 7.52259e-12 1.05743e-22
3707 318 1e+6 2e+5 0.075 8e-6 0.42 3e-10 2e-4 2e-3 0.3 0.4 0.5 7e+5 5e-13 0 1e-6 1e-6 1e+06 618 8.94307e-11 6.26015e-05 1.55859e-20 8.91546e-07 5.95909e-14 7.80724e-12 1.13104e-22 5.67959 62.8886 7.5441e-12 1.21434e-22
3707 319 1e+6 2e+5 0.075 8e-6 0.42 3e-10 2e-4 2e-3 0.3 0.4 0.5 7e+5 5e-13 0 1e-6 1e-6 1e+06 344 8.84761e-11 6.19333e-05 1.24915e-20 8.93305e-07 6.06115e-14 7.83943e-12 8.60277e-23 5.59942 53.0136 7.57136e-12 1.08511e-22
3707 320 1e+6 2e+5 0.075 8.5e-6 0.42 3e-10 2e-4 2e-3 0.3 0.4 0.5 7e+5 5e-13 0 1e-6 1e-6 1e+06 420 8.98382e-11 6.28867e-05 1.10265e-20 8.7964e-07 5.45618e-14 7.7983e-12 8.42295e-23 5.69948 48.1083 7.5687e-12 1.04219e-22
3707 321 1e+6 2e+5 0.075 8.5e-6 0.42 3e-10 2e-4 2e-3 0.3 0.4 0.5 7e+5 5e-13 0 1e-6 1e-6 1e+06 671 8.94875e-11 6.26413e-05 1.42144e-20 8.86221e-07 5.78686e-14 7.80181e-12 8.46988e-23 5.6809 59.3583 7.56641e-12 1.04337e-22
3707 322 1e+6 2e+5 0.075 8.5e-6 0.42 3e-10 2e-4 2e-3 0.3 0.4 0.5 7e+5 5e-13 0 1e-6 1e-6 1e+06 476 8.92582e-11 6.24807e-05 1.11333e-20 8.74341e-07 4.94075e-14 7.76206e-12 8.0471e-23 5.69787 49.1882 7.52279e-12 1.00374e-22
3707 323 1e+6 2e+5 0.075 8.5e-6 0.42 3e-10 2e-4 2e-3 0.3 0.4 0.5 7e+5 5e-13 0 1e-6 1e-6 1e+06 575 8.86479e-11 6.20536e-05 1.62343e-20 8.99081e-07 6.40069e-14 7.81129e-12 9.71365e-23 5.62574 65.2911 7.55427e-12 1.13817e-22
3707 324 1e+6 2e+5 0.075 8.5e-6 0.42 3e-10 2e-4 2e-3 0.3 0.4 0.5 7e+5 5e-13 0 1e-6 1e-6 1e+06 512 8.9756e-11 6.28292e-05 1.24272e-20 8.92378e-07 6.09683e-14 7.83167e-12 8.48397e-23 5.70658 54.591 7.55073e-12 1.05812e-22
3707 325 1e+6 2e+5 0.075 8.5e-6 0.42 3e-10 2e-4 2e-3 0.3 0.4 0.5 7e+5 5e-13 0 1e-6 1e-6 1e+06 483 8.83203e-11 6.18242e-05 1.3758e-20 8.91422e-07 5.98493e-14 7.821e-12 8.80634e-23 5.576 57.2868 7.57126e-12 1.04372e-22
3707 326 1e+6 2e+5 0.075 8.5e-6 0.42 3e-10 2e-4 2e-3 0.3 0.4 0.5 7e+5 5e-13 0 1e-6 1e-6 1e+06 443 8.72852e-11 6.10996e-05 1.3772e-20 9.00562e-07 6.38652e-14 7.84188e-12 8.31918e-23 5.53857 58.1063 7.57322e-12 1.04947e-22
3707 327 1e+6 2e+5 0.075 8.5e-6 0.42 3e-10 2e-4 2e-3 0.3 0.4 0.5 7e+5 5e-13 0 1e-6 1e-6 1e+06 433 9.0005e-11 6.30035e-05 1.33893e-20 8.84514e-07 5.74851e-14 7.77661e-12 8.26254e-23 5.73281 57.4495 7.5181e-12 1.04902e-22
3707 328 1e+6 2e+5 0.075 8.5e-6 0.42 3e-10 2e-4 2e-3 0.3 0.4 0.5 7e+5 5e-13 0 1e-6 1e-6 1e+06 306 8.89811e-11 6.22868e-05 1.33219e-20 8.96111e-07 6.39452e-14 7.78827e-12 8.56866e-23 5.66276 57.2258 7.53485e-12 1.06261e-22
3707 329 1e+6 2e+5 0.075 8.5e-6 0.42 3e-10 2e-4 2e-3 0.3 0.4 0.5 7e+5 5e-13 0 1e-6 1e-6 1e+06 424 8.96999e-11 6.27899e-05 1.25678e-20 8.82846e-07 5.50277e-14 7.73105e-12 8.45124e-23 5.69918 53.0024 7.50952e-12 1.01394e-22
3707 330 1e+6 2e+5 0.075 8.5e-6 0.42 3e-10 2e-4 2e-3 0.3 0.4 0.5 7e+5 5e-13 0 1e-6 1e-6 1e+06 655 8.86382e-11 6.20467e-05 1.4418e-20 8.84624e-07 5.63075e-14 7.78495e-12 9.70346e-23 5.63846 59.8115 7.5305e-12 1.08867e-22
3707 331 1e+6 2e+5 0.075 8.5e-6 0.42 3e-10 2e-4 2e-3 0.3 0.4 0.5 7e+5 5e-13 0 1e-6 1e-6 1e+06 857 8.94369e-11 6.26059e-05 1.34893e-20 8.83352e-07 5.37362e-14 7.76219e-12 8.69016e-23 5.70725 57.2238 7.5081e-12 1.02741e-22
3707 332 1e+6 2e+5 0.075 8.5e-6 0.42 3e-10 2e-4 2e-3 0.3 0.4 0.5 7e+5 5e-13 0 1e-6 1e-6 1e+06 882 8.91753e-11 6.24227e-05 1.51247e-20 9.06185e-07 7.0792e-14 7.82173e-12 8.98746e-23 5.6412 61.5284 7.57059e-12 1.11847e-22
3707 333 1e+6 2e+5 0.075 8.5e-6 0.42 3e-10 2e-4 2e-3 0.3 0.4 0.5 7e+5 5e-13 0 1e-6 1e-6 1e+06 534 8.92194e-11 6.24536e-05 1.17652e-20 8.87777e-07 5.719e-14 7.86969e-12 8.81049e-23 5.61865 50.3234 7.63455e-12 1.06614e-22
3707 334 1e+6 2e+5 0.075 8.5e-6 0.42 3e-10 2e-4 2e-3 0.3 0.4 0.5 7e+5 5e-13 0 1e-6 1e-6 1e+06 575 8.97584e-11 6.28309e-05 1.48121e-20 8.85795e-07 5.68626e-14 7.86953e-12 9.27378e-23 5.66518 61.6928 7.61092e-12 1.07678e-22
3707 335 1e+6 2e+5 0.075 8.5e-6 0.42 3e-10 2e-4 2e-3 0.3 0.4 0.5 7e+5 5e-13 0 1e-6 1e-6 1e+06 341 8.96302e-11 6.27411e-05 1.67105e-20 8.8845e-07 5.91691e-14 7.76265e-12 1.01482e-22 5.68862 66.4379 7.52042e-12 1.14237e-22
3707 336 1e+6 2e+5 0.075 8.5e-6 0.42 3e-10 2e-4 2e-3 0.3 0.4 0.5 7e+5 5e-13 0 1e-6 1e-6 1e+06 613 8.95725e-11 6.27007e-05 1.16128e-20 8.88128e-07 5.89129e-14 7.78741e-12 8.47479e-23 5.7024 50.9269 7.5312e-12 1.0356e-22
3707 337 1e+6 2e+5 0.075 8.5e-6 0.42 3e-10 2e-4 2e-3 0.3 0.4 0.5 7e+5 5e-13 0 1e-6 1e-6 1e+06 742 8.96214e-11 6.2735e-05 1.43943e-20 8.78271e-07 5.20124e-14 7.80302e-12 9.0914e-23 5.69323 60.3963 7.54998e-12 1.04408e-22
3707 338 1e+6 2e+5 0.075 8.5e-6 0.42 3e-10 2e-4 2e-3 0.3 0.4 0.5 7e+5 5e-13 0 1e-6 1e-6 1e+06 588 8.8476e-11 6.19332e-05 1.28763e-20 8.85928e-07 5.85207e-14 7.77256e-12 8.10364e-23 5.63195 55.2503 7.53874e-12 1.02877e-22
3707 339 1e+6 2e+5 0.075 8.5e-6 0.42 3e-10 2e-4 2e-3 0.3 0.4 0.5 7e+5 5e-13 0 1e-6 1e-6 1e+06 904 8.93353e-11 6.25347e-05 1.49801e-20 9.02447e-07 6.80272e-14 7.73675e-12 7.70946e-23 5.71919 62.9156 7.48876e-12 1.03852e-22
3707 340 1e+6 2e+5 0.075 9e-6 0.42 3e-10 2e-4 2e-3 0.3 0.4 0.5 7e+5 5e-13 0 1e-6 1e-6 1e+06 724 9.14018e-11 6.39812e-05 1.71098e-20 9.01047e-07 6.59596e-14 7.78603e-12 9.42235e-23 5.80573 68.3948 7.53778e-12 1.08452e-22
3707 341 1e+6 2e+5 0.075 9e-6 0.42 3e-10 2e-4 2e-3 0.3 0.4 0.5 7e+5 5e-13 0 1e-6 1e-6 1e+06 735 8.94915e-11 6.26441e-05 1.33447e-20 8.96379e-07 6.47759e-14 7.82338e-12 8.11818e-23 5.66671 57.4587 7.57043e-12 1.01378e-22
3707 342 1e+6 2e+5 0.075 9e-6 0.42 3e-10 2e-4 2e-3 0.3 0.4 0.5 7e+5 5e-13 0 1e-6 1e-6 1e+06 542 8.82585e-11 6.1781e-05 1.58528e-20 8.98611e-07 6.41019e-14 7.83206e-12 9.3254e-23 5.57538 62.6515 7.57212e-12 1.08449e-22
3707 343 1e+6 2e+5 0.075 9e-6 0.42 3e-10 2e-4 2e-3 0.3 0.4 0.5 7e+5 5e-13 0 1e-6 1e-6 1e+06 423 8.82583e-11 6.17808e-05 1.3838e-20 8.89853e-07 6.0536e-14 7.79287e-12 8.1012e-23 5.62796 59.9656 7.53876e-12 1.02004e-22
3707 344 1e+6 2e+5 0.075 9e-6 0.42 3e-10 2e-4 2e-3 0.3 0.4 0.5 7e+5 5e-13 0 1e-6 1e-6 1e+06 657 8.96603e-11 6.27622e-05 1.42894e-20 8.93838e-07 6.22947e-14 7.79805e-12 7.7126e-23 5.68465 59.9551 7.55164e-12 1.01205e-22
3707 345 1e+6 2e+5 0.075 9e-6 0.42 3e-10 2e-4 2e-3 0.3 0.4 0.5 7e+5 5e-13 0 1e-6 1e-6 1e+06 628 8.75154e-11 6.12608e-05 1.24652e-20 8.89226e-07 5.66285e-14 7.76152e-12 8.153e-23 5.58098 54.1505 7.51508e-12 9.9754e-23
3707 346 1e+6 2e+5 0.075 9e-6 0.42 3e-10 2e-4 2e-3 0.3 0.4 0.5 7e+5 5e-13 0 1e-6 1e-6 1e+06 720 8.90133e-11 6.23093e-05 1.31465e-20 8.94161e-07 5.98495e-14 7.84104e-12 8.47396e-23 5.62527 56.0068 7.59283e-12 1.02047e-22
3707 347 1e+6 2e+5 0.075 9e-6 0.42 3e-10 2e-4 2e-3 0.3 0.4 0.5 7e+5 5e-13 0 1e-6 1e-6 1e+06 581 8.90974e-11 6.23682e-05 1.49656e-20 8.95024e-07 6.26303e-14 7.81819e-12 8.75368e-23 5.6517 62.554 7.5633e-12 1.0194e-22
3707 348 1e+6 2e+5 0.075 9e-6 0.42 3e-10 2e-4 2e-3 0.3 0.4 0.5 7e+5 5e-13 0 1e-6 1e-6 1e+06 457 8.79158e-11 6.15411e-05 1.29156e-20 8.87418e-07 5.68789e-14 7.78114e-12 8.04645e-23 5.58881 54.805 7.53699e-12 9.74001e-23
3707 349 1e+6 2e+5 0.075 9e-6 0.42 3e-10 2e-4 2e-3 0.3 0.4 0.5 7e+5 5e-13 0 1e-6 1e-6 1e+06 361 8.70492e-11 6.09344e-05 1.38019e-20 8.89234e-07 5.63967e-14 7.76864e-12 7.5639e-23 5.5303 56.8528 7.54338e-12 1.01274e-22
3707 350 1e+6 2e+5 0.075 9e-6 0.42 3e-10 2e-4 2e-3 0.3 0.4 0.5 7e+5 5e-13 0 1e-6 1e-6 1e+06 1022 8.65209e-11 6.05646e-05 1.40071e-20 8.94118e-07 6.23793e-14 7.83822e-12 8.05414e-23 5.46272 58.033 7.58122e-12 1.00734e-22
3707 351 1e+6 2e+5 0.075 9e-6 0.42 3e-10 2e-4 2e-3 0.3 0.4 0.5 7e+5 5e-13 0 1e-6 1e-6 1e+06 217 8.82895e-11 6.18026e-05 1.30029e-20 8.94068e-07 6.06054e-14 7.74717e-12 7.25871e-23 5.6375 55.6946 7.49928e-12 9.90298e-23
3707 352 1e+6 2e+5 0.075 9e-6 0.42 3e-10 2e-4 2e-3 0.3 0.4 0.5 7e+5 5e-13 0 1e-6 1e-6 1e+06 1045 9.09918e-11 6.36943e-05 1.43425e-20 8.89413e-07 6.10979e-14 7.84105e-12 8.13754e-23 5.73413 59.3538 7.61849e-12 1.02093e-22
3707 353 1e+6 2e+5 0.075 9e-6 0.42 3e-10 2e-4 2e-3 0.3 0.4 0.5 7e+5 5e-13 0 1e-6 1e-6 1e+06 295 8.7912e-11 6.15384e-05 1.36596e-20 8.94611e-07 6.16914e-14 7.77075e-12 8.40901e-23 5.60087 57.4828 7.51031e-12 1.03041e-22
3707 354 1e+6 2e+5 0.075 9e-6 0.42 3e-10 2e-4 2e-3 0.3 0.4 0.5 7e+5 5e-13 0 1e-6 1e-6 1e+06 692 8.99103e-11 6.29372e-05 1.7107e-20 8.98871e-07 6.72128e-14 7.82118e-12 8.69997e-23 5.68736 68.0326 7.56867e-12 1.05099e-22
3707 355 1e+6 2e+5 0.075 9e-6 0.42 3e-10 2e-4 2e-3 0.3 0.4 0.5 7e+5 5e-13 0 1e-6 1e-6 1e+06 721 8.92963e-11 6.25074e-05 1.46289e-20 8.98814e-07 6.70437e-14 7.796e-12 8.00395e-23 5.66824 61.5225 7.55784e-12 1.05143e-22
3707 356 1e+6 2e+5 0.075 9e-6 0.42 3e-10 2e-4 2e-3 0.3 0.4 0.5 7e+5 5e-13 0 1e-6 1e-6 1e+06 563 9.00532e-11 6.30373e-05 1.59993e-20 8.96441e-07 6.42682e-14 7.79947e-12 8.95214e-23 5.70701 65.9537 7.54136e-12 1.04879e-22
3707 357 1e+6 2e+5 0.075 9e-6 0.42 3e-10 2e-4 2e-3 0.3 0.4 0.5 7e+5 5e-13 0 1e-6 1e-6 1e+06 462 8.82123e-11 6.17486e-05 1.23561e-20 8.99851e-07 6.56779e-14 7.81457e-12 7.62032e-23 5.5943 53.8145 7.56696e-12 1.00142e-22
3707 358 1e+6 2e+5 0.075 9e-6 0.42 3e-10 2e-4 2e-3 0.3 0.4 0.5 7e+5 5e-13 0 1e-6 1e-6 1e+06 604 8.9602e-11 6.27214e-05 1.4027e-20 8.98243e-07 6.57647e-14 7.80022e-12 8.21103e-23 5.69047 58.6191 7.55802e-12 1.02584e-22
3707 359 1e+6 2e+5 0.075 9e-6 0.42 3e-10 2e-4 2e-3 0.3 0.4 0.5 7e+5 5e-13 0 1e-6 1e-6 1e+06 705 8.92809e-11 6.24966e-05 1.36249e-20 8.94979e-07 6.27345e-14 7.81115e-12 8.27763e-23 5.66583 57.7836 7.55245e-12 1.01571e-22
3707 360 1e+6 2e+5 0.075 9.5e-6 0.42 3e-10 2e-4 2e-3 0.3 0.4 0.5 7e+5 5e-13 0 1e-6 1e-6 1e+06 497 8.67617e-11 6.07332e-05 1.18664e-20 8.87283e-07 5.52728e-14 7.74687e-12 7.84872e-23 5.5461 51.5148 7.50473e-12 9.58284e-23
3707 361 1e+6 2e+5 0.075 9.5e-6 0.42 3e-10 2e-4 2e-3 0.3 0.4 0.5 7e+5 5e-13 0 1e-6 1e-6 1e+06 1044 9.10352e-11 6.37246e-05 1.58084e-20 8.96412e-07 6.11213e-14 7.86016e-12 9.35004e-23 5.71227 63.5006 7.62603e-12 1.04005e-22
3707 362 1e+6 2e+5 0.075 9.5e-6 0.42 3e-10 2e-4 2e-3 0.3 0.4 0.5 7e+5 5e-13 0 1e-6 1e-6 1e+06 559 8.83379e-11 6.18365e-05 1.65957e-20 9.01053e-07 6.26802e-14 7.8282e-12 8.96191e-23 5.59839 68.0174 7.5531e-12 1.0349e-22
3707 363 1e+6 2e+5 0.075 9.5e-6 0.42 3e-10 2e-4 2e-3 0.3 0.4 0.5 7e+5 5e-13 0 1e-6 1e-6 1e+06 395 9.02204e-11 6.31543e-05 1.49045e-20 8.96685e-07 6.3293e-14 7.77965e-12 8.44336e-23 5.72677 62.3504 7.53894e-12 1.02894e-22
3707 364 1e+6 2e+5 0.075 9.5e-6 0.42 3e-10 2e-4 2e-3 0.3 0.4 0.5 7e+5 5e-13 0 1e-6 1e-6 1e+06 473 9.0424e-11 6.32968e-05 1.7584e-20 8.94461e-07 6.29761e-14 7.85319e-12 8.81351e-23 5.69329 68.6249 7.57839e-12 1.0336e-22
3707 365 1e+6 2e+5 0.075 9.5e-6 0.42 3e-10 2e-4 2e-3 0.3 0.4 0.5 7e+5 5e-13 0 1e-6 1e-6 1e+06 902 9.06184e-11 6.34328e-05 1.66689e-20 8.99276e-07 6.32917e-14 7.82025e-12 8.85922e-23 5.72262 67.7018 7.57208e-12 1.03979e-22
3707 366 1e+6 2e+5 0.075 9.5e-6 0.42 3e-10 2e-4 2e-3 0.3 0.4 0.5 7e+5 5e-13 0 1e-6 1e-6 1e+06 477 8.93608e-11 6.25525e-05 1.31795e-20 8.93029e-07 5.99626e-14 7.7837e-12 8.18315e-23 5.6786 57.2956 7.547e-12 9.91899e-23
3707 367 1e+6 2e+5 0.075 9.5e-6 0.42 3e-10 2e-4 2e-3 0.3 0.4 0.5 7e+5 5e-13 0 1e-6 1e-6 1e+06 302 8.79594e-11 6.15716e-05 1.46317e-20 8.96083e-07 6.33469e-14 7.71875e-12 8.22335e-23 5.62972 61.0368 7.47945e-12 9.90046e-23
3707 368 1e+6 2e+5 0.075 9.5e-6 0.42 3e-10 2e-4 2e-3 0.3 0.4 0.5 7e+5 5e-13 0 1e-6 1e-6 1e+06 564 8.98191e-11 6.28734e-05 1.28196e-20 8.83731e-07 5.7068e-14 7.84394e-12 8.28005e-23 5.65938 53.6488 7.61357e-12 9.84418e-23
3707 369 1e+6 2e+5 0.075 9.5e-6 0.42 3e-10 2e-4 2e-3 0.3 0.4 0.5 7e+5 5e-13 0 1e-6 1e-6 1e+06 698 8.95238e-11 6.26666e-05 1.42589e-20 9.03713e-07 6.66042e-14 7.84749e-12 8.19922e-23 5.65105 58.9673 7.59081e-12 1.00358e-22
3707 370 1e+6 2e+5 0.075 9.5e-6 0.42 3e-10 2e-4 2e-3 0.3 0.4 0.5 7e+5 5e-13 0 1e-6 1e-6 1e+06 338 8.80003e-11 6.16002e-05 1.47948e-20 8.95464e-07 6.08457e-14 7.7495e-12 7.70775e-23 5.62127 62.2851 7.51184e-12 1.00089e-22
3707 371 1e+6 2e+5 0.075 9.5e-6 0.42 3e-10 2e-4 2e-3 0.3 0.4 0.5 7e+5 5e-13 0 1e-6 1e-6 1e+06 401 8.80086e-11 6.1606e-05 1.44101e-20 8.99842e-07 6.6794e-14 7.7671e-12 7.95505e-23 5.60146 60.3742 7.52623e-12 1.03059e-22
3707 372 1e+6 2e+5 0.075 9.5e-6 0.42 3e-10 2e-4 2e-3 0.3 0.4 0.5 7e+5 5e-13 0 1e-6 1e-6 1e+06 349 8.95862e-11 6.27103e-05 1.46486e-20 8.93531e-07 6.11711e-14 7.67989e-12 7.63729e-23 5.75504 62.7641 7.43993e-12 9.64797e-23
3707 373 1e+6 2e+5 0.075 9.5e-6 0.42 3e-10 2e-4 2e-3 0.3 0.4 0.5 7e+5 5e-13 0 1e-6 1e-6 1e+06 695 9.03874e-11 6.32712e-05 1.43932e-20 8.99103e-07 6.50494e-14 7.78872e-12 7.58698e-23 5.7343 60.3109 7.56356e-12 9.93972e-23
3707 374 1e+6 2e+5 0.075 9.5e-6 0.42 3e-10 2e-4 2e-3 0.3 0.4 0.5 7e+5 5e-13 0 1e-6 1e-6 1e+06 247 9.05156e-11 6.33609e-05 1.61307e-20 8.97944e-07 6.40841e-14 7.79946e-12 8.53554e-23 5.74758 66.2737 7.54831e-12 1.01961e-22
3707 375 1e+6 2e+5 0.075 9.5e-6 0.42 3e-10 2e-4 2e-3 0.3 0.4 0.5 7e+5 5e-13 0 1e-6 1e-6 1e+06 217 8.92911e-11 6.25037e-05 1.39722e-20 8.91184e-07 5.91783e-14 7.76434e-12 8.56804e-23 5.6615 58.0407 7.52456e-12 1.00266e-22
3707 376 1e+6 2e+5 0.075 9.5e-6 0.42 3e-10 2e-4 2e-3 0.3 0.4 0.5 7e+5 5e-13 0 1e-6 1e-6 1e+06 235 9.11735e-11 6.38215e-05 1.58269e-20 8.9097e-07 5.9783e-14 7.77952e-12 9.96337e-23 5.77439 62.7523 7.53394e-12 1.06406e-22
3707 377 1e+6 2e+5 0.075 9.5e-6 0.42 3e-10 2e-4 2e-3 0.3 0.4 0.5 7e+5 5e-13 0 1e-6 1e-6 1e+06 481 8.72456e-11 6.10719e-05 1.31093e-20 9.01047e-07 6.52026e-14 7.76384e-12 7.58228e-23 5.56579 56.7702 7.50521e-12 9.69962e-23
3707 378 1e+6 2e+5 0.075 9.5e-6 0.42 3e-10 2e-4 2e-3 0.3 0.4 0.5 7e+5 5e-13 0 1e-6 1e-6 1e+06 895 9.04685e-11 6.33279e-05 1.38703e-20 8.98445e-07 6.39862e-14 7.86688e-12 7.8861e-23 5.71784 59.9381 7.59425e-12 9.99261e-23
3707 379 1e+6 2e+5 0.075 9.5e-6 0.42 3e-10 2e-4 2e-3 0.3 0.4 0.5 7e+5 5e-13 0 1e-6 1e-6 1e+06 766 8.91766e-11 6.24236e-05 1.37367e-20 9.02047e-07 6.4877e-14 7.81048e-12 7.8158e-23 5.65651 58.1174 7.55909e-12 1.00407e-22
3707 380 1e+6 2e+5 0.075 1e-5 0.42 3e-10 2e-4 2e-3 0.3 0.4 0.5 7e+5 5e-13 0 1e-6 1e-6 1e+06 399 8.70688e-11 6.09482e-05 1.37193e-20 8.95887e-07 6.18348e-14 7.70969e-12 6.91002e-23 5.58393 58.6538 7.49388e-12 9.32996e-23
3707 381 1e+6 2e+5 0.075 1e-5 0.42 3e-10 2e-4 2e-3 0.3 0.4 0.5 7e+5 5e-13 0 1e-6 1e-6 1e+06 406 8.96738e-11 6.27717e-05 1.21867e-20 8.92166e-07 6.18516e-14 7.73688e-12 7.3458e-23 5.70206 51.82 7.51303e-12 9.16638e-23
3707 382 1e+6 2e+5 0.075 1e-5 0.42 3e-10 2e-4 2e-3 0.3 0.4 0.5 7e+5 5e-13 0 1e-6 1e-6 1e+06 509 8.6846e-11 6.07922e-05 1.29082e-20 8.93031e-07 6.3199e-14 7.64214e-12 7.42044e-23 5.60529 55.9445 7.42637e-12 9.30642e-23
3707 383 1e+6 2e+5 0.075 1e-5 0.42 3e-10 2e-4 2e-3 0.3 0.4 0.5 7e+5 5e-13 0 1e-6 1e-6 1e+06 424 9.00424e-11 6.30297e-05 1.28531e-20 8.90576e-07 5.97721e-14 7.77895e-12 7.59957e-23 5.72744 55.569 7.5508e-12 9.53972e-23
3707 384 1e+6 2e+5 0.075 1e-5 0.42 3e-10 2e-4 2e-3 0.3 0.4 0.5 7e+5 5e-13 0 1e-6 1e-6 1e+06 382 8.89285e-11 6.22499e-05 1.2833e-20 8.86526e-07 5.6257e-14 7.72383e-12 7.80088e-23 5.67557 55.0304 7.50031e-12 9.44718e-23
3707 385 1e+6 2e+5 0.075 1e-5 0.42 3e-10 2e-4 2e-3 0.3 0.4 0.5 7e+5 5e-13 0 1e-6 1e-6 1e+06 294 8.84121e-11 6.18885e-05 1.25754e-20 9.00017e-07 6.5369e-14 7.71097e-12 7.58448e-23 5.65581 54.3336 7.47175e-12 9.49398e-23
3707 386 1e+6 2e+5 0.075 1e-5 0.42 3e-10 2e-4 2e-3 0.3 0.4 0.5 7e+5 5e-13 0 1e-6 1e-6 1e+06 660 8.85664e-11 6.19965e-05 1.46485e-20 9.01871e-07 6.74057e-14 7.81723e-12 7.98628e-23 5.59915 61.0986 7.57535e-12 1.01745e-22
3707 387 1e+6 2e+5 0.075 1e-5 0.42 3e-10 2e-4 2e-3 0.3 0.4 0.5 7e+5 5e-13 0 1e-6 1e-6 1e+06 787 8.95238e-11 6.26667e-05 1.37633e-20 9.13132e-07 7.62369e-14 7.75759e-12 7.71949e-23 5.69956 59.405 7.51892e-12 9.5089e-23
3707 388 1e+6 2e+5 0.075 1e-5 0.42 3e-10 2e-4 2e-3 0.3 0.4 0.5 7e+5 5e-13 0 1e-6 1e-6 1e+06 333 8.8865e-11 6.22055e-05 1.23514e-20 8.86378e-07 5.72852e-14 7.77149e-12 7.87943e-23 5.64188 52.515 7.55141e-12 9.24885e-23
3707 389 1e+6 2e+5 0.075 1e-5 0.42 3e-10 2e-4 2e-3 0.3 0.4 0.5 7e+5 5e-13 0 1e-6 1e-6 1e+06 519 9.11061e-11 6.37742e-05 1.48967e-20 8.96306e-07 6.47022e-14 7.74255e-12 7.91425e-23 5.82679 62.8416 7.50224e-12 9.76993e-23
3707 390 1e+6 2e+5 0.075 1e-5 0.42 3e-10 2e-4 2e-3 0.3 0.4 0.5 7e+5 5e-13 0 1e-6 1e-6 1e+06 533 8.83992e-11 6.18795e-05 1.25058e-20 8.93871e-07 6.22959e-14 7.79337e-12 7.93381e-23 5.61825 54.5866 7.54572e-12 9.83559e-23
3707 391 1e+6 2e+5 0.075 1e-5 0.42 3e-10 2e-4 2e-3 0.3 0.4 0.5 7e+5 5e-13 0 1e-6 1e-6 1e+06 285 8.96857e-11 6.278e-05 1.27839e-20 8.99491e-07 6.67337e-14 7.79182e-12 7.27358e-23 5.69784 55.7422 7.54616e-12 9.38398e-23
3707 392 1e+6 2e+5 0.075 1e-5 0.42 3e-10 2e-4 2e-3 0.3 0.4 0.5 7e+5 5e-13 0 1e-6 1e-6 1e+06 672 8.80548e-11 6.16384e-05 1.47809e-20 9.10565e-07 6.99351e-14 7.77795e-12 8.26914e-23 5.59419 60.9936 7.52752e-12 9.89768e-23
3707 393 1e+6 2e+5 0.075 1e-5 0.42 3e-10 2e-4 2e-3 0.3 0.4 0.5 7e+5 5e-13 0 1e-6 1e-6 1e+06 541 8.95626e-11 6.26938e-05 1.76913e-20 9.0814e-07 7.04184e-14 7.84865e-12 8.81777e-23 5.64213 70.0329 7.59414e-12 1.04669e-22
3707 394 1e+6 2e+5 0.075 1e-5 0.42 3e-10 2e-4 2e-3 0.3 0.4 0.5 7e+5 5e-13 0 1e-6 1e-6 1e+06 362 8.89372e-11 6.2256e-05 1.56459e-20 8.99985e-07 6.3606e-14 7.78952e-12 7.72555e-23 5.65145 63.4937 7.53889e-12 9.59158e-23
3707 395 1e+6 2e+5 0.075 1e-5 0.42 3e-10 2e-4 2e-3 0.3 0.4 0.5 7e+5 5e-13 0 1e-6 1e-6 1e+06 514 8.90857e-11 6.236e-05 1.23686e-20 8.93235e-07 6.30441e-14 7.72048e-12 6.91101e-23 5.70271 54.0175 7.48162e-12 9.08782e-23
3707 396 1e+6 2e+5 0.075 1e-5 0.42 3e-10 2e-4 2e-3 0.3 0.4 0.5 7e+5 5e-13 0 1e-6 1e-6 1e+06 513 9.07549e-11 6.35285e-05 1.34143e-20 8.99798e-07 6.8421e-14 7.7355e-12 8.50041e-23 5.78257 56.4343 7.51335e-12 9.9691e-23
3707 397 1e+6 2e+5 0.075 1e-5 0.42 3e-10 2e-4 2e-3 0.3 0.4 0.5 7e+5 5e-13 0 1e-6 1e-6 1e+06 723 8.84169e-11 6.18919e-05 1.48295e-20 9.01186e-07 6.4826e-14 7.80073e-12 9.54083e-23 5.59636 61.5802 7.56176e-12 1.07593e-22
3707 398 1e+6 2e+5 0.075 1e-5 0.42 3e-10 2e-4 2e-3 0.3 0.4 0.5 7e+5 5e-13 0 1e-6 1e-6 1e+06 450 8.90583e-11 6.23408e-05 1.45968e-20 9.14884e-07 7.59561e-14 7.84288e-12 7.71854e-23 5.61639 60.4854 7.59957e-12 9.88028e-23
3707 399 1e+6 2e+5 0.075 1e-5 0.42 3e-10 2e-4 2e-3 0.3 0.4 0.5 7e+5 5e-13 0 1e-6 1e-6 1e+06 996 8.9993e-11 6.29951e-05 1.39565e-20 8.99423e-07 6.54782e-14 7.82855e-12 8.85137e-23 5.66639 56.611 7.61415e-12 1.03571e-22
