3708 0 1e+6 2e+5 0.075 5e-7 0.42 3e-10 2e-4 2e-3 0.3 0.4 0.5 7e+5 5e-13 0 1e-6 1e-6 1e+06 557 9.06154e-11 6.34308e-05 8.34106e-21 8.10104e-07 9.72189e-15 8.23743e-12 4.61624e-22 5.88855 36.179 7.44657e-12 3.24096e-22
3708 1 1e+6 2e+5 0.075 5e-7 0.42 3e-10 2e-4 2e-3 0.3 0.4 0.5 7e+5 5e-13 0 1e-6 1e-6 1e+06 628 9.10373e-11 6.37261e-05 8.92991e-21 8.10945e-07 1.01257e-14 8.289e-12 4.68312e-22 5.87515 37.7761 7.50143e-12 3.28719e-22
3708 2 1e+6 2e+5 0.075 5e-7 0.42 3e-10 2e-4 2e-3 0.3 0.4 0.5 7e+5 5e-13 0 1e-6 1e-6 1e+06 671 9.05917e-11 6.34142e-05 8.57806e-21 8.10863e-07 9.92701e-15 8.32906e-12 4.78936e-22 5.83847 36.4234 7.50931e-12 3.30141e-22
3708 3 1e+6 2e+5 0.075 5e-7 0.42 3e-10 2e-4 2e-3 0.3 0.4 0.5 7e+5 5e-13 0 1e-6 1e-6 1e+06 523 9.0326e-11 6.32282e-05 8.25072e-21 8.09481e-07 9.53389e-15 8.25279e-12 4.48259e-22 5.85744 35.8079 7.46101e-12 3.21189e-22
3708 4 1e+6 2e+5 0.075 5e-7 0.42 3e-10 2e-4 2e-3 0.3 0.4 0.5 7e+5 5e-13 0 1e-6 1e-6 1e+06 656 9.06338e-11 6.34437e-05 8.64967e-21 8.11075e-07 1.02492e-14 8.25067e-12 4.77861e-22 5.8919 36.8929 7.43954e-12 3.28655e-22
3708 5 1e+6 2e+5 0.075 5e-7 0.42 3e-10 2e-4 2e-3 0.3 0.4 0.5 7e+5 5e-13 0 1e-6 1e-6 1e+06 418 9.11061e-11 6.37743e-05 9.13571e-21 8.10032e-07 1.01718e-14 8.30491e-12 5.3668e-22 5.88239 37.2196 7.49693e-12 3.37902e-22
3708 6 1e+6 2e+5 0.075 5e-7 0.42 3e-10 2e-4 2e-3 0.3 0.4 0.5 7e+5 5e-13 0 1e-6 1e-6 1e+06 577 9.04614e-11 6.3323e-05 8.64051e-21 8.10907e-07 1.01102e-14 8.33155e-12 4.12634e-22 5.84235 37.5124 7.49096e-12 3.18152e-22
3708 7 1e+6 2e+5 0.075 5e-7 0.42 3e-10 2e-4 2e-3 0.3 0.4 0.5 7e+5 5e-13 0 1e-6 1e-6 1e+06 469 9.04281e-11 6.32997e-05 8.65413e-21 8.10382e-07 1.01716e-14 8.21258e-12 4.27316e-22 5.90778 37.849 7.40084e-12 3.18175e-22
3708 8 1e+6 2e+5 0.075 5e-7 0.42 3e-10 2e-4 2e-3 0.3 0.4 0.5 7e+5 5e-13 0 1e-6 1e-6 1e+06 604 9.0614e-11 6.34298e-05 8.38978e-21 8.10236e-07 9.63386e-15 8.27559e-12 4.52671e-22 5.8697 36.0651 7.46964e-12 3.24296e-22
3708 9 1e+6 2e+5 0.075 5e-7 0.42 3e-10 2e-4 2e-3 0.3 0.4 0.5 7e+5 5e-13 0 1e-6 1e-6 1e+06 592 9.02233e-11 6.31563e-05 8.15997e-21 8.10223e-07 9.6182e-15 8.30471e-12 4.38294e-22 5.84026 35.4052 7.47753e-12 3.2257e-22
3708 10 1e+6 2e+5 0.075 5e-7 0.42 3e-10 2e-4 2e-3 0.3 0.4 0.5 7e+5 5e-13 0 1e-6 1e-6 1e+06 641 9.0579e-11 6.34053e-05 8.00851e-21 8.0991e-07 9.4315e-15 8.27924e-12 4.65139e-22 5.85375 34.5383 7.48301e-12 3.25041e-22
3708 11 1e+6 2e+5 0.075 5e-7 0.42 3e-10 2e-4 2e-3 0.3 0.4 0.5 7e+5 5e-13 0 1e-6 1e-6 1e+06 553 9.09158e-11 6.36411e-05 9.05519e-21 8.11248e-07 1.01581e-14 8.27211e-12 4.2546e-22 5.88491 37.7461 7.47624e-12 3.18582e-22
3708 12 1e+6 2e+5 0.075 5e-7 0.42 3e-10 2e-4 2e-3 0.3 0.4 0.5 7e+5 5e-13 0 1e-6 1e-6 1e+06 493 9.08346e-11 6.35842e-05 9.04966e-21 8.10911e-07 1.02117e-14 8.31033e-12 4.44255e-22 5.86783 38.6583 7.48724e-12 3.23102e-22
3708 13 1e+6 2e+5 0.075 5e-7 0.42 3e-10 2e-4 2e-3 0.3 0.4 0.5 7e+5 5e-13 0 1e-6 1e-6 1e+06 646 9.08715e-11 6.361e-05 8.52611e-21 8.10688e-07 9.94888e-15 8.28043e-12 4.49096e-22 5.90087 37.3107 7.4498e-12 3.22127e-22
3708 14 1e+6 2e+5 0.075 5e-7 0.42 3e-10 2e-4 2e-3 0.3 0.4 0.5 7e+5 5e-13 0 1e-6 1e-6 1e+06 505 9.09554e-11 6.36688e-05 8.76541e-21 8.10474e-07 1.01321e-14 8.27137e-12 4.0371e-22 5.89615 37.4373 7.46052e-12 3.16949e-22
3708 15 1e+6 2e+5 0.075 5e-7 0.42 3e-10 2e-4 2e-3 0.3 0.4 0.5 7e+5 5e-13 0 1e-6 1e-6 1e+06 490 9.17822e-11 6.42475e-05 8.37086e-21 8.0874e-07 9.23715e-15 8.31063e-12 4.67659e-22 5.9187 35.8821 7.49564e-12 3.25625e-22
3708 16 1e+6 2e+5 0.075 5e-7 0.42 3e-10 2e-4 2e-3 0.3 0.4 0.5 7e+5 5e-13 0 1e-6 1e-6 1e+06 474 9.06154e-11 6.34307e-05 8.84167e-21 8.09991e-07 9.8912e-15 8.31556e-12 4.86804e-22 5.85561 37.6429 7.47963e-12 3.30472e-22
3708 17 1e+6 2e+5 0.075 5e-7 0.42 3e-10 2e-4 2e-3 0.3 0.4 0.5 7e+5 5e-13 0 1e-6 1e-6 1e+06 474 9.09572e-11 6.367e-05 8.82409e-21 8.10708e-07 1.01533e-14 8.35522e-12 5.05588e-22 5.86315 37.9548 7.50555e-12 3.36247e-22
3708 18 1e+6 2e+5 0.075 5e-7 0.42 3e-10 2e-4 2e-3 0.3 0.4 0.5 7e+5 5e-13 0 1e-6 1e-6 1e+06 612 9.09349e-11 6.36544e-05 8.26395e-21 8.08926e-07 9.32361e-15 8.30275e-12 5.0358e-22 5.86546 35.0859 7.49898e-12 3.34827e-22
3708 19 1e+6 2e+5 0.075 5e-7 0.42 3e-10 2e-4 2e-3 0.3 0.4 0.5 7e+5 5e-13 0 1e-6 1e-6 1e+06 476 9.11799e-11 6.3826e-05 8.18406e-21 8.09485e-07 9.5084e-15 8.26316e-12 5.08257e-22 5.90373 35.2172 7.47164e-12 3.35147e-22
3708 20 1e+6 2e+5 0.075 1e-6 0.42 3e-10 2e-4 2e-3 0.3 0.4 0.5 7e+5 5e-13 0 1e-6 1e-6 1e+06 795 9.09014e-11 6.3631e-05 1.04434e-20 8.19876e-07 1.57815e-14 8.07656e-12 3.00733e-22 5.87082 43.8361 7.48067e-12 2.64443e-22
3708 21 1e+6 2e+5 0.075 1e-6 0.42 3e-10 2e-4 2e-3 0.3 0.4 0.5 7e+5 5e-13 0 1e-6 1e-6 1e+06 567 9.08478e-11 6.35934e-05 1.01741e-20 8.18896e-07 1.49786e-14 8.14011e-12 3.25775e-22 5.83101 43.6132 7.52026e-12 2.70115e-22
3708 22 1e+6 2e+5 0.075 1e-6 0.42 3e-10 2e-4 2e-3 0.3 0.4 0.5 7e+5 5e-13 0 1e-6 1e-6 1e+06 452 8.94994e-11 6.26496e-05 1.10403e-20 8.2141e-07 1.62855e-14 8.07778e-12 3.09165e-22 5.77635 46.311 7.47903e-12 2.68191e-22
3708 23 1e+6 2e+5 0.075 1e-6 0.42 3e-10 2e-4 2e-3 0.3 0.4 0.5 7e+5 5e-13 0 1e-6 1e-6 1e+06 533 9.06232e-11 6.34362e-05 1.01739e-20 8.18637e-07 1.51465e-14 8.09753e-12 3.09403e-22 5.8356 42.9835 7.49577e-12 2.67051e-22
3708 24 1e+6 2e+5 0.075 1e-6 0.42 3e-10 2e-4 2e-3 0.3 0.4 0.5 7e+5 5e-13 0 1e-6 1e-6 1e+06 440 9.03752e-11 6.32626e-05 9.93573e-21 8.19147e-07 1.59128e-14 8.03118e-12 3.12328e-22 5.85655 42.3384 7.44654e-12 2.65315e-22
3708 25 1e+6 2e+5 0.075 1e-6 0.42 3e-10 2e-4 2e-3 0.3 0.4 0.5 7e+5 5e-13 0 1e-6 1e-6 1e+06 442 9.0504e-11 6.33528e-05 1.17496e-20 8.21689e-07 1.6886e-14 8.12671e-12 3.12235e-22 5.81254 48.0258 7.5194e-12 2.69837e-22
3708 26 1e+6 2e+5 0.075 1e-6 0.42 3e-10 2e-4 2e-3 0.3 0.4 0.5 7e+5 5e-13 0 1e-6 1e-6 1e+06 535 9.06832e-11 6.34782e-05 1.12436e-20 8.20822e-07 1.69295e-14 8.12181e-12 3.64745e-22 5.81331 45.9284 7.52767e-12 2.81102e-22
3708 27 1e+6 2e+5 0.075 1e-6 0.42 3e-10 2e-4 2e-3 0.3 0.4 0.5 7e+5 5e-13 0 1e-6 1e-6 1e+06 423 9.09603e-11 6.36722e-05 1.11459e-20 8.20443e-07 1.70818e-14 8.07891e-12 3.53547e-22 5.87777 46.5685 7.46586e-12 2.76318e-22
3708 28 1e+6 2e+5 0.075 1e-6 0.42 3e-10 2e-4 2e-3 0.3 0.4 0.5 7e+5 5e-13 0 1e-6 1e-6 1e+06 566 9.06316e-11 6.34421e-05 1.08487e-20 8.19629e-07 1.56422e-14 8.11036e-12 3.59312e-22 5.81689 45.0454 7.51672e-12 2.75659e-22
3708 29 1e+6 2e+5 0.075 1e-6 0.42 3e-10 2e-4 2e-3 0.3 0.4 0.5 7e+5 5e-13 0 1e-6 1e-6 1e+06 479 8.98142e-11 6.28699e-05 1.02704e-20 8.19896e-07 1.54306e-14 8.16086e-12 3.70384e-22 5.73786 42.4419 7.56093e-12 2.79131e-22
3708 30 1e+6 2e+5 0.075 1e-6 0.42 3e-10 2e-4 2e-3 0.3 0.4 0.5 7e+5 5e-13 0 1e-6 1e-6 1e+06 611 9.03466e-11 6.32426e-05 1.08707e-20 8.21973e-07 1.65455e-14 8.11612e-12 2.93466e-22 5.82113 45.9385 7.49834e-12 2.63013e-22
3708 31 1e+6 2e+5 0.075 1e-6 0.42 3e-10 2e-4 2e-3 0.3 0.4 0.5 7e+5 5e-13 0 1e-6 1e-6 1e+06 490 8.96223e-11 6.27356e-05 9.91607e-21 8.21703e-07 1.55946e-14 8.14888e-12 3.2116e-22 5.74612 42.4468 7.53774e-12 2.71005e-22
3708 32 1e+6 2e+5 0.075 1e-6 0.42 3e-10 2e-4 2e-3 0.3 0.4 0.5 7e+5 5e-13 0 1e-6 1e-6 1e+06 395 8.98068e-11 6.28648e-05 1.01412e-20 8.18652e-07 1.54133e-14 8.06762e-12 3.06007e-22 5.81371 43.3857 7.45777e-12 2.66043e-22
3708 33 1e+6 2e+5 0.075 1e-6 0.42 3e-10 2e-4 2e-3 0.3 0.4 0.5 7e+5 5e-13 0 1e-6 1e-6 1e+06 662 9.02679e-11 6.31875e-05 1.02137e-20 8.21281e-07 1.62575e-14 8.04486e-12 2.82342e-22 5.84174 43.168 7.45612e-12 2.59555e-22
3708 34 1e+6 2e+5 0.075 1e-6 0.42 3e-10 2e-4 2e-3 0.3 0.4 0.5 7e+5 5e-13 0 1e-6 1e-6 1e+06 391 9.02124e-11 6.31487e-05 1.05549e-20 8.21165e-07 1.67847e-14 8.07956e-12 3.24306e-22 5.82334 43.8252 7.47538e-12 2.67224e-22
3708 35 1e+6 2e+5 0.075 1e-6 0.42 3e-10 2e-4 2e-3 0.3 0.4 0.5 7e+5 5e-13 0 1e-6 1e-6 1e+06 519 9.05303e-11 6.33712e-05 1.09715e-20 8.19679e-07 1.60384e-14 8.0762e-12 3.16008e-22 5.82131 44.8221 7.50576e-12 2.68795e-22
3708 36 1e+6 2e+5 0.075 1e-6 0.42 3e-10 2e-4 2e-3 0.3 0.4 0.5 7e+5 5e-13 0 1e-6 1e-6 1e+06 619 9.0207e-11 6.31449e-05 1.06763e-20 8.20002e-07 1.57673e-14 8.13641e-12 3.28463e-22 5.79555 44.9984 7.51853e-12 2.72792e-22
3708 37 1e+6 2e+5 0.075 1e-6 0.42 3e-10 2e-4 2e-3 0.3 0.4 0.5 7e+5 5e-13 0 1e-6 1e-6 1e+06 641 8.98958e-11 6.29271e-05 9.53556e-21 8.1899e-07 1.49491e-14 8.06312e-12 3.22958e-22 5.8087 40.7389 7.47312e-12 2.66606e-22
3708 38 1e+6 2e+5 0.075 1e-6 0.42 3e-10 2e-4 2e-3 0.3 0.4 0.5 7e+5 5e-13 0 1e-6 1e-6 1e+06 392 9.12403e-11 6.38682e-05 1.12373e-20 8.2038e-07 1.66004e-14 8.10442e-12 3.36862e-22 5.85406 46.6528 7.51056e-12 2.73697e-22
3708 39 1e+6 2e+5 0.075 1e-6 0.42 3e-10 2e-4 2e-3 0.3 0.4 0.5 7e+5 5e-13 0 1e-6 1e-6 1e+06 671 9.06431e-11 6.34501e-05 1.00884e-20 8.20061e-07 1.5966e-14 8.04908e-12 3.30039e-22 5.85591 43.1138 7.47659e-12 2.68641e-22
3708 40 1e+6 2e+5 0.075 1.5e-6 0.42 3e-10 2e-4 2e-3 0.3 0.4 0.5 7e+5 5e-13 0 1e-6 1e-6 1e+06 638 8.98713e-11 6.29099e-05 1.13635e-20 8.29573e-07 2.18962e-14 8.00294e-12 2.52091e-22 5.77892 47.9042 7.50477e-12 2.34756e-22
3708 41 1e+6 2e+5 0.075 1.5e-6 0.42 3e-10 2e-4 2e-3 0.3 0.4 0.5 7e+5 5e-13 0 1e-6 1e-6 1e+06 353 8.99132e-11 6.29393e-05 1.17118e-20 8.28834e-07 2.14173e-14 7.94907e-12 2.37817e-22 5.83071 49.8441 7.43722e-12 2.28265e-22
3708 42 1e+6 2e+5 0.075 1.5e-6 0.42 3e-10 2e-4 2e-3 0.3 0.4 0.5 7e+5 5e-13 0 1e-6 1e-6 1e+06 496 9.04005e-11 6.32804e-05 1.02718e-20 8.24065e-07 1.90033e-14 7.9446e-12 2.62372e-22 5.84488 44.2014 7.45621e-12 2.33403e-22
3708 43 1e+6 2e+5 0.075 1.5e-6 0.42 3e-10 2e-4 2e-3 0.3 0.4 0.5 7e+5 5e-13 0 1e-6 1e-6 1e+06 521 9.13241e-11 6.39269e-05 1.06726e-20 8.2565e-07 2.02044e-14 8.01445e-12 2.61498e-22 5.85681 45.0127 7.51847e-12 2.33935e-22
3708 44 1e+6 2e+5 0.075 1.5e-6 0.42 3e-10 2e-4 2e-3 0.3 0.4 0.5 7e+5 5e-13 0 1e-6 1e-6 1e+06 699 9.05542e-11 6.3388e-05 1.13893e-20 8.2709e-07 2.02845e-14 8.02179e-12 2.48045e-22 5.82841 48.5665 7.49723e-12 2.32749e-22
3708 45 1e+6 2e+5 0.075 1.5e-6 0.42 3e-10 2e-4 2e-3 0.3 0.4 0.5 7e+5 5e-13 0 1e-6 1e-6 1e+06 406 9.01751e-11 6.31226e-05 1.16869e-20 8.28038e-07 2.1003e-14 8.01182e-12 2.53709e-22 5.79298 48.4517 7.50367e-12 2.3522e-22
3708 46 1e+6 2e+5 0.075 1.5e-6 0.42 3e-10 2e-4 2e-3 0.3 0.4 0.5 7e+5 5e-13 0 1e-6 1e-6 1e+06 570 9.0854e-11 6.35978e-05 1.12468e-20 8.26863e-07 2.08187e-14 7.99429e-12 2.8184e-22 5.85994 47.9789 7.48286e-12 2.39874e-22
3708 47 1e+6 2e+5 0.075 1.5e-6 0.42 3e-10 2e-4 2e-3 0.3 0.4 0.5 7e+5 5e-13 0 1e-6 1e-6 1e+06 371 9.01835e-11 6.31285e-05 1.21591e-20 8.29451e-07 2.15588e-14 7.98948e-12 2.39008e-22 5.81783 52.054 7.45851e-12 2.32714e-22
3708 48 1e+6 2e+5 0.075 1.5e-6 0.42 3e-10 2e-4 2e-3 0.3 0.4 0.5 7e+5 5e-13 0 1e-6 1e-6 1e+06 517 9.14372e-11 6.40061e-05 1.0792e-20 8.26053e-07 2.07064e-14 7.95222e-12 2.41078e-22 5.90242 46.0176 7.46128e-12 2.30058e-22
3708 49 1e+6 2e+5 0.075 1.5e-6 0.42 3e-10 2e-4 2e-3 0.3 0.4 0.5 7e+5 5e-13 0 1e-6 1e-6 1e+06 624 9.0378e-11 6.32646e-05 1.14627e-20 8.28419e-07 2.11519e-14 7.99256e-12 2.52163e-22 5.8265 48.5854 7.48048e-12 2.34473e-22
3708 50 1e+6 2e+5 0.075 1.5e-6 0.42 3e-10 2e-4 2e-3 0.3 0.4 0.5 7e+5 5e-13 0 1e-6 1e-6 1e+06 789 9.08407e-11 6.35885e-05 1.17374e-20 8.28249e-07 2.10564e-14 8.01614e-12 2.66386e-22 5.84019 50.1179 7.50047e-12 2.39757e-22
3708 51 1e+6 2e+5 0.075 1.5e-6 0.42 3e-10 2e-4 2e-3 0.3 0.4 0.5 7e+5 5e-13 0 1e-6 1e-6 1e+06 443 9.00279e-11 6.30196e-05 1.19494e-20 8.30022e-07 2.26553e-14 7.99558e-12 2.29847e-22 5.7965 49.5263 7.48099e-12 2.29444e-22
3708 52 1e+6 2e+5 0.075 1.5e-6 0.42 3e-10 2e-4 2e-3 0.3 0.4 0.5 7e+5 5e-13 0 1e-6 1e-6 1e+06 453 9.09857e-11 6.369e-05 1.0384e-20 8.28293e-07 2.10934e-14 8.02154e-12 2.54542e-22 5.84428 44.5266 7.50967e-12 2.33689e-22
3708 53 1e+6 2e+5 0.075 1.5e-6 0.42 3e-10 2e-4 2e-3 0.3 0.4 0.5 7e+5 5e-13 0 1e-6 1e-6 1e+06 534 9.05615e-11 6.33931e-05 1.20286e-20 8.28034e-07 2.14839e-14 8.03736e-12 2.45849e-22 5.78712 49.5578 7.54865e-12 2.3618e-22
3708 54 1e+6 2e+5 0.075 1.5e-6 0.42 3e-10 2e-4 2e-3 0.3 0.4 0.5 7e+5 5e-13 0 1e-6 1e-6 1e+06 885 9.10286e-11 6.372e-05 1.17848e-20 8.29705e-07 2.13483e-14 8.02034e-12 2.48645e-22 5.85686 49.9273 7.49387e-12 2.33206e-22
3708 55 1e+6 2e+5 0.075 1.5e-6 0.42 3e-10 2e-4 2e-3 0.3 0.4 0.5 7e+5 5e-13 0 1e-6 1e-6 1e+06 631 9.01447e-11 6.31013e-05 1.23434e-20 8.30252e-07 2.27526e-14 8.05283e-12 3.2078e-22 5.7691 49.2988 7.5318e-12 2.47583e-22
3708 56 1e+6 2e+5 0.075 1.5e-6 0.42 3e-10 2e-4 2e-3 0.3 0.4 0.5 7e+5 5e-13 0 1e-6 1e-6 1e+06 449 8.9526e-11 6.26682e-05 1.16332e-20 8.27465e-07 2.08023e-14 7.97951e-12 2.53748e-22 5.78954 49.7419 7.45757e-12 2.35837e-22
3708 57 1e+6 2e+5 0.075 1.5e-6 0.42 3e-10 2e-4 2e-3 0.3 0.4 0.5 7e+5 5e-13 0 1e-6 1e-6 1e+06 686 9.01995e-11 6.31396e-05 1.17825e-20 8.30483e-07 2.17135e-14 8.00444e-12 2.69996e-22 5.80028 48.9472 7.49573e-12 2.39333e-22
3708 58 1e+6 2e+5 0.075 1.5e-6 0.42 3e-10 2e-4 2e-3 0.3 0.4 0.5 7e+5 5e-13 0 1e-6 1e-6 1e+06 707 9.05709e-11 6.33996e-05 1.13112e-20 8.29492e-07 2.14026e-14 8.05203e-12 2.55477e-22 5.79837 47.3583 7.5335e-12 2.34668e-22
3708 59 1e+6 2e+5 0.075 1.5e-6 0.42 3e-10 2e-4 2e-3 0.3 0.4 0.5 7e+5 5e-13 0 1e-6 1e-6 1e+06 706 9.05392e-11 6.33774e-05 1.11121e-20 8.27791e-07 2.10721e-14 7.9716e-12 2.37805e-22 5.84575 47.8432 7.4743e-12 2.31455e-22
3708 60 1e+6 2e+5 0.075 2e-6 0.42 3e-10 2e-4 2e-3 0.3 0.4 0.5 7e+5 5e-13 0 1e-6 1e-6 1e+06 621 9.01159e-11 6.30811e-05 1.07023e-20 8.33474e-07 2.45947e-14 8.03483e-12 2.14986e-22 5.72873 45.817 7.56877e-12 2.1046e-22
3708 61 1e+6 2e+5 0.075 2e-6 0.42 3e-10 2e-4 2e-3 0.3 0.4 0.5 7e+5 5e-13 0 1e-6 1e-6 1e+06 422 9.06242e-11 6.34369e-05 1.30917e-20 8.35152e-07 2.59045e-14 7.96986e-12 2.45709e-22 5.80429 53.7658 7.52518e-12 2.1906e-22
3708 62 1e+6 2e+5 0.075 2e-6 0.42 3e-10 2e-4 2e-3 0.3 0.4 0.5 7e+5 5e-13 0 1e-6 1e-6 1e+06 839 8.99778e-11 6.29845e-05 1.27229e-20 8.3657e-07 2.65337e-14 7.98124e-12 2.16566e-22 5.76845 52.983 7.51731e-12 2.11912e-22
3708 63 1e+6 2e+5 0.075 2e-6 0.42 3e-10 2e-4 2e-3 0.3 0.4 0.5 7e+5 5e-13 0 1e-6 1e-6 1e+06 623 9.03562e-11 6.32493e-05 1.33297e-20 8.3599e-07 2.64627e-14 7.90188e-12 2.04913e-22 5.84621 55.7932 7.45387e-12 2.12461e-22
3708 64 1e+6 2e+5 0.075 2e-6 0.42 3e-10 2e-4 2e-3 0.3 0.4 0.5 7e+5 5e-13 0 1e-6 1e-6 1e+06 416 9.00485e-11 6.30339e-05 1.07387e-20 8.33004e-07 2.39714e-14 7.91083e-12 1.96263e-22 5.79481 45.7798 7.47855e-12 2.03062e-22
3708 65 1e+6 2e+5 0.075 2e-6 0.42 3e-10 2e-4 2e-3 0.3 0.4 0.5 7e+5 5e-13 0 1e-6 1e-6 1e+06 736 8.9379e-11 6.25653e-05 1.26579e-20 8.36772e-07 2.5898e-14 8.04621e-12 2.25201e-22 5.68641 52.3891 7.56316e-12 2.15227e-22
3708 66 1e+6 2e+5 0.075 2e-6 0.42 3e-10 2e-4 2e-3 0.3 0.4 0.5 7e+5 5e-13 0 1e-6 1e-6 1e+06 639 9.06564e-11 6.34595e-05 1.15673e-20 8.33558e-07 2.38473e-14 7.96178e-12 2.14325e-22 5.80756 49.1268 7.5239e-12 2.11205e-22
3708 67 1e+6 2e+5 0.075 2e-6 0.42 3e-10 2e-4 2e-3 0.3 0.4 0.5 7e+5 5e-13 0 1e-6 1e-6 1e+06 471 9.07929e-11 6.35551e-05 1.23841e-20 8.35563e-07 2.63384e-14 8.00471e-12 2.13544e-22 5.7988 51.3013 7.54143e-12 2.10341e-22
3708 68 1e+6 2e+5 0.075 2e-6 0.42 3e-10 2e-4 2e-3 0.3 0.4 0.5 7e+5 5e-13 0 1e-6 1e-6 1e+06 516 9.00442e-11 6.3031e-05 1.19779e-20 8.35499e-07 2.67434e-14 7.95327e-12 2.3088e-22 5.77441 50.4675 7.51414e-12 2.17112e-22
3708 69 1e+6 2e+5 0.075 2e-6 0.42 3e-10 2e-4 2e-3 0.3 0.4 0.5 7e+5 5e-13 0 1e-6 1e-6 1e+06 368 8.96367e-11 6.27457e-05 1.12154e-20 8.35661e-07 2.545e-14 7.99316e-12 2.04009e-22 5.73165 48.0134 7.5476e-12 2.08996e-22
3708 70 1e+6 2e+5 0.075 2e-6 0.42 3e-10 2e-4 2e-3 0.3 0.4 0.5 7e+5 5e-13 0 1e-6 1e-6 1e+06 554 9.01973e-11 6.31381e-05 1.35252e-20 8.38213e-07 2.82076e-14 7.95274e-12 2.53297e-22 5.78179 55.1994 7.51386e-12 2.19103e-22
3708 71 1e+6 2e+5 0.075 2e-6 0.42 3e-10 2e-4 2e-3 0.3 0.4 0.5 7e+5 5e-13 0 1e-6 1e-6 1e+06 465 9.06773e-11 6.34741e-05 1.17404e-20 8.36339e-07 2.60157e-14 8.02518e-12 2.36454e-22 5.76321 48.3953 7.5693e-12 2.14643e-22
3708 72 1e+6 2e+5 0.075 2e-6 0.42 3e-10 2e-4 2e-3 0.3 0.4 0.5 7e+5 5e-13 0 1e-6 1e-6 1e+06 688 8.95269e-11 6.26688e-05 1.3255e-20 8.35768e-07 2.61387e-14 7.94711e-12 2.33629e-22 5.74256 53.8311 7.5142e-12 2.18637e-22
3708 73 1e+6 2e+5 0.075 2e-6 0.42 3e-10 2e-4 2e-3 0.3 0.4 0.5 7e+5 5e-13 0 1e-6 1e-6 1e+06 535 9.12708e-11 6.38895e-05 1.25732e-20 8.36468e-07 2.69081e-14 7.95889e-12 2.1213e-22 5.84676 52.4784 7.51625e-12 2.10489e-22
3708 74 1e+6 2e+5 0.075 2e-6 0.42 3e-10 2e-4 2e-3 0.3 0.4 0.5 7e+5 5e-13 0 1e-6 1e-6 1e+06 660 9.07124e-11 6.34987e-05 1.26229e-20 8.37053e-07 2.65698e-14 7.96274e-12 2.46535e-22 5.8285 52.7868 7.49561e-12 2.15725e-22
3708 75 1e+6 2e+5 0.075 2e-6 0.42 3e-10 2e-4 2e-3 0.3 0.4 0.5 7e+5 5e-13 0 1e-6 1e-6 1e+06 642 9.00136e-11 6.30095e-05 1.17904e-20 8.34774e-07 2.40862e-14 7.97868e-12 2.17678e-22 5.75164 48.9949 7.54601e-12 2.14332e-22
3708 76 1e+6 2e+5 0.075 2e-6 0.42 3e-10 2e-4 2e-3 0.3 0.4 0.5 7e+5 5e-13 0 1e-6 1e-6 1e+06 604 9.01469e-11 6.31028e-05 1.28929e-20 8.36724e-07 2.63166e-14 7.94005e-12 2.83033e-22 5.78691 52.2249 7.48458e-12 2.19428e-22
3708 77 1e+6 2e+5 0.075 2e-6 0.42 3e-10 2e-4 2e-3 0.3 0.4 0.5 7e+5 5e-13 0 1e-6 1e-6 1e+06 697 9.00627e-11 6.30439e-05 1.19715e-20 8.35436e-07 2.61678e-14 7.95257e-12 2.33263e-22 5.76739 49.4054 7.52243e-12 2.17946e-22
3708 78 1e+6 2e+5 0.075 2e-6 0.42 3e-10 2e-4 2e-3 0.3 0.4 0.5 7e+5 5e-13 0 1e-6 1e-6 1e+06 788 8.96207e-11 6.27345e-05 1.19131e-20 8.35161e-07 2.50162e-14 8.00257e-12 2.22585e-22 5.72264 49.9503 7.54121e-12 2.11437e-22
3708 79 1e+6 2e+5 0.075 2e-6 0.42 3e-10 2e-4 2e-3 0.3 0.4 0.5 7e+5 5e-13 0 1e-6 1e-6 1e+06 467 9.03337e-11 6.32336e-05 1.2166e-20 8.32895e-07 2.47958e-14 7.9632e-12 2.58801e-22 5.77814 49.6398 7.52094e-12 2.20432e-22
3708 80 1e+6 2e+5 0.075 2.5e-6 0.42 3e-10 2e-4 2e-3 0.3 0.4 0.5 7e+5 5e-13 0 1e-6 1e-6 1e+06 470 9.05276e-11 6.33693e-05 1.36851e-20 8.43734e-07 3.12306e-14 7.97509e-12 2.01279e-22 5.78688 56.5866 7.52924e-12 2.00584e-22
3708 81 1e+6 2e+5 0.075 2.5e-6 0.42 3e-10 2e-4 2e-3 0.3 0.4 0.5 7e+5 5e-13 0 1e-6 1e-6 1e+06 565 9.06924e-11 6.34847e-05 1.2889e-20 8.41011e-07 3.0238e-14 7.89915e-12 1.92015e-22 5.84529 54.8404 7.47969e-12 1.94822e-22
3708 82 1e+6 2e+5 0.075 2.5e-6 0.42 3e-10 2e-4 2e-3 0.3 0.4 0.5 7e+5 5e-13 0 1e-6 1e-6 1e+06 910 9.01352e-11 6.30946e-05 1.22968e-20 8.40063e-07 2.8178e-14 7.94776e-12 1.90324e-22 5.75759 51.1264 7.53477e-12 1.90633e-22
3708 83 1e+6 2e+5 0.075 2.5e-6 0.42 3e-10 2e-4 2e-3 0.3 0.4 0.5 7e+5 5e-13 0 1e-6 1e-6 1e+06 386 8.99569e-11 6.29698e-05 1.33702e-20 8.42783e-07 3.03399e-14 7.94406e-12 2.0659e-22 5.74777 55.4652 7.52629e-12 2.0197e-22
3708 84 1e+6 2e+5 0.075 2.5e-6 0.42 3e-10 2e-4 2e-3 0.3 0.4 0.5 7e+5 5e-13 0 1e-6 1e-6 1e+06 786 8.96879e-11 6.27815e-05 1.21423e-20 8.41863e-07 2.92648e-14 7.92629e-12 1.84842e-22 5.72563 50.9634 7.53243e-12 1.93964e-22
3708 85 1e+6 2e+5 0.075 2.5e-6 0.42 3e-10 2e-4 2e-3 0.3 0.4 0.5 7e+5 5e-13 0 1e-6 1e-6 1e+06 637 8.90599e-11 6.23419e-05 1.1472e-20 8.4112e-07 2.97887e-14 7.92014e-12 1.91853e-22 5.68618 47.5777 7.54725e-12 1.94032e-22
3708 86 1e+6 2e+5 0.075 2.5e-6 0.42 3e-10 2e-4 2e-3 0.3 0.4 0.5 7e+5 5e-13 0 1e-6 1e-6 1e+06 319 9.10187e-11 6.37131e-05 1.33941e-20 8.40377e-07 2.97556e-14 7.90127e-12 1.95568e-22 5.85115 55.6471 7.47149e-12 1.96023e-22
3708 87 1e+6 2e+5 0.075 2.5e-6 0.42 3e-10 2e-4 2e-3 0.3 0.4 0.5 7e+5 5e-13 0 1e-6 1e-6 1e+06 659 9.04521e-11 6.33165e-05 1.2399e-20 8.42532e-07 3.00721e-14 7.90546e-12 1.79087e-22 5.79603 51.7754 7.50953e-12 1.92118e-22
3708 88 1e+6 2e+5 0.075 2.5e-6 0.42 3e-10 2e-4 2e-3 0.3 0.4 0.5 7e+5 5e-13 0 1e-6 1e-6 1e+06 385 9.0612e-11 6.34284e-05 1.22774e-20 8.38985e-07 2.77335e-14 7.95849e-12 1.9529e-22 5.77362 51.5555 7.55721e-12 1.94053e-22
3708 89 1e+6 2e+5 0.075 2.5e-6 0.42 3e-10 2e-4 2e-3 0.3 0.4 0.5 7e+5 5e-13 0 1e-6 1e-6 1e+06 853 8.94981e-11 6.26487e-05 1.24811e-20 8.42896e-07 3.0686e-14 7.92561e-12 1.81101e-22 5.72162 50.6399 7.53119e-12 1.88842e-22
3708 90 1e+6 2e+5 0.075 2.5e-6 0.42 3e-10 2e-4 2e-3 0.3 0.4 0.5 7e+5 5e-13 0 1e-6 1e-6 1e+06 595 9.07512e-11 6.35258e-05 1.23747e-20 8.38213e-07 2.84362e-14 7.90656e-12 2.01824e-22 5.80446 51.1684 7.51647e-12 1.98436e-22
3708 91 1e+6 2e+5 0.075 2.5e-6 0.42 3e-10 2e-4 2e-3 0.3 0.4 0.5 7e+5 5e-13 0 1e-6 1e-6 1e+06 449 9.00373e-11 6.30261e-05 1.13234e-20 8.40332e-07 2.88295e-14 7.90685e-12 1.86895e-22 5.77997 48.5736 7.50274e-12 1.90894e-22
3708 92 1e+6 2e+5 0.075 2.5e-6 0.42 3e-10 2e-4 2e-3 0.3 0.4 0.5 7e+5 5e-13 0 1e-6 1e-6 1e+06 533 8.94791e-11 6.26353e-05 1.15461e-20 8.3986e-07 2.79732e-14 7.98949e-12 2.07591e-22 5.69921 48.9193 7.54865e-12 1.94185e-22
3708 93 1e+6 2e+5 0.075 2.5e-6 0.42 3e-10 2e-4 2e-3 0.3 0.4 0.5 7e+5 5e-13 0 1e-6 1e-6 1e+06 448 8.99745e-11 6.29822e-05 1.1348e-20 8.39446e-07 2.90499e-14 7.87865e-12 1.95418e-22 5.79061 48.5163 7.4779e-12 1.9559e-22
3708 94 1e+6 2e+5 0.075 2.5e-6 0.42 3e-10 2e-4 2e-3 0.3 0.4 0.5 7e+5 5e-13 0 1e-6 1e-6 1e+06 362 8.89219e-11 6.22453e-05 1.25877e-20 8.39799e-07 2.80678e-14 7.84607e-12 1.83929e-22 5.75342 53.8695 7.42468e-12 1.90134e-22
3708 95 1e+6 2e+5 0.075 2.5e-6 0.42 3e-10 2e-4 2e-3 0.3 0.4 0.5 7e+5 5e-13 0 1e-6 1e-6 1e+06 814 9.08684e-11 6.36079e-05 1.27122e-20 8.4169e-07 3.01122e-14 7.92753e-12 1.99515e-22 5.80861 51.8127 7.51967e-12 1.97975e-22
3708 96 1e+6 2e+5 0.075 2.5e-6 0.42 3e-10 2e-4 2e-3 0.3 0.4 0.5 7e+5 5e-13 0 1e-6 1e-6 1e+06 486 8.95034e-11 6.26524e-05 1.16971e-20 8.37592e-07 2.65847e-14 7.87007e-12 1.96766e-22 5.76674 50.0137 7.47795e-12 1.92945e-22
3708 97 1e+6 2e+5 0.075 2.5e-6 0.42 3e-10 2e-4 2e-3 0.3 0.4 0.5 7e+5 5e-13 0 1e-6 1e-6 1e+06 572 9.06394e-11 6.34475e-05 1.37541e-20 8.42782e-07 3.13898e-14 7.8953e-12 1.95757e-22 5.83489 57.2778 7.47786e-12 1.95022e-22
3708 98 1e+6 2e+5 0.075 2.5e-6 0.42 3e-10 2e-4 2e-3 0.3 0.4 0.5 7e+5 5e-13 0 1e-6 1e-6 1e+06 841 9.03385e-11 6.32369e-05 1.23723e-20 8.41944e-07 3.04473e-14 7.92696e-12 1.84464e-22 5.7812 51.1059 7.50038e-12 1.88867e-22
3708 99 1e+6 2e+5 0.075 2.5e-6 0.42 3e-10 2e-4 2e-3 0.3 0.4 0.5 7e+5 5e-13 0 1e-6 1e-6 1e+06 533 9.01275e-11 6.30892e-05 1.12407e-20 8.38197e-07 2.80544e-14 7.93694e-12 1.88057e-22 5.7549 47.8529 7.53925e-12 1.9254e-22
3708 100 1e+6 2e+5 0.075 3e-6 0.42 3e-10 2e-4 2e-3 0.3 0.4 0.5 7e+5 5e-13 0 1e-6 1e-6 1e+06 826 8.9486e-11 6.26402e-05 1.25272e-20 8.45557e-07 3.16864e-14 7.92794e-12 2.02598e-22 5.70397 51.2299 7.5465e-12 1.87133e-22
3708 101 1e+6 2e+5 0.075 3e-6 0.42 3e-10 2e-4 2e-3 0.3 0.4 0.5 7e+5 5e-13 0 1e-6 1e-6 1e+06 584 9.06081e-11 6.34257e-05 1.22986e-20 8.4317e-07 3.15072e-14 7.93104e-12 1.72136e-22 5.7809 51.8965 7.546e-12 1.82307e-22
3708 102 1e+6 2e+5 0.075 3e-6 0.42 3e-10 2e-4 2e-3 0.3 0.4 0.5 7e+5 5e-13 0 1e-6 1e-6 1e+06 543 9.03372e-11 6.3236e-05 1.15875e-20 8.44632e-07 3.17795e-14 7.90999e-12 1.6803e-22 5.76939 49.5739 7.53513e-12 1.76435e-22
3708 103 1e+6 2e+5 0.075 3e-6 0.42 3e-10 2e-4 2e-3 0.3 0.4 0.5 7e+5 5e-13 0 1e-6 1e-6 1e+06 399 8.95103e-11 6.26572e-05 1.27578e-20 8.45809e-07 3.244e-14 7.87949e-12 1.48598e-22 5.73966 53.349 7.50778e-12 1.73452e-22
3708 104 1e+6 2e+5 0.075 3e-6 0.42 3e-10 2e-4 2e-3 0.3 0.4 0.5 7e+5 5e-13 0 1e-6 1e-6 1e+06 412 8.95979e-11 6.27185e-05 1.30947e-20 8.48711e-07 3.4892e-14 7.90311e-12 1.64417e-22 5.73966 55.6687 7.52151e-12 1.83668e-22
3708 105 1e+6 2e+5 0.075 3e-6 0.42 3e-10 2e-4 2e-3 0.3 0.4 0.5 7e+5 5e-13 0 1e-6 1e-6 1e+06 383 8.97186e-11 6.2803e-05 1.29857e-20 8.48204e-07 3.40906e-14 7.89404e-12 1.71507e-22 5.74058 55.2597 7.51007e-12 1.81631e-22
3708 106 1e+6 2e+5 0.075 3e-6 0.42 3e-10 2e-4 2e-3 0.3 0.4 0.5 7e+5 5e-13 0 1e-6 1e-6 1e+06 324 8.99452e-11 6.29616e-05 1.25798e-20 8.49259e-07 3.56557e-14 7.8792e-12 1.62524e-22 5.76822 52.88 7.49231e-12 1.7994e-22
3708 107 1e+6 2e+5 0.075 3e-6 0.42 3e-10 2e-4 2e-3 0.3 0.4 0.5 7e+5 5e-13 0 1e-6 1e-6 1e+06 946 9.02892e-11 6.32025e-05 1.41785e-20 8.48975e-07 3.33976e-14 7.87784e-12 1.83559e-22 5.76714 56.8468 7.51547e-12 1.80991e-22
3708 108 1e+6 2e+5 0.075 3e-6 0.42 3e-10 2e-4 2e-3 0.3 0.4 0.5 7e+5 5e-13 0 1e-6 1e-6 1e+06 560 8.90372e-11 6.2326e-05 1.39476e-20 8.54753e-07 3.75135e-14 7.93749e-12 1.86434e-22 5.66892 56.8003 7.556e-12 1.88343e-22
3708 109 1e+6 2e+5 0.075 3e-6 0.42 3e-10 2e-4 2e-3 0.3 0.4 0.5 7e+5 5e-13 0 1e-6 1e-6 1e+06 374 8.94613e-11 6.26229e-05 1.43096e-20 8.48537e-07 3.48718e-14 7.82171e-12 1.93969e-22 5.76591 57.6675 7.45128e-12 1.86343e-22
3708 110 1e+6 2e+5 0.075 3e-6 0.42 3e-10 2e-4 2e-3 0.3 0.4 0.5 7e+5 5e-13 0 1e-6 1e-6 1e+06 384 8.96006e-11 6.27204e-05 1.30295e-20 8.46693e-07 3.35878e-14 7.90365e-12 1.84076e-22 5.71103 54.5253 7.52636e-12 1.82215e-22
3708 111 1e+6 2e+5 0.075 3e-6 0.42 3e-10 2e-4 2e-3 0.3 0.4 0.5 7e+5 5e-13 0 1e-6 1e-6 1e+06 741 8.9517e-11 6.26619e-05 1.27391e-20 8.48249e-07 3.3888e-14 7.93924e-12 1.65351e-22 5.71628 54.1325 7.5297e-12 1.79265e-22
3708 112 1e+6 2e+5 0.075 3e-6 0.42 3e-10 2e-4 2e-3 0.3 0.4 0.5 7e+5 5e-13 0 1e-6 1e-6 1e+06 706 9.04909e-11 6.33436e-05 1.20795e-20 8.47437e-07 3.37813e-14 7.95867e-12 1.98376e-22 5.7444 50.2829 7.57198e-12 1.8496e-22
3708 113 1e+6 2e+5 0.075 3e-6 0.42 3e-10 2e-4 2e-3 0.3 0.4 0.5 7e+5 5e-13 0 1e-6 1e-6 1e+06 530 8.9459e-11 6.26213e-05 1.20062e-20 8.4462e-07 3.08905e-14 7.86811e-12 1.86658e-22 5.75518 50.1459 7.47908e-12 1.82491e-22
3708 114 1e+6 2e+5 0.075 3e-6 0.42 3e-10 2e-4 2e-3 0.3 0.4 0.5 7e+5 5e-13 0 1e-6 1e-6 1e+06 592 9.03313e-11 6.32319e-05 1.29789e-20 8.47826e-07 3.37144e-14 7.94347e-12 1.80876e-22 5.76328 54.1443 7.53994e-12 1.8285e-22
3708 115 1e+6 2e+5 0.075 3e-6 0.42 3e-10 2e-4 2e-3 0.3 0.4 0.5 7e+5 5e-13 0 1e-6 1e-6 1e+06 408 8.87325e-11 6.21127e-05 1.35005e-20 8.49292e-07 3.53991e-14 7.86223e-12 1.54677e-22 5.70985 56.3854 7.46377e-12 1.76694e-22
3708 116 1e+6 2e+5 0.075 3e-6 0.42 3e-10 2e-4 2e-3 0.3 0.4 0.5 7e+5 5e-13 0 1e-6 1e-6 1e+06 570 8.96166e-11 6.27316e-05 1.23065e-20 8.40976e-07 2.95428e-14 7.84099e-12 1.68265e-22 5.76204 52.2789 7.47949e-12 1.75923e-22
3708 117 1e+6 2e+5 0.075 3e-6 0.42 3e-10 2e-4 2e-3 0.3 0.4 0.5 7e+5 5e-13 0 1e-6 1e-6 1e+06 371 9.02376e-11 6.31663e-05 1.06966e-20 8.40469e-07 2.96763e-14 7.81556e-12 1.60534e-22 5.80705 46.2348 7.46888e-12 1.71858e-22
3708 118 1e+6 2e+5 0.075 3e-6 0.42 3e-10 2e-4 2e-3 0.3 0.4 0.5 7e+5 5e-13 0 1e-6 1e-6 1e+06 385 8.99228e-11 6.2946e-05 1.1973e-20 8.47985e-07 3.3939e-14 7.8895e-12 1.64779e-22 5.77583 51.5637 7.49449e-12 1.79446e-22
3708 119 1e+6 2e+5 0.075 3e-6 0.42 3e-10 2e-4 2e-3 0.3 0.4 0.5 7e+5 5e-13 0 1e-6 1e-6 1e+06 818 9.04081e-11 6.32856e-05 1.32044e-20 8.48939e-07 3.44606e-14 7.92288e-12 1.66175e-22 5.76691 54.8804 7.54707e-12 1.78852e-22
3708 120 1e+6 2e+5 0.075 3.5e-6 0.42 3e-10 2e-4 2e-3 0.3 0.4 0.5 7e+5 5e-13 0 1e-6 1e-6 1e+06 502 8.93617e-11 6.25532e-05 1.36597e-20 8.52652e-07 3.68118e-14 7.82309e-12 1.42836e-22 5.74292 56.457 7.47572e-12 1.62804e-22
3708 121 1e+6 2e+5 0.075 3.5e-6 0.42 3e-10 2e-4 2e-3 0.3 0.4 0.5 7e+5 5e-13 0 1e-6 1e-6 1e+06 609 9.05648e-11 6.33953e-05 1.25856e-20 8.48526e-07 3.57996e-14 7.82234e-12 1.61474e-22 5.80149 52.036 7.50237e-12 1.6971e-22
3708 122 1e+6 2e+5 0.075 3.5e-6 0.42 3e-10 2e-4 2e-3 0.3 0.4 0.5 7e+5 5e-13 0 1e-6 1e-6 1e+06 507 8.9426e-11 6.25982e-05 1.303e-20 8.52127e-07 3.69856e-14 7.88104e-12 1.32428e-22 5.71409 53.9018 7.53153e-12 1.61671e-22
3708 123 1e+6 2e+5 0.075 3.5e-6 0.42 3e-10 2e-4 2e-3 0.3 0.4 0.5 7e+5 5e-13 0 1e-6 1e-6 1e+06 401 8.98973e-11 6.29281e-05 1.38477e-20 8.56641e-07 4.05361e-14 7.88157e-12 1.62153e-22 5.75451 57.728 7.52216e-12 1.75959e-22
3708 124 1e+6 2e+5 0.075 3.5e-6 0.42 3e-10 2e-4 2e-3 0.3 0.4 0.5 7e+5 5e-13 0 1e-6 1e-6 1e+06 498 8.89016e-11 6.22311e-05 1.38169e-20 8.56243e-07 3.84061e-14 7.83056e-12 1.54314e-22 5.71893 57.0815 7.45999e-12 1.65733e-22
3708 125 1e+6 2e+5 0.075 3.5e-6 0.42 3e-10 2e-4 2e-3 0.3 0.4 0.5 7e+5 5e-13 0 1e-6 1e-6 1e+06 542 9.14349e-11 6.40045e-05 1.51936e-20 8.57431e-07 3.99451e-14 7.87518e-12 1.73388e-22 5.84513 63.0387 7.51736e-12 1.78487e-22
3708 126 1e+6 2e+5 0.075 3.5e-6 0.42 3e-10 2e-4 2e-3 0.3 0.4 0.5 7e+5 5e-13 0 1e-6 1e-6 1e+06 563 8.91523e-11 6.24066e-05 1.38095e-20 8.49826e-07 3.58933e-14 7.90229e-12 1.61861e-22 5.6776 56.8182 7.53564e-12 1.6402e-22
3708 127 1e+6 2e+5 0.075 3.5e-6 0.42 3e-10 2e-4 2e-3 0.3 0.4 0.5 7e+5 5e-13 0 1e-6 1e-6 1e+06 320 8.91952e-11 6.24367e-05 1.33301e-20 8.52378e-07 3.62294e-14 7.87487e-12 1.50778e-22 5.70387 55.8852 7.51748e-12 1.66127e-22
3708 128 1e+6 2e+5 0.075 3.5e-6 0.42 3e-10 2e-4 2e-3 0.3 0.4 0.5 7e+5 5e-13 0 1e-6 1e-6 1e+06 588 9.02928e-11 6.3205e-05 1.27841e-20 8.54614e-07 3.7366e-14 7.92662e-12 1.59101e-22 5.73787 53.7109 7.57119e-12 1.70827e-22
3708 129 1e+6 2e+5 0.075 3.5e-6 0.42 3e-10 2e-4 2e-3 0.3 0.4 0.5 7e+5 5e-13 0 1e-6 1e-6 1e+06 417 8.99664e-11 6.29765e-05 1.26603e-20 8.51069e-07 3.66182e-14 7.87619e-12 1.69309e-22 5.74773 53.6106 7.5176e-12 1.68988e-22
3708 130 1e+6 2e+5 0.075 3.5e-6 0.42 3e-10 2e-4 2e-3 0.3 0.4 0.5 7e+5 5e-13 0 1e-6 1e-6 1e+06 458 8.95697e-11 6.26988e-05 1.38388e-20 8.58171e-07 4.01562e-14 7.94286e-12 1.59488e-22 5.69053 56.8562 7.57509e-12 1.69393e-22
3708 131 1e+6 2e+5 0.075 3.5e-6 0.42 3e-10 2e-4 2e-3 0.3 0.4 0.5 7e+5 5e-13 0 1e-6 1e-6 1e+06 414 8.96061e-11 6.27243e-05 1.29943e-20 8.50535e-07 3.54205e-14 7.82956e-12 1.5658e-22 5.75659 54.9352 7.47532e-12 1.65679e-22
3708 132 1e+6 2e+5 0.075 3.5e-6 0.42 3e-10 2e-4 2e-3 0.3 0.4 0.5 7e+5 5e-13 0 1e-6 1e-6 1e+06 457 8.97586e-11 6.28311e-05 1.46193e-20 8.57063e-07 3.9331e-14 7.9161e-12 1.67922e-22 5.7126 58.284 7.54548e-12 1.71835e-22
3708 133 1e+6 2e+5 0.075 3.5e-6 0.42 3e-10 2e-4 2e-3 0.3 0.4 0.5 7e+5 5e-13 0 1e-6 1e-6 1e+06 435 8.91699e-11 6.24189e-05 1.08725e-20 8.4832e-07 3.44964e-14 7.81422e-12 1.39737e-22 5.72282 46.6731 7.49013e-12 1.60682e-22
3708 134 1e+6 2e+5 0.075 3.5e-6 0.42 3e-10 2e-4 2e-3 0.3 0.4 0.5 7e+5 5e-13 0 1e-6 1e-6 1e+06 771 8.94083e-11 6.25858e-05 1.21109e-20 8.54385e-07 3.74484e-14 7.8947e-12 1.4515e-22 5.69991 51.0832 7.54696e-12 1.64434e-22
3708 135 1e+6 2e+5 0.075 3.5e-6 0.42 3e-10 2e-4 2e-3 0.3 0.4 0.5 7e+5 5e-13 0 1e-6 1e-6 1e+06 430 9.01948e-11 6.31364e-05 1.22249e-20 8.52008e-07 3.61355e-14 7.87033e-12 1.45578e-22 5.77696 52.2061 7.50829e-12 1.65889e-22
3708 136 1e+6 2e+5 0.075 3.5e-6 0.42 3e-10 2e-4 2e-3 0.3 0.4 0.5 7e+5 5e-13 0 1e-6 1e-6 1e+06 560 8.95313e-11 6.26719e-05 1.22024e-20 8.54782e-07 3.77529e-14 7.87188e-12 1.40102e-22 5.75325 53.2806 7.47898e-12 1.60494e-22
3708 137 1e+6 2e+5 0.075 3.5e-6 0.42 3e-10 2e-4 2e-3 0.3 0.4 0.5 7e+5 5e-13 0 1e-6 1e-6 1e+06 548 8.95958e-11 6.27171e-05 1.14305e-20 8.48038e-07 3.40588e-14 7.84962e-12 1.37619e-22 5.73068 48.7685 7.52285e-12 1.60713e-22
3708 138 1e+6 2e+5 0.075 3.5e-6 0.42 3e-10 2e-4 2e-3 0.3 0.4 0.5 7e+5 5e-13 0 1e-6 1e-6 1e+06 461 8.99437e-11 6.29606e-05 1.27135e-20 8.51477e-07 3.72393e-14 7.89213e-12 1.6462e-22 5.74181 53.7364 7.51992e-12 1.70434e-22
3708 139 1e+6 2e+5 0.075 3.5e-6 0.42 3e-10 2e-4 2e-3 0.3 0.4 0.5 7e+5 5e-13 0 1e-6 1e-6 1e+06 442 8.9331e-11 6.25317e-05 1.22355e-20 8.52077e-07 3.639e-14 7.91959e-12 1.58037e-22 5.69609 51.9131 7.54242e-12 1.68454e-22
3708 140 1e+6 2e+5 0.075 4e-6 0.42 3e-10 2e-4 2e-3 0.3 0.4 0.5 7e+5 5e-13 0 1e-6 1e-6 1e+06 494 9.03227e-11 6.32259e-05 1.48799e-20 8.57358e-07 4.01025e-14 7.87397e-12 1.65761e-22 5.77566 60.4647 7.51604e-12 1.64084e-22
3708 141 1e+6 2e+5 0.075 4e-6 0.42 3e-10 2e-4 2e-3 0.3 0.4 0.5 7e+5 5e-13 0 1e-6 1e-6 1e+06 560 8.87289e-11 6.21102e-05 1.38835e-20 8.59635e-07 4.00882e-14 7.91459e-12 1.42397e-22 5.63799 56.4872 7.54639e-12 1.55132e-22
3708 142 1e+6 2e+5 0.075 4e-6 0.42 3e-10 2e-4 2e-3 0.3 0.4 0.5 7e+5 5e-13 0 1e-6 1e-6 1e+06 769 9.0346e-11 6.32422e-05 1.25268e-20 8.55881e-07 3.84598e-14 7.91542e-12 1.45987e-22 5.73836 53.3663 7.56692e-12 1.58182e-22
3708 143 1e+6 2e+5 0.075 4e-6 0.42 3e-10 2e-4 2e-3 0.3 0.4 0.5 7e+5 5e-13 0 1e-6 1e-6 1e+06 769 8.88526e-11 6.21968e-05 1.27499e-20 8.57743e-07 3.94324e-14 7.88657e-12 1.39659e-22 5.65787 53.5428 7.54815e-12 1.58784e-22
3708 144 1e+6 2e+5 0.075 4e-6 0.42 3e-10 2e-4 2e-3 0.3 0.4 0.5 7e+5 5e-13 0 1e-6 1e-6 1e+06 567 8.84644e-11 6.19251e-05 1.30782e-20 8.61039e-07 4.18529e-14 7.88008e-12 1.43403e-22 5.66228 55.4636 7.51464e-12 1.57185e-22
3708 145 1e+6 2e+5 0.075 4e-6 0.42 3e-10 2e-4 2e-3 0.3 0.4 0.5 7e+5 5e-13 0 1e-6 1e-6 1e+06 929 9.06763e-11 6.34734e-05 1.30589e-20 8.59069e-07 4.1457e-14 7.90793e-12 1.33834e-22 5.76534 54.7055 7.57343e-12 1.58016e-22
3708 146 1e+6 2e+5 0.075 4e-6 0.42 3e-10 2e-4 2e-3 0.3 0.4 0.5 7e+5 5e-13 0 1e-6 1e-6 1e+06 433 9.03923e-11 6.32746e-05 1.30094e-20 8.58154e-07 4.11144e-14 7.92665e-12 1.53427e-22 5.72994 53.6872 7.58291e-12 1.6183e-22
3708 147 1e+6 2e+5 0.075 4e-6 0.42 3e-10 2e-4 2e-3 0.3 0.4 0.5 7e+5 5e-13 0 1e-6 1e-6 1e+06 537 8.98679e-11 6.29075e-05 1.27908e-20 8.57983e-07 4.02749e-14 7.87905e-12 1.35331e-22 5.73204 53.6998 7.53586e-12 1.56331e-22
3708 148 1e+6 2e+5 0.075 4e-6 0.42 3e-10 2e-4 2e-3 0.3 0.4 0.5 7e+5 5e-13 0 1e-6 1e-6 1e+06 355 8.98347e-11 6.28843e-05 1.43128e-20 8.57078e-07 3.87183e-14 7.83733e-12 1.45383e-22 5.75646 59.6542 7.49218e-12 1.61753e-22
3708 149 1e+6 2e+5 0.075 4e-6 0.42 3e-10 2e-4 2e-3 0.3 0.4 0.5 7e+5 5e-13 0 1e-6 1e-6 1e+06 554 9.12184e-11 6.38529e-05 1.41617e-20 8.56976e-07 4.06739e-14 7.87977e-12 1.32741e-22 5.81678 57.8097 7.54302e-12 1.54254e-22
3708 150 1e+6 2e+5 0.075 4e-6 0.42 3e-10 2e-4 2e-3 0.3 0.4 0.5 7e+5 5e-13 0 1e-6 1e-6 1e+06 734 8.94291e-11 6.26003e-05 1.23765e-20 8.58927e-07 4.04966e-14 7.87439e-12 1.38418e-22 5.7073 52.8349 7.5324e-12 1.56361e-22
3708 151 1e+6 2e+5 0.075 4e-6 0.42 3e-10 2e-4 2e-3 0.3 0.4 0.5 7e+5 5e-13 0 1e-6 1e-6 1e+06 362 8.92714e-11 6.249e-05 1.18392e-20 8.54106e-07 3.8092e-14 7.88355e-12 1.55078e-22 5.67851 49.8583 7.5427e-12 1.57165e-22
3708 152 1e+6 2e+5 0.075 4e-6 0.42 3e-10 2e-4 2e-3 0.3 0.4 0.5 7e+5 5e-13 0 1e-6 1e-6 1e+06 870 9.19365e-11 6.43556e-05 1.41149e-20 8.54967e-07 3.73777e-14 7.93346e-12 1.50487e-22 5.81187 57.4189 7.60738e-12 1.6041e-22
3708 153 1e+6 2e+5 0.075 4e-6 0.42 3e-10 2e-4 2e-3 0.3 0.4 0.5 7e+5 5e-13 0 1e-6 1e-6 1e+06 433 9.02545e-11 6.31781e-05 1.34875e-20 8.52331e-07 3.78186e-14 7.79908e-12 1.33606e-22 5.78744 56.3237 7.48339e-12 1.56791e-22
3708 154 1e+6 2e+5 0.075 4e-6 0.42 3e-10 2e-4 2e-3 0.3 0.4 0.5 7e+5 5e-13 0 1e-6 1e-6 1e+06 869 8.89229e-11 6.22461e-05 1.40728e-20 8.66524e-07 4.43198e-14 7.94881e-12 1.57359e-22 5.62773 57.7243 7.59661e-12 1.65287e-22
3708 155 1e+6 2e+5 0.075 4e-6 0.42 3e-10 2e-4 2e-3 0.3 0.4 0.5 7e+5 5e-13 0 1e-6 1e-6 1e+06 441 8.94381e-11 6.26067e-05 1.15276e-20 8.58496e-07 4.09488e-14 7.79753e-12 1.4034e-22 5.74483 49.8293 7.47775e-12 1.55562e-22
3708 156 1e+6 2e+5 0.075 4e-6 0.42 3e-10 2e-4 2e-3 0.3 0.4 0.5 7e+5 5e-13 0 1e-6 1e-6 1e+06 602 8.91314e-11 6.2392e-05 1.17398e-20 8.59392e-07 4.11677e-14 7.86899e-12 1.25292e-22 5.6946 50.4894 7.53707e-12 1.50158e-22
3708 157 1e+6 2e+5 0.075 4e-6 0.42 3e-10 2e-4 2e-3 0.3 0.4 0.5 7e+5 5e-13 0 1e-6 1e-6 1e+06 417 8.90608e-11 6.23425e-05 1.46004e-20 8.5942e-07 4.14532e-14 7.86341e-12 1.60767e-22 5.67659 58.7145 7.53125e-12 1.62895e-22
3708 158 1e+6 2e+5 0.075 4e-6 0.42 3e-10 2e-4 2e-3 0.3 0.4 0.5 7e+5 5e-13 0 1e-6 1e-6 1e+06 338 8.7977e-11 6.15839e-05 1.23944e-20 8.60015e-07 4.00609e-14 7.8268e-12 1.44066e-22 5.63881 51.9928 7.48742e-12 1.59019e-22
3708 159 1e+6 2e+5 0.075 4e-6 0.42 3e-10 2e-4 2e-3 0.3 0.4 0.5 7e+5 5e-13 0 1e-6 1e-6 1e+06 591 9.02034e-11 6.31424e-05 1.1891e-20 8.51508e-07 3.6231e-14 7.86173e-12 1.40785e-22 5.75189 51.3244 7.54171e-12 1.57222e-22
3708 160 1e+6 2e+5 0.075 4.5e-6 0.42 3e-10 2e-4 2e-3 0.3 0.4 0.5 7e+5 5e-13 0 1e-6 1e-6 1e+06 708 8.97056e-11 6.27939e-05 1.36217e-20 8.67423e-07 4.56391e-14 7.89797e-12 1.27887e-22 5.69409 56.5617 7.57102e-12 1.48396e-22
3708 161 1e+6 2e+5 0.075 4.5e-6 0.42 3e-10 2e-4 2e-3 0.3 0.4 0.5 7e+5 5e-13 0 1e-6 1e-6 1e+06 580 8.97909e-11 6.28536e-05 1.37513e-20 8.63617e-07 4.37183e-14 7.86319e-12 1.23984e-22 5.70762 56.7434 7.54714e-12 1.44973e-22
3708 162 1e+6 2e+5 0.075 4.5e-6 0.42 3e-10 2e-4 2e-3 0.3 0.4 0.5 7e+5 5e-13 0 1e-6 1e-6 1e+06 448 8.8335e-11 6.18345e-05 1.21399e-20 8.56863e-07 3.85833e-14 7.85126e-12 1.3335e-22 5.6439 52.0374 7.52673e-12 1.47906e-22
3708 163 1e+6 2e+5 0.075 4.5e-6 0.42 3e-10 2e-4 2e-3 0.3 0.4 0.5 7e+5 5e-13 0 1e-6 1e-6 1e+06 299 8.95507e-11 6.26855e-05 1.26698e-20 8.62971e-07 4.31296e-14 7.76321e-12 1.23967e-22 5.76596 55.0717 7.45209e-12 1.46651e-22
3708 164 1e+6 2e+5 0.075 4.5e-6 0.42 3e-10 2e-4 2e-3 0.3 0.4 0.5 7e+5 5e-13 0 1e-6 1e-6 1e+06 942 9.03876e-11 6.32713e-05 1.38477e-20 8.64832e-07 4.25246e-14 7.91765e-12 1.33621e-22 5.75202 58.6344 7.5503e-12 1.48195e-22
3708 165 1e+6 2e+5 0.075 4.5e-6 0.42 3e-10 2e-4 2e-3 0.3 0.4 0.5 7e+5 5e-13 0 1e-6 1e-6 1e+06 438 8.9287e-11 6.25009e-05 1.26822e-20 8.61902e-07 4.33951e-14 7.83726e-12 1.3253e-22 5.72532 54.3702 7.48707e-12 1.48432e-22
3708 166 1e+6 2e+5 0.075 4.5e-6 0.42 3e-10 2e-4 2e-3 0.3 0.4 0.5 7e+5 5e-13 0 1e-6 1e-6 1e+06 536 9.04396e-11 6.33077e-05 1.31757e-20 8.55219e-07 3.76224e-14 7.90508e-12 1.37352e-22 5.73254 54.751 7.58141e-12 1.50244e-22
3708 167 1e+6 2e+5 0.075 4.5e-6 0.42 3e-10 2e-4 2e-3 0.3 0.4 0.5 7e+5 5e-13 0 1e-6 1e-6 1e+06 609 8.90131e-11 6.23092e-05 1.21158e-20 8.60057e-07 4.13107e-14 7.87595e-12 1.23017e-22 5.68068 52.5544 7.53989e-12 1.42768e-22
3708 168 1e+6 2e+5 0.075 4.5e-6 0.42 3e-10 2e-4 2e-3 0.3 0.4 0.5 7e+5 5e-13 0 1e-6 1e-6 1e+06 306 9.01889e-11 6.31322e-05 1.21712e-20 8.61651e-07 4.30463e-14 7.79369e-12 1.20091e-22 5.79245 52.7016 7.4721e-12 1.44213e-22
3708 169 1e+6 2e+5 0.075 4.5e-6 0.42 3e-10 2e-4 2e-3 0.3 0.4 0.5 7e+5 5e-13 0 1e-6 1e-6 1e+06 435 8.74254e-11 6.11978e-05 1.28139e-20 8.6111e-07 4.18976e-14 7.77457e-12 1.33284e-22 5.62364 53.4707 7.47271e-12 1.46267e-22
3708 170 1e+6 2e+5 0.075 4.5e-6 0.42 3e-10 2e-4 2e-3 0.3 0.4 0.5 7e+5 5e-13 0 1e-6 1e-6 1e+06 271 8.87848e-11 6.21494e-05 1.39723e-20 8.63739e-07 4.42767e-14 7.79043e-12 1.35251e-22 5.70783 59.0567 7.45839e-12 1.53125e-22
3708 171 1e+6 2e+5 0.075 4.5e-6 0.42 3e-10 2e-4 2e-3 0.3 0.4 0.5 7e+5 5e-13 0 1e-6 1e-6 1e+06 765 9.0947e-11 6.36629e-05 1.4459e-20 8.62902e-07 4.34249e-14 7.88378e-12 1.41431e-22 5.7923 60.3774 7.54492e-12 1.54621e-22
3708 172 1e+6 2e+5 0.075 4.5e-6 0.42 3e-10 2e-4 2e-3 0.3 0.4 0.5 7e+5 5e-13 0 1e-6 1e-6 1e+06 622 9.07009e-11 6.34906e-05 1.47471e-20 8.60418e-07 4.2256e-14 7.83301e-12 1.32156e-22 5.79508 61.3004 7.52059e-12 1.50727e-22
3708 173 1e+6 2e+5 0.075 4.5e-6 0.42 3e-10 2e-4 2e-3 0.3 0.4 0.5 7e+5 5e-13 0 1e-6 1e-6 1e+06 691 9.24613e-11 6.47229e-05 1.52743e-20 8.62231e-07 4.20078e-14 7.8311e-12 1.32797e-22 5.91631 64.2202 7.50347e-12 1.4961e-22
3708 174 1e+6 2e+5 0.075 4.5e-6 0.42 3e-10 2e-4 2e-3 0.3 0.4 0.5 7e+5 5e-13 0 1e-6 1e-6 1e+06 459 8.85792e-11 6.20055e-05 1.24441e-20 8.58383e-07 3.95392e-14 7.87126e-12 1.29935e-22 5.63179 52.8128 7.54895e-12 1.4676e-22
3708 175 1e+6 2e+5 0.075 4.5e-6 0.42 3e-10 2e-4 2e-3 0.3 0.4 0.5 7e+5 5e-13 0 1e-6 1e-6 1e+06 502 8.98411e-11 6.28887e-05 1.25738e-20 8.63661e-07 4.40369e-14 7.88132e-12 1.34431e-22 5.70668 53.0378 7.57305e-12 1.50225e-22
3708 176 1e+6 2e+5 0.075 4.5e-6 0.42 3e-10 2e-4 2e-3 0.3 0.4 0.5 7e+5 5e-13 0 1e-6 1e-6 1e+06 429 8.99017e-11 6.29312e-05 1.39194e-20 8.65516e-07 4.56472e-14 7.86907e-12 1.34682e-22 5.73845 58.3146 7.53071e-12 1.52697e-22
3708 177 1e+6 2e+5 0.075 4.5e-6 0.42 3e-10 2e-4 2e-3 0.3 0.4 0.5 7e+5 5e-13 0 1e-6 1e-6 1e+06 752 8.83159e-11 6.18212e-05 1.29273e-20 8.6141e-07 4.05557e-14 7.83751e-12 1.44254e-22 5.63748 53.9215 7.52191e-12 1.51775e-22
3708 178 1e+6 2e+5 0.075 4.5e-6 0.42 3e-10 2e-4 2e-3 0.3 0.4 0.5 7e+5 5e-13 0 1e-6 1e-6 1e+06 583 8.95607e-11 6.26925e-05 1.42981e-20 8.64023e-07 4.44793e-14 7.85637e-12 1.29882e-22 5.71894 59.7754 7.52759e-12 1.45219e-22
3708 179 1e+6 2e+5 0.075 4.5e-6 0.42 3e-10 2e-4 2e-3 0.3 0.4 0.5 7e+5 5e-13 0 1e-6 1e-6 1e+06 591 8.88872e-11 6.22211e-05 1.18377e-20 8.63736e-07 4.24551e-14 7.86503e-12 1.14921e-22 5.65655 50.4269 7.55082e-12 1.41497e-22
3708 180 1e+6 2e+5 0.075 5e-6 0.42 3e-10 2e-4 2e-3 0.3 0.4 0.5 7e+5 5e-13 0 1e-6 1e-6 1e+06 403 8.92364e-11 6.24655e-05 1.46316e-20 8.66792e-07 4.63453e-14 7.80219e-12 1.12332e-22 5.71386 60.4008 7.4888e-12 1.3714e-22
3708 181 1e+6 2e+5 0.075 5e-6 0.42 3e-10 2e-4 2e-3 0.3 0.4 0.5 7e+5 5e-13 0 1e-6 1e-6 1e+06 360 8.92191e-11 6.24534e-05 1.17291e-20 8.58077e-07 4.1418e-14 7.82231e-12 1.14834e-22 5.70086 50.9783 7.51489e-12 1.37061e-22
3708 182 1e+6 2e+5 0.075 5e-6 0.42 3e-10 2e-4 2e-3 0.3 0.4 0.5 7e+5 5e-13 0 1e-6 1e-6 1e+06 944 8.93514e-11 6.2546e-05 1.43281e-20 8.72364e-07 4.79687e-14 7.88375e-12 1.21975e-22 5.66837 59.153 7.57135e-12 1.45365e-22
3708 183 1e+6 2e+5 0.075 5e-6 0.42 3e-10 2e-4 2e-3 0.3 0.4 0.5 7e+5 5e-13 0 1e-6 1e-6 1e+06 377 8.86942e-11 6.2086e-05 1.37148e-20 8.63962e-07 4.41243e-14 7.79158e-12 1.18365e-22 5.68443 57.1613 7.48744e-12 1.38406e-22
3708 184 1e+6 2e+5 0.075 5e-6 0.42 3e-10 2e-4 2e-3 0.3 0.4 0.5 7e+5 5e-13 0 1e-6 1e-6 1e+06 604 8.9425e-11 6.25975e-05 1.24466e-20 8.63244e-07 4.33599e-14 7.80768e-12 1.20113e-22 5.7171 53.3132 7.52261e-12 1.41342e-22
3708 185 1e+6 2e+5 0.075 5e-6 0.42 3e-10 2e-4 2e-3 0.3 0.4 0.5 7e+5 5e-13 0 1e-6 1e-6 1e+06 752 8.9397e-11 6.25779e-05 1.22268e-20 8.68899e-07 4.61933e-14 7.81869e-12 1.19459e-22 5.70204 52.0802 7.52621e-12 1.38443e-22
3708 186 1e+6 2e+5 0.075 5e-6 0.42 3e-10 2e-4 2e-3 0.3 0.4 0.5 7e+5 5e-13 0 1e-6 1e-6 1e+06 1046 8.93437e-11 6.25406e-05 1.29336e-20 8.66443e-07 4.42251e-14 7.83102e-12 1.21151e-22 5.69017 54.1697 7.52685e-12 1.42403e-22
3708 187 1e+6 2e+5 0.075 5e-6 0.42 3e-10 2e-4 2e-3 0.3 0.4 0.5 7e+5 5e-13 0 1e-6 1e-6 1e+06 592 8.99583e-11 6.29708e-05 1.40227e-20 8.66074e-07 4.5419e-14 7.88265e-12 1.19639e-22 5.70936 57.9437 7.57211e-12 1.42953e-22
3708 188 1e+6 2e+5 0.075 5e-6 0.42 3e-10 2e-4 2e-3 0.3 0.4 0.5 7e+5 5e-13 0 1e-6 1e-6 1e+06 770 9.02674e-11 6.31872e-05 1.39375e-20 8.67219e-07 4.57911e-14 7.85684e-12 1.23971e-22 5.76568 59.3167 7.52575e-12 1.42841e-22
3708 189 1e+6 2e+5 0.075 5e-6 0.42 3e-10 2e-4 2e-3 0.3 0.4 0.5 7e+5 5e-13 0 1e-6 1e-6 1e+06 566 9.10695e-11 6.37487e-05 1.11843e-20 8.557e-07 3.95125e-14 7.81964e-12 1.14039e-22 5.81061 48.9818 7.52805e-12 1.35414e-22
3708 190 1e+6 2e+5 0.075 5e-6 0.42 3e-10 2e-4 2e-3 0.3 0.4 0.5 7e+5 5e-13 0 1e-6 1e-6 1e+06 577 9.0044e-11 6.30308e-05 1.31513e-20 8.62456e-07 4.40439e-14 7.87844e-12 1.43524e-22 5.69347 54.3107 7.59639e-12 1.48249e-22
3708 191 1e+6 2e+5 0.075 5e-6 0.42 3e-10 2e-4 2e-3 0.3 0.4 0.5 7e+5 5e-13 0 1e-6 1e-6 1e+06 495 8.98773e-11 6.29141e-05 1.43894e-20 8.69612e-07 4.91855e-14 7.83102e-12 1.39579e-22 5.73896 58.8626 7.51784e-12 1.52692e-22
3708 192 1e+6 2e+5 0.075 5e-6 0.42 3e-10 2e-4 2e-3 0.3 0.4 0.5 7e+5 5e-13 0 1e-6 1e-6 1e+06 796 8.95668e-11 6.26968e-05 1.31331e-20 8.69146e-07 4.62803e-14 7.87082e-12 1.22712e-22 5.67671 54.6792 7.56412e-12 1.39043e-22
3708 193 1e+6 2e+5 0.075 5e-6 0.42 3e-10 2e-4 2e-3 0.3 0.4 0.5 7e+5 5e-13 0 1e-6 1e-6 1e+06 997 8.9826e-11 6.28782e-05 1.35269e-20 8.70594e-07 4.7195e-14 7.86213e-12 1.25026e-22 5.70393 56.3448 7.54818e-12 1.39186e-22
3708 194 1e+6 2e+5 0.075 5e-6 0.42 3e-10 2e-4 2e-3 0.3 0.4 0.5 7e+5 5e-13 0 1e-6 1e-6 1e+06 906 8.96624e-11 6.27637e-05 1.27756e-20 8.68372e-07 4.86317e-14 7.8263e-12 1.18642e-22 5.7301 54.1806 7.52571e-12 1.41022e-22
3708 195 1e+6 2e+5 0.075 5e-6 0.42 3e-10 2e-4 2e-3 0.3 0.4 0.5 7e+5 5e-13 0 1e-6 1e-6 1e+06 413 8.92958e-11 6.25071e-05 1.39184e-20 8.6811e-07 4.69481e-14 7.89411e-12 1.22541e-22 5.66761 58.2446 7.56815e-12 1.44684e-22
3708 196 1e+6 2e+5 0.075 5e-6 0.42 3e-10 2e-4 2e-3 0.3 0.4 0.5 7e+5 5e-13 0 1e-6 1e-6 1e+06 299 9.11658e-11 6.3816e-05 1.36228e-20 8.65534e-07 4.66089e-14 7.80746e-12 1.26325e-22 5.82487 57.289 7.49935e-12 1.4413e-22
3708 197 1e+6 2e+5 0.075 5e-6 0.42 3e-10 2e-4 2e-3 0.3 0.4 0.5 7e+5 5e-13 0 1e-6 1e-6 1e+06 798 8.90166e-11 6.23116e-05 1.34757e-20 8.65109e-07 4.39952e-14 7.92199e-12 1.18512e-22 5.62983 55.6656 7.60146e-12 1.43845e-22
3708 198 1e+6 2e+5 0.075 5e-6 0.42 3e-10 2e-4 2e-3 0.3 0.4 0.5 7e+5 5e-13 0 1e-6 1e-6 1e+06 880 8.92778e-11 6.24945e-05 1.27707e-20 8.66563e-07 4.37147e-14 7.80118e-12 1.141e-22 5.71491 55.0703 7.49915e-12 1.37279e-22
3708 199 1e+6 2e+5 0.075 5e-6 0.42 3e-10 2e-4 2e-3 0.3 0.4 0.5 7e+5 5e-13 0 1e-6 1e-6 1e+06 682 9.07736e-11 6.35415e-05 1.38053e-20 8.63201e-07 4.39254e-14 7.85736e-12 1.22378e-22 5.7702 57.5091 7.54608e-12 1.39485e-22
3708 200 1e+6 2e+5 0.075 5.5e-6 0.42 3e-10 2e-4 2e-3 0.3 0.4 0.5 7e+5 5e-13 0 1e-6 1e-6 1e+06 566 8.85613e-11 6.19929e-05 1.41243e-20 8.74225e-07 4.99328e-14 7.82896e-12 1.15758e-22 5.66475 59.8591 7.49962e-12 1.31353e-22
3708 201 1e+6 2e+5 0.075 5.5e-6 0.42 3e-10 2e-4 2e-3 0.3 0.4 0.5 7e+5 5e-13 0 1e-6 1e-6 1e+06 783 8.99079e-11 6.29355e-05 1.38885e-20 8.66888e-07 4.6003e-14 7.74809e-12 1.32659e-22 5.78011 57.8027 7.45396e-12 1.4058e-22
3708 202 1e+6 2e+5 0.075 5.5e-6 0.42 3e-10 2e-4 2e-3 0.3 0.4 0.5 7e+5 5e-13 0 1e-6 1e-6 1e+06 798 8.95108e-11 6.26575e-05 1.39859e-20 8.66897e-07 4.50898e-14 7.87384e-12 1.19428e-22 5.65787 57.4203 7.58247e-12 1.38258e-22
3708 203 1e+6 2e+5 0.075 5.5e-6 0.42 3e-10 2e-4 2e-3 0.3 0.4 0.5 7e+5 5e-13 0 1e-6 1e-6 1e+06 483 8.79608e-11 6.15725e-05 1.2763e-20 8.73713e-07 4.97609e-14 7.77566e-12 1.24454e-22 5.63863 53.3896 7.50809e-12 1.37515e-22
3708 204 1e+6 2e+5 0.075 5.5e-6 0.42 3e-10 2e-4 2e-3 0.3 0.4 0.5 7e+5 5e-13 0 1e-6 1e-6 1e+06 720 9.10768e-11 6.37537e-05 1.5661e-20 8.70807e-07 4.94332e-14 7.84778e-12 1.10937e-22 5.81021 64.5634 7.53044e-12 1.35596e-22
3708 205 1e+6 2e+5 0.075 5.5e-6 0.42 3e-10 2e-4 2e-3 0.3 0.4 0.5 7e+5 5e-13 0 1e-6 1e-6 1e+06 530 8.96144e-11 6.27301e-05 1.31989e-20 8.65127e-07 4.35428e-14 7.84702e-12 1.16487e-22 5.71298 56.8366 7.53014e-12 1.33634e-22
3708 206 1e+6 2e+5 0.075 5.5e-6 0.42 3e-10 2e-4 2e-3 0.3 0.4 0.5 7e+5 5e-13 0 1e-6 1e-6 1e+06 699 9.03117e-11 6.32182e-05 1.40267e-20 8.75461e-07 5.12905e-14 7.8198e-12 1.00241e-22 5.76232 58.0526 7.52048e-12 1.30013e-22
3708 207 1e+6 2e+5 0.075 5.5e-6 0.42 3e-10 2e-4 2e-3 0.3 0.4 0.5 7e+5 5e-13 0 1e-6 1e-6 1e+06 519 8.89503e-11 6.22652e-05 1.21765e-20 8.69133e-07 4.6495e-14 7.85304e-12 1.03371e-22 5.66617 53.0539 7.53097e-12 1.28156e-22
3708 208 1e+6 2e+5 0.075 5.5e-6 0.42 3e-10 2e-4 2e-3 0.3 0.4 0.5 7e+5 5e-13 0 1e-6 1e-6 1e+06 391 8.99092e-11 6.29364e-05 1.46562e-20 8.72388e-07 4.8068e-14 7.82332e-12 1.07485e-22 5.73858 61.9411 7.51516e-12 1.34049e-22
3708 209 1e+6 2e+5 0.075 5.5e-6 0.42 3e-10 2e-4 2e-3 0.3 0.4 0.5 7e+5 5e-13 0 1e-6 1e-6 1e+06 523 9.07588e-11 6.35312e-05 1.38362e-20 8.64801e-07 4.43843e-14 7.85327e-12 1.18019e-22 5.75835 57.2993 7.55186e-12 1.34418e-22
3708 210 1e+6 2e+5 0.075 5.5e-6 0.42 3e-10 2e-4 2e-3 0.3 0.4 0.5 7e+5 5e-13 0 1e-6 1e-6 1e+06 566 8.80477e-11 6.16334e-05 1.27301e-20 8.7819e-07 5.28883e-14 7.80598e-12 1.14527e-22 5.64339 54.1775 7.49627e-12 1.34221e-22
3708 211 1e+6 2e+5 0.075 5.5e-6 0.42 3e-10 2e-4 2e-3 0.3 0.4 0.5 7e+5 5e-13 0 1e-6 1e-6 1e+06 595 8.89617e-11 6.22732e-05 1.39584e-20 8.6982e-07 4.6618e-14 7.82558e-12 1.11477e-22 5.67613 57.5142 7.52729e-12 1.30552e-22
3708 212 1e+6 2e+5 0.075 5.5e-6 0.42 3e-10 2e-4 2e-3 0.3 0.4 0.5 7e+5 5e-13 0 1e-6 1e-6 1e+06 462 8.91439e-11 6.24007e-05 1.36268e-20 8.72615e-07 5.00354e-14 7.82558e-12 1.21396e-22 5.66711 56.4571 7.53112e-12 1.37174e-22
3708 213 1e+6 2e+5 0.075 5.5e-6 0.42 3e-10 2e-4 2e-3 0.3 0.4 0.5 7e+5 5e-13 0 1e-6 1e-6 1e+06 378 8.7362e-11 6.11534e-05 1.51371e-20 8.75978e-07 4.98166e-14 7.82143e-12 1.29095e-22 5.56754 60.9779 7.50954e-12 1.35782e-22
3708 214 1e+6 2e+5 0.075 5.5e-6 0.42 3e-10 2e-4 2e-3 0.3 0.4 0.5 7e+5 5e-13 0 1e-6 1e-6 1e+06 448 8.93109e-11 6.25176e-05 1.31741e-20 8.76464e-07 5.21027e-14 7.86001e-12 1.0631e-22 5.67467 55.3886 7.55362e-12 1.32257e-22
3708 215 1e+6 2e+5 0.075 5.5e-6 0.42 3e-10 2e-4 2e-3 0.3 0.4 0.5 7e+5 5e-13 0 1e-6 1e-6 1e+06 960 9.03673e-11 6.32571e-05 1.52214e-20 8.70536e-07 4.77577e-14 7.90147e-12 1.15228e-22 5.70788 62.1589 7.58703e-12 1.34385e-22
3708 216 1e+6 2e+5 0.075 5.5e-6 0.42 3e-10 2e-4 2e-3 0.3 0.4 0.5 7e+5 5e-13 0 1e-6 1e-6 1e+06 474 8.90564e-11 6.23395e-05 1.24764e-20 8.68593e-07 4.56142e-14 7.78493e-12 1.05013e-22 5.69937 53.9353 7.48494e-12 1.27874e-22
3708 217 1e+6 2e+5 0.075 5.5e-6 0.42 3e-10 2e-4 2e-3 0.3 0.4 0.5 7e+5 5e-13 0 1e-6 1e-6 1e+06 315 9.07874e-11 6.35512e-05 1.28721e-20 8.66986e-07 4.71199e-14 7.78664e-12 1.17611e-22 5.80644 54.9799 7.50363e-12 1.33137e-22
3708 218 1e+6 2e+5 0.075 5.5e-6 0.42 3e-10 2e-4 2e-3 0.3 0.4 0.5 7e+5 5e-13 0 1e-6 1e-6 1e+06 529 8.89363e-11 6.22554e-05 1.28174e-20 8.69914e-07 4.67596e-14 7.78892e-12 1.09332e-22 5.71511 55.9434 7.48222e-12 1.31646e-22
3708 219 1e+6 2e+5 0.075 5.5e-6 0.42 3e-10 2e-4 2e-3 0.3 0.4 0.5 7e+5 5e-13 0 1e-6 1e-6 1e+06 534 8.90601e-11 6.23421e-05 1.23386e-20 8.72428e-07 5.06232e-14 7.8544e-12 1.13891e-22 5.65084 51.9077 7.56663e-12 1.34911e-22
3708 220 1e+6 2e+5 0.075 6e-6 0.42 3e-10 2e-4 2e-3 0.3 0.4 0.5 7e+5 5e-13 0 1e-6 1e-6 1e+06 515 8.8551e-11 6.19857e-05 1.3335e-20 8.75936e-07 5.08354e-14 7.78402e-12 1.11134e-22 5.66375 56.5458 7.4925e-12 1.27651e-22
3708 221 1e+6 2e+5 0.075 6e-6 0.42 3e-10 2e-4 2e-3 0.3 0.4 0.5 7e+5 5e-13 0 1e-6 1e-6 1e+06 587 9.03123e-11 6.32186e-05 1.45317e-20 8.76823e-07 5.32261e-14 7.8314e-12 1.07969e-22 5.73123 58.7314 7.56406e-12 1.28382e-22
3708 222 1e+6 2e+5 0.075 6e-6 0.42 3e-10 2e-4 2e-3 0.3 0.4 0.5 7e+5 5e-13 0 1e-6 1e-6 1e+06 260 8.75034e-11 6.12524e-05 1.40075e-20 8.76733e-07 5.03901e-14 7.80375e-12 1.04129e-22 5.57631 58.3521 7.5117e-12 1.2591e-22
3708 223 1e+6 2e+5 0.075 6e-6 0.42 3e-10 2e-4 2e-3 0.3 0.4 0.5 7e+5 5e-13 0 1e-6 1e-6 1e+06 828 8.9487e-11 6.26409e-05 1.42511e-20 8.72253e-07 5.11025e-14 7.82657e-12 1.11024e-22 5.69594 58.1261 7.55127e-12 1.2908e-22
3708 224 1e+6 2e+5 0.075 6e-6 0.42 3e-10 2e-4 2e-3 0.3 0.4 0.5 7e+5 5e-13 0 1e-6 1e-6 1e+06 396 8.88073e-11 6.21651e-05 1.33986e-20 8.73134e-07 4.9577e-14 7.80409e-12 1.04394e-22 5.66608 56.669 7.54151e-12 1.24231e-22
3708 225 1e+6 2e+5 0.075 6e-6 0.42 3e-10 2e-4 2e-3 0.3 0.4 0.5 7e+5 5e-13 0 1e-6 1e-6 1e+06 984 8.95269e-11 6.26689e-05 1.27302e-20 8.7201e-07 4.77956e-14 7.81896e-12 1.06839e-22 5.69715 53.7821 7.55046e-12 1.33921e-22
3708 226 1e+6 2e+5 0.075 6e-6 0.42 3e-10 2e-4 2e-3 0.3 0.4 0.5 7e+5 5e-13 0 1e-6 1e-6 1e+06 387 8.79153e-11 6.15407e-05 1.35357e-20 8.75444e-07 5.13278e-14 7.79048e-12 1.24422e-22 5.61306 55.3682 7.50061e-12 1.33743e-22
3708 227 1e+6 2e+5 0.075 6e-6 0.42 3e-10 2e-4 2e-3 0.3 0.4 0.5 7e+5 5e-13 0 1e-6 1e-6 1e+06 765 8.73551e-11 6.11486e-05 1.46302e-20 8.82273e-07 5.62089e-14 7.81346e-12 1.21938e-22 5.56918 60.5197 7.51878e-12 1.31372e-22
3708 228 1e+6 2e+5 0.075 6e-6 0.42 3e-10 2e-4 2e-3 0.3 0.4 0.5 7e+5 5e-13 0 1e-6 1e-6 1e+06 640 9.10201e-11 6.3714e-05 1.46951e-20 8.78172e-07 5.17316e-14 7.87153e-12 1.07247e-22 5.76197 61.2804 7.58183e-12 1.27772e-22
3708 229 1e+6 2e+5 0.075 6e-6 0.42 3e-10 2e-4 2e-3 0.3 0.4 0.5 7e+5 5e-13 0 1e-6 1e-6 1e+06 441 8.99656e-11 6.29759e-05 1.33402e-20 8.74033e-07 4.92394e-14 7.80651e-12 1.0788e-22 5.73486 56.565 7.52293e-12 1.29171e-22
3708 230 1e+6 2e+5 0.075 6e-6 0.42 3e-10 2e-4 2e-3 0.3 0.4 0.5 7e+5 5e-13 0 1e-6 1e-6 1e+06 376 9.00161e-11 6.30113e-05 1.36777e-20 8.71331e-07 4.92518e-14 7.82363e-12 1.30021e-22 5.73868 57.0905 7.53296e-12 1.41026e-22
3708 231 1e+6 2e+5 0.075 6e-6 0.42 3e-10 2e-4 2e-3 0.3 0.4 0.5 7e+5 5e-13 0 1e-6 1e-6 1e+06 730 9.02713e-11 6.31899e-05 1.62358e-20 8.79659e-07 5.37389e-14 7.84967e-12 1.18563e-22 5.71951 64.8797 7.54977e-12 1.3431e-22
3708 232 1e+6 2e+5 0.075 6e-6 0.42 3e-10 2e-4 2e-3 0.3 0.4 0.5 7e+5 5e-13 0 1e-6 1e-6 1e+06 767 8.86189e-11 6.20332e-05 1.12311e-20 8.72257e-07 4.97866e-14 7.80002e-12 1.0692e-22 5.6507 48.3788 7.5266e-12 1.23244e-22
3708 233 1e+6 2e+5 0.075 6e-6 0.42 3e-10 2e-4 2e-3 0.3 0.4 0.5 7e+5 5e-13 0 1e-6 1e-6 1e+06 293 8.97205e-11 6.28044e-05 1.37132e-20 8.70354e-07 4.71621e-14 7.79292e-12 1.06761e-22 5.74413 58.2872 7.49693e-12 1.27448e-22
3708 234 1e+6 2e+5 0.075 6e-6 0.42 3e-10 2e-4 2e-3 0.3 0.4 0.5 7e+5 5e-13 0 1e-6 1e-6 1e+06 752 9.05837e-11 6.34086e-05 1.40249e-20 8.78344e-07 5.51121e-14 7.83242e-12 1.10057e-22 5.75686 58.6464 7.55265e-12 1.30725e-22
3708 235 1e+6 2e+5 0.075 6e-6 0.42 3e-10 2e-4 2e-3 0.3 0.4 0.5 7e+5 5e-13 0 1e-6 1e-6 1e+06 1040 8.99057e-11 6.2934e-05 1.38828e-20 8.69292e-07 4.71329e-14 7.84643e-12 1.19212e-22 5.68473 56.9433 7.579e-12 1.29544e-22
3708 236 1e+6 2e+5 0.075 6e-6 0.42 3e-10 2e-4 2e-3 0.3 0.4 0.5 7e+5 5e-13 0 1e-6 1e-6 1e+06 918 9.01849e-11 6.31294e-05 1.42843e-20 8.70223e-07 4.79121e-14 7.81091e-12 1.08601e-22 5.74864 59.634 7.52804e-12 1.27649e-22
3708 237 1e+6 2e+5 0.075 6e-6 0.42 3e-10 2e-4 2e-3 0.3 0.4 0.5 7e+5 5e-13 0 1e-6 1e-6 1e+06 476 8.99559e-11 6.29691e-05 1.49068e-20 8.81005e-07 5.57281e-14 7.83596e-12 1.15743e-22 5.73276 61.7604 7.53746e-12 1.35069e-22
3708 238 1e+6 2e+5 0.075 6e-6 0.42 3e-10 2e-4 2e-3 0.3 0.4 0.5 7e+5 5e-13 0 1e-6 1e-6 1e+06 442 8.94654e-11 6.26258e-05 1.35918e-20 8.75118e-07 5.03673e-14 7.83512e-12 1.16475e-22 5.69599 57.7754 7.53274e-12 1.33231e-22
3708 239 1e+6 2e+5 0.075 6e-6 0.42 3e-10 2e-4 2e-3 0.3 0.4 0.5 7e+5 5e-13 0 1e-6 1e-6 1e+06 569 9.00175e-11 6.30123e-05 1.44106e-20 8.82534e-07 5.6362e-14 7.76615e-12 1.03376e-22 5.77336 60.934 7.48324e-12 1.29117e-22
3708 240 1e+6 2e+5 0.075 6.5e-6 0.42 3e-10 2e-4 2e-3 0.3 0.4 0.5 7e+5 5e-13 0 1e-6 1e-6 1e+06 791 8.88792e-11 6.22155e-05 1.48641e-20 8.7606e-07 5.16943e-14 7.79421e-12 1.01259e-22 5.67209 60.8416 7.51283e-12 1.22095e-22
3708 241 1e+6 2e+5 0.075 6.5e-6 0.42 3e-10 2e-4 2e-3 0.3 0.4 0.5 7e+5 5e-13 0 1e-6 1e-6 1e+06 249 8.82815e-11 6.17971e-05 1.35479e-20 8.74099e-07 5.04805e-14 7.77119e-12 1.14906e-22 5.64422 56.6448 7.50528e-12 1.29318e-22
3708 242 1e+6 2e+5 0.075 6.5e-6 0.42 3e-10 2e-4 2e-3 0.3 0.4 0.5 7e+5 5e-13 0 1e-6 1e-6 1e+06 339 8.89235e-11 6.22464e-05 1.36524e-20 8.73975e-07 5.00755e-14 7.8558e-12 1.10656e-22 5.62273 55.7674 7.56981e-12 1.22534e-22
3708 243 1e+6 2e+5 0.075 6.5e-6 0.42 3e-10 2e-4 2e-3 0.3 0.4 0.5 7e+5 5e-13 0 1e-6 1e-6 1e+06 453 9.04063e-11 6.32844e-05 1.51176e-20 8.80393e-07 5.4034e-14 7.78745e-12 1.04703e-22 5.7759 62.5153 7.51753e-12 1.27314e-22
3708 244 1e+6 2e+5 0.075 6.5e-6 0.42 3e-10 2e-4 2e-3 0.3 0.4 0.5 7e+5 5e-13 0 1e-6 1e-6 1e+06 626 8.86972e-11 6.2088e-05 1.31426e-20 8.8082e-07 5.32694e-14 7.82985e-12 1.08889e-22 5.66952 57.1577 7.52657e-12 1.26637e-22
3708 245 1e+6 2e+5 0.075 6.5e-6 0.42 3e-10 2e-4 2e-3 0.3 0.4 0.5 7e+5 5e-13 0 1e-6 1e-6 1e+06 871 9.02682e-11 6.31877e-05 1.23542e-20 8.73264e-07 4.78643e-14 7.88836e-12 1.02668e-22 5.71563 53.4742 7.58849e-12 1.19865e-22
3708 246 1e+6 2e+5 0.075 6.5e-6 0.42 3e-10 2e-4 2e-3 0.3 0.4 0.5 7e+5 5e-13 0 1e-6 1e-6 1e+06 409 8.96456e-11 6.27519e-05 1.24895e-20 8.73041e-07 5.04793e-14 7.81884e-12 1.03929e-22 5.69481 52.8398 7.55878e-12 1.19239e-22
3708 247 1e+6 2e+5 0.075 6.5e-6 0.42 3e-10 2e-4 2e-3 0.3 0.4 0.5 7e+5 5e-13 0 1e-6 1e-6 1e+06 447 9.02802e-11 6.31962e-05 1.20123e-20 8.70662e-07 5.01205e-14 7.80062e-12 1.0319e-22 5.74948 51.6802 7.53499e-12 1.23025e-22
3708 248 1e+6 2e+5 0.075 6.5e-6 0.42 3e-10 2e-4 2e-3 0.3 0.4 0.5 7e+5 5e-13 0 1e-6 1e-6 1e+06 745 8.9305e-11 6.25135e-05 1.70155e-20 8.84836e-07 5.87563e-14 7.85527e-12 1.05291e-22 5.66263 68.3937 7.58115e-12 1.24823e-22
3708 249 1e+6 2e+5 0.075 6.5e-6 0.42 3e-10 2e-4 2e-3 0.3 0.4 0.5 7e+5 5e-13 0 1e-6 1e-6 1e+06 526 8.98954e-11 6.29268e-05 1.37959e-20 8.73634e-07 5.24117e-14 7.77269e-12 1.07104e-22 5.72763 57.0176 7.52438e-12 1.22525e-22
3708 250 1e+6 2e+5 0.075 6.5e-6 0.42 3e-10 2e-4 2e-3 0.3 0.4 0.5 7e+5 5e-13 0 1e-6 1e-6 1e+06 724 8.83502e-11 6.18451e-05 1.43511e-20 8.84579e-07 5.83915e-14 7.80196e-12 1.10442e-22 5.62904 59.8574 7.52288e-12 1.2855e-22
3708 251 1e+6 2e+5 0.075 6.5e-6 0.42 3e-10 2e-4 2e-3 0.3 0.4 0.5 7e+5 5e-13 0 1e-6 1e-6 1e+06 844 8.97383e-11 6.28168e-05 1.33615e-20 8.74555e-07 5.03924e-14 7.8551e-12 1.04989e-22 5.67767 55.8842 7.58762e-12 1.22828e-22
3708 252 1e+6 2e+5 0.075 6.5e-6 0.42 3e-10 2e-4 2e-3 0.3 0.4 0.5 7e+5 5e-13 0 1e-6 1e-6 1e+06 400 8.94714e-11 6.26299e-05 1.42512e-20 8.74246e-07 5.01201e-14 7.77783e-12 9.82205e-23 5.72438 61.3529 7.49494e-12 1.21543e-22
3708 253 1e+6 2e+5 0.075 6.5e-6 0.42 3e-10 2e-4 2e-3 0.3 0.4 0.5 7e+5 5e-13 0 1e-6 1e-6 1e+06 229 8.90767e-11 6.23537e-05 1.44856e-20 8.75729e-07 5.17234e-14 7.74187e-12 1.23674e-22 5.69782 60.3703 7.4675e-12 1.3486e-22
3708 254 1e+6 2e+5 0.075 6.5e-6 0.42 3e-10 2e-4 2e-3 0.3 0.4 0.5 7e+5 5e-13 0 1e-6 1e-6 1e+06 681 9.05497e-11 6.33848e-05 1.42812e-20 8.78089e-07 5.31589e-14 7.74525e-12 1.05849e-22 5.78608 59.0628 7.48502e-12 1.24931e-22
3708 255 1e+6 2e+5 0.075 6.5e-6 0.42 3e-10 2e-4 2e-3 0.3 0.4 0.5 7e+5 5e-13 0 1e-6 1e-6 1e+06 742 8.99536e-11 6.29675e-05 1.3483e-20 8.74065e-07 4.96445e-14 7.77877e-12 9.95239e-23 5.73674 55.9719 7.52013e-12 1.19562e-22
3708 256 1e+6 2e+5 0.075 6.5e-6 0.42 3e-10 2e-4 2e-3 0.3 0.4 0.5 7e+5 5e-13 0 1e-6 1e-6 1e+06 651 8.90423e-11 6.23296e-05 1.53955e-20 8.91636e-07 6.00624e-14 7.90247e-12 1.11362e-22 5.64947 64.1409 7.57282e-12 1.32152e-22
3708 257 1e+6 2e+5 0.075 6.5e-6 0.42 3e-10 2e-4 2e-3 0.3 0.4 0.5 7e+5 5e-13 0 1e-6 1e-6 1e+06 681 8.9835e-11 6.28845e-05 1.2275e-20 8.78539e-07 5.10369e-14 7.78775e-12 9.62541e-23 5.74454 53.8772 7.50452e-12 1.18527e-22
3708 258 1e+6 2e+5 0.075 6.5e-6 0.42 3e-10 2e-4 2e-3 0.3 0.4 0.5 7e+5 5e-13 0 1e-6 1e-6 1e+06 706 8.9265e-11 6.24855e-05 1.28297e-20 8.79133e-07 5.50568e-14 7.83274e-12 1.00091e-22 5.69825 55.7525 7.52649e-12 1.21307e-22
3708 259 1e+6 2e+5 0.075 6.5e-6 0.42 3e-10 2e-4 2e-3 0.3 0.4 0.5 7e+5 5e-13 0 1e-6 1e-6 1e+06 881 9.0595e-11 6.34165e-05 1.33153e-20 8.82049e-07 5.53172e-14 7.89517e-12 1.02327e-22 5.70612 55.0516 7.63256e-12 1.24978e-22
3708 260 1e+6 2e+5 0.075 7e-6 0.42 3e-10 2e-4 2e-3 0.3 0.4 0.5 7e+5 5e-13 0 1e-6 1e-6 1e+06 700 8.84852e-11 6.19397e-05 1.24082e-20 8.84354e-07 5.65844e-14 7.84908e-12 9.54496e-23 5.60321 52.8022 7.5788e-12 1.15107e-22
3708 261 1e+6 2e+5 0.075 7e-6 0.42 3e-10 2e-4 2e-3 0.3 0.4 0.5 7e+5 5e-13 0 1e-6 1e-6 1e+06 752 8.79569e-11 6.15698e-05 1.35632e-20 8.84291e-07 5.55617e-14 7.8076e-12 9.67377e-23 5.6094 56.96 7.53047e-12 1.18092e-22
3708 262 1e+6 2e+5 0.075 7e-6 0.42 3e-10 2e-4 2e-3 0.3 0.4 0.5 7e+5 5e-13 0 1e-6 1e-6 1e+06 723 8.91038e-11 6.23727e-05 1.49704e-20 8.80284e-07 5.33111e-14 7.80735e-12 1.04169e-22 5.6744 60.6634 7.53483e-12 1.2302e-22
3708 263 1e+6 2e+5 0.075 7e-6 0.42 3e-10 2e-4 2e-3 0.3 0.4 0.5 7e+5 5e-13 0 1e-6 1e-6 1e+06 541 8.86928e-11 6.2085e-05 1.19286e-20 8.81657e-07 5.42015e-14 7.77742e-12 9.28871e-23 5.66518 51.098 7.51e-12 1.15801e-22
3708 264 1e+6 2e+5 0.075 7e-6 0.42 3e-10 2e-4 2e-3 0.3 0.4 0.5 7e+5 5e-13 0 1e-6 1e-6 1e+06 580 8.98807e-11 6.29165e-05 1.2062e-20 8.82585e-07 5.63072e-14 7.81178e-12 9.21179e-23 5.70988 51.6901 7.5602e-12 1.13632e-22
3708 265 1e+6 2e+5 0.075 7e-6 0.42 3e-10 2e-4 2e-3 0.3 0.4 0.5 7e+5 5e-13 0 1e-6 1e-6 1e+06 376 8.88187e-11 6.21731e-05 1.23401e-20 8.76111e-07 5.12005e-14 7.77629e-12 9.27547e-23 5.65555 52.0779 7.52614e-12 1.14415e-22
3708 266 1e+6 2e+5 0.075 7e-6 0.42 3e-10 2e-4 2e-3 0.3 0.4 0.5 7e+5 5e-13 0 1e-6 1e-6 1e+06 650 8.99376e-11 6.29563e-05 1.29576e-20 8.85075e-07 5.67146e-14 7.78883e-12 1.00326e-22 5.72504 55.695 7.53121e-12 1.18862e-22
3708 267 1e+6 2e+5 0.075 7e-6 0.42 3e-10 2e-4 2e-3 0.3 0.4 0.5 7e+5 5e-13 0 1e-6 1e-6 1e+06 763 9.00127e-11 6.30089e-05 1.36266e-20 8.849e-07 5.6308e-14 7.85181e-12 8.60429e-23 5.71237 57.9705 7.56154e-12 1.14813e-22
3708 268 1e+6 2e+5 0.075 7e-6 0.42 3e-10 2e-4 2e-3 0.3 0.4 0.5 7e+5 5e-13 0 1e-6 1e-6 1e+06 391 8.78055e-11 6.14639e-05 1.32194e-20 8.89409e-07 5.74558e-14 7.82507e-12 9.34314e-23 5.5817 55.5623 7.55018e-12 1.15544e-22
3708 269 1e+6 2e+5 0.075 7e-6 0.42 3e-10 2e-4 2e-3 0.3 0.4 0.5 7e+5 5e-13 0 1e-6 1e-6 1e+06 814 8.94946e-11 6.26462e-05 1.40647e-20 8.78737e-07 5.256e-14 7.83408e-12 1.00545e-22 5.68574 58.9522 7.54701e-12 1.20225e-22
3708 270 1e+6 2e+5 0.075 7e-6 0.42 3e-10 2e-4 2e-3 0.3 0.4 0.5 7e+5 5e-13 0 1e-6 1e-6 1e+06 457 8.96882e-11 6.27817e-05 1.4119e-20 8.88909e-07 5.9959e-14 7.73058e-12 9.18363e-23 5.76295 60.4598 7.47625e-12 1.17605e-22
3708 271 1e+6 2e+5 0.075 7e-6 0.42 3e-10 2e-4 2e-3 0.3 0.4 0.5 7e+5 5e-13 0 1e-6 1e-6 1e+06 525 8.97198e-11 6.28039e-05 1.39861e-20 8.82505e-07 5.6604e-14 7.86287e-12 1.04813e-22 5.66753 57.4018 7.58995e-12 1.22741e-22
3708 272 1e+6 2e+5 0.075 7e-6 0.42 3e-10 2e-4 2e-3 0.3 0.4 0.5 7e+5 5e-13 0 1e-6 1e-6 1e+06 941 9.01145e-11 6.30802e-05 1.46185e-20 8.91038e-07 6.09495e-14 7.78934e-12 9.23365e-23 5.7513 61.1748 7.5089e-12 1.15602e-22
3708 273 1e+6 2e+5 0.075 7e-6 0.42 3e-10 2e-4 2e-3 0.3 0.4 0.5 7e+5 5e-13 0 1e-6 1e-6 1e+06 751 9.10372e-11 6.3726e-05 1.60655e-20 8.83739e-07 5.56424e-14 7.90094e-12 1.01389e-22 5.7454 64.8186 7.61512e-12 1.20938e-22
3708 274 1e+6 2e+5 0.075 7e-6 0.42 3e-10 2e-4 2e-3 0.3 0.4 0.5 7e+5 5e-13 0 1e-6 1e-6 1e+06 703 8.7633e-11 6.13431e-05 1.25844e-20 8.80535e-07 5.42117e-14 7.80663e-12 8.95857e-23 5.59422 54.1818 7.52539e-12 1.15955e-22
3708 275 1e+6 2e+5 0.075 7e-6 0.42 3e-10 2e-4 2e-3 0.3 0.4 0.5 7e+5 5e-13 0 1e-6 1e-6 1e+06 299 8.83228e-11 6.1826e-05 1.35633e-20 8.82447e-07 5.58904e-14 7.75142e-12 1.04215e-22 5.66767 58.8171 7.46586e-12 1.22205e-22
3708 276 1e+6 2e+5 0.075 7e-6 0.42 3e-10 2e-4 2e-3 0.3 0.4 0.5 7e+5 5e-13 0 1e-6 1e-6 1e+06 558 8.92283e-11 6.24598e-05 1.34352e-20 8.76191e-07 5.11946e-14 7.79535e-12 1.09518e-22 5.68517 56.5442 7.54006e-12 1.20608e-22
3708 277 1e+6 2e+5 0.075 7e-6 0.42 3e-10 2e-4 2e-3 0.3 0.4 0.5 7e+5 5e-13 0 1e-6 1e-6 1e+06 383 8.9685e-11 6.27795e-05 1.38386e-20 8.8051e-07 5.33077e-14 7.84278e-12 9.61198e-23 5.69107 57.8847 7.56927e-12 1.19272e-22
3708 278 1e+6 2e+5 0.075 7e-6 0.42 3e-10 2e-4 2e-3 0.3 0.4 0.5 7e+5 5e-13 0 1e-6 1e-6 1e+06 281 8.9911e-11 6.29377e-05 1.2437e-20 8.78695e-07 5.37106e-14 7.80246e-12 9.76027e-23 5.71613 53.1115 7.53347e-12 1.1682e-22
3708 279 1e+6 2e+5 0.075 7e-6 0.42 3e-10 2e-4 2e-3 0.3 0.4 0.5 7e+5 5e-13 0 1e-6 1e-6 1e+06 325 8.7543e-11 6.12801e-05 1.2237e-20 8.78585e-07 5.35888e-14 7.76612e-12 9.20427e-23 5.60479 53.5978 7.49648e-12 1.15278e-22
3708 280 1e+6 2e+5 0.075 7.5e-6 0.42 3e-10 2e-4 2e-3 0.3 0.4 0.5 7e+5 5e-13 0 1e-6 1e-6 1e+06 899 9.03841e-11 6.32688e-05 1.17124e-20 8.81404e-07 5.44791e-14 7.8285e-12 9.08953e-23 5.71698 50.4658 7.57798e-12 1.11644e-22
3708 281 1e+6 2e+5 0.075 7.5e-6 0.42 3e-10 2e-4 2e-3 0.3 0.4 0.5 7e+5 5e-13 0 1e-6 1e-6 1e+06 566 8.97425e-11 6.28198e-05 1.68624e-20 8.98572e-07 6.72509e-14 7.80168e-12 9.15613e-23 5.69042 66.9724 7.52637e-12 1.13633e-22
3708 282 1e+6 2e+5 0.075 7.5e-6 0.42 3e-10 2e-4 2e-3 0.3 0.4 0.5 7e+5 5e-13 0 1e-6 1e-6 1e+06 453 8.9651e-11 6.27557e-05 1.18125e-20 8.85735e-07 5.68572e-14 7.77575e-12 8.19609e-23 5.72116 51.8771 7.52584e-12 1.09339e-22
3708 283 1e+6 2e+5 0.075 7.5e-6 0.42 3e-10 2e-4 2e-3 0.3 0.4 0.5 7e+5 5e-13 0 1e-6 1e-6 1e+06 427 8.91593e-11 6.24115e-05 1.37414e-20 8.84547e-07 5.73347e-14 7.80838e-12 9.43767e-23 5.68347 58.4296 7.53369e-12 1.15251e-22
3708 284 1e+6 2e+5 0.075 7.5e-6 0.42 3e-10 2e-4 2e-3 0.3 0.4 0.5 7e+5 5e-13 0 1e-6 1e-6 1e+06 633 8.89547e-11 6.22683e-05 1.30576e-20 8.79043e-07 5.30748e-14 7.7935e-12 8.66404e-23 5.67932 56.5337 7.52404e-12 1.10304e-22
3708 285 1e+6 2e+5 0.075 7.5e-6 0.42 3e-10 2e-4 2e-3 0.3 0.4 0.5 7e+5 5e-13 0 1e-6 1e-6 1e+06 741 9.02901e-11 6.3203e-05 1.47355e-20 8.80897e-07 5.28295e-14 7.85979e-12 9.46231e-23 5.70102 60.925 7.58783e-12 1.10953e-22
3708 286 1e+6 2e+5 0.075 7.5e-6 0.42 3e-10 2e-4 2e-3 0.3 0.4 0.5 7e+5 5e-13 0 1e-6 1e-6 1e+06 407 8.91769e-11 6.24238e-05 1.33001e-20 8.81057e-07 5.37686e-14 7.80597e-12 9.9083e-23 5.68436 56.482 7.52678e-12 1.1566e-22
3708 287 1e+6 2e+5 0.075 7.5e-6 0.42 3e-10 2e-4 2e-3 0.3 0.4 0.5 7e+5 5e-13 0 1e-6 1e-6 1e+06 768 8.70798e-11 6.09558e-05 1.63462e-20 9.02597e-07 6.49481e-14 7.82464e-12 9.38538e-23 5.54223 66.1214 7.53606e-12 1.15035e-22
3708 288 1e+6 2e+5 0.075 7.5e-6 0.42 3e-10 2e-4 2e-3 0.3 0.4 0.5 7e+5 5e-13 0 1e-6 1e-6 1e+06 588 9.01232e-11 6.30862e-05 1.41492e-20 8.82624e-07 5.45688e-14 7.82268e-12 1.02266e-22 5.71783 58.9831 7.54881e-12 1.16117e-22
3708 289 1e+6 2e+5 0.075 7.5e-6 0.42 3e-10 2e-4 2e-3 0.3 0.4 0.5 7e+5 5e-13 0 1e-6 1e-6 1e+06 558 9.04416e-11 6.33092e-05 1.62751e-20 8.8663e-07 5.85483e-14 7.82377e-12 1.00187e-22 5.74535 65.9089 7.53953e-12 1.16887e-22
3708 290 1e+6 2e+5 0.075 7.5e-6 0.42 3e-10 2e-4 2e-3 0.3 0.4 0.5 7e+5 5e-13 0 1e-6 1e-6 1e+06 1102 8.92298e-11 6.24609e-05 1.28903e-20 8.83828e-07 5.51582e-14 7.79448e-12 8.82211e-23 5.65259 53.0796 7.56197e-12 1.11072e-22
3708 291 1e+6 2e+5 0.075 7.5e-6 0.42 3e-10 2e-4 2e-3 0.3 0.4 0.5 7e+5 5e-13 0 1e-6 1e-6 1e+06 407 8.88664e-11 6.22065e-05 1.25655e-20 8.77787e-07 5.19447e-14 7.79733e-12 9.46176e-23 5.65921 54.4179 7.53141e-12 1.14801e-22
3708 292 1e+6 2e+5 0.075 7.5e-6 0.42 3e-10 2e-4 2e-3 0.3 0.4 0.5 7e+5 5e-13 0 1e-6 1e-6 1e+06 320 8.68609e-11 6.08026e-05 1.37094e-20 8.9387e-07 6.31593e-14 7.78636e-12 8.91118e-23 5.54741 57.9447 7.51338e-12 1.12492e-22
3708 293 1e+6 2e+5 0.075 7.5e-6 0.42 3e-10 2e-4 2e-3 0.3 0.4 0.5 7e+5 5e-13 0 1e-6 1e-6 1e+06 413 8.85693e-11 6.19985e-05 1.33362e-20 8.79774e-07 5.39979e-14 7.799e-12 9.63306e-23 5.63982 56.2704 7.52731e-12 1.14317e-22
3708 294 1e+6 2e+5 0.075 7.5e-6 0.42 3e-10 2e-4 2e-3 0.3 0.4 0.5 7e+5 5e-13 0 1e-6 1e-6 1e+06 292 8.91517e-11 6.24062e-05 1.38485e-20 8.88991e-07 5.96868e-14 7.8643e-12 9.2626e-23 5.63354 57.5246 7.58038e-12 1.15396e-22
3708 295 1e+6 2e+5 0.075 7.5e-6 0.42 3e-10 2e-4 2e-3 0.3 0.4 0.5 7e+5 5e-13 0 1e-6 1e-6 1e+06 897 8.82519e-11 6.17764e-05 1.46176e-20 8.89683e-07 5.99091e-14 7.80596e-12 9.17931e-23 5.61265 59.5869 7.53103e-12 1.15773e-22
3708 296 1e+6 2e+5 0.075 7.5e-6 0.42 3e-10 2e-4 2e-3 0.3 0.4 0.5 7e+5 5e-13 0 1e-6 1e-6 1e+06 313 8.9006e-11 6.23042e-05 1.27713e-20 8.84869e-07 5.5377e-14 7.83264e-12 9.41006e-23 5.64466 54.022 7.55556e-12 1.12463e-22
3708 297 1e+6 2e+5 0.075 7.5e-6 0.42 3e-10 2e-4 2e-3 0.3 0.4 0.5 7e+5 5e-13 0 1e-6 1e-6 1e+06 785 9.00437e-11 6.30306e-05 1.29493e-20 8.86475e-07 5.98664e-14 7.81344e-12 9.13255e-23 5.72895 56.1585 7.53375e-12 1.10361e-22
3708 298 1e+6 2e+5 0.075 7.5e-6 0.42 3e-10 2e-4 2e-3 0.3 0.4 0.5 7e+5 5e-13 0 1e-6 1e-6 1e+06 784 8.90851e-11 6.23596e-05 1.49354e-20 9.0172e-07 6.59477e-14 7.85375e-12 8.66853e-23 5.64804 61.1233 7.57405e-12 1.13166e-22
3708 299 1e+6 2e+5 0.075 7.5e-6 0.42 3e-10 2e-4 2e-3 0.3 0.4 0.5 7e+5 5e-13 0 1e-6 1e-6 1e+06 389 8.81841e-11 6.17289e-05 1.57139e-20 8.88117e-07 5.86575e-14 7.80843e-12 9.50434e-23 5.61752 64.1386 7.53217e-12 1.13724e-22
3708 300 1e+6 2e+5 0.075 8e-6 0.42 3e-10 2e-4 2e-3 0.3 0.4 0.5 7e+5 5e-13 0 1e-6 1e-6 1e+06 462 8.97293e-11 6.28105e-05 1.37096e-20 8.88664e-07 6.01741e-14 7.8117e-12 9.79284e-23 5.71044 57.4745 7.53921e-12 1.15744e-22
3708 301 1e+6 2e+5 0.075 8e-6 0.42 3e-10 2e-4 2e-3 0.3 0.4 0.5 7e+5 5e-13 0 1e-6 1e-6 1e+06 462 9.00313e-11 6.30219e-05 1.51418e-20 8.92325e-07 6.01106e-14 7.82501e-12 1.04258e-22 5.70571 62.0797 7.5383e-12 1.16329e-22
3708 302 1e+6 2e+5 0.075 8e-6 0.42 3e-10 2e-4 2e-3 0.3 0.4 0.5 7e+5 5e-13 0 1e-6 1e-6 1e+06 1053 8.98505e-11 6.28954e-05 1.46004e-20 8.86374e-07 5.81671e-14 7.87385e-12 9.78762e-23 5.65762 60.089 7.61442e-12 1.14104e-22
3708 303 1e+6 2e+5 0.075 8e-6 0.42 3e-10 2e-4 2e-3 0.3 0.4 0.5 7e+5 5e-13 0 1e-6 1e-6 1e+06 678 8.90573e-11 6.23401e-05 1.37224e-20 8.91207e-07 5.98674e-14 7.83979e-12 8.92153e-23 5.63483 56.8938 7.58129e-12 1.1055e-22
3708 304 1e+6 2e+5 0.075 8e-6 0.42 3e-10 2e-4 2e-3 0.3 0.4 0.5 7e+5 5e-13 0 1e-6 1e-6 1e+06 381 8.95229e-11 6.2666e-05 1.51942e-20 8.91009e-07 6.14231e-14 7.77665e-12 9.51564e-23 5.69215 60.8627 7.53057e-12 1.1231e-22
3708 305 1e+6 2e+5 0.075 8e-6 0.42 3e-10 2e-4 2e-3 0.3 0.4 0.5 7e+5 5e-13 0 1e-6 1e-6 1e+06 726 8.91676e-11 6.24173e-05 1.33688e-20 8.9268e-07 6.27165e-14 7.78601e-12 9.21523e-23 5.68742 57.3494 7.52195e-12 1.09743e-22
3708 306 1e+6 2e+5 0.075 8e-6 0.42 3e-10 2e-4 2e-3 0.3 0.4 0.5 7e+5 5e-13 0 1e-6 1e-6 1e+06 476 8.86997e-11 6.20898e-05 1.12497e-20 8.72757e-07 4.70622e-14 7.76985e-12 8.88118e-23 5.66032 49.8003 7.51848e-12 1.07639e-22
3708 307 1e+6 2e+5 0.075 8e-6 0.42 3e-10 2e-4 2e-3 0.3 0.4 0.5 7e+5 5e-13 0 1e-6 1e-6 1e+06 567 8.89244e-11 6.22471e-05 1.61845e-20 8.98758e-07 6.8371e-14 7.80604e-12 8.43121e-23 5.65604 65.8431 7.53731e-12 1.09525e-22
3708 308 1e+6 2e+5 0.075 8e-6 0.42 3e-10 2e-4 2e-3 0.3 0.4 0.5 7e+5 5e-13 0 1e-6 1e-6 1e+06 708 8.8293e-11 6.18051e-05 1.31355e-20 8.9125e-07 6.13503e-14 7.80247e-12 9.47469e-23 5.62179 56.5138 7.53777e-12 1.1241e-22
3708 309 1e+6 2e+5 0.075 8e-6 0.42 3e-10 2e-4 2e-3 0.3 0.4 0.5 7e+5 5e-13 0 1e-6 1e-6 1e+06 346 8.99732e-11 6.29813e-05 1.37609e-20 8.86891e-07 5.93997e-14 7.76869e-12 9.03336e-23 5.73825 58.625 7.52222e-12 1.09487e-22
3708 310 1e+6 2e+5 0.075 8e-6 0.42 3e-10 2e-4 2e-3 0.3 0.4 0.5 7e+5 5e-13 0 1e-6 1e-6 1e+06 708 9.01577e-11 6.31104e-05 1.65366e-20 8.81347e-07 5.28419e-14 7.79231e-12 9.79849e-23 5.72236 67.5204 7.51522e-12 1.14331e-22
3708 311 1e+6 2e+5 0.075 8e-6 0.42 3e-10 2e-4 2e-3 0.3 0.4 0.5 7e+5 5e-13 0 1e-6 1e-6 1e+06 884 8.80147e-11 6.16103e-05 1.37872e-20 8.88126e-07 5.57133e-14 7.81093e-12 8.86373e-23 5.58583 57.9809 7.55809e-12 1.05813e-22
3708 312 1e+6 2e+5 0.075 8e-6 0.42 3e-10 2e-4 2e-3 0.3 0.4 0.5 7e+5 5e-13 0 1e-6 1e-6 1e+06 379 8.89199e-11 6.22439e-05 1.35418e-20 8.93458e-07 6.39101e-14 7.71265e-12 8.55862e-23 5.70124 58.3206 7.45897e-12 1.07242e-22
3708 313 1e+6 2e+5 0.075 8e-6 0.42 3e-10 2e-4 2e-3 0.3 0.4 0.5 7e+5 5e-13 0 1e-6 1e-6 1e+06 621 8.98694e-11 6.29086e-05 1.37071e-20 8.91344e-07 6.0316e-14 7.77492e-12 8.33159e-23 5.74554 59.5361 7.4994e-12 1.09814e-22
3708 314 1e+6 2e+5 0.075 8e-6 0.42 3e-10 2e-4 2e-3 0.3 0.4 0.5 7e+5 5e-13 0 1e-6 1e-6 1e+06 690 9.00399e-11 6.30279e-05 1.69377e-20 8.89996e-07 5.86809e-14 7.85112e-12 1.10186e-22 5.68058 66.4947 7.5911e-12 1.1751e-22
3708 315 1e+6 2e+5 0.075 8e-6 0.42 3e-10 2e-4 2e-3 0.3 0.4 0.5 7e+5 5e-13 0 1e-6 1e-6 1e+06 807 8.98888e-11 6.29221e-05 1.56513e-20 8.94512e-07 6.32737e-14 7.86024e-12 9.04675e-23 5.67438 63.9539 7.60888e-12 1.16077e-22
3708 316 1e+6 2e+5 0.075 8e-6 0.42 3e-10 2e-4 2e-3 0.3 0.4 0.5 7e+5 5e-13 0 1e-6 1e-6 1e+06 474 8.95001e-11 6.26501e-05 1.35753e-20 8.89383e-07 6.14444e-14 7.79183e-12 8.17474e-23 5.71597 58.4769 7.52259e-12 1.05743e-22
3708 317 1e+6 2e+5 0.075 8e-6 0.42 3e-10 2e-4 2e-3 0.3 0.4 0.5 7e+5 5e-13 0 1e-6 1e-6 1e+06 618 8.94307e-11 6.26015e-05 1.55859e-20 8.91546e-07 5.95909e-14 7.80724e-12 1.13104e-22 5.67959 62.8886 7.5441e-12 1.21434e-22
3708 318 1e+6 2e+5 0.075 8e-6 0.42 3e-10 2e-4 2e-3 0.3 0.4 0.5 7e+5 5e-13 0 1e-6 1e-6 1e+06 344 8.84761e-11 6.19333e-05 1.24915e-20 8.93305e-07 6.06115e-14 7.83943e-12 8.60277e-23 5.59942 53.0136 7.57136e-12 1.08511e-22
3708 319 1e+6 2e+5 0.075 8e-6 0.42 3e-10 2e-4 2e-3 0.3 0.4 0.5 7e+5 5e-13 0 1e-6 1e-6 1e+06 399 8.85584e-11 6.19909e-05 1.35496e-20 8.8528e-07 5.61581e-14 7.77673e-12 9.28153e-23 5.63298 56.384 7.52887e-12 1.11364e-22
3708 320 1e+6 2e+5 0.075 8.5e-6 0.42 3e-10 2e-4 2e-3 0.3 0.4 0.5 7e+5 5e-13 0 1e-6 1e-6 1e+06 671 8.94875e-11 6.26413e-05 1.42144e-20 8.86221e-07 5.78686e-14 7.80181e-12 8.46988e-23 5.6809 59.3583 7.56641e-12 1.04337e-22
3708 321 1e+6 2e+5 0.075 8.5e-6 0.42 3e-10 2e-4 2e-3 0.3 0.4 0.5 7e+5 5e-13 0 1e-6 1e-6 1e+06 476 8.92582e-11 6.24807e-05 1.11333e-20 8.74341e-07 4.94075e-14 7.76206e-12 8.0471e-23 5.69787 49.1882 7.52279e-12 1.00374e-22
3708 322 1e+6 2e+5 0.075 8.5e-6 0.42 3e-10 2e-4 2e-3 0.3 0.4 0.5 7e+5 5e-13 0 1e-6 1e-6 1e+06 575 8.86479e-11 6.20536e-05 1.62343e-20 8.99081e-07 6.40069e-14 7.81129e-12 9.71365e-23 5.62574 65.2911 7.55427e-12 1.13817e-22
3708 323 1e+6 2e+5 0.075 8.5e-6 0.42 3e-10 2e-4 2e-3 0.3 0.4 0.5 7e+5 5e-13 0 1e-6 1e-6 1e+06 512 8.9756e-11 6.28292e-05 1.24272e-20 8.92378e-07 6.09683e-14 7.83167e-12 8.48397e-23 5.70658 54.591 7.55073e-12 1.05812e-22
3708 324 1e+6 2e+5 0.075 8.5e-6 0.42 3e-10 2e-4 2e-3 0.3 0.4 0.5 7e+5 5e-13 0 1e-6 1e-6 1e+06 483 8.83203e-11 6.18242e-05 1.3758e-20 8.91422e-07 5.98493e-14 7.821e-12 8.80634e-23 5.576 57.2868 7.57126e-12 1.04372e-22
3708 325 1e+6 2e+5 0.075 8.5e-6 0.42 3e-10 2e-4 2e-3 0.3 0.4 0.5 7e+5 5e-13 0 1e-6 1e-6 1e+06 443 8.72852e-11 6.10996e-05 1.3772e-20 9.00562e-07 6.38652e-14 7.84188e-12 8.31918e-23 5.53857 58.1063 7.57322e-12 1.04947e-22
3708 326 1e+6 2e+5 0.075 8.5e-6 0.42 3e-10 2e-4 2e-3 0.3 0.4 0.5 7e+5 5e-13 0 1e-6 1e-6 1e+06 433 9.0005e-11 6.30035e-05 1.33893e-20 8.84514e-07 5.74851e-14 7.77661e-12 8.26254e-23 5.73281 57.4495 7.5181e-12 1.04902e-22
3708 327 1e+6 2e+5 0.075 8.5e-6 0.42 3e-10 2e-4 2e-3 0.3 0.4 0.5 7e+5 5e-13 0 1e-6 1e-6 1e+06 306 8.89811e-11 6.22868e-05 1.33219e-20 8.96111e-07 6.39452e-14 7.78827e-12 8.56866e-23 5.66276 57.2258 7.53485e-12 1.06261e-22
3708 328 1e+6 2e+5 0.075 8.5e-6 0.42 3e-10 2e-4 2e-3 0.3 0.4 0.5 7e+5 5e-13 0 1e-6 1e-6 1e+06 424 8.96999e-11 6.27899e-05 1.25678e-20 8.82846e-07 5.50277e-14 7.73105e-12 8.45124e-23 5.69918 53.0024 7.50952e-12 1.01394e-22
3708 329 1e+6 2e+5 0.075 8.5e-6 0.42 3e-10 2e-4 2e-3 0.3 0.4 0.5 7e+5 5e-13 0 1e-6 1e-6 1e+06 655 8.86382e-11 6.20467e-05 1.4418e-20 8.84624e-07 5.63075e-14 7.78495e-12 9.70346e-23 5.63846 59.8115 7.5305e-12 1.08867e-22
3708 330 1e+6 2e+5 0.075 8.5e-6 0.42 3e-10 2e-4 2e-3 0.3 0.4 0.5 7e+5 5e-13 0 1e-6 1e-6 1e+06 857 8.94369e-11 6.26059e-05 1.34893e-20 8.83352e-07 5.37362e-14 7.76219e-12 8.69016e-23 5.70725 57.2238 7.5081e-12 1.02741e-22
3708 331 1e+6 2e+5 0.075 8.5e-6 0.42 3e-10 2e-4 2e-3 0.3 0.4 0.5 7e+5 5e-13 0 1e-6 1e-6 1e+06 882 8.91753e-11 6.24227e-05 1.51247e-20 9.06185e-07 7.0792e-14 7.82173e-12 8.98746e-23 5.6412 61.5284 7.57059e-12 1.11847e-22
3708 332 1e+6 2e+5 0.075 8.5e-6 0.42 3e-10 2e-4 2e-3 0.3 0.4 0.5 7e+5 5e-13 0 1e-6 1e-6 1e+06 534 8.92194e-11 6.24536e-05 1.17652e-20 8.87777e-07 5.719e-14 7.86969e-12 8.81049e-23 5.61865 50.3234 7.63455e-12 1.06614e-22
3708 333 1e+6 2e+5 0.075 8.5e-6 0.42 3e-10 2e-4 2e-3 0.3 0.4 0.5 7e+5 5e-13 0 1e-6 1e-6 1e+06 575 8.97584e-11 6.28309e-05 1.48121e-20 8.85795e-07 5.68626e-14 7.86953e-12 9.27378e-23 5.66518 61.6928 7.61092e-12 1.07678e-22
3708 334 1e+6 2e+5 0.075 8.5e-6 0.42 3e-10 2e-4 2e-3 0.3 0.4 0.5 7e+5 5e-13 0 1e-6 1e-6 1e+06 341 8.96302e-11 6.27411e-05 1.67105e-20 8.8845e-07 5.91691e-14 7.76265e-12 1.01482e-22 5.68862 66.4379 7.52042e-12 1.14237e-22
3708 335 1e+6 2e+5 0.075 8.5e-6 0.42 3e-10 2e-4 2e-3 0.3 0.4 0.5 7e+5 5e-13 0 1e-6 1e-6 1e+06 613 8.95725e-11 6.27007e-05 1.16128e-20 8.88128e-07 5.89129e-14 7.78741e-12 8.47479e-23 5.7024 50.9269 7.5312e-12 1.0356e-22
3708 336 1e+6 2e+5 0.075 8.5e-6 0.42 3e-10 2e-4 2e-3 0.3 0.4 0.5 7e+5 5e-13 0 1e-6 1e-6 1e+06 742 8.96214e-11 6.2735e-05 1.43943e-20 8.78271e-07 5.20124e-14 7.80302e-12 9.0914e-23 5.69323 60.3963 7.54998e-12 1.04408e-22
3708 337 1e+6 2e+5 0.075 8.5e-6 0.42 3e-10 2e-4 2e-3 0.3 0.4 0.5 7e+5 5e-13 0 1e-6 1e-6 1e+06 588 8.8476e-11 6.19332e-05 1.28763e-20 8.85928e-07 5.85207e-14 7.77256e-12 8.10364e-23 5.63195 55.2503 7.53874e-12 1.02877e-22
3708 338 1e+6 2e+5 0.075 8.5e-6 0.42 3e-10 2e-4 2e-3 0.3 0.4 0.5 7e+5 5e-13 0 1e-6 1e-6 1e+06 904 8.93353e-11 6.25347e-05 1.49801e-20 9.02447e-07 6.80272e-14 7.73675e-12 7.70946e-23 5.71919 62.9156 7.48876e-12 1.03852e-22
3708 339 1e+6 2e+5 0.075 8.5e-6 0.42 3e-10 2e-4 2e-3 0.3 0.4 0.5 7e+5 5e-13 0 1e-6 1e-6 1e+06 571 9.06534e-11 6.34574e-05 1.29907e-20 8.88662e-07 6.1038e-14 7.71599e-12 8.55753e-23 5.79186 55.1531 7.49356e-12 1.04818e-22
3708 340 1e+6 2e+5 0.075 9e-6 0.42 3e-10 2e-4 2e-3 0.3 0.4 0.5 7e+5 5e-13 0 1e-6 1e-6 1e+06 735 8.94915e-11 6.26441e-05 1.33447e-20 8.96379e-07 6.47759e-14 7.82338e-12 8.11818e-23 5.66671 57.4587 7.57043e-12 1.01378e-22
3708 341 1e+6 2e+5 0.075 9e-6 0.42 3e-10 2e-4 2e-3 0.3 0.4 0.5 7e+5 5e-13 0 1e-6 1e-6 1e+06 542 8.82585e-11 6.1781e-05 1.58528e-20 8.98611e-07 6.41019e-14 7.83206e-12 9.3254e-23 5.57538 62.6515 7.57212e-12 1.08449e-22
3708 342 1e+6 2e+5 0.075 9e-6 0.42 3e-10 2e-4 2e-3 0.3 0.4 0.5 7e+5 5e-13 0 1e-6 1e-6 1e+06 423 8.82583e-11 6.17808e-05 1.3838e-20 8.89853e-07 6.0536e-14 7.79287e-12 8.1012e-23 5.62796 59.9656 7.53876e-12 1.02004e-22
3708 343 1e+6 2e+5 0.075 9e-6 0.42 3e-10 2e-4 2e-3 0.3 0.4 0.5 7e+5 5e-13 0 1e-6 1e-6 1e+06 657 8.96603e-11 6.27622e-05 1.42894e-20 8.93838e-07 6.22947e-14 7.79805e-12 7.7126e-23 5.68465 59.9551 7.55164e-12 1.01205e-22
3708 344 1e+6 2e+5 0.075 9e-6 0.42 3e-10 2e-4 2e-3 0.3 0.4 0.5 7e+5 5e-13 0 1e-6 1e-6 1e+06 628 8.75154e-11 6.12608e-05 1.24652e-20 8.89226e-07 5.66285e-14 7.76152e-12 8.153e-23 5.58098 54.1505 7.51508e-12 9.9754e-23
3708 345 1e+6 2e+5 0.075 9e-6 0.42 3e-10 2e-4 2e-3 0.3 0.4 0.5 7e+5 5e-13 0 1e-6 1e-6 1e+06 720 8.90133e-11 6.23093e-05 1.31465e-20 8.94161e-07 5.98495e-14 7.84104e-12 8.47396e-23 5.62527 56.0068 7.59283e-12 1.02047e-22
3708 346 1e+6 2e+5 0.075 9e-6 0.42 3e-10 2e-4 2e-3 0.3 0.4 0.5 7e+5 5e-13 0 1e-6 1e-6 1e+06 581 8.90974e-11 6.23682e-05 1.49656e-20 8.95024e-07 6.26303e-14 7.81819e-12 8.75368e-23 5.6517 62.554 7.5633e-12 1.0194e-22
3708 347 1e+6 2e+5 0.075 9e-6 0.42 3e-10 2e-4 2e-3 0.3 0.4 0.5 7e+5 5e-13 0 1e-6 1e-6 1e+06 457 8.79158e-11 6.15411e-05 1.29156e-20 8.87418e-07 5.68789e-14 7.78114e-12 8.04645e-23 5.58881 54.805 7.53699e-12 9.74001e-23
3708 348 1e+6 2e+5 0.075 9e-6 0.42 3e-10 2e-4 2e-3 0.3 0.4 0.5 7e+5 5e-13 0 1e-6 1e-6 1e+06 361 8.70492e-11 6.09344e-05 1.38019e-20 8.89234e-07 5.63967e-14 7.76864e-12 7.5639e-23 5.5303 56.8528 7.54338e-12 1.01274e-22
3708 349 1e+6 2e+5 0.075 9e-6 0.42 3e-10 2e-4 2e-3 0.3 0.4 0.5 7e+5 5e-13 0 1e-6 1e-6 1e+06 1022 8.65209e-11 6.05646e-05 1.40071e-20 8.94118e-07 6.23793e-14 7.83822e-12 8.05414e-23 5.46272 58.033 7.58122e-12 1.00734e-22
3708 350 1e+6 2e+5 0.075 9e-6 0.42 3e-10 2e-4 2e-3 0.3 0.4 0.5 7e+5 5e-13 0 1e-6 1e-6 1e+06 217 8.82895e-11 6.18026e-05 1.30029e-20 8.94068e-07 6.06054e-14 7.74717e-12 7.25871e-23 5.6375 55.6946 7.49928e-12 9.90298e-23
3708 351 1e+6 2e+5 0.075 9e-6 0.42 3e-10 2e-4 2e-3 0.3 0.4 0.5 7e+5 5e-13 0 1e-6 1e-6 1e+06 1045 9.09918e-11 6.36943e-05 1.43425e-20 8.89413e-07 6.10979e-14 7.84105e-12 8.13754e-23 5.73413 59.3538 7.61849e-12 1.02093e-22
3708 352 1e+6 2e+5 0.075 9e-6 0.42 3e-10 2e-4 2e-3 0.3 0.4 0.5 7e+5 5e-13 0 1e-6 1e-6 1e+06 295 8.7912e-11 6.15384e-05 1.36596e-20 8.94611e-07 6.16914e-14 7.77075e-12 8.40901e-23 5.60087 57.4828 7.51031e-12 1.03041e-22
3708 353 1e+6 2e+5 0.075 9e-6 0.42 3e-10 2e-4 2e-3 0.3 0.4 0.5 7e+5 5e-13 0 1e-6 1e-6 1e+06 692 8.99103e-11 6.29372e-05 1.7107e-20 8.98871e-07 6.72128e-14 7.82118e-12 8.69997e-23 5.68736 68.0326 7.56867e-12 1.05099e-22
3708 354 1e+6 2e+5 0.075 9e-6 0.42 3e-10 2e-4 2e-3 0.3 0.4 0.5 7e+5 5e-13 0 1e-6 1e-6 1e+06 721 8.92963e-11 6.25074e-05 1.46289e-20 8.98814e-07 6.70437e-14 7.796e-12 8.00395e-23 5.66824 61.5225 7.55784e-12 1.05143e-22
3708 355 1e+6 2e+5 0.075 9e-6 0.42 3e-10 2e-4 2e-3 0.3 0.4 0.5 7e+5 5e-13 0 1e-6 1e-6 1e+06 563 9.00532e-11 6.30373e-05 1.59993e-20 8.96441e-07 6.42682e-14 7.79947e-12 8.95214e-23 5.70701 65.9537 7.54136e-12 1.04879e-22
3708 356 1e+6 2e+5 0.075 9e-6 0.42 3e-10 2e-4 2e-3 0.3 0.4 0.5 7e+5 5e-13 0 1e-6 1e-6 1e+06 462 8.82123e-11 6.17486e-05 1.23561e-20 8.99851e-07 6.56779e-14 7.81457e-12 7.62032e-23 5.5943 53.8145 7.56696e-12 1.00142e-22
3708 357 1e+6 2e+5 0.075 9e-6 0.42 3e-10 2e-4 2e-3 0.3 0.4 0.5 7e+5 5e-13 0 1e-6 1e-6 1e+06 604 8.9602e-11 6.27214e-05 1.4027e-20 8.98243e-07 6.57647e-14 7.80022e-12 8.21103e-23 5.69047 58.6191 7.55802e-12 1.02584e-22
3708 358 1e+6 2e+5 0.075 9e-6 0.42 3e-10 2e-4 2e-3 0.3 0.4 0.5 7e+5 5e-13 0 1e-6 1e-6 1e+06 705 8.92809e-11 6.24966e-05 1.36249e-20 8.94979e-07 6.27345e-14 7.81115e-12 8.27763e-23 5.66583 57.7836 7.55245e-12 1.01571e-22
3708 359 1e+6 2e+5 0.075 9e-6 0.42 3e-10 2e-4 2e-3 0.3 0.4 0.5 7e+5 5e-13 0 1e-6 1e-6 1e+06 490 9.00293e-11 6.30205e-05 1.49137e-20 8.92138e-07 6.3014e-14 7.76626e-12 7.65532e-23 5.73227 61.8347 7.52805e-12 1.02601e-22
3708 360 1e+6 2e+5 0.075 9.5e-6 0.42 3e-10 2e-4 2e-3 0.3 0.4 0.5 7e+5 5e-13 0 1e-6 1e-6 1e+06 1044 9.10352e-11 6.37246e-05 1.58084e-20 8.96412e-07 6.11213e-14 7.86016e-12 9.35004e-23 5.71227 63.5006 7.62603e-12 1.04005e-22
3708 361 1e+6 2e+5 0.075 9.5e-6 0.42 3e-10 2e-4 2e-3 0.3 0.4 0.5 7e+5 5e-13 0 1e-6 1e-6 1e+06 559 8.83379e-11 6.18365e-05 1.65957e-20 9.01053e-07 6.26802e-14 7.8282e-12 8.96191e-23 5.59839 68.0174 7.5531e-12 1.0349e-22
3708 362 1e+6 2e+5 0.075 9.5e-6 0.42 3e-10 2e-4 2e-3 0.3 0.4 0.5 7e+5 5e-13 0 1e-6 1e-6 1e+06 395 9.02204e-11 6.31543e-05 1.49045e-20 8.96685e-07 6.3293e-14 7.77965e-12 8.44336e-23 5.72677 62.3504 7.53894e-12 1.02894e-22
3708 363 1e+6 2e+5 0.075 9.5e-6 0.42 3e-10 2e-4 2e-3 0.3 0.4 0.5 7e+5 5e-13 0 1e-6 1e-6 1e+06 473 9.0424e-11 6.32968e-05 1.7584e-20 8.94461e-07 6.29761e-14 7.85319e-12 8.81351e-23 5.69329 68.6249 7.57839e-12 1.0336e-22
3708 364 1e+6 2e+5 0.075 9.5e-6 0.42 3e-10 2e-4 2e-3 0.3 0.4 0.5 7e+5 5e-13 0 1e-6 1e-6 1e+06 902 9.06184e-11 6.34328e-05 1.66689e-20 8.99276e-07 6.32917e-14 7.82025e-12 8.85922e-23 5.72262 67.7018 7.57208e-12 1.03979e-22
3708 365 1e+6 2e+5 0.075 9.5e-6 0.42 3e-10 2e-4 2e-3 0.3 0.4 0.5 7e+5 5e-13 0 1e-6 1e-6 1e+06 477 8.93608e-11 6.25525e-05 1.31795e-20 8.93029e-07 5.99626e-14 7.7837e-12 8.18315e-23 5.6786 57.2956 7.547e-12 9.91899e-23
3708 366 1e+6 2e+5 0.075 9.5e-6 0.42 3e-10 2e-4 2e-3 0.3 0.4 0.5 7e+5 5e-13 0 1e-6 1e-6 1e+06 302 8.79594e-11 6.15716e-05 1.46317e-20 8.96083e-07 6.33469e-14 7.71875e-12 8.22335e-23 5.62972 61.0368 7.47945e-12 9.90046e-23
3708 367 1e+6 2e+5 0.075 9.5e-6 0.42 3e-10 2e-4 2e-3 0.3 0.4 0.5 7e+5 5e-13 0 1e-6 1e-6 1e+06 564 8.98191e-11 6.28734e-05 1.28196e-20 8.83731e-07 5.7068e-14 7.84394e-12 8.28005e-23 5.65938 53.6488 7.61357e-12 9.84418e-23
3708 368 1e+6 2e+5 0.075 9.5e-6 0.42 3e-10 2e-4 2e-3 0.3 0.4 0.5 7e+5 5e-13 0 1e-6 1e-6 1e+06 698 8.95238e-11 6.26666e-05 1.42589e-20 9.03713e-07 6.66042e-14 7.84749e-12 8.19922e-23 5.65105 58.9673 7.59081e-12 1.00358e-22
3708 369 1e+6 2e+5 0.075 9.5e-6 0.42 3e-10 2e-4 2e-3 0.3 0.4 0.5 7e+5 5e-13 0 1e-6 1e-6 1e+06 338 8.80003e-11 6.16002e-05 1.47948e-20 8.95464e-07 6.08457e-14 7.7495e-12 7.70775e-23 5.62127 62.2851 7.51184e-12 1.00089e-22
3708 370 1e+6 2e+5 0.075 9.5e-6 0.42 3e-10 2e-4 2e-3 0.3 0.4 0.5 7e+5 5e-13 0 1e-6 1e-6 1e+06 401 8.80086e-11 6.1606e-05 1.44101e-20 8.99842e-07 6.6794e-14 7.7671e-12 7.95505e-23 5.60146 60.3742 7.52623e-12 1.03059e-22
3708 371 1e+6 2e+5 0.075 9.5e-6 0.42 3e-10 2e-4 2e-3 0.3 0.4 0.5 7e+5 5e-13 0 1e-6 1e-6 1e+06 349 8.95862e-11 6.27103e-05 1.46486e-20 8.93531e-07 6.11711e-14 7.67989e-12 7.63729e-23 5.75504 62.7641 7.43993e-12 9.64797e-23
3708 372 1e+6 2e+5 0.075 9.5e-6 0.42 3e-10 2e-4 2e-3 0.3 0.4 0.5 7e+5 5e-13 0 1e-6 1e-6 1e+06 695 9.03874e-11 6.32712e-05 1.43932e-20 8.99103e-07 6.50494e-14 7.78872e-12 7.58698e-23 5.7343 60.3109 7.56356e-12 9.93972e-23
3708 373 1e+6 2e+5 0.075 9.5e-6 0.42 3e-10 2e-4 2e-3 0.3 0.4 0.5 7e+5 5e-13 0 1e-6 1e-6 1e+06 247 9.05156e-11 6.33609e-05 1.61307e-20 8.97944e-07 6.40841e-14 7.79946e-12 8.53554e-23 5.74758 66.2737 7.54831e-12 1.01961e-22
3708 374 1e+6 2e+5 0.075 9.5e-6 0.42 3e-10 2e-4 2e-3 0.3 0.4 0.5 7e+5 5e-13 0 1e-6 1e-6 1e+06 217 8.92911e-11 6.25037e-05 1.39722e-20 8.91184e-07 5.91783e-14 7.76434e-12 8.56804e-23 5.6615 58.0407 7.52456e-12 1.00266e-22
3708 375 1e+6 2e+5 0.075 9.5e-6 0.42 3e-10 2e-4 2e-3 0.3 0.4 0.5 7e+5 5e-13 0 1e-6 1e-6 1e+06 235 9.11735e-11 6.38215e-05 1.58269e-20 8.9097e-07 5.9783e-14 7.77952e-12 9.96337e-23 5.77439 62.7523 7.53394e-12 1.06406e-22
3708 376 1e+6 2e+5 0.075 9.5e-6 0.42 3e-10 2e-4 2e-3 0.3 0.4 0.5 7e+5 5e-13 0 1e-6 1e-6 1e+06 481 8.72456e-11 6.10719e-05 1.31093e-20 9.01047e-07 6.52026e-14 7.76384e-12 7.58228e-23 5.56579 56.7702 7.50521e-12 9.69962e-23
3708 377 1e+6 2e+5 0.075 9.5e-6 0.42 3e-10 2e-4 2e-3 0.3 0.4 0.5 7e+5 5e-13 0 1e-6 1e-6 1e+06 895 9.04685e-11 6.33279e-05 1.38703e-20 8.98445e-07 6.39862e-14 7.86688e-12 7.8861e-23 5.71784 59.9381 7.59425e-12 9.99261e-23
3708 378 1e+6 2e+5 0.075 9.5e-6 0.42 3e-10 2e-4 2e-3 0.3 0.4 0.5 7e+5 5e-13 0 1e-6 1e-6 1e+06 766 8.91766e-11 6.24236e-05 1.37367e-20 9.02047e-07 6.4877e-14 7.81048e-12 7.8158e-23 5.65651 58.1174 7.55909e-12 1.00407e-22
3708 379 1e+6 2e+5 0.075 9.5e-6 0.42 3e-10 2e-4 2e-3 0.3 0.4 0.5 7e+5 5e-13 0 1e-6 1e-6 1e+06 458 8.82668e-11 6.17867e-05 1.49607e-20 9.02093e-07 6.5595e-14 7.78727e-12 8.07417e-23 5.61916 62.6781 7.54358e-12 9.69037e-23
3708 380 1e+6 2e+5 0.075 1e-5 0.42 3e-10 2e-4 2e-3 0.3 0.4 0.5 7e+5 5e-13 0 1e-6 1e-6 1e+06 406 8.96738e-11 6.27717e-05 1.21867e-20 8.92166e-07 6.18516e-14 7.73688e-12 7.3458e-23 5.70206 51.82 7.51303e-12 9.16638e-23
3708 381 1e+6 2e+5 0.075 1e-5 0.42 3e-10 2e-4 2e-3 0.3 0.4 0.5 7e+5 5e-13 0 1e-6 1e-6 1e+06 509 8.6846e-11 6.07922e-05 1.29082e-20 8.93031e-07 6.3199e-14 7.64214e-12 7.42044e-23 5.60529 55.9445 7.42637e-12 9.30642e-23
3708 382 1e+6 2e+5 0.075 1e-5 0.42 3e-10 2e-4 2e-3 0.3 0.4 0.5 7e+5 5e-13 0 1e-6 1e-6 1e+06 424 9.00424e-11 6.30297e-05 1.28531e-20 8.90576e-07 5.97721e-14 7.77895e-12 7.59957e-23 5.72744 55.569 7.5508e-12 9.53972e-23
3708 383 1e+6 2e+5 0.075 1e-5 0.42 3e-10 2e-4 2e-3 0.3 0.4 0.5 7e+5 5e-13 0 1e-6 1e-6 1e+06 382 8.89285e-11 6.22499e-05 1.2833e-20 8.86526e-07 5.6257e-14 7.72383e-12 7.80088e-23 5.67557 55.0304 7.50031e-12 9.44718e-23
3708 384 1e+6 2e+5 0.075 1e-5 0.42 3e-10 2e-4 2e-3 0.3 0.4 0.5 7e+5 5e-13 0 1e-6 1e-6 1e+06 294 8.84121e-11 6.18885e-05 1.25754e-20 9.00017e-07 6.5369e-14 7.71097e-12 7.58448e-23 5.65581 54.3336 7.47175e-12 9.49398e-23
3708 385 1e+6 2e+5 0.075 1e-5 0.42 3e-10 2e-4 2e-3 0.3 0.4 0.5 7e+5 5e-13 0 1e-6 1e-6 1e+06 660 8.85664e-11 6.19965e-05 1.46485e-20 9.01871e-07 6.74057e-14 7.81723e-12 7.98628e-23 5.59915 61.0986 7.57535e-12 1.01745e-22
3708 386 1e+6 2e+5 0.075 1e-5 0.42 3e-10 2e-4 2e-3 0.3 0.4 0.5 7e+5 5e-13 0 1e-6 1e-6 1e+06 787 8.95238e-11 6.26667e-05 1.37633e-20 9.13132e-07 7.62369e-14 7.75759e-12 7.71949e-23 5.69956 59.405 7.51892e-12 9.5089e-23
3708 387 1e+6 2e+5 0.075 1e-5 0.42 3e-10 2e-4 2e-3 0.3 0.4 0.5 7e+5 5e-13 0 1e-6 1e-6 1e+06 333 8.8865e-11 6.22055e-05 1.23514e-20 8.86378e-07 5.72852e-14 7.77149e-12 7.87943e-23 5.64188 52.515 7.55141e-12 9.24885e-23
3708 388 1e+6 2e+5 0.075 1e-5 0.42 3e-10 2e-4 2e-3 0.3 0.4 0.5 7e+5 5e-13 0 1e-6 1e-6 1e+06 519 9.11061e-11 6.37742e-05 1.48967e-20 8.96306e-07 6.47022e-14 7.74255e-12 7.91425e-23 5.82679 62.8416 7.50224e-12 9.76993e-23
3708 389 1e+6 2e+5 0.075 1e-5 0.42 3e-10 2e-4 2e-3 0.3 0.4 0.5 7e+5 5e-13 0 1e-6 1e-6 1e+06 533 8.83992e-11 6.18795e-05 1.25058e-20 8.93871e-07 6.22959e-14 7.79337e-12 7.93381e-23 5.61825 54.5866 7.54572e-12 9.83559e-23
3708 390 1e+6 2e+5 0.075 1e-5 0.42 3e-10 2e-4 2e-3 0.3 0.4 0.5 7e+5 5e-13 0 1e-6 1e-6 1e+06 285 8.96857e-11 6.278e-05 1.27839e-20 8.99491e-07 6.67337e-14 7.79182e-12 7.27358e-23 5.69784 55.7422 7.54616e-12 9.38398e-23
3708 391 1e+6 2e+5 0.075 1e-5 0.42 3e-10 2e-4 2e-3 0.3 0.4 0.5 7e+5 5e-13 0 1e-6 1e-6 1e+06 672 8.80548e-11 6.16384e-05 1.47809e-20 9.10565e-07 6.99351e-14 7.77795e-12 8.26914e-23 5.59419 60.9936 7.52752e-12 9.89768e-23
3708 392 1e+6 2e+5 0.075 1e-5 0.42 3e-10 2e-4 2e-3 0.3 0.4 0.5 7e+5 5e-13 0 1e-6 1e-6 1e+06 541 8.95626e-11 6.26938e-05 1.76913e-20 9.0814e-07 7.04184e-14 7.84865e-12 8.81777e-23 5.64213 70.0329 7.59414e-12 1.04669e-22
3708 393 1e+6 2e+5 0.075 1e-5 0.42 3e-10 2e-4 2e-3 0.3 0.4 0.5 7e+5 5e-13 0 1e-6 1e-6 1e+06 362 8.89372e-11 6.2256e-05 1.56459e-20 8.99985e-07 6.3606e-14 7.78952e-12 7.72555e-23 5.65145 63.4937 7.53889e-12 9.59158e-23
3708 394 1e+6 2e+5 0.075 1e-5 0.42 3e-10 2e-4 2e-3 0.3 0.4 0.5 7e+5 5e-13 0 1e-6 1e-6 1e+06 514 8.90857e-11 6.236e-05 1.23686e-20 8.93235e-07 6.30441e-14 7.72048e-12 6.91101e-23 5.70271 54.0175 7.48162e-12 9.08782e-23
3708 395 1e+6 2e+5 0.075 1e-5 0.42 3e-10 2e-4 2e-3 0.3 0.4 0.5 7e+5 5e-13 0 1e-6 1e-6 1e+06 513 9.07549e-11 6.35285e-05 1.34143e-20 8.99798e-07 6.8421e-14 7.7355e-12 8.50041e-23 5.78257 56.4343 7.51335e-12 9.9691e-23
3708 396 1e+6 2e+5 0.075 1e-5 0.42 3e-10 2e-4 2e-3 0.3 0.4 0.5 7e+5 5e-13 0 1e-6 1e-6 1e+06 723 8.84169e-11 6.18919e-05 1.48295e-20 9.01186e-07 6.4826e-14 7.80073e-12 9.54083e-23 5.59636 61.5802 7.56176e-12 1.07593e-22
3708 397 1e+6 2e+5 0.075 1e-5 0.42 3e-10 2e-4 2e-3 0.3 0.4 0.5 7e+5 5e-13 0 1e-6 1e-6 1e+06 450 8.90583e-11 6.23408e-05 1.45968e-20 9.14884e-07 7.59561e-14 7.84288e-12 7.71854e-23 5.61639 60.4854 7.59957e-12 9.88028e-23
3708 398 1e+6 2e+5 0.075 1e-5 0.42 3e-10 2e-4 2e-3 0.3 0.4 0.5 7e+5 5e-13 0 1e-6 1e-6 1e+06 996 8.9993e-11 6.29951e-05 1.39565e-20 8.99423e-07 6.54782e-14 7.82855e-12 8.85137e-23 5.66639 56.611 7.61415e-12 1.03571e-22
3708 399 1e+6 2e+5 0.075 1e-5 0.42 3e-10 2e-4 2e-3 0.3 0.4 0.5 7e+5 5e-13 0 1e-6 1e-6 1e+06 645 8.97862e-11 6.28504e-05 1.50036e-20 9.03816e-07 6.79066e-14 7.76863e-12 7.28119e-23 5.71953 62.6461 7.5418e-12 9.6396e-23
