0 1.27534e+08 5.8036e+09 2.4e+09 2.4e+07 1.2e+07 2.4e+07 1.2e+07 190 10
1000 1.27622e+08 5.81409e+09 8.62925e+09 2.70234e+07 1.5188e+07 3.61511e+07 2.78095e+07 200 6
2000 1.25658e+08 5.8183e+09 1.27739e+10 2.71971e+07 1.49411e+07 2.44832e+07 1.61889e+07 194 9
3000 1.22691e+08 5.83026e+09 1.9728e+10 2.70621e+07 1.53042e+07 2.28036e+07 1.5998e+07 191 8
4000 1.23742e+08 5.84515e+09 1.48221e+10 2.73561e+07 1.5365e+07 2.17145e+07 1.61657e+07 187 9
5000 1.19082e+08 5.87529e+09 2.48541e+10 2.62177e+07 1.41214e+07 2.98251e+07 2.55562e+07 192 7
6000 1.2096e+08 5.90629e+09 1.53037e+10 2.60002e+07 1.38811e+07 3.00491e+07 2.20069e+07 196 6
7000 1.19076e+08 5.94756e+09 2.38408e+10 2.74198e+07 1.54997e+07 2.44837e+07 1.22419e+07 183 8
8000 1.2183e+08 5.98706e+09 1.84042e+10 3.26545e+07 1.92726e+07 2.26126e+07 1.04637e+07 171 9
9000 1.17418e+08 6.02356e+09 3.08428e+10 3.81745e+07 1.9697e+07 2.45245e+07 1.12963e+07 169 9
10000 1.13644e+08 6.06942e+09 3.36254e+10 2.81473e+07 1.55751e+07 1.67855e+07 5.52027e+06 167 13
11000 1.14619e+08 6.12012e+09 2.47236e+10 2.87333e+07 1.75037e+07 1.77826e+07 5.93984e+06 169 13
12000 1.16413e+08 6.15972e+09 2.15221e+10 2.83979e+07 1.63636e+07 2.36564e+07 9.27676e+06 172 11
13000 1.21485e+08 6.18681e+09 1.57821e+10 3.20473e+07 2.02829e+07 3.37808e+07 2.06763e+07 179 10
14000 1.2053e+08 6.19568e+09 2.86852e+10 2.89332e+07 1.57553e+07 2.00303e+07 6.02585e+06 175 15
15000 1.2306e+08 6.20753e+09 2.26961e+10 2.82559e+07 1.49468e+07 1.86995e+07 5.65395e+06 182 15
16000 1.21023e+08 6.23717e+09 2.4374e+10 2.95311e+07 1.59288e+07 2.25593e+07 7.65647e+06 168 12
17000 1.18186e+08 6.27397e+09 2.13212e+10 3.06105e+07 1.64333e+07 2.04915e+07 7.01745e+06 173 12
18000 1.16964e+08 6.32161e+09 1.92743e+10 2.90893e+07 1.71741e+07 2.41999e+07 9.18041e+06 166 10
19000 1.1749e+08 6.36572e+09 1.82321e+10 3.3359e+07 2.18653e+07 2.04605e+07 8.93664e+06 166 11
20000 1.17944e+08 6.40506e+09 2.05935e+10 3.09427e+07 1.92599e+07 1.5221e+07 6.39868e+06 161 14
21000 1.16859e+08 6.44733e+09 3.0357e+10 3.09186e+07 1.80902e+07 1.9744e+07 1.00152e+07 160 13
22000 1.20169e+08 6.45786e+09 3.90439e+10 3.29385e+07 1.89247e+07 2.51523e+07 1.02369e+07 158 14
23000 1.36521e+08 6.40331e+09 2.7976e+10 3.74622e+07 2.26296e+07 3.14108e+07 8.5539e+06 166 14
24000 1.44288e+08 6.32189e+09 2.56606e+10 5.12827e+07 2.75012e+07 3.99706e+07 1.39456e+07 169 12
25000 1.43672e+08 6.25322e+09 2.4229e+10 3.43563e+07 1.90983e+07 2.78601e+07 1.17245e+07 174 15
26000 1.47183e+08 6.16593e+09 2.90947e+10 3.85036e+07 2.18256e+07 1.73251e+07 7.42529e+06 168 20
27000 1.48649e+08 6.08631e+09 4.29384e+10 3.87542e+07 2.03468e+07 2.2142e+07 1.1827e+07 158 16
28000 1.43807e+08 6.01399e+09 3.64839e+10 3.58134e+07 1.94014e+07 2.07662e+07 1.03014e+07 168 16
29000 1.35064e+08 5.99755e+09 3.77863e+10 3.4169e+07 1.92981e+07 2.2667e+07 1.44608e+07 156 17
30000 1.18713e+08 6.04592e+09 5.57707e+10 3.31968e+07 1.83904e+07 2.01624e+07 9.13134e+06 153 12
31000 1.1013e+08 6.13326e+09 4.15081e+10 2.81576e+07 1.68008e+07 2.66906e+07 1.28104e+07 155 10
32000 1.01276e+08 6.24757e+09 3.91089e+10 2.56e+07 1.49468e+07 1.89783e+07 8.74831e+06 156 14
33000 9.77738e+07 6.37909e+09 3.15476e+10 2.79814e+07 1.80182e+07 2.6225e+07 1.89264e+07 146 11
34000 9.74063e+07 6.50533e+09 3.15611e+10 2.80328e+07 1.80969e+07 2.22235e+07 1.27095e+07 141 14
35000 1.01179e+08 6.6021e+09 2.96581e+10 3.10317e+07 2.10308e+07 1.85913e+07 9.94438e+06 140 18
36000 1.15132e+08 6.62776e+09 2.11854e+10 3.48547e+07 2.19668e+07 1.7208e+07 6.50249e+06 152 21
37000 1.33617e+08 6.56459e+09 2.62428e+10 3.7362e+07 1.87064e+07 1.91486e+07 7.43051e+06 156 21
38000 1.37204e+08 6.5244e+09 2.18148e+10 3.71859e+07 2.04988e+07 2.40133e+07 1.05201e+07 150 19
39000 1.32688e+08 6.50419e+09 1.65883e+10 3.37762e+07 1.87202e+07 2.7075e+07 1.36559e+07 158 17
40000 1.28977e+08 6.49188e+09 1.44439e+10 3.42694e+07 1.72783e+07 2.55259e+07 1.19018e+07 182 18
41000 1.31237e+08 6.4789e+09 1.47094e+10 3.11798e+07 1.79201e+07 3.25985e+07 2.00263e+07 180 14
42000 1.41271e+08 6.40559e+09 2.3118e+10 3.6774e+07 1.94327e+07 3.22758e+07 1.89148e+07 168 16
43000 1.53843e+08 6.27195e+09 2.97847e+10 3.99365e+07 2.05156e+07 4.41963e+07 2.48286e+07 170 19
44000 1.53188e+08 6.15389e+09 3.79442e+10 3.42563e+07 1.91285e+07 4.81122e+07 2.22143e+07 173 20
45000 1.53933e+08 6.04576e+09 3.17044e+10 3.65039e+07 1.83146e+07 3.33369e+07 1.56344e+07 180 21
46000 1.47582e+08 5.97823e+09 2.93518e+10 3.36536e+07 1.78023e+07 2.50566e+07 1.39706e+07 168 24
47000 1.33987e+08 5.96077e+09 3.11149e+10 3.67747e+07 2.23896e+07 1.90082e+07 7.67141e+06 154 28
48000 1.24946e+08 5.98814e+09 2.41241e+10 3.12056e+07 2.01865e+07 1.76735e+07 7.43342e+06 156 27
49000 1.20187e+08 6.02222e+09 2.98833e+10 3.12226e+07 1.96609e+07 2.06556e+07 1.07083e+07 156 23
50000 1.26575e+08 6.01559e+09 2.15167e+10 3.21456e+07 1.79685e+07 3.26795e+07 2.31297e+07 166 24
51000 1.22732e+08 6.03161e+09 3.05951e+10 3.11098e+07 1.76194e+07 1.87649e+07 9.44116e+06 153 25
52000 1.14706e+08 6.08464e+09 2.47703e+10 2.722e+07 1.56225e+07 2.31463e+07 1.19879e+07 165 20
53000 1.1003e+08 6.15349e+09 2.57985e+10 3.44065e+07 1.93368e+07 2.31416e+07 1.21443e+07 160 20
54000 1.10653e+08 6.22092e+09 2.74635e+10 2.90694e+07 1.69605e+07 2.23763e+07 1.47596e+07 154 17
55000 1.07577e+08 6.29532e+09 3.41232e+10 2.87182e+07 1.53591e+07 2.39491e+07 1.37583e+07 159 17
56000 1.04528e+08 6.38922e+09 4.491e+10 2.87862e+07 1.67578e+07 1.8667e+07 1.02846e+07 147 17
57000 1.05334e+08 6.47566e+09 3.7081e+10 2.77945e+07 1.59115e+07 1.71304e+07 7.79492e+06 154 19
58000 1.05385e+08 6.55505e+09 2.6201e+10 2.80796e+07 1.61599e+07 1.84373e+07 7.69502e+06 155 18
59000 1.11912e+08 6.62082e+09 2.92049e+10 3.29653e+07 1.83104e+07 2.48053e+07 1.31902e+07 143 16
60000 1.13823e+08 6.66309e+09 3.67531e+10 3.31627e+07 1.75609e+07 2.56006e+07 1.37869e+07 137 17
61000 1.11782e+08 6.72558e+09 2.35792e+10 3.07661e+07 1.71115e+07 2.04533e+07 9.11868e+06 146 20
62000 1.13946e+08 6.79749e+09 2.13271e+10 3.31358e+07 2.09971e+07 2.22963e+07 1.07003e+07 136 20
63000 1.11341e+08 6.84615e+09 4.66336e+10 5.12384e+07 2.67933e+07 2.67967e+07 1.70555e+07 129 17
64000 1.17137e+08 6.87473e+09 4.20702e+10 3.82001e+07 2.24728e+07 2.49813e+07 1.39486e+07 125 17
65000 1.15963e+08 6.9223e+09 3.61061e+10 4.62596e+07 3.31735e+07 2.18474e+07 1.09805e+07 124 18
66000 1.10391e+08 6.97266e+09 4.06629e+10 3.33714e+07 2.07398e+07 2.00656e+07 1.02194e+07 138 20
67000 1.18156e+08 7.00103e+09 4.07759e+10 3.63471e+07 2.01909e+07 2.34674e+07 1.18178e+07 138 17
68000 1.22039e+08 7.01206e+09 3.95519e+10 3.87172e+07 2.24931e+07 2.29616e+07 1.01215e+07 135 18
69000 1.36012e+08 6.95969e+09 3.94704e+10 4.73592e+07 2.46048e+07 1.81651e+07 8.41569e+06 143 22
70000 1.44065e+08 6.86449e+09 3.27959e+10 3.80897e+07 1.90647e+07 1.95654e+07 7.07368e+06 153 19
71000 1.38943e+08 6.81902e+09 3.68059e+10 4.30906e+07 2.19385e+07 1.82557e+07 7.368e+06 153 20
72000 1.31829e+08 6.79006e+09 3.11879e+10 3.12841e+07 1.45291e+07 1.75514e+07 7.67079e+06 160 22
73000 1.12225e+08 6.87294e+09 3.76786e+10 2.8117e+07 1.51985e+07 2.26967e+07 1.36215e+07 150 18
74000 1.06976e+08 6.96322e+09 3.56675e+10 2.72756e+07 1.47561e+07 2.94387e+07 1.461e+07 155 15
75000 1.12082e+08 7.02807e+09 3.36477e+10 3.11881e+07 1.68969e+07 3.71573e+07 2.39942e+07 145 14
76000 1.12268e+08 7.07138e+09 3.02174e+10 2.94918e+07 1.61548e+07 2.7674e+07 1.71744e+07 159 17
77000 1.23725e+08 7.073e+09 3.20978e+10 3.37318e+07 1.85731e+07 2.25527e+07 9.42863e+06 151 19
78000 1.24786e+08 7.07602e+09 3.22919e+10 3.44608e+07 1.91637e+07 2.59391e+07 1.60831e+07 154 18
79000 1.38978e+08 7.02729e+09 1.95761e+10 3.47913e+07 1.75022e+07 5.94747e+07 3.69353e+07 162 16
80000 1.56576e+08 6.88672e+09 2.06329e+10 3.64643e+07 1.85774e+07 7.57226e+07 1.96e+07 160 21
81000 1.49477e+08 6.78381e+09 2.13014e+10 4.29253e+07 2.54107e+07 4.73987e+07 2.0365e+07 154 24
82000 1.58344e+08 6.6543e+09 2.25494e+10 4.25672e+07 2.16474e+07 5.12495e+07 1.52113e+07 145 28
83000 1.56359e+08 6.52141e+09 2.07744e+10 3.90184e+07 2.16542e+07 2.75788e+07 9.02283e+06 161 32
84000 1.44625e+08 6.45882e+09 2.56027e+10 3.47446e+07 1.8459e+07 2.35981e+07 1.22827e+07 160 30
85000 1.51886e+08 6.35273e+09 2.075e+10 3.98219e+07 2.11188e+07 2.45907e+07 1.10911e+07 165 27
86000 1.47901e+08 6.25274e+09 3.43258e+10 3.49106e+07 1.71463e+07 2.2522e+07 9.59225e+06 159 28
87000 1.31407e+08 6.25618e+09 2.21154e+10 2.88384e+07 1.51492e+07 2.22816e+07 9.51544e+06 169 26
88000 1.18463e+08 6.31017e+09 1.70315e+10 3.10929e+07 1.86019e+07 1.82455e+07 7.56651e+06 165 28
89000 1.11483e+08 6.38065e+09 2.81928e+10 2.85714e+07 1.48133e+07 1.98216e+07 1.05211e+07 151 26
90000 1.02828e+08 6.47195e+09 4.5494e+10 2.67745e+07 1.37795e+07 1.99719e+07 1.07152e+07 146 25
91000 1.02456e+08 6.58418e+09 3.31003e+10 2.92873e+07 1.67884e+07 1.90643e+07 9.21467e+06 146 25
92000 1.01979e+08 6.68986e+09 3.2812e+10 3.18307e+07 1.80936e+07 2.3139e+07 1.2844e+07 139 22
93000 1.04996e+08 6.78785e+09 3.20041e+10 3.62481e+07 2.34958e+07 2.10849e+07 1.20823e+07 122 23
94000 1.21415e+08 6.77203e+09 4.13097e+10 3.67399e+07 1.6632e+07 5.18762e+07 2.96387e+07 138 17
95000 1.10031e+08 6.83974e+09 4.62545e+10 2.90363e+07 1.67299e+07 2.8916e+07 1.71485e+07 139 19
96000 1.11308e+08 6.90776e+09 3.68288e+10 3.31872e+07 1.77166e+07 3.60245e+07 2.80287e+07 146 16
97000 1.27792e+08 6.88747e+09 2.56162e+10 3.47514e+07 1.82188e+07 2.65341e+07 1.57221e+07 152 20
98000 1.31538e+08 6.86126e+09 3.43021e+10 3.85107e+07 2.22435e+07 3.95761e+07 2.82033e+07 141 20
99000 1.34063e+08 6.81974e+09 3.10908e+10 3.85129e+07 2.00993e+07 2.63106e+07 1.2228e+07 142 24
100000 1.31397e+08 6.8091e+09 2.40268e+10 3.6086e+07 2.07618e+07 2.16258e+07 9.09224e+06 144 27
101000 1.22163e+08 6.83298e+09 3.5064e+10 3.63248e+07 2.12963e+07 1.6715e+07 6.2037e+06 136 33
102000 1.23693e+08 6.82104e+09 3.8371e+10 3.59623e+07 1.89999e+07 1.74379e+07 7.4311e+06 142 32
103000 1.23748e+08 6.85212e+09 2.01722e+10 3.31034e+07 1.96196e+07 1.91663e+07 8.04178e+06 152 34
104000 1.41129e+08 6.7851e+09 2.5065e+10 3.90072e+07 2.09862e+07 2.74329e+07 1.20367e+07 152 31
105000 1.52908e+08 6.6585e+09 2.43768e+10 3.93469e+07 1.93956e+07 3.34141e+07 1.67165e+07 161 28
106000 1.59473e+08 6.49707e+09 2.7741e+10 3.98492e+07 1.88546e+07 2.55288e+07 8.8619e+06 154 29
107000 1.48933e+08 6.43784e+09 2.67008e+10 3.5823e+07 1.81685e+07 3.5878e+07 2.09689e+07 154 21
108000 1.29994e+08 6.43216e+09 3.83555e+10 4.98481e+07 1.89673e+07 3.56598e+07 1.79058e+07 157 19
109000 1.21075e+08 6.46986e+09 2.67035e+10 2.58041e+07 1.39031e+07 4.85805e+07 2.37414e+07 167 18
110000 1.15934e+08 6.52508e+09 2.64561e+10 3.2361e+07 2.18362e+07 3.88777e+07 1.86108e+07 157 19
111000 1.27978e+08 6.52103e+09 3.43778e+10 3.75591e+07 1.82018e+07 2.67223e+07 1.49516e+07 146 22
112000 1.31513e+08 6.48578e+09 3.12636e+10 3.8293e+07 2.19665e+07 1.96388e+07 1.07612e+07 144 24
113000 1.14657e+08 6.54194e+09 3.35677e+10 2.91712e+07 1.72826e+07 1.79329e+07 1.01228e+07 150 25
114000 1.17089e+08 6.60333e+09 2.54583e+10 3.29043e+07 2.13477e+07 2.56041e+07 1.8548e+07 153 19
115000 1.30513e+08 6.56646e+09 3.3683e+10 3.80321e+07 2.23667e+07 3.87199e+07 2.82428e+07 156 15
116000 1.54339e+08 6.41607e+09 2.76753e+10 3.94928e+07 2.10655e+07 3.92277e+07 2.02173e+07 167 18
117000 1.59283e+08 6.27448e+09 2.479e+10 3.83193e+07 2.13592e+07 3.18932e+07 1.22933e+07 167 17
118000 1.51516e+08 6.18112e+09 3.08834e+10 3.58779e+07 1.93614e+07 2.95531e+07 1.18153e+07 174 12
119000 1.44913e+08 6.10969e+09 2.4152e+10 3.26567e+07 1.61983e+07 2.65796e+07 1.62986e+07 180 15
120000 1.31512e+08 6.10159e+09 2.37375e+10 3.05482e+07 1.71528e+07 1.79456e+07 6.63273e+06 179 15
121000 1.21564e+08 6.14049e+09 2.28169e+10 2.89606e+07 1.66136e+07 2.40592e+07 1.71584e+07 171 12
122000 1.17136e+08 6.1915e+09 1.88225e+10 2.48013e+07 1.32016e+07 2.70882e+07 1.28638e+07 191 11
123000 1.16014e+08 6.25332e+09 1.45331e+10 2.6518e+07 1.52942e+07 3.09619e+07 1.5481e+07 178 10
124000 1.11317e+08 6.3199e+09 2.49437e+10 2.61084e+07 1.56397e+07 4.00001e+07 2.6302e+07 168 8
125000 1.04574e+08 6.41183e+09 3.79423e+10 2.74154e+07 1.56034e+07 3.43171e+07 2.26374e+07 157 8
126000 1.11348e+08 6.48578e+09 2.37838e+10 3.17509e+07 1.91591e+07 2.53917e+07 1.23093e+07 149 10
127000 1.13146e+08 6.52783e+09 3.20854e+10 3.07938e+07 1.56411e+07 2.15705e+07 1.12545e+07 150 11
128000 1.16223e+08 6.57028e+09 2.68587e+10 3.24649e+07 1.75751e+07 2.597e+07 1.59215e+07 154 9
129000 1.10879e+08 6.62995e+09 3.45423e+10 2.94575e+07 1.58077e+07 2.343e+07 1.32726e+07 151 10
130000 1.08174e+08 6.71962e+09 2.53826e+10 3.18611e+07 2.06316e+07 1.90137e+07 9.87922e+06 145 14
131000 1.08598e+08 6.80054e+09 3.76284e+10 3.5425e+07 2.32399e+07 2.6385e+07 1.85193e+07 129 11
132000 1.36838e+08 6.74484e+09 3.95057e+10 5.14839e+07 2.45692e+07 2.15701e+07 1.21702e+07 135 12
133000 1.45792e+08 6.6242e+09 4.44883e+10 4.05487e+07 2.41537e+07 2.08764e+07 1.41166e+07 141 13
134000 1.34597e+08 6.59156e+09 5.48579e+10 3.75437e+07 2.2816e+07 2.93194e+07 2.01697e+07 149 11
135000 1.65859e+08 6.40358e+09 3.32849e+10 4.33164e+07 2.12142e+07 4.04472e+07 1.85676e+07 162 13
136000 1.55332e+08 6.27553e+09 3.09592e+10 3.42108e+07 1.73542e+07 4.36548e+07 1.09909e+07 175 18
137000 1.39293e+08 6.23792e+09 2.518e+10 3.22768e+07 1.74731e+07 3.10757e+07 9.90784e+06 171 20
138000 1.31616e+08 6.2416e+09 1.47574e+10 3.76582e+07 2.55325e+07 2.37711e+07 8.69696e+06 170 27
139000 1.3182e+08 6.22104e+09 2.27837e+10 3.48882e+07 2.07587e+07 3.33907e+07 8.92701e+06 160 26
140000 1.38503e+08 6.16327e+09 2.18348e+10 3.58414e+07 2.08004e+07 3.46889e+07 1.04858e+07 168 25
141000 1.40848e+08 6.11403e+09 2.68354e+10 3.38545e+07 1.80208e+07 1.85767e+07 7.01936e+06 165 27
142000 1.37037e+08 6.09543e+09 3.30934e+10 4.00793e+07 2.47733e+07 1.90272e+07 9.68714e+06 152 23
143000 1.30184e+08 6.08202e+09 3.23469e+10 3.31104e+07 1.87675e+07 2.45274e+07 1.3903e+07 157 21
144000 1.29587e+08 6.08172e+09 2.07898e+10 3.21862e+07 1.84671e+07 3.1431e+07 1.1497e+07 157 22
145000 1.28844e+08 6.08287e+09 1.48793e+10 3.31491e+07 2.00535e+07 3.1384e+07 1.48386e+07 150 22
146000 1.26576e+08 6.09086e+09 1.67044e+10 3.28408e+07 2.0587e+07 2.56749e+07 1.18381e+07 150 21
147000 1.25053e+08 6.08522e+09 1.65258e+10 3.00307e+07 1.61838e+07 2.67964e+07 1.48437e+07 169 21
148000 1.31229e+08 6.0558e+09 2.13279e+10 3.41887e+07 1.92383e+07 3.05082e+07 1.39123e+07 157 21
149000 1.41034e+08 6.00024e+09 2.4429e+10 3.87211e+07 2.223e+07 4.67482e+07 2.86746e+07 146 21
150000 1.32035e+08 5.97718e+09 3.66485e+10 3.54158e+07 2.0673e+07 2.68095e+07 1.17262e+07 142 24
151000 1.19386e+08 6.01806e+09 3.97403e+10 3.26045e+07 1.86146e+07 2.26368e+07 1.25763e+07 140 24
152000 1.14042e+08 6.07718e+09 3.10603e+10 3.10766e+07 1.8325e+07 1.60834e+07 5.66956e+06 149 20
153000 1.13805e+08 6.14226e+09 2.04502e+10 3.14677e+07 2.00741e+07 2.13735e+07 1.32102e+07 144 17
154000 1.12089e+08 6.20969e+09 2.347e+10 3.24654e+07 2.09286e+07 1.76171e+07 1.00954e+07 137 20
155000 1.10302e+08 6.27009e+09 3.21572e+10 3.09762e+07 1.98011e+07 1.90238e+07 1.06349e+07 145 17
156000 1.13375e+08 6.3171e+09 3.76463e+10 3.53176e+07 2.22767e+07 2.08016e+07 8.82024e+06 137 15
157000 1.21337e+08 6.32752e+09 3.42322e+10 3.63459e+07 2.21537e+07 3.55349e+07 2.7324e+07 140 14
158000 1.25629e+08 6.32574e+09 2.19422e+10 3.78362e+07 2.46316e+07 2.51528e+07 1.59955e+07 148 17
159000 1.25863e+08 6.33474e+09 2.51125e+10 3.20028e+07 1.94439e+07 4.14302e+07 3.35488e+07 156 15
160000 1.27696e+08 6.32318e+09 2.77177e+10 3.34557e+07 2.09168e+07 4.50795e+07 3.08789e+07 147 20
161000 1.37738e+08 6.28593e+09 2.3301e+10 3.62783e+07 2.32154e+07 5.33227e+07 2.37712e+07 140 22
162000 1.39333e+08 6.22153e+09 2.25386e+10 3.96477e+07 2.6628e+07 4.51467e+07 1.62594e+07 138 24
163000 1.33813e+08 6.18661e+09 2.70309e+10 3.50389e+07 2.21494e+07 2.74456e+07 9.85566e+06 146 29
164000 1.31369e+08 6.16764e+09 2.35867e+10 3.64563e+07 2.21585e+07 2.03812e+07 7.39429e+06 151 30
165000 1.30267e+08 6.14437e+09 2.11184e+10 3.21895e+07 1.86728e+07 1.92416e+07 8.77726e+06 159 28
166000 1.27923e+08 6.13004e+09 2.39783e+10 3.39981e+07 1.95184e+07 2.12989e+07 1.17383e+07 158 25
167000 1.28133e+08 6.12531e+09 2.0296e+10 3.36368e+07 1.93891e+07 2.07644e+07 8.94624e+06 160 25
168000 1.28363e+08 6.12777e+09 1.92014e+10 3.19082e+07 1.78075e+07 2.2531e+07 1.09745e+07 160 19
169000 1.25009e+08 6.14875e+09 1.86993e+10 3.33775e+07 2.09989e+07 2.12831e+07 1.20687e+07 147 21
170000 1.18685e+08 6.19417e+09 2.07574e+10 3.11404e+07 2.03542e+07 2.58215e+07 1.73303e+07 154 18
171000 1.14232e+08 6.2491e+09 3.09472e+10 3.10601e+07 2.10958e+07 2.64389e+07 1.89797e+07 141 18
172000 1.15133e+08 6.29258e+09 2.9145e+10 3.28055e+07 2.12131e+07 2.86087e+07 1.74138e+07 143 18
173000 1.20889e+08 6.3129e+09 3.63955e+10 3.71627e+07 2.30467e+07 3.44273e+07 2.10882e+07 136 17
174000 1.37097e+08 6.26959e+09 1.92934e+10 4.08815e+07 2.26923e+07 3.56311e+07 2.06671e+07 149 18
175000 1.46049e+08 6.16041e+09 1.65825e+10 3.56505e+07 1.81335e+07 3.74725e+07 2.48452e+07 158 19
176000 1.32895e+08 6.13063e+09 2.6779e+10 3.09137e+07 1.37284e+07 3.52477e+07 2.06109e+07 165 20
177000 1.2498e+08 6.15385e+09 1.39773e+10 2.89844e+07 1.58633e+07 3.59679e+07 2.43844e+07 156 21
178000 1.14251e+08 6.21221e+09 1.07254e+10 2.39819e+07 1.26956e+07 3.36146e+07 2.06618e+07 171 24
179000 1.09833e+08 6.28546e+09 1.41976e+10 2.37818e+07 1.39788e+07 3.65692e+07 2.23898e+07 165 24
180000 1.08801e+08 6.34768e+09 2.13784e+10 2.48314e+07 1.45882e+07 4.09562e+07 2.31458e+07 154 26
181000 1.12358e+08 6.40358e+09 2.50454e+10 2.73203e+07 1.67301e+07 3.77643e+07 1.71514e+07 153 24
182000 1.14661e+08 6.44445e+09 2.80516e+10 2.97916e+07 1.75073e+07 3.67245e+07 2.01287e+07 150 24
183000 1.11613e+08 6.49863e+09 3.90632e+10 2.88418e+07 1.63671e+07 2.66407e+07 1.10612e+07 134 31
184000 1.07173e+08 6.57152e+09 4.4987e+10 3.44201e+07 2.12758e+07 3.70607e+07 2.27519e+07 137 24
185000 1.1106e+08 6.63959e+09 4.11765e+10 3.08213e+07 1.82093e+07 3.898e+07 2.38033e+07 133 24
186000 1.17114e+08 6.67717e+09 3.35158e+10 3.19525e+07 1.86847e+07 3.0278e+07 1.4829e+07 138 29
187000 1.18679e+08 6.7019e+09 3.58876e+10 3.27251e+07 1.7719e+07 3.85527e+07 2.87007e+07 142 24
188000 1.23567e+08 6.71052e+09 4.37759e+10 3.96025e+07 2.36419e+07 3.94571e+07 2.59477e+07 127 21
189000 1.22794e+08 6.72155e+09 4.853e+10 4.25837e+07 2.28088e+07 3.87588e+07 2.72027e+07 127 19
190000 1.22034e+08 6.74057e+09 3.78001e+10 3.62451e+07 2.00426e+07 3.30208e+07 1.98867e+07 130 22
191000 1.19994e+08 6.76597e+09 3.86249e+10 4.40397e+07 2.34761e+07 5.30894e+07 4.18984e+07 129 24
192000 1.1793e+08 6.80282e+09 3.02102e+10 3.12499e+07 1.7291e+07 3.09485e+07 1.96645e+07 137 31
193000 1.18138e+08 6.83112e+09 3.3092e+10 3.18975e+07 1.73428e+07 3.67857e+07 2.21469e+07 133 31
194000 1.15039e+08 6.8546e+09 4.52722e+10 2.90041e+07 1.41766e+07 4.00049e+07 2.04973e+07 130 35
195000 1.21825e+08 6.86641e+09 3.90102e+10 3.57283e+07 1.96697e+07 3.22189e+07 1.51866e+07 122 42
196000 1.36854e+08 6.80042e+09 3.2169e+10 4.29273e+07 2.01272e+07 2.63144e+07 1.1744e+07 120 49
197000 1.27323e+08 6.79744e+09 3.36758e+10 3.13426e+07 1.63533e+07 3.02206e+07 1.33754e+07 125 43
198000 1.18134e+08 6.84109e+09 2.56326e+10 3.45939e+07 2.28353e+07 2.45843e+07 1.18026e+07 123 49
199000 1.29463e+08 6.79615e+09 1.99242e+10 3.54311e+07 1.57652e+07 2.28716e+07 1.13218e+07 148 46
200000 1.44221e+08 6.69422e+09 2.04667e+10 4.15142e+07 1.77433e+07 1.99107e+07 9.94593e+06 144 50
201000 1.31711e+08 6.68259e+09 2.56826e+10 3.24845e+07 1.60747e+07 2.2362e+07 1.14568e+07 139 47
202000 1.19693e+08 6.71716e+09 1.92152e+10 2.81479e+07 1.40714e+07 2.51008e+07 1.56775e+07 154 47
203000 1.24347e+08 6.73258e+09 1.05519e+10 3.14378e+07 2.06149e+07 2.30548e+07 1.40285e+07 146 56
204000 1.45787e+08 6.62623e+09 1.39645e+10 4.19625e+07 2.47086e+07 2.72137e+07 1.32136e+07 145 55
205000 1.63297e+08 6.4329e+09 1.00949e+10 3.74966e+07 1.96488e+07 3.31439e+07 1.62652e+07 161 53
206000 1.57253e+08 6.28126e+09 2.16391e+10 3.95466e+07 1.66492e+07 2.74851e+07 1.08596e+07 164 57
207000 1.50696e+08 6.18658e+09 1.19246e+10 2.69988e+07 1.42596e+07 3.26022e+07 1.46492e+07 165 66
208000 1.45801e+08 6.1041e+09 1.17763e+10 3.26306e+07 1.81711e+07 2.80877e+07 1.1541e+07 159 68
209000 1.57232e+08 5.97081e+09 1.06932e+10 3.68566e+07 1.55279e+07 2.11923e+07 9.8655e+06 157 82
210000 1.46155e+08 5.88103e+09 1.76001e+10 2.7111e+07 1.24038e+07 2.08891e+07 1.11502e+07 161 75
211000 1.27866e+08 5.90065e+09 1.79311e+10 2.59261e+07 1.39497e+07 2.07738e+07 1.00512e+07 148 77
212000 1.24572e+08 5.92763e+09 1.28792e+10 3.16344e+07 2.12667e+07 2.50753e+07 1.4047e+07 147 71
213000 1.27145e+08 5.92315e+09 1.16785e+10 3.31984e+07 1.84843e+07 2.48601e+07 1.04845e+07 142 76
214000 1.24693e+08 5.92296e+09 9.42558e+09 2.74255e+07 1.64916e+07 2.12367e+07 8.98366e+06 146 73
215000 1.17979e+08 5.95787e+09 9.23614e+09 2.80471e+07 1.69162e+07 2.71776e+07 1.71316e+07 148 68
216000 1.12706e+08 6.00885e+09 1.39853e+10 2.35217e+07 1.25762e+07 2.06058e+07 1.07638e+07 146 70
217000 1.13874e+08 6.06448e+09 2.17148e+10 2.87518e+07 1.74614e+07 2.03838e+07 1.00329e+07 133 67
218000 1.17387e+08 6.09909e+09 2.07877e+10 3.1841e+07 1.896e+07 1.89231e+07 8.43059e+06 125 70
219000 1.18235e+08 6.13914e+09 2.11074e+10 3.19156e+07 1.99284e+07 2.09082e+07 1.12544e+07 119 67
220000 1.13252e+08 6.18093e+09 3.50048e+10 2.89731e+07 1.72443e+07 2.30376e+07 1.2274e+07 121 64
221000 1.20421e+08 6.2081e+09 1.74273e+10 3.07448e+07 1.99142e+07 2.8802e+07 1.81126e+07 126 58
222000 1.20022e+08 6.2051e+09 2.65992e+10 2.84562e+07 1.64128e+07 2.59883e+07 1.25536e+07 127 70
223000 1.24823e+08 6.20964e+09 2.07935e+10 2.67938e+07 1.44308e+07 3.54853e+07 2.14727e+07 127 62
224000 1.23427e+08 6.21484e+09 2.08196e+10 2.879e+07 1.63796e+07 2.91797e+07 1.36322e+07 117 72
225000 1.1909e+08 6.23266e+09 1.6801e+10 2.85526e+07 1.63919e+07 2.50961e+07 1.15764e+07 116 78
226000 1.18714e+08 6.26457e+09 1.15999e+10 3.03054e+07 1.8683e+07 2.3726e+07 1.2354e+07 113 80
227000 1.18923e+08 6.29094e+09 2.30441e+10 3.43823e+07 2.2202e+07 2.44791e+07 1.4357e+07 103 76
228000 1.20131e+08 6.30184e+09 2.51667e+10 3.2488e+07 1.90664e+07 2.46214e+07 1.39334e+07 115 74
229000 1.23108e+08 6.30256e+09 1.71774e+10 3.18649e+07 1.88028e+07 2.37281e+07 1.21729e+07 118 75
230000 1.22217e+08 6.31178e+09 2.34608e+10 3.39484e+07 1.91731e+07 2.69701e+07 1.64311e+07 116 70
231000 1.19585e+08 6.32777e+09 2.136e+10 2.939e+07 1.49603e+07 2.5636e+07 1.46731e+07 118 72
232000 1.1516e+08 6.36898e+09 2.12048e+10 2.941e+07 1.50529e+07 2.81145e+07 1.62004e+07 118 69
233000 1.08705e+08 6.43138e+09 2.55772e+10 2.60541e+07 1.54513e+07 2.62805e+07 1.54679e+07 112 71
234000 1.07972e+08 6.50301e+09 2.39538e+10 2.62809e+07 1.54749e+07 2.67192e+07 1.5008e+07 109 74
235000 1.06633e+08 6.56884e+09 2.14833e+10 2.52379e+07 1.50861e+07 2.34268e+07 1.17981e+07 117 74
236000 1.08501e+08 6.63134e+09 2.30735e+10 3.55876e+07 2.4595e+07 2.45323e+07 1.34014e+07 115 73
237000 1.1275e+08 6.66749e+09 3.10136e+10 3.45229e+07 2.16959e+07 2.51894e+07 1.35744e+07 111 74
238000 1.20833e+08 6.67392e+09 4.05978e+10 3.40156e+07 1.98461e+07 3.19233e+07 1.93557e+07 100 71
239000 1.33781e+08 6.61309e+09 3.4146e+10 3.62685e+07 2.10544e+07 3.61756e+07 1.52073e+07 97 82
240000 1.39203e+08 6.52455e+09 4.1516e+10 3.43706e+07 1.95691e+07 3.36164e+07 1.33849e+07 96 88
241000 1.30891e+08 6.49131e+09 4.72038e+10 3.75294e+07 2.10724e+07 2.81548e+07 1.26992e+07 94 89
242000 1.30761e+08 6.49172e+09 1.86421e+10 3.43332e+07 1.97183e+07 2.68374e+07 1.32799e+07 102 91
243000 1.25717e+08 6.50123e+09 2.05523e+10 3.68171e+07 2.43193e+07 4.26771e+07 3.19469e+07 93 90
244000 1.21532e+08 6.49915e+09 3.99275e+10 4.42966e+07 2.85161e+07 2.39256e+07 1.31012e+07 96 85
245000 1.49474e+08 6.38354e+09 2.22087e+10 5.23717e+07 2.72239e+07 2.42153e+07 1.34293e+07 98 82
246000 1.4733e+08 6.27037e+09 2.99209e+10 4.07339e+07 2.0548e+07 2.66487e+07 1.56454e+07 107 77
247000 1.36849e+08 6.22864e+09 2.53027e+10 3.50942e+07 1.84117e+07 3.17905e+07 1.98844e+07 115 83
248000 1.31035e+08 6.21639e+09 2.50596e+10 3.61206e+07 1.96483e+07 2.22026e+07 1.13245e+07 105 88
249000 1.21391e+08 6.23781e+09 3.16558e+10 3.5213e+07 2.15402e+07 4.4795e+07 3.30101e+07 98 86
250000 1.19597e+08 6.25239e+09 3.52271e+10 4.19557e+07 2.05586e+07 3.05864e+07 1.9567e+07 102 91
251000 1.23947e+08 6.25356e+09 3.90938e+10 4.55675e+07 2.29883e+07 2.55008e+07 1.3187e+07 110 79
252000 1.20827e+08 6.26565e+09 2.87945e+10 2.95597e+07 1.5329e+07 2.95635e+07 1.6905e+07 113 73
253000 1.19492e+08 6.29256e+09 2.59866e+10 3.25946e+07 2.05205e+07 2.7245e+07 1.458e+07 100 78
254000 1.19323e+08 6.31132e+09 2.06379e+10 2.95088e+07 1.69912e+07 2.72709e+07 1.39782e+07 109 79
255000 1.23514e+08 6.33297e+09 1.60329e+10 3.6025e+07 2.25936e+07 2.7927e+07 1.54075e+07 90 83
256000 1.19845e+08 6.33576e+09 2.36965e+10 3.27244e+07 1.79921e+07 2.80919e+07 1.5646e+07 93 81
257000 1.16534e+08 6.36919e+09 3.60316e+10 3.65023e+07 2.19794e+07 3.25787e+07 2.01936e+07 87 75
258000 1.16221e+08 6.39215e+09 4.22307e+10 3.13514e+07 1.86704e+07 3.54711e+07 2.29395e+07 88 73
259000 1.20668e+08 6.39525e+09 3.21071e+10 2.89661e+07 1.62084e+07 3.5388e+07 1.93141e+07 97 83
260000 1.18252e+08 6.40807e+09 3.59458e+10 3.32678e+07 1.87568e+07 3.07934e+07 1.66009e+07 86 83
261000 1.11378e+08 6.46489e+09 4.52238e+10 3.48034e+07 2.07373e+07 2.76379e+07 1.33016e+07 80 81
262000 1.08939e+08 6.53278e+09 3.11088e+10 3.21479e+07 1.97011e+07 3.08102e+07 1.83803e+07 82 88
263000 1.09413e+08 6.58874e+09 2.90884e+10 3.56315e+07 2.30507e+07 2.39615e+07 1.28041e+07 84 89
264000 1.26765e+08 6.57092e+09 1.58783e+10 4.10236e+07 2.02777e+07 2.73202e+07 1.59622e+07 88 85
265000 1.25881e+08 6.54963e+09 2.24609e+10 3.77503e+07 2.05777e+07 2.63821e+07 1.4462e+07 83 90
266000 1.17071e+08 6.57372e+09 3.50056e+10 3.24008e+07 1.85216e+07 2.83126e+07 1.61448e+07 93 79
267000 1.16225e+08 6.60244e+09 3.58021e+10 3.16958e+07 1.6962e+07 3.08974e+07 1.70638e+07 95 78
268000 1.18592e+08 6.62257e+09 3.57242e+10 3.49047e+07 1.79004e+07 2.81409e+07 1.53395e+07 84 87
269000 1.17934e+08 6.64522e+09 2.74243e+10 3.20863e+07 1.92905e+07 2.71774e+07 1.50336e+07 85 93
270000 1.18253e+08 6.67828e+09 3.1943e+10 3.584e+07 2.37727e+07 2.96911e+07 1.76138e+07 76 90
271000 1.20663e+08 6.66795e+09 3.80781e+10 3.79143e+07 2.2976e+07 2.82255e+07 1.50614e+07 76 91
272000 1.20395e+08 6.67439e+09 4.02589e+10 3.27837e+07 1.90773e+07 4.20872e+07 1.95574e+07 83 93
273000 1.27762e+08 6.64808e+09 2.61768e+10 3.1211e+07 1.90168e+07 3.82134e+07 1.93507e+07 95 100
274000 1.35873e+08 6.57244e+09 1.94233e+10 3.15559e+07 1.76126e+07 3.24161e+07 1.52323e+07 91 105
275000 1.34762e+08 6.51146e+09 1.58794e+10 3.27965e+07 1.65866e+07 2.50708e+07 1.12426e+07 90 121
276000 1.28538e+08 6.49534e+09 1.60043e+10 3.29226e+07 1.8793e+07 2.36772e+07 1.20059e+07 85 121
277000 1.24234e+08 6.50409e+09 1.50848e+10 3.27862e+07 2.02119e+07 2.3328e+07 1.1845e+07 83 120
278000 1.23699e+08 6.50273e+09 1.55512e+10 3.40848e+07 1.98449e+07 2.39998e+07 1.30155e+07 96 113
279000 1.28599e+08 6.48503e+09 7.10619e+09 3.62034e+07 1.99554e+07 2.57892e+07 1.36507e+07 92 109
280000 1.28616e+08 6.4493e+09 1.7605e+10 3.41511e+07 1.98932e+07 2.6738e+07 1.23979e+07 85 120
281000 1.23069e+08 6.43908e+09 2.58418e+10 2.80159e+07 1.5169e+07 2.99311e+07 1.63624e+07 84 112
282000 1.17735e+08 6.45975e+09 1.67659e+10 2.41555e+07 1.23657e+07 2.38316e+07 1.25561e+07 91 127
283000 1.15635e+08 6.48612e+09 1.49883e+10 2.5255e+07 1.54693e+07 2.4998e+07 1.20189e+07 86 122
284000 1.19841e+08 6.48719e+09 1.82216e+10 2.25833e+07 1.29976e+07 2.88391e+07 1.34787e+07 92 123
285000 1.3114e+08 6.44108e+09 1.32215e+10 2.7394e+07 1.48058e+07 2.80853e+07 1.26641e+07 96 129
286000 1.34996e+08 6.37391e+09 2.52267e+10 3.08013e+07 1.36398e+07 2.40023e+07 1.02962e+07 91 137
287000 1.33909e+08 6.34431e+09 9.76083e+09 2.82481e+07 1.46661e+07 2.61292e+07 1.32093e+07 89 131
288000 1.27398e+08 6.31326e+09 1.70336e+10 2.91103e+07 1.53701e+07 2.72419e+07 1.23063e+07 84 132
289000 1.28815e+08 6.3005e+09 1.85236e+10 3.09612e+07 1.86476e+07 2.83797e+07 1.37835e+07 85 125
290000 1.36188e+08 6.24195e+09 1.25602e+10 4.38696e+07 2.59607e+07 2.79101e+07 1.21442e+07 83 137
291000 1.32656e+08 6.18345e+09 2.16298e+10 2.9375e+07 1.67164e+07 2.5685e+07 1.20146e+07 82 128
292000 1.22813e+08 6.2026e+09 2.13746e+10 2.8909e+07 1.81702e+07 3.11752e+07 1.51387e+07 84 129
293000 1.16277e+08 6.24735e+09 2.88978e+10 2.79151e+07 1.70835e+07 2.29876e+07 1.27872e+07 80 127
294000 1.14573e+08 6.29392e+09 2.95604e+10 4.02944e+07 2.33427e+07 2.39227e+07 1.33934e+07 66 123
295000 1.13659e+08 6.33505e+09 3.00165e+10 3.30097e+07 2.02001e+07 2.56812e+07 1.63658e+07 65 118
296000 1.17836e+08 6.36196e+09 2.42004e+10 3.14398e+07 1.83566e+07 2.798e+07 1.67048e+07 68 113
297000 1.18561e+08 6.3677e+09 2.26253e+10 3.0936e+07 1.86703e+07 3.41261e+07 1.97861e+07 65 118
298000 1.22698e+08 6.36214e+09 1.70928e+10 3.5594e+07 2.34209e+07 2.89644e+07 1.57808e+07 60 123
299000 1.24584e+08 6.34378e+09 2.0692e+10 3.99398e+07 2.53225e+07 2.73405e+07 1.44277e+07 63 122
300000 1.21525e+08 6.33626e+09 2.58031e+10 3.52708e+07 1.7553e+07 2.29103e+07 1.09853e+07 66 132
301000 1.14287e+08 6.38015e+09 1.8901e+10 3.11664e+07 1.57956e+07 2.28103e+07 1.24088e+07 69 132
302000 1.09977e+08 6.42999e+09 1.28642e+10 2.67388e+07 1.5271e+07 2.28725e+07 1.17711e+07 72 135
303000 1.12141e+08 6.46814e+09 1.4934e+10 3.0303e+07 2.06588e+07 2.49422e+07 1.16116e+07 67 142
304000 1.17717e+08 6.47732e+09 1.36046e+10 3.43875e+07 2.00937e+07 2.37954e+07 1.3088e+07 68 135
305000 1.26586e+08 6.45164e+09 8.46032e+09 3.75928e+07 2.17265e+07 2.35026e+07 1.20268e+07 69 141
306000 1.28928e+08 6.41361e+09 8.98526e+09 3.8066e+07 2.40025e+07 3.56824e+07 1.58602e+07 68 137
307000 1.31964e+08 6.38199e+09 1.05072e+10 4.05016e+07 2.44052e+07 2.33442e+07 1.10349e+07 68 143
308000 1.28145e+08 6.34689e+09 1.84107e+10 4.01052e+07 2.42912e+07 2.6611e+07 1.28973e+07 62 151
309000 1.24434e+08 6.34441e+09 2.54873e+10 3.56014e+07 2.10226e+07 2.24009e+07 1.14744e+07 66 142
310000 1.20643e+08 6.36147e+09 3.07865e+10 3.57235e+07 2.10382e+07 2.3117e+07 1.19086e+07 62 138
311000 1.21972e+08 6.38019e+09 3.01773e+10 4.4732e+07 2.89487e+07 2.28878e+07 1.24428e+07 52 138
312000 1.26568e+08 6.35617e+09 2.22507e+10 4.36234e+07 2.15821e+07 2.32091e+07 1.32119e+07 64 135
313000 1.30987e+08 6.32178e+09 1.56519e+10 3.86329e+07 1.96615e+07 2.51137e+07 1.30272e+07 65 132
314000 1.20077e+08 6.33438e+09 2.56541e+10 2.95805e+07 1.63645e+07 3.00471e+07 1.65129e+07 68 125
315000 1.12996e+08 6.37699e+09 1.74321e+10 2.47394e+07 1.45702e+07 2.63215e+07 1.35838e+07 70 125
316000 1.05892e+08 6.44407e+09 2.50641e+10 2.37141e+07 1.50363e+07 2.51826e+07 1.23867e+07 64 125
317000 1.01917e+08 6.53345e+09 2.72433e+10 2.62334e+07 1.62068e+07 2.42062e+07 1.17672e+07 61 130
318000 1.04024e+08 6.62302e+09 2.54106e+10 2.77011e+07 1.81592e+07 3.0609e+07 1.82082e+07 53 128
319000 1.00636e+08 6.70594e+09 3.30802e+10 3.08387e+07 1.5832e+07 2.67857e+07 1.58441e+07 47 132
320000 1.01677e+08 6.79632e+09 2.15969e+10 3.76957e+07 2.43574e+07 2.29625e+07 1.23976e+07 50 137
321000 1.01152e+08 6.88157e+09 3.51704e+10 4.22389e+07 3.12943e+07 2.38365e+07 1.26039e+07 41 126
322000 1.1589e+08 6.8905e+09 3.77061e+10 6.5662e+07 3.31535e+07 2.49742e+07 1.32371e+07 42 123
323000 1.34964e+08 6.80096e+09 3.64629e+10 5.88485e+07 2.33731e+07 2.41417e+07 1.28153e+07 56 127
324000 1.31941e+08 6.76688e+09 3.37628e+10 5.07447e+07 2.75645e+07 2.55273e+07 1.36912e+07 62 119
325000 1.28312e+08 6.7477e+09 2.89999e+10 3.90517e+07 1.9777e+07 2.86259e+07 1.74258e+07 71 109
326000 1.25943e+08 6.73768e+09 2.52394e+10 3.50848e+07 1.86067e+07 2.67979e+07 1.46258e+07 67 123
327000 1.19131e+08 6.75775e+09 3.46512e+10 3.33328e+07 1.76055e+07 3.03209e+07 1.8043e+07 59 124
328000 1.11447e+08 6.80225e+09 2.93693e+10 2.77893e+07 1.59408e+07 2.82915e+07 1.53312e+07 59 121
329000 1.1437e+08 6.84173e+09 1.82338e+10 2.63563e+07 1.74119e+07 2.94226e+07 1.51977e+07 65 124
330000 1.18665e+08 6.83937e+09 2.1769e+10 3.40753e+07 1.94562e+07 3.20321e+07 1.88498e+07 65 131
331000 1.34196e+08 6.76364e+09 2.64821e+10 4.23705e+07 1.70363e+07 2.75622e+07 1.41668e+07 66 134
332000 1.3084e+08 6.70808e+09 3.90142e+10 3.2916e+07 1.34173e+07 2.47577e+07 1.20903e+07 62 144
333000 1.2243e+08 6.71521e+09 4.24838e+10 3.04919e+07 1.65347e+07 3.05137e+07 1.76978e+07 58 133
334000 1.24618e+08 6.71033e+09 3.30564e+10 3.67158e+07 1.98416e+07 2.55152e+07 1.27544e+07 57 148
335000 1.29499e+08 6.67023e+09 3.40253e+10 4.22859e+07 2.30096e+07 2.58569e+07 1.35297e+07 51 143
336000 1.27533e+08 6.63457e+09 3.12824e+10 3.15109e+07 1.4655e+07 2.99942e+07 1.64065e+07 60 143
337000 1.26476e+08 6.60504e+09 1.70345e+10 3.53681e+07 2.15271e+07 3.41901e+07 2.0792e+07 56 158
338000 1.24558e+08 6.59164e+09 2.41903e+10 4.39998e+07 2.75922e+07 3.41397e+07 1.31863e+07 61 152
339000 1.41543e+08 6.49995e+09 2.32928e+10 5.89881e+07 2.71861e+07 2.22639e+07 1.00723e+07 61 156
340000 1.44449e+08 6.41405e+09 1.33725e+10 4.2468e+07 1.88741e+07 2.35093e+07 1.17816e+07 66 152
341000 1.31216e+08 6.37482e+09 1.70995e+10 3.89015e+07 1.51678e+07 2.59009e+07 1.44397e+07 69 150
342000 1.25389e+08 6.36727e+09 2.30837e+10 3.251e+07 1.32303e+07 2.42356e+07 1.25548e+07 63 154
343000 1.19479e+08 6.38957e+09 2.21702e+10 2.45436e+07 1.0339e+07 2.79428e+07 1.5704e+07 64 145
344000 1.13574e+08 6.42775e+09 1.72225e+10 2.25985e+07 1.23136e+07 2.56699e+07 1.37214e+07 60 154
345000 1.15424e+08 6.45738e+09 1.44046e+10 2.22602e+07 1.52589e+07 2.63312e+07 1.32311e+07 62 152
346000 1.14314e+08 6.48862e+09 2.51722e+10 2.46422e+07 1.44344e+07 2.53626e+07 1.15955e+07 59 143
347000 1.13872e+08 6.52144e+09 2.27211e+10 3.16838e+07 1.62467e+07 3.10703e+07 1.85649e+07 57 141
348000 1.12352e+08 6.55782e+09 1.63096e+10 2.98195e+07 1.46987e+07 2.16991e+07 1.12769e+07 58 151
349000 1.08311e+08 6.62374e+09 1.56213e+10 2.73493e+07 1.47566e+07 2.10088e+07 1.10415e+07 56 153
350000 1.08058e+08 6.68956e+09 1.49418e+10 2.63221e+07 1.6408e+07 2.39593e+07 1.36897e+07 61 138
351000 1.14313e+08 6.71562e+09 1.21439e+10 3.01239e+07 1.61997e+07 2.7178e+07 1.55111e+07 59 133
352000 1.22759e+08 6.69658e+09 1.27515e+10 3.24812e+07 1.57311e+07 2.67976e+07 1.38159e+07 64 139
353000 1.28604e+08 6.65357e+09 1.43278e+10 3.25121e+07 1.64241e+07 2.75032e+07 1.40976e+07 67 138
354000 1.3626e+08 6.57677e+09 1.72599e+10 3.44404e+07 1.78242e+07 3.11849e+07 1.69207e+07 72 132
355000 1.46224e+08 6.46204e+09 1.56854e+10 4.10189e+07 2.29292e+07 2.86216e+07 1.31453e+07 67 147
356000 1.42382e+08 6.38699e+09 7.95144e+09 3.12458e+07 1.63879e+07 3.32636e+07 2.04856e+07 75 141
357000 1.34404e+08 6.34621e+09 1.87908e+10 3.21836e+07 1.51649e+07 3.38192e+07 2.24207e+07 74 129
358000 1.41072e+08 6.23924e+09 2.30879e+10 3.7286e+07 1.42441e+07 2.818e+07 1.49167e+07 78 142
359000 1.36385e+08 6.18455e+09 1.76662e+10 2.86514e+07 1.32805e+07 2.46432e+07 1.31734e+07 78 147
360000 1.27206e+08 6.18182e+09 2.12307e+10 2.79359e+07 1.58706e+07 2.59051e+07 1.40971e+07 77 140
361000 1.21966e+08 6.19292e+09 2.03278e+10 2.45942e+07 1.24071e+07 2.56125e+07 1.37868e+07 75 138
362000 1.18021e+08 6.21234e+09 1.97261e+10 2.41387e+07 1.14229e+07 2.62614e+07 1.4882e+07 71 138
363000 1.20335e+08 6.22858e+09 1.73847e+10 3.11303e+07 1.86821e+07 2.56618e+07 1.38158e+07 61 142
364000 1.23088e+08 6.21539e+09 1.39694e+10 2.84332e+07 1.60399e+07 2.717e+07 1.47279e+07 65 142
365000 1.25167e+08 6.20812e+09 1.95377e+10 2.85058e+07 1.53969e+07 2.85527e+07 1.46161e+07 64 136
366000 1.21153e+08 6.21116e+09 1.62501e+10 3.11008e+07 1.84331e+07 2.57849e+07 1.38646e+07 59 137
367000 1.14942e+08 6.23983e+09 2.16677e+10 2.78312e+07 1.62116e+07 2.38166e+07 1.35465e+07 58 149
368000 1.1315e+08 6.27779e+09 2.73511e+10 2.83051e+07 1.50299e+07 2.55177e+07 1.54474e+07 52 145
369000 1.14568e+08 6.31707e+09 2.81381e+10 2.91718e+07 1.60925e+07 2.9574e+07 1.87902e+07 47 136
370000 1.17009e+08 6.33554e+09 1.67026e+10 2.68038e+07 1.58612e+07 2.77398e+07 1.54994e+07 50 146
371000 1.15748e+08 6.34696e+09 1.52362e+10 2.68866e+07 1.57037e+07 2.66277e+07 1.35253e+07 53 153
372000 1.17389e+08 6.3718e+09 9.47877e+09 3.58192e+07 2.63877e+07 2.71633e+07 1.49679e+07 46 149
373000 1.12248e+08 6.39623e+09 1.80066e+10 2.9665e+07 1.84505e+07 2.44139e+07 1.29197e+07 43 155
374000 1.12134e+08 6.43337e+09 1.72665e+10 2.93823e+07 1.71296e+07 2.5234e+07 1.40247e+07 46 156
375000 1.1529e+08 6.46739e+09 2.50874e+10 6.14596e+07 4.74048e+07 2.60411e+07 1.41575e+07 37 149
376000 1.17382e+08 6.47017e+09 2.85164e+10 3.97795e+07 2.18925e+07 2.57087e+07 1.35152e+07 37 149
377000 1.16559e+08 6.48394e+09 3.40924e+10 3.73069e+07 2.00064e+07 2.67477e+07 1.48804e+07 38 148
378000 1.18823e+08 6.47986e+09 3.40244e+10 4.25156e+07 2.54193e+07 2.56053e+07 1.25596e+07 41 149
379000 1.22457e+08 6.47572e+09 2.48536e+10 4.6662e+07 2.83059e+07 2.42775e+07 1.19621e+07 41 163
380000 1.24473e+08 6.46278e+09 1.53442e+10 3.3714e+07 1.77624e+07 2.80158e+07 1.68527e+07 48 159
381000 1.23787e+08 6.44085e+09 2.08376e+10 3.11312e+07 1.4795e+07 2.58677e+07 1.39154e+07 53 155
382000 1.26231e+08 6.41978e+09 2.1725e+10 3.15004e+07 1.82581e+07 3.08306e+07 1.71677e+07 50 162
383000 1.25974e+08 6.39994e+09 2.38333e+10 2.86856e+07 1.47286e+07 2.77792e+07 1.51595e+07 49 153
384000 1.20971e+08 6.41083e+09 3.84832e+10 3.55543e+07 2.4405e+07 3.04368e+07 1.80574e+07 36 150
385000 1.18404e+08 6.42302e+09 3.26646e+10 2.73704e+07 1.59972e+07 2.98601e+07 1.67031e+07 44 150
386000 1.17692e+08 6.44134e+09 2.43475e+10 2.57153e+07 1.45741e+07 2.78388e+07 1.47475e+07 43 155
387000 1.16924e+08 6.45854e+09 1.73848e+10 2.20743e+07 1.04649e+07 3.02333e+07 1.6312e+07 44 150
388000 1.13606e+08 6.48649e+09 1.97861e+10 2.73828e+07 1.50172e+07 2.73757e+07 1.52274e+07 39 152
389000 1.14826e+08 6.5244e+09 1.93619e+10 6.07369e+07 5.438e+07 2.56482e+07 1.37411e+07 41 162
390000 1.14393e+08 6.53997e+09 2.45585e+10 4.85688e+07 4.09845e+07 2.66281e+07 1.19914e+07 36 166
391000 1.14383e+08 6.55563e+09 2.38674e+10 3.97717e+07 2.95541e+07 2.38337e+07 1.09844e+07 35 166
392000 1.23771e+08 6.53206e+09 1.91151e+10 4.85193e+07 2.35396e+07 2.20794e+07 1.04852e+07 42 177
393000 1.29188e+08 6.49534e+09 1.78981e+10 4.34834e+07 1.80968e+07 2.86695e+07 1.4366e+07 45 165
394000 1.28503e+08 6.4859e+09 2.21897e+10 4.08496e+07 2.23327e+07 2.70691e+07 1.48265e+07 40 151
395000 1.19958e+08 6.49335e+09 2.93299e+10 3.24099e+07 1.81031e+07 2.77524e+07 1.66092e+07 41 147
396000 1.1588e+08 6.5172e+09 3.11142e+10 2.87494e+07 1.49968e+07 2.97044e+07 1.79015e+07 45 137
397000 1.16543e+08 6.53148e+09 3.53949e+10 3.94255e+07 2.06152e+07 2.76454e+07 1.6436e+07 37 146
398000 1.32847e+08 6.49433e+09 1.68716e+10 4.30699e+07 2.73659e+07 3.24069e+07 2.05797e+07 41 146
399000 1.43366e+08 6.38291e+09 1.41632e+10 3.45639e+07 1.9897e+07 3.8998e+07 2.36268e+07 48 146
400000 1.46351e+08 6.26265e+09 1.16595e+10 5.04078e+07 3.72506e+07 3.18604e+07 1.72196e+07 48 156
401000 1.39337e+08 6.17861e+09 1.34171e+10 3.33068e+07 1.82366e+07 2.79466e+07 1.46327e+07 51 160
402000 1.27082e+08 6.15054e+09 1.7006e+10 3.25278e+07 1.64112e+07 2.40613e+07 1.24014e+07 51 164
403000 1.19149e+08 6.16909e+09 1.18984e+10 3.1734e+07 1.4587e+07 2.29087e+07 1.36344e+07 49 166
404000 1.13535e+08 6.21151e+09 9.35192e+09 2.7948e+07 1.38152e+07 2.24303e+07 1.30626e+07 50 164
405000 1.08752e+08 6.26517e+09 1.46004e+10 2.19483e+07 9.56639e+06 3.22664e+07 1.85095e+07 54 167
406000 1.05708e+08 6.32654e+09 2.00738e+10 2.1598e+07 1.03912e+07 2.27072e+07 1.17184e+07 48 166
407000 1.07629e+08 6.39343e+09 1.487e+10 2.71529e+07 1.78835e+07 2.36035e+07 1.28955e+07 38 164
408000 1.0761e+08 6.4437e+09 2.05802e+10 2.8752e+07 2.09107e+07 2.45309e+07 1.31838e+07 37 154
409000 1.12378e+08 6.47088e+09 1.7506e+10 3.57155e+07 2.17514e+07 2.33934e+07 1.17468e+07 38 167
410000 1.18619e+08 6.46741e+09 1.69841e+10 4.43745e+07 2.68996e+07 2.39585e+07 1.24637e+07 40 164
411000 1.23277e+08 6.45756e+09 2.001e+10 3.7289e+07 1.71996e+07 2.41662e+07 1.21605e+07 46 162
412000 1.23875e+08 6.45561e+09 2.41804e+10 3.60202e+07 1.78908e+07 2.99143e+07 1.72662e+07 45 144
413000 1.2051e+08 6.46308e+09 2.87804e+10 3.95527e+07 2.1231e+07 2.66223e+07 1.44427e+07 35 152
414000 1.19114e+08 6.47556e+09 3.12103e+10 3.58893e+07 2.06347e+07 2.86037e+07 1.65048e+07 36 146
415000 1.16703e+08 6.48293e+09 3.14746e+10 2.7555e+07 1.36169e+07 3.28067e+07 1.90962e+07 41 149
416000 1.15164e+08 6.49781e+09 2.8827e+10 5.15387e+07 2.11179e+07 2.80297e+07 1.38459e+07 43 156
417000 1.12498e+08 6.52317e+09 2.58385e+10 2.38766e+07 1.3619e+07 2.52651e+07 1.19924e+07 44 161
418000 1.10743e+08 6.56631e+09 2.52782e+10 2.46427e+07 1.45795e+07 2.48196e+07 1.24553e+07 43 168
419000 1.12298e+08 6.61368e+09 2.89375e+10 2.76616e+07 1.73094e+07 3.20351e+07 1.69447e+07 43 151
420000 1.17185e+08 6.62603e+09 1.93087e+10 2.52087e+07 1.58597e+07 2.64767e+07 1.41153e+07 42 158
421000 1.19687e+08 6.62398e+09 2.8548e+10 2.81119e+07 1.70642e+07 3.21992e+07 1.79635e+07 42 147
422000 1.30183e+08 6.58144e+09 2.70494e+10 3.28504e+07 2.19635e+07 3.37614e+07 1.7661e+07 36 165
423000 1.30137e+08 6.52958e+09 3.34557e+10 3.73405e+07 2.15838e+07 2.85733e+07 1.39478e+07 35 159
424000 1.25606e+08 6.51955e+09 3.37163e+10 4.04935e+07 2.35652e+07 2.78354e+07 1.57135e+07 33 157
425000 1.23731e+08 6.49756e+09 3.34114e+10 3.65357e+07 2.13018e+07 2.81932e+07 1.40739e+07 35 159
426000 1.2502e+08 6.48179e+09 3.70619e+10 3.62155e+07 2.36683e+07 2.898e+07 1.49306e+07 31 160
427000 1.1973e+08 6.47661e+09 4.26296e+10 3.48455e+07 1.95039e+07 2.8647e+07 1.41264e+07 29 155
428000 1.14525e+08 6.49661e+09 3.24478e+10 2.796e+07 1.53615e+07 3.74561e+07 2.53682e+07 33 159
429000 1.18475e+08 6.51108e+09 1.25812e+10 2.70952e+07 1.55235e+07 3.36849e+07 2.16718e+07 34 174
430000 1.18032e+08 6.51702e+09 2.44359e+10 6.97778e+07 6.09916e+07 2.48109e+07 1.18922e+07 23 181
431000 1.17613e+08 6.5209e+09 1.87697e+10 5.4202e+07 4.55021e+07 2.46126e+07 1.23365e+07 24 184
432000 1.17071e+08 6.53038e+09 2.21925e+10 3.40424e+07 2.61633e+07 2.65483e+07 1.33822e+07 21 183
433000 1.15939e+08 6.53555e+09 4.71714e+10 5.03036e+07 4.07174e+07 2.59764e+07 1.18364e+07 16 182
434000 1.17642e+08 6.54847e+09 3.55951e+10 4.15125e+07 3.13769e+07 2.52239e+07 1.15901e+07 18 186
435000 1.18028e+08 6.56233e+09 3.5886e+10 6.72271e+07 4.85222e+07 2.60029e+07 1.38772e+07 14 174
436000 1.17821e+08 6.57968e+09 2.58355e+10 4.77049e+07 2.7712e+07 2.53272e+07 1.30032e+07 19 175
437000 1.13184e+08 6.61151e+09 2.1745e+10 3.13995e+07 1.42834e+07 2.52891e+07 1.33172e+07 23 184
438000 1.11477e+08 6.64454e+09 1.49302e+10 2.68973e+07 1.35407e+07 2.35147e+07 1.18582e+07 25 191
439000 1.1218e+08 6.68607e+09 1.76389e+10 2.8765e+07 1.72562e+07 3.64608e+07 1.82231e+07 23 182
440000 1.13687e+08 6.7156e+09 1.36869e+10 2.40325e+07 1.3684e+07 2.79554e+07 1.44439e+07 27 167
441000 1.13661e+08 6.73924e+09 1.5361e+10 2.73714e+07 1.809e+07 2.61654e+07 1.30301e+07 24 173
442000 1.11548e+08 6.775e+09 1.77818e+10 2.99951e+07 2.03432e+07 3.23605e+07 1.63102e+07 23 173
443000 1.12921e+08 6.79594e+09 1.71363e+10 3.13454e+07 1.89532e+07 2.59185e+07 1.35555e+07 23 178
444000 1.1816e+08 6.78886e+09 1.97536e+10 3.85596e+07 2.48607e+07 2.95551e+07 1.658e+07 22 171
445000 1.25559e+08 6.75915e+09 2.01469e+10 4.04768e+07 2.55121e+07 2.80813e+07 1.35746e+07 22 189
446000 1.37035e+08 6.68027e+09 1.63209e+10 4.29552e+07 3.0306e+07 3.06863e+07 1.54392e+07 23 183
447000 1.37271e+08 6.59232e+09 3.22765e+10 4.85715e+07 2.54659e+07 3.02875e+07 1.50605e+07 22 178
448000 1.44456e+08 6.48849e+09 2.20006e+10 5.73434e+07 2.57401e+07 3.17631e+07 1.64463e+07 21 174
449000 1.39437e+08 6.40712e+09 1.17629e+10 3.72018e+07 1.98514e+07 2.63344e+07 1.29308e+07 28 198
450000 1.26411e+08 6.39137e+09 1.94534e+10 3.03002e+07 1.8212e+07 2.76181e+07 1.44703e+07 26 186
451000 1.17138e+08 6.40015e+09 1.96391e+10 2.58923e+07 1.51809e+07 2.91671e+07 1.34967e+07 27 189
452000 1.12869e+08 6.43902e+09 2.19203e+10 2.88664e+07 1.67437e+07 2.33244e+07 1.17899e+07 22 189
453000 1.14602e+08 6.47232e+09 2.41967e+10 2.82647e+07 1.76124e+07 2.84846e+07 1.59931e+07 21 180
454000 1.18555e+08 6.48107e+09 2.57074e+10 3.29056e+07 2.16952e+07 2.89113e+07 1.54535e+07 17 168
455000 1.12717e+08 6.50802e+09 4.15063e+10 2.56933e+07 1.32585e+07 3.06258e+07 1.73673e+07 20 166
456000 1.14198e+08 6.52396e+09 3.40001e+10 2.33189e+07 1.3946e+07 2.77018e+07 1.29826e+07 19 178
457000 1.11802e+08 6.56603e+09 2.17969e+10 2.15242e+07 1.05117e+07 2.5372e+07 1.33801e+07 17 183
458000 1.0445e+08 6.63287e+09 1.64119e+10 2.18394e+07 1.46083e+07 2.64141e+07 1.40154e+07 16 191
459000 1.04069e+08 6.70795e+09 1.75096e+10 2.76388e+07 2.30368e+07 2.56038e+07 1.4028e+07 12 180
460000 1.07493e+08 6.75956e+09 1.95229e+10 3.17363e+07 2.37601e+07 2.8627e+07 1.63338e+07 12 164
461000 1.18146e+08 6.75911e+09 1.94804e+10 3.09342e+07 2.19719e+07 3.14988e+07 1.7419e+07 12 175
462000 1.28667e+08 6.69575e+09 1.6708e+10 5.80309e+07 4.16416e+07 3.01267e+07 1.45929e+07 11 184
463000 1.32003e+08 6.61602e+09 2.10787e+10 9.12112e+07 4.98404e+07 2.76527e+07 1.4193e+07 12 187
464000 1.3336e+08 6.55096e+09 1.81608e+10 7.31518e+07 3.7451e+07 2.47067e+07 1.18137e+07 15 207
465000 1.25676e+08 6.52136e+09 3.02233e+10 4.99733e+07 2.26224e+07 3.31785e+07 2.16052e+07 14 191
466000 1.21719e+08 6.50457e+09 2.29904e+10 3.2377e+07 1.84134e+07 2.45323e+07 1.20114e+07 17 208
467000 1.22342e+08 6.48954e+09 1.7731e+10 2.62172e+07 1.41278e+07 3.50287e+07 1.57316e+07 18 217
468000 1.24342e+08 6.47274e+09 1.35679e+10 3.03508e+07 1.81841e+07 2.45973e+07 1.16178e+07 17 211
469000 1.20274e+08 6.45869e+09 1.97968e+10 2.65578e+07 1.24391e+07 2.46065e+07 1.23964e+07 18 203
470000 1.20798e+08 6.47117e+09 1.90789e+10 4.00199e+07 2.42832e+07 2.93766e+07 1.38943e+07 12 212
471000 1.17518e+08 6.48186e+09 1.86534e+10 2.68736e+07 1.46271e+07 2.6272e+07 1.4171e+07 16 203
472000 1.14501e+08 6.50036e+09 2.46949e+10 3.32862e+07 2.17446e+07 2.33578e+07 1.08612e+07 11 208
473000 1.18803e+08 6.51609e+09 1.64666e+10 2.68774e+07 1.42528e+07 2.76214e+07 1.39608e+07 12 203
474000 1.17216e+08 6.52471e+09 1.59451e+10 2.32267e+07 1.27598e+07 2.6675e+07 1.41039e+07 13 197
475000 1.16794e+08 6.53918e+09 1.22013e+10 2.27239e+07 1.18366e+07 2.65674e+07 1.45782e+07 12 196
476000 1.21739e+08 6.52725e+09 7.36572e+09 2.63449e+07 1.74852e+07 2.78172e+07 1.41973e+07 10 200
477000 1.1894e+08 6.51077e+09 1.22505e+10 2.49518e+07 1.68701e+07 2.53822e+07 1.23818e+07 10 203
478000 1.15118e+08 6.54336e+09 1.72344e+10 4.87214e+07 4.22458e+07 2.50525e+07 1.33044e+07 6 203
479000 1.09364e+08 6.58673e+09 1.93112e+10 1.28359e+08 1.20268e+08 2.26935e+07 1.16757e+07 6 205
480000 1.07239e+08 6.64815e+09 2.19698e+10 4.57677e+07 3.68931e+07 2.48528e+07 1.34518e+07 4 189
481000 1.03365e+08 6.72506e+09 3.01402e+10 5.11672e+07 5.11672e+07 2.84838e+07 1.81706e+07 3 187
482000 1.05054e+08 6.7876e+09 3.08622e+10 6.30388e+07 5.4117e+07 2.78322e+07 1.59264e+07 4 172
483000 1.14798e+08 6.78855e+09 2.83309e+10 1.2975e+08 6.96552e+07 3.13739e+07 1.87593e+07 7 181
484000 1.29191e+08 6.72862e+09 2.81936e+10 1.50055e+08 6.88481e+07 2.8406e+07 1.46825e+07 8 178
485000 1.31568e+08 6.6787e+09 9.37284e+09 8.0011e+07 2.85721e+07 2.56152e+07 1.37535e+07 11 199
486000 1.2093e+08 6.67151e+09 1.33369e+10 4.7981e+07 1.75301e+07 2.40217e+07 1.34667e+07 12 200
487000 1.1563e+08 6.68948e+09 1.56768e+10 3.16412e+07 1.60978e+07 3.33351e+07 1.68609e+07 11 196
488000 1.25e+08 6.6534e+09 1.12146e+10 2.33991e+07 1.45388e+07 3.09068e+07 1.57324e+07 11 195
489000 1.3398e+08 6.58257e+09 1.37006e+10 2.1612e+07 1.19138e+07 2.98861e+07 1.60219e+07 12 198
490000 1.27167e+08 6.54259e+09 2.5093e+10 2.12611e+07 1.0571e+07 2.8247e+07 1.4178e+07 12 204
491000 1.26148e+08 6.52606e+09 2.62265e+10 3.0227e+07 1.60173e+07 2.89661e+07 1.66291e+07 11 188
492000 1.24311e+08 6.49825e+09 3.15292e+10 1.49848e+08 5.89227e+07 2.87061e+07 1.57264e+07 10 186
493000 1.30726e+08 6.43249e+09 2.17755e+10 7.42162e+07 2.84773e+07 2.8692e+07 1.52258e+07 11 194
494000 1.29593e+08 6.3892e+09 1.7287e+10 4.63831e+07 1.70422e+07 2.57661e+07 1.30825e+07 12 208
495000 1.2304e+08 6.37599e+09 1.01793e+10 2.27346e+07 9.28641e+06 2.38459e+07 1.11832e+07 16 216
496000 1.1601e+08 6.3857e+09 2.05578e+10 2.00287e+07 1.07365e+07 2.45331e+07 1.14393e+07 13 205
497000 1.10851e+08 6.43393e+09 1.42659e+10 1.99827e+07 1.31061e+07 2.35616e+07 1.18232e+07 12 200
498000 1.07182e+08 6.49611e+09 1.36668e+10 2.25769e+07 1.89825e+07 2.41241e+07 1.27052e+07 11 210
499000 1.07818e+08 6.54533e+09 1.19136e+10 2.08642e+07 1.16166e+07 2.30607e+07 1.22529e+07 12 208
500000 1.10629e+08 6.58501e+09 1.35498e+10 2.61288e+07 1.54552e+07 2.47194e+07 1.27839e+07 11 198
501000 1.13807e+08 6.60167e+09 1.18014e+10 2.97411e+07 2.07984e+07 2.50688e+07 1.28229e+07 9 202
502000 1.14267e+08 6.60621e+09 1.82855e+10 8.69262e+07 7.48804e+07 2.6616e+07 1.43269e+07 8 213
503000 1.16557e+08 6.616e+09 1.44298e+10 2.45033e+07 1.09004e+07 2.87562e+07 1.4541e+07 9 214
504000 1.14121e+08 6.63299e+09 1.87711e+10 2.74819e+07 1.71715e+07 3.63556e+07 1.867e+07 8 208
505000 1.1339e+08 6.64699e+09 1.51062e+10 2.67718e+07 1.95232e+07 2.32091e+07 1.06985e+07 10 216
506000 1.17698e+08 6.65628e+09 1.43482e+10 3.49576e+07 2.67821e+07 2.42798e+07 1.27363e+07 8 218
507000 1.24587e+08 6.62897e+09 1.16995e+10 3.85391e+07 2.84541e+07 2.50137e+07 1.14669e+07 9 221
508000 1.29214e+08 6.57284e+09 1.39951e+10 7.36766e+07 4.1053e+07 2.6452e+07 1.22118e+07 9 215
509000 1.29559e+08 6.51257e+09 1.26933e+10 4.22816e+07 2.10311e+07 2.42938e+07 1.01599e+07 11 231
510000 1.27168e+08 6.50153e+09 8.83667e+09 4.12659e+07 2.53921e+07 2.42743e+07 1.14386e+07 10 220
511000 1.16829e+08 6.51863e+09 2.47289e+10 3.06149e+07 1.71349e+07 2.3295e+07 1.05499e+07 13 205
512000 1.14301e+08 6.55233e+09 1.95136e+10 4.13381e+07 3.31619e+07 2.78288e+07 1.36124e+07 10 196
513000 1.1747e+08 6.56991e+09 1.07889e+10 3.19597e+07 2.06971e+07 2.51391e+07 1.36225e+07 13 202
514000 1.2102e+08 6.55404e+09 1.63352e+10 2.74913e+07 1.28365e+07 2.70442e+07 1.38491e+07 14 200
515000 1.24223e+08 6.51795e+09 2.63028e+10 3.1889e+07 2.10049e+07 3.01387e+07 1.48884e+07 12 193
516000 1.18341e+08 6.51997e+09 1.93644e+10 3.32309e+07 2.5078e+07 2.47243e+07 1.21878e+07 11 202
517000 1.15066e+08 6.55046e+09 1.94408e+10 2.56529e+07 1.44671e+07 2.4831e+07 1.33109e+07 13 198
518000 1.15273e+08 6.56228e+09 1.5184e+10 2.34735e+07 1.29009e+07 2.31914e+07 1.14231e+07 14 218
519000 1.18429e+08 6.56266e+09 2.82007e+10 2.36176e+07 1.21596e+07 2.74152e+07 1.4337e+07 12 197
520000 1.26284e+08 6.53198e+09 2.26586e+10 2.88491e+07 1.5562e+07 2.78262e+07 1.36778e+07 10 203
521000 1.24549e+08 6.49246e+09 1.78277e+10 3.89401e+07 2.81183e+07 2.63406e+07 1.24128e+07 8 208
522000 1.21572e+08 6.49265e+09 1.8063e+10 3.30746e+07 2.08384e+07 2.61405e+07 1.31703e+07 10 197
523000 1.18145e+08 6.5102e+09 1.84995e+10 2.97221e+07 2.10029e+07 2.50174e+07 1.20003e+07 11 200
524000 1.16196e+08 6.53622e+09 1.42122e+10 2.81898e+07 2.01921e+07 2.57593e+07 1.32294e+07 11 195
525000 1.16454e+08 6.5727e+09 1.81632e+10 3.82576e+07 2.70441e+07 3.02033e+07 1.86371e+07 8 175
526000 1.12102e+08 6.60205e+09 1.64746e+10 5.31012e+07 4.76361e+07 2.649e+07 1.52833e+07 5 184
527000 1.04737e+08 6.65962e+09 3.29214e+10 2.46769e+07 1.11414e+07 2.46132e+07 1.27906e+07 10 177
528000 1.02335e+08 6.73294e+09 2.82997e+10 2.94951e+07 1.47476e+07 2.58054e+07 1.41035e+07 6 181
529000 1.03373e+08 6.80249e+09 1.80783e+10 4.68096e+07 4.0362e+07 2.4802e+07 1.26186e+07 4 188
530000 1.0436e+08 6.86186e+09 1.41206e+10 3.24317e+07 2.50852e+07 2.54547e+07 1.33518e+07 4 184
531000 1.06782e+08 6.90526e+09 1.10549e+10 2.65773e+07 1.66647e+07 2.54432e+07 1.48535e+07 5 197
532000 1.16192e+08 6.90935e+09 9.16095e+09 3.85823e+07 3.20338e+07 2.75876e+07 1.48358e+07 4 201
533000 1.25796e+08 6.87141e+09 1.99745e+10 3.46753e+07 2.62142e+07 3.75099e+07 2.0825e+07 3 190
534000 1.28853e+08 6.81735e+09 1.23561e+10 2.3503e+07 1.37126e+07 2.95787e+07 1.64357e+07 6 200
535000 1.24152e+08 6.7731e+09 2.76953e+10 4.72072e+07 3.79635e+07 2.68949e+07 1.3584e+07 6 206
536000 1.4057e+08 6.6723e+09 2.5033e+10 6.50661e+07 1.80117e+07 3.32174e+07 1.53174e+07 9 209
537000 1.5722e+08 6.46616e+09 1.3469e+10 5.19886e+07 1.69959e+07 3.20585e+07 1.42222e+07 11 230
538000 1.36992e+08 6.39412e+09 1.75125e+10 3.20084e+07 8.76231e+06 2.49719e+07 1.1606e+07 10 226
539000 1.22862e+08 6.38707e+09 1.61564e+10 2.31277e+07 7.90437e+06 2.20472e+07 1.11114e+07 9 255
540000 1.19954e+08 6.40443e+09 1.62741e+10 2.18794e+07 1.26311e+07 2.5587e+07 1.19767e+07 8 229
541000 1.19072e+08 6.40832e+09 1.24236e+10 2.28041e+07 1.03702e+07 2.25294e+07 1.02907e+07 7 236
542000 1.13675e+08 6.44706e+09 2.11693e+10 1.62036e+07 6.81765e+06 2.36166e+07 1.29599e+07 6 220
543000 1.09638e+08 6.49719e+09 1.47755e+10 3.80156e+07 3.45737e+07 2.23371e+07 1.18645e+07 4 218
544000 1.07261e+08 6.55831e+09 1.01843e+10 4.73328e+07 4.73328e+07 2.18094e+07 1.12727e+07 3 218
545000 1.05897e+08 6.61408e+09 1.16442e+10 4.94432e+07 4.94432e+07 2.2243e+07 1.14446e+07 2 217
546000 1.07568e+08 6.65355e+09 1.94375e+10 4.82219e+07 4.82219e+07 2.36675e+07 1.23647e+07 2 203
547000 1.14878e+08 6.66824e+09 2.19937e+10 3.24095e+07 3.02439e+07 2.71807e+07 1.34921e+07 4 200
548000 1.19748e+08 6.64564e+09 2.50874e+10 4.41323e+07 4.41323e+07 2.55982e+07 1.0979e+07 3 211
549000 1.21807e+08 6.62805e+09 2.98355e+10 2.7632e+07 1.58456e+07 2.98565e+07 1.56631e+07 5 197
550000 1.26304e+08 6.59304e+09 2.07349e+10 4.89148e+07 4.89148e+07 3.2517e+07 1.49438e+07 2 207
551000 1.22557e+08 6.57643e+09 1.13214e+10 5.29071e+07 5.29071e+07 2.43664e+07 1.20728e+07 3 219
552000 1.15632e+08 6.60168e+09 1.55995e+10 4.83328e+07 4.83328e+07 2.41555e+07 1.22054e+07 2 214
553000 1.12716e+08 6.63276e+09 1.2098e+10 2.91642e+07 1.45821e+07 2.70615e+07 1.60558e+07 4 222
554000 1.14337e+08 6.6549e+09 1.30929e+10 3.01714e+07 1.50857e+07 2.43333e+07 1.33357e+07 4 211
555000 1.15264e+08 6.65944e+09 2.05346e+10 3.38822e+07 1.69411e+07 2.43048e+07 1.25025e+07 4 212
556000 1.18452e+08 6.65309e+09 1.70834e+10 5.64879e+07 4.37121e+07 2.44241e+07 1.22382e+07 3 219
557000 1.19548e+08 6.64474e+09 1.88414e+10 9.28188e+07 9.28188e+07 2.53373e+07 1.26823e+07 1 214
558000 1.20258e+08 6.63151e+09 2.32066e+10 1.47637e+08 1.47637e+08 2.61242e+07 1.40204e+07 1 221
559000 1.32387e+08 6.57474e+09 1.49582e+10 9.79683e+07 9.79683e+07 3.77782e+07 1.57014e+07 2 227
560000 1.46869e+08 6.42361e+09 1.48021e+10 5.8007e+07 3.77232e+07 3.27723e+07 1.60005e+07 3 233
561000 1.42708e+08 6.30392e+09 9.11707e+09 3.68483e+07 1.84241e+07 2.53854e+07 1.07003e+07 4 246
562000 1.31646e+08 6.26509e+09 1.04209e+10 2.08184e+07 7.65398e+06 2.57546e+07 1.32009e+07 6 243
563000 1.22412e+08 6.27424e+09 8.30179e+09 3.10182e+07 1.34796e+07 2.32091e+07 1.20314e+07 6 233
564000 1.18455e+08 6.29788e+09 9.51721e+09 4.68851e+07 3.62435e+07 2.336e+07 1.22089e+07 3 228
565000 1.17128e+08 6.31208e+09 7.18433e+09 3.04437e+07 2.45036e+07 2.32944e+07 1.25373e+07 4 229
566000 1.15595e+08 6.3305e+09 1.18315e+10 2.81432e+07 2.34533e+07 2.71556e+07 1.40066e+07 4 223
567000 1.15297e+08 6.3516e+09 1.77228e+10 1.9154e+07 1.17209e+07 2.59107e+07 1.41356e+07 7 205
568000 1.12968e+08 6.36674e+09 1.94803e+10 4.96611e+07 4.62853e+07 2.40796e+07 1.28383e+07 6 217
569000 1.15126e+08 6.37935e+09 1.61123e+10 7.22328e+07 3.53651e+07 3.2477e+07 2.10457e+07 7 226
570000 1.184e+08 6.38715e+09 1.3722e+10 6.5737e+07 2.39081e+07 2.39686e+07 1.27785e+07 7 211
571000 1.16845e+08 6.40193e+09 1.47552e+10 5.30261e+07 2.44641e+07 2.46139e+07 1.23363e+07 6 204
572000 1.1534e+08 6.42386e+09 1.22374e+10 3.29884e+07 1.26299e+07 2.56035e+07 1.31522e+07 5 202
573000 1.12767e+08 6.44759e+09 1.19823e+10 1.4584e+07 4.94999e+06 2.36168e+07 1.23915e+07 8 220
574000 1.12326e+08 6.48332e+09 1.53943e+10 1.62924e+07 6.32269e+06 2.49294e+07 1.31164e+07 7 211
575000 1.13309e+08 6.51046e+09 1.64624e+10 1.79544e+07 7.55872e+06 2.48728e+07 1.26605e+07 6 206
576000 1.13499e+08 6.53693e+09 1.76329e+10 1.54817e+07 6.79924e+06 2.70016e+07 1.53414e+07 6 195
577000 1.12842e+08 6.56102e+09 1.40025e+10 1.00296e+07 2.50741e+06 2.42257e+07 1.20416e+07 8 208
578000 1.09917e+08 6.60717e+09 2.20075e+10 1.39194e+07 4.63979e+06 2.90688e+07 1.45847e+07 6 190
579000 1.10252e+08 6.65284e+09 1.55908e+10 1.60152e+07 6.10956e+06 3.0079e+07 1.8841e+07 5 183
580000 1.11706e+08 6.68729e+09 1.12149e+10 2.08685e+07 1.04343e+07 2.89838e+07 1.84371e+07 4 190
581000 1.15359e+08 6.70129e+09 8.77268e+09 1.84865e+07 9.24326e+06 2.98734e+07 1.83801e+07 4 181
582000 1.19654e+08 6.69226e+09 1.19509e+10 1.60508e+07 9.68757e+06 3.7341e+07 1.81478e+07 5 190
583000 1.2383e+08 6.66772e+09 1.41521e+10 1.80082e+07 1.28551e+07 4.15067e+07 1.97112e+07 5 188
584000 1.26761e+08 6.61383e+09 1.83571e+10 2.10722e+07 1.63545e+07 3.08088e+07 1.54073e+07 5 194
585000 1.32753e+08 6.53778e+09 1.39882e+10 5.00243e+07 5.00243e+07 3.49493e+07 1.75069e+07 4 206
586000 1.29309e+08 6.47782e+09 2.17587e+10 8.12601e+07 4.4537e+07 2.78547e+07 1.33718e+07 7 206
587000 1.31535e+08 6.41823e+09 2.41458e+10 1.21149e+08 5.7475e+07 3.09942e+07 1.3823e+07 10 207
588000 1.27258e+08 6.37932e+09 2.21809e+10 7.23776e+07 2.81198e+07 2.23797e+07 1.06164e+07 13 211
589000 1.16901e+08 6.40501e+09 2.66404e+10 3.87199e+07 1.79429e+07 2.5851e+07 1.47682e+07 15 215
590000 1.13586e+08 6.45214e+09 2.39541e+10 2.62976e+07 1.43933e+07 3.02468e+07 1.6077e+07 17 196
591000 1.09926e+08 6.4896e+09 2.60254e+10 1.99637e+07 9.96631e+06 2.3403e+07 1.17308e+07 18 202
592000 1.09653e+08 6.53237e+09 1.97953e+10 1.81793e+07 7.80312e+06 2.41232e+07 1.21466e+07 18 195
593000 1.09266e+08 6.58673e+09 1.93297e+10 1.54049e+07 5.15254e+06 2.46677e+07 1.26784e+07 16 198
594000 1.08429e+08 6.63957e+09 1.21754e+10 2.14661e+07 1.31287e+07 2.71237e+07 1.60442e+07 15 197
595000 1.1005e+08 6.67762e+09 6.85609e+09 2.26528e+07 1.15511e+07 2.41698e+07 1.37128e+07 14 201
596000 1.12672e+08 6.70392e+09 1.61073e+10 2.98833e+07 1.65621e+07 2.60789e+07 1.37643e+07 10 191
597000 1.17838e+08 6.71205e+09 1.26872e+10 2.09156e+07 1.09741e+07 3.29842e+07 1.80665e+07 15 183
598000 1.26054e+08 6.65746e+09 9.33165e+09 2.13604e+07 1.08556e+07 2.78009e+07 1.31256e+07 14 205
599000 1.24018e+08 6.62633e+09 2.33814e+10 2.80284e+07 1.82647e+07 2.69631e+07 1.2594e+07 11 202
600000 1.29281e+08 6.58943e+09 1.78773e+10 2.67336e+07 1.48763e+07 2.82811e+07 1.33872e+07 11 208
601000 1.28635e+08 6.53919e+09 2.37078e+10 2.94495e+07 1.47248e+07 3.05107e+07 1.56984e+07 8 213
602000 1.2386e+08 6.5297e+09 2.35902e+10 4.41573e+07 3.53347e+07 2.66924e+07 1.32497e+07 6 199
603000 1.14873e+08 6.55672e+09 2.36455e+10 2.74355e+07 1.37177e+07 2.69046e+07 1.34588e+07 4 207
604000 1.1223e+08 6.58874e+09 1.25165e+10 1.98855e+07 1.14731e+07 2.33274e+07 1.29802e+07 8 218
605000 1.15178e+08 6.61227e+09 8.78505e+09 2.34419e+07 1.55447e+07 2.5698e+07 1.45968e+07 7 204
606000 1.12477e+08 6.61344e+09 1.88804e+10 2.55905e+07 1.80276e+07 2.39914e+07 1.16028e+07 7 214
607000 1.16115e+08 6.62476e+09 2.20458e+10 1.92792e+07 8.40575e+06 2.56156e+07 1.33711e+07 5 209
608000 1.1914e+08 6.61464e+09 1.42887e+10 2.8667e+07 1.83948e+07 2.51707e+07 1.20658e+07 6 219
609000 1.19341e+08 6.60533e+09 1.9312e+10 2.88928e+07 1.88833e+07 3.11129e+07 1.58487e+07 6 208
610000 1.2413e+08 6.5814e+09 2.00813e+10 2.95744e+07 1.47872e+07 2.73433e+07 1.3528e+07 4 222
611000 1.31418e+08 6.52584e+09 1.70974e+10 2.50962e+07 1.04898e+07 3.54052e+07 1.55782e+07 5 216
612000 1.27488e+08 6.49158e+09 1.10475e+10 2.41669e+07 1.00964e+07 2.75794e+07 1.4779e+07 5 216
613000 1.1588e+08 6.51578e+09 1.90243e+10 2.37771e+07 9.83813e+06 2.37501e+07 1.15252e+07 5 209
614000 1.11757e+08 6.5721e+09 1.64016e+10 4.68954e+07 3.42109e+07 2.66242e+07 1.53936e+07 3 199
615000 1.10452e+08 6.62738e+09 1.4635e+10 6.29262e+07 6.29262e+07 2.51133e+07 1.45324e+07 3 195
616000 1.10483e+08 6.65858e+09 2.28971e+10 8.07736e+07 8.07736e+07 3.49356e+07 2.05962e+07 3 196
617000 1.21091e+08 6.65454e+09 1.81571e+10 9.31761e+07 5.13377e+07 3.15808e+07 1.93762e+07 3 182
618000 1.30674e+08 6.59451e+09 1.65834e+10 1.24134e+08 7.11856e+07 3.3527e+07 1.85029e+07 4 183
619000 1.36472e+08 6.5288e+09 2.39976e+10 8.6629e+07 2.78378e+07 3.27843e+07 1.93298e+07 10 183
620000 1.37543e+08 6.44339e+09 2.36688e+10 6.37658e+07 1.27532e+07 3.01703e+07 1.7057e+07 10 188
621000 1.27637e+08 6.40498e+09 2.86685e+10 3.49041e+07 1.1242e+07 2.94797e+07 1.49797e+07 11 191
622000 1.20943e+08 6.38956e+09 2.96433e+10 2.15312e+07 1.03784e+07 2.77181e+07 1.41948e+07 11 192
623000 1.22099e+08 6.39038e+09 2.10355e+10 1.67459e+07 1.0332e+07 3.36956e+07 2.00328e+07 12 188
624000 1.128e+08 6.41561e+09 2.17866e+10 6.93169e+06 1.38634e+06 2.55081e+07 1.34033e+07 10 188
625000 1.04616e+08 6.50346e+09 2.58886e+10 8.82746e+06 2.20687e+06 2.68208e+07 1.56389e+07 8 173
626000 1.01366e+08 6.59467e+09 1.70802e+10 1.02513e+07 3.4171e+06 2.52808e+07 1.50748e+07 6 181
627000 1.0084e+08 6.67971e+09 8.66155e+09 7.61136e+06 2.53712e+06 3.0644e+07 1.82599e+07 6 179
628000 1.00218e+08 6.75199e+09 1.78152e+10 2.42885e+07 1.21442e+07 2.65578e+07 1.66695e+07 4 175
629000 1.04671e+08 6.80469e+09 1.41716e+10 1.83544e+07 1.47479e+07 2.66977e+07 1.52408e+07 3 187
630000 1.10071e+08 6.82434e+09 2.06918e+10 1.60992e+07 1.33145e+07 2.79436e+07 1.57764e+07 3 190
631000 1.18882e+08 6.80756e+09 1.69432e+10 1.75658e+07 1.23283e+07 2.93491e+07 1.59049e+07 3 195
632000 1.242e+08 6.76759e+09 2.66131e+10 4.05518e+07 4.05518e+07 3.04097e+07 1.6304e+07 1 194
633000 1.33688e+08 6.68899e+09 1.69691e+10 4.26228e+07 4.26228e+07 3.21637e+07 1.68719e+07 1 205
634000 1.37042e+08 6.58084e+09 1.24988e+10 2.28161e+07 1.14081e+07 2.78646e+07 1.23477e+07 2 227
635000 1.34035e+08 6.51609e+09 1.43106e+10 2.48128e+07 1.24064e+07 2.81374e+07 1.45398e+07 2 219
636000 1.31926e+08 6.4546e+09 1.40739e+10 2.67406e+07 1.33703e+07 2.69208e+07 1.26347e+07 2 236
637000 1.37167e+08 6.36635e+09 1.37622e+10 7.02112e+07 7.02112e+07 2.63043e+07 1.16757e+07 1 242
638000 1.31876e+08 6.30532e+09 1.30146e+10 3.64607e+07 1.82303e+07 2.37197e+07 1.17245e+07 2 257
639000 1.23639e+08 6.30553e+09 1.27407e+10 3.62813e+07 1.81406e+07 2.26114e+07 1.17474e+07 2 241
640000 1.1855e+08 6.32747e+09 1.90564e+10 3.46933e+07 1.73467e+07 2.35042e+07 1.25106e+07 2 224
641000 1.16256e+08 6.34958e+09 1.46192e+10 3.84503e+07 1.92252e+07 2.30732e+07 1.19042e+07 2 225
642000 1.12012e+08 6.38384e+09 2.01668e+10 3.44693e+07 1.72347e+07 2.74901e+07 1.61402e+07 2 212
643000 1.08701e+08 6.43064e+09 2.64175e+10 3.38436e+07 1.69218e+07 2.79495e+07 1.4594e+07 2 202
644000 1.08173e+08 6.48597e+09 2.5902e+10 3.05953e+07 2.05416e+07 2.57977e+07 1.33673e+07 4 192
645000 1.08829e+08 6.53481e+09 2.11266e+10 3.66779e+07 2.80294e+07 3.11658e+07 1.91391e+07 4 196
646000 1.07585e+08 6.5793e+09 1.6695e+10 6.16809e+07 5.50834e+07 2.2944e+07 1.21739e+07 4 204
647000 1.05313e+08 6.64056e+09 1.80906e+10 3.97801e+07 1.989e+07 2.30991e+07 1.23805e+07 6 199
648000 1.04978e+08 6.70527e+09 1.70725e+10 3.77632e+07 1.88816e+07 2.46374e+07 1.3614e+07 6 197
649000 1.07222e+08 6.75142e+09 1.98576e+10 4.35974e+07 3.18081e+07 2.47405e+07 1.39024e+07 5 195
650000 1.13528e+08 6.76905e+09 2.38651e+10 2.53868e+07 1.10494e+07 2.92671e+07 1.73467e+07 5 184
651000 1.19227e+08 6.74637e+09 2.01677e+10 5.05743e+07 3.89479e+07 2.75039e+07 1.35316e+07 3 204
652000 1.27044e+08 6.70377e+09 1.24119e+10 3.56251e+07 1.78125e+07 2.86935e+07 1.40702e+07 4 206
653000 1.35614e+08 6.63785e+09 8.04918e+09 3.06487e+07 1.53243e+07 3.24512e+07 1.78209e+07 4 198
654000 1.354e+08 6.54326e+09 1.98e+10 2.21455e+07 8.81465e+06 2.98356e+07 1.54111e+07 5 209
655000 1.43103e+08 6.43581e+09 1.07022e+10 2.54917e+07 1.27459e+07 3.02331e+07 1.44785e+07 4 218
656000 1.3081e+08 6.37546e+09 2.3892e+10 2.19971e+07 1.09986e+07 2.67895e+07 1.24961e+07 4 211
657000 1.19299e+08 6.38796e+09 1.74849e+10 2.44352e+07 1.22176e+07 2.59231e+07 1.22555e+07 4 225
658000 1.13118e+08 6.42156e+09 1.5875e+10 1.91251e+07 8.20477e+06 2.52071e+07 1.41037e+07 5 218
659000 1.08825e+08 6.46802e+09 2.50834e+10 2.01351e+07 8.31932e+06 2.66372e+07 1.51908e+07 5 201
660000 1.12905e+08 6.5013e+09 1.32877e+10 2.79643e+07 1.39821e+07 2.42346e+07 1.32983e+07 4 217
661000 1.1958e+08 6.49648e+09 1.49883e+10 4.08054e+07 2.9236e+07 2.60641e+07 1.30075e+07 3 214
662000 1.20772e+08 6.47679e+09 1.96235e+10 3.45856e+07 2.83986e+07 2.68165e+07 1.33305e+07 4 206
663000 1.19033e+08 6.47813e+09 2.09246e+10 6.21027e+07 6.21027e+07 3.36283e+07 2.14691e+07 2 212
664000 1.17936e+08 6.48041e+09 2.12518e+10 3.95137e+07 3.08787e+07 3.0936e+07 1.68357e+07 3 203
665000 1.20963e+08 6.47652e+09 9.42905e+09 3.79838e+07 2.84465e+07 2.53025e+07 1.27314e+07 3 218
666000 1.17849e+08 6.47607e+09 1.26829e+10 3.51567e+07 2.64754e+07 2.54898e+07 1.34342e+07 3 207
667000 1.14779e+08 6.49373e+09 1.39584e+10 3.64207e+07 2.80495e+07 2.33753e+07 1.19563e+07 3 220
668000 1.10685e+08 6.5202e+09 2.48567e+10 2.33303e+07 1.16652e+07 3.02634e+07 1.79291e+07 2 214
669000 1.1263e+08 6.54981e+09 2.6368e+10 2.16764e+07 1.08382e+07 3.14823e+07 1.82056e+07 2 209
670000 1.15869e+08 6.56695e+09 2.00941e+10 1.11393e+07 4.35756e+06 2.78882e+07 1.49601e+07 4 203
671000 1.09432e+08 6.59698e+09 3.17791e+10 1.35297e+07 4.50991e+06 2.36727e+07 1.11258e+07 3 206
672000 1.11321e+08 6.65042e+09 1.89548e+10 1.37103e+07 4.57009e+06 2.61545e+07 1.49454e+07 3 198
673000 1.09301e+08 6.67571e+09 1.66798e+10 1.39824e+07 4.66079e+06 2.54765e+07 1.29391e+07 3 220
674000 1.17431e+08 6.68021e+09 1.30216e+10 6.53367e+07 6.53367e+07 2.68672e+07 1.35428e+07 1 213
675000 1.24983e+08 6.63533e+09 1.20916e+10 3.30222e+07 1.65111e+07 2.79435e+07 1.30295e+07 2 213
676000 1.25353e+08 6.60409e+09 9.00777e+09 3.24859e+07 1.6243e+07 2.748e+07 1.42095e+07 2 214
677000 1.21291e+08 6.60255e+09 1.06167e+10 3.13156e+07 1.56578e+07 2.53623e+07 1.30274e+07 2 214
678000 1.17425e+08 6.6152e+09 1.58192e+10 3.59429e+07 1.79714e+07 2.77715e+07 1.46592e+07 2 213
679000 1.19474e+08 6.61424e+09 2.11012e+10 3.33418e+07 1.66709e+07 2.74561e+07 1.51198e+07 2 212
680000 1.22636e+08 6.58539e+09 1.61217e+10 3.01628e+07 1.50814e+07 2.93104e+07 1.71647e+07 2 215
681000 1.22425e+08 6.5577e+09 1.38103e+10 6.68526e+07 6.68526e+07 2.49538e+07 1.21611e+07 1 230
682000 1.24914e+08 6.53461e+09 1.78965e+10 2.97313e+07 1.48657e+07 2.54438e+07 1.16415e+07 2 231
683000 1.21998e+08 6.53538e+09 1.46981e+10 2.63892e+07 1.31946e+07 2.46917e+07 1.14992e+07 2 222
684000 1.17257e+08 6.55809e+09 1.29183e+10 5.83989e+07 5.83989e+07 3.37818e+07 1.8856e+07 1 212
685000 1.1562e+08 6.5805e+09 6.03542e+09 2.63285e+07 1.31643e+07 2.65107e+07 1.53574e+07 2 218
686000 1.18362e+08 6.58318e+09 1.21661e+10 2.39443e+07 1.19722e+07 2.89807e+07 1.80091e+07 2 208
687000 1.24612e+08 6.54638e+09 9.96252e+09 2.21584e+07 1.10792e+07 3.05574e+07 1.71787e+07 2 200
688000 1.22901e+08 6.51821e+09 1.42593e+10 2.09302e+07 1.04651e+07 2.70605e+07 1.37995e+07 2 211
689000 1.18957e+08 6.51711e+09 1.20776e+10 2.04666e+07 1.02333e+07 2.69882e+07 1.49972e+07 2 210
690000 1.16821e+08 6.51478e+09 1.45433e+10 6.17653e+07 6.17653e+07 2.3298e+07 1.1372e+07 1 232
691000 1.1886e+08 6.51432e+09 1.70624e+10 6.30932e+07 6.30932e+07 2.65096e+07 1.3275e+07 1 226
692000 1.18369e+08 6.50687e+09 1.4355e+10 2.94766e+07 1.47383e+07 2.2758e+07 1.08264e+07 2 237
693000 1.19205e+08 6.50619e+09 9.42145e+09 2.81595e+07 1.40798e+07 2.33301e+07 1.17099e+07 2 235
694000 1.19858e+08 6.51126e+09 1.75526e+10 6.46848e+07 6.46848e+07 2.81167e+07 1.62309e+07 1 222
695000 1.22215e+08 6.49332e+09 1.72104e+10 3.45459e+07 1.7273e+07 2.44955e+07 1.19478e+07 2 231
696000 1.2319e+08 6.48003e+09 1.38955e+10 3.44862e+07 1.72431e+07 2.65993e+07 1.38558e+07 2 217
697000 1.21024e+08 6.46518e+09 1.40802e+10 3.46295e+07 1.73148e+07 2.88842e+07 1.46739e+07 2 215
698000 1.27452e+08 6.41535e+09 1.44696e+10 1.66814e+07 4.17034e+06 2.64095e+07 1.18727e+07 4 231
699000 1.22555e+08 6.39811e+09 1.50107e+10 2.23911e+07 7.46372e+06 2.37381e+07 1.15677e+07 3 229
700000 1.15347e+08 6.42229e+09 1.73593e+10 3.2906e+07 1.6453e+07 2.35774e+07 1.25222e+07 2 226
701000 1.15158e+08 6.46068e+09 1.75877e+10 3.29752e+07 1.64876e+07 2.48462e+07 1.38609e+07 2 218
702000 1.15117e+08 6.48234e+09 2.4305e+10 2.35621e+07 1.40372e+07 2.61572e+07 1.38538e+07 4 200
703000 1.19123e+08 6.48939e+09 1.46594e+10 2.04282e+07 1.24323e+07 3.25598e+07 1.80742e+07 4 200
704000 1.18225e+08 6.49439e+09 1.66806e+10 2.07709e+07 1.34061e+07 2.72955e+07 1.53991e+07 4 196
705000 1.15532e+08 6.50503e+09 1.32602e+10 2.45889e+07 1.22945e+07 2.91492e+07 1.80022e+07 4 205
706000 1.1184e+08 6.53572e+09 2.05821e+10 2.75239e+07 1.3762e+07 2.59987e+07 1.40125e+07 4 195
707000 1.13041e+08 6.56413e+09 1.97601e+10 4.1309e+07 3.28788e+07 2.60605e+07 1.3842e+07 3 193
708000 1.08541e+08 6.6048e+09 3.9866e+10 5.14096e+07 3.79685e+07 2.58981e+07 1.32785e+07 3 184
709000 1.12403e+08 6.63845e+09 3.08389e+10 3.65848e+07 1.82924e+07 3.43445e+07 2.10172e+07 4 184
710000 1.171e+08 6.65002e+09 2.79972e+10 4.82726e+07 3.48239e+07 3.08698e+07 1.80455e+07 3 184
711000 1.18826e+08 6.6448e+09 2.8093e+10 2.59141e+07 1.48012e+07 3.27882e+07 1.99586e+07 5 176
712000 1.15886e+08 6.64633e+09 2.96564e+10 1.91012e+07 6.80161e+06 3.26986e+07 1.74687e+07 6 188
713000 1.18357e+08 6.65004e+09 1.63261e+10 2.19224e+07 1.32255e+07 2.86156e+07 1.61326e+07 5 199
714000 1.25938e+08 6.5981e+09 1.7048e+10 1.94997e+07 1.18404e+07 3.49721e+07 1.58169e+07 5 213
715000 1.27202e+08 6.54811e+09 2.19125e+10 1.95873e+07 7.96281e+06 2.84253e+07 1.31211e+07 5 198
716000 1.19656e+08 6.55765e+09 2.09634e+10 7.69353e+07 7.69353e+07 2.65071e+07 1.32013e+07 1 198
717000 1.11932e+08 6.59318e+09 2.41489e+10 3.78989e+07 1.89494e+07 2.46805e+07 1.25892e+07 2 201
718000 1.05151e+08 6.6522e+09 2.74946e+10 3.45486e+07 1.72743e+07 2.83686e+07 1.64862e+07 2 199
719000 1.02436e+08 6.7204e+09 3.09181e+10 3.4389e+07 1.71945e+07 2.35336e+07 1.17921e+07 2 194
720000 1.0712e+08 6.77587e+09 2.72597e+10 2.71604e+07 1.65415e+07 3.26858e+07 1.75975e+07 3 186
721000 1.19653e+08 6.76794e+09 2.08887e+10 4.863e+07 4.863e+07 3.25383e+07 1.88485e+07 2 191
722000 1.24951e+08 6.7138e+09 1.71435e+10 3.45397e+07 2.38579e+07 3.00111e+07 1.57959e+07 3 202
723000 1.27153e+08 6.67998e+09 1.51339e+10 3.90162e+07 2.98004e+07 2.84179e+07 1.48555e+07 3 201
724000 1.25026e+08 6.64223e+09 1.26763e+10 3.48563e+07 1.74282e+07 3.02153e+07 1.47758e+07 4 208
725000 1.27188e+08 6.60118e+09 1.53516e+10 4.0288e+07 2.0144e+07 3.03909e+07 1.515e+07 4 216
726000 1.25217e+08 6.57144e+09 2.43939e+10 2.7985e+07 8.47838e+06 2.94746e+07 1.70425e+07 6 214
727000 1.28057e+08 6.52595e+09 2.58417e+10 3.55726e+07 1.33472e+07 2.85964e+07 1.53684e+07 5 207
728000 1.36853e+08 6.42848e+09 1.48194e+10 3.91839e+07 2.12178e+07 2.80956e+07 1.41545e+07 4 227
729000 1.38826e+08 6.33578e+09 1.88304e+10 1.7824e+07 3.56481e+06 2.97798e+07 1.55037e+07 5 233
730000 1.35473e+08 6.26646e+09 1.19523e+10 1.30671e+07 2.61342e+06 2.61153e+07 1.26801e+07 5 236
731000 1.2837e+08 6.24468e+09 1.82853e+10 2.05773e+07 6.8591e+06 2.44049e+07 1.16049e+07 3 232
732000 1.21003e+08 6.24402e+09 1.98637e+10 1.54925e+07 5.16416e+06 2.3838e+07 1.16785e+07 3 223
733000 1.17282e+08 6.25982e+09 9.80757e+09 2.22287e+07 1.11143e+07 2.29174e+07 1.13741e+07 2 231
734000 1.10768e+08 6.29548e+09 1.8406e+10 1.79133e+07 8.95664e+06 2.24798e+07 1.11623e+07 2 223
735000 1.05778e+08 6.3466e+09 2.66249e+10 2.00128e+07 1.00064e+07 2.17316e+07 1.10476e+07 2 223
736000 1.08021e+08 6.40052e+09 1.45871e+10 1.80555e+07 6.01852e+06 2.22093e+07 1.13732e+07 3 224
737000 1.09834e+08 6.44983e+09 1.55679e+10 3.53997e+07 1.76998e+07 2.38986e+07 1.28316e+07 2 210
738000 1.11714e+08 6.49119e+09 2.28887e+10 7.71322e+07 7.71322e+07 2.98183e+07 1.86453e+07 1 192
739000 1.12603e+08 6.50852e+09 2.06779e+10 3.97497e+07 3.97497e+07 2.71311e+07 1.46312e+07 2 190
740000 1.13454e+08 6.52743e+09 2.09911e+10 2.6116e+07 1.70789e+07 2.52281e+07 1.29086e+07 3 210
741000 1.16707e+08 6.53787e+09 1.56025e+10 4.84957e+07 4.84957e+07 2.82186e+07 1.68029e+07 2 209
742000 1.16656e+08 6.55312e+09 1.99925e+10 4.2715e+07 2.90921e+07 2.68639e+07 1.44836e+07 3 199
743000 1.16968e+08 6.55528e+09 1.59034e+10 4.39943e+07 2.19971e+07 2.55349e+07 1.32228e+07 4 206
744000 1.19977e+08 6.55466e+09 1.18563e+10 4.42834e+07 1.6181e+07 2.69774e+07 1.4803e+07 5 201
745000 1.20742e+08 6.53639e+09 1.20259e+10 5.82492e+07 2.91246e+07 3.16516e+07 1.73011e+07 4 210
746000 1.26515e+08 6.50556e+09 1.07695e+10 3.1696e+07 9.94693e+06 2.77504e+07 1.46903e+07 6 203
747000 1.22632e+08 6.46875e+09 1.25432e+10 2.54282e+07 8.62974e+06 2.45453e+07 1.20524e+07 6 225
748000 1.21793e+08 6.46256e+09 9.82719e+09 2.26386e+07 9.0025e+06 3.043e+07 1.3283e+07 6 226
749000 1.20898e+08 6.46201e+09 1.03591e+10 2.31032e+07 9.48349e+06 3.37102e+07 1.81328e+07 5 214
750000 1.21077e+08 6.45596e+09 1.28545e+10 2.26315e+07 9.93168e+06 2.54651e+07 1.31874e+07 5 215
751000 1.24841e+08 6.43726e+09 8.65403e+09 2.96879e+07 1.48439e+07 2.89753e+07 1.64158e+07 4 201
752000 1.23004e+08 6.42369e+09 2.22842e+10 6.01156e+07 6.01156e+07 2.78288e+07 1.53661e+07 2 200
753000 1.25174e+08 6.41553e+09 1.66929e+10 3.74594e+07 1.87297e+07 3.10244e+07 1.92773e+07 2 183
754000 1.17897e+08 6.40654e+09 2.10205e+10 6.92304e+07 6.92304e+07 2.66152e+07 1.4251e+07 1 196
755000 1.13925e+08 6.42652e+09 2.45669e+10 6.90715e+07 6.90715e+07 2.59066e+07 1.48164e+07 1 198
756000 1.11864e+08 6.45057e+09 2.44791e+10 3.66731e+07 1.83366e+07 2.51353e+07 1.42585e+07 2 204
757000 1.1345e+08 6.48511e+09 2.68456e+10 3.49736e+07 1.74868e+07 2.7204e+07 1.50814e+07 2 190
758000 1.1062e+08 6.51584e+09 2.48631e+10 3.08402e+07 1.54201e+07 2.63767e+07 1.52228e+07 2 191
759000 1.08835e+08 6.55622e+09 2.06653e+10 3.17469e+07 1.58734e+07 2.35267e+07 1.21398e+07 2 207
760000 1.07379e+08 6.59893e+09 1.91161e+10 2.88825e+07 1.44412e+07 2.99286e+07 1.69131e+07 2 195
761000 1.11634e+08 6.63e+09 1.89315e+10 2.32452e+07 1.16226e+07 2.63197e+07 1.3005e+07 2 199
762000 1.13875e+08 6.64492e+09 1.79583e+10 1.96376e+07 9.81879e+06 2.76441e+07 1.51096e+07 2 194
763000 1.12975e+08 6.67972e+09 1.88087e+10 2.33414e+07 7.78048e+06 2.56199e+07 1.3931e+07 3 202
764000 1.10634e+08 6.71006e+09 1.4646e+10 5.76082e+07 5.76082e+07 2.54607e+07 1.34238e+07 1 201
765000 1.11216e+08 6.73115e+09 1.58345e+10 5.10013e+07 5.10013e+07 2.6022e+07 1.50568e+07 1 199
766000 1.17569e+08 6.74435e+09 1.84491e+10 2.31638e+07 1.15819e+07 3.0231e+07 1.79149e+07 2 192
766277 1.19139e+08 6.73539e+09 1.71331e+10 0 0 2.90933e+07 1.60012e+07 0 207
