0 1.27534e+08 5.8036e+09 2.4e+09 2.4e+07 1.2e+07 2.4e+07 1.2e+07 190 10
1000 1.27139e+08 5.81101e+09 7.7265e+09 3.06945e+07 1.79872e+07 1.99837e+07 8.69634e+06 191 12
2000 1.24457e+08 5.81811e+09 1.83118e+10 2.74752e+07 1.45745e+07 2.22964e+07 1.43898e+07 203 11
3000 1.2662e+08 5.82715e+09 8.53624e+09 2.74103e+07 1.60801e+07 1.85381e+07 9.61919e+06 198 12
4000 1.25332e+08 5.84105e+09 1.908e+10 4.05016e+07 2.85936e+07 3.74324e+07 2.9205e+07 186 9
5000 1.23909e+08 5.85587e+09 2.32024e+10 3.37488e+07 2.21729e+07 2.74176e+07 1.94223e+07 183 11
6000 1.2373e+08 5.88048e+09 2.8546e+10 3.07542e+07 1.89993e+07 2.39912e+07 1.53197e+07 165 10
7000 1.22589e+08 5.89431e+09 2.41668e+10 3.15422e+07 1.96232e+07 2.08695e+07 1.13116e+07 171 11
8000 1.23242e+08 5.92342e+09 2.74725e+10 3.03269e+07 1.85805e+07 2.699e+07 1.74267e+07 168 10
9000 1.20934e+08 5.95041e+09 3.69768e+10 3.11425e+07 1.94858e+07 3.63126e+07 2.66495e+07 157 9
10000 1.16666e+08 5.9899e+09 4.70662e+10 3.48165e+07 2.12919e+07 3.61135e+07 2.36279e+07 157 10
11000 1.14264e+08 6.03322e+09 4.44003e+10 2.99637e+07 1.68851e+07 4.87297e+07 4.00842e+07 157 7
12000 1.17871e+08 6.08239e+09 2.91221e+10 3.99395e+07 2.45301e+07 4.12576e+07 2.97058e+07 170 8
13000 1.17121e+08 6.12296e+09 2.47517e+10 3.09523e+07 1.87598e+07 3.6415e+07 2.20992e+07 153 9
14000 1.17949e+08 6.16416e+09 2.0528e+10 3.40123e+07 2.30599e+07 2.73616e+07 1.275e+07 155 11
15000 1.18999e+08 6.19599e+09 2.25006e+10 3.21581e+07 1.99413e+07 2.97296e+07 1.85906e+07 159 10
16000 1.22206e+08 6.21859e+09 2.65106e+10 3.53645e+07 2.24188e+07 2.81144e+07 1.7471e+07 149 10
17000 1.22631e+08 6.22376e+09 3.90561e+10 3.46914e+07 2.03178e+07 2.42275e+07 1.43993e+07 149 12
18000 1.18348e+08 6.24256e+09 5.59642e+10 3.65767e+07 2.26384e+07 1.99862e+07 1.02492e+07 144 14
19000 1.18693e+08 6.28327e+09 4.39741e+10 3.35567e+07 1.88178e+07 2.90355e+07 1.56338e+07 148 12
20000 1.19727e+08 6.31566e+09 3.85592e+10 3.58195e+07 2.12098e+07 2.91299e+07 1.3128e+07 150 14
21000 1.22525e+08 6.32264e+09 4.21336e+10 4.4491e+07 2.49478e+07 2.95876e+07 1.11827e+07 146 15
22000 1.29103e+08 6.31764e+09 3.0691e+10 3.79585e+07 2.3106e+07 2.58511e+07 9.1712e+06 145 17
23000 1.25254e+08 6.31776e+09 3.11807e+10 3.3528e+07 1.77547e+07 2.32754e+07 8.68464e+06 150 16
24000 1.19839e+08 6.35586e+09 2.81729e+10 3.33708e+07 2.09649e+07 2.18675e+07 8.25923e+06 154 14
25000 1.16049e+08 6.41106e+09 3.40744e+10 3.18096e+07 1.9342e+07 2.63042e+07 1.22326e+07 148 12
26000 1.16895e+08 6.45624e+09 3.50774e+10 3.7164e+07 2.42863e+07 2.5492e+07 1.1853e+07 141 12
27000 1.28815e+08 6.44052e+09 2.85211e+10 3.69691e+07 1.97478e+07 2.8073e+07 1.64804e+07 156 15
28000 1.30194e+08 6.40799e+09 3.2247e+10 3.62205e+07 1.96178e+07 2.69021e+07 1.63976e+07 142 16
29000 1.19972e+08 6.44862e+09 2.66227e+10 3.51947e+07 2.22501e+07 3.32068e+07 1.79414e+07 152 14
30000 1.11934e+08 6.51332e+09 3.37311e+10 3.2013e+07 2.00222e+07 4.45799e+07 3.3457e+07 147 12
31000 1.15993e+08 6.56206e+09 3.61866e+10 3.60392e+07 2.04507e+07 3.83906e+07 2.39693e+07 136 13
32000 1.17269e+08 6.58507e+09 2.86468e+10 3.20235e+07 1.62358e+07 2.85288e+07 1.49301e+07 148 17
33000 1.19492e+08 6.61866e+09 1.79543e+10 3.78994e+07 2.19791e+07 2.66084e+07 1.66513e+07 153 17
34000 1.18913e+08 6.6378e+09 1.79727e+10 3.29896e+07 1.87001e+07 1.96157e+07 9.81689e+06 150 19
35000 1.18668e+08 6.66606e+09 1.7457e+10 3.07052e+07 1.72333e+07 2.08004e+07 9.89381e+06 157 20
36000 1.22577e+08 6.68149e+09 1.38704e+10 3.22326e+07 1.86422e+07 2.62373e+07 1.62566e+07 162 17
37000 1.39504e+08 6.63028e+09 1.35814e+10 3.97419e+07 2.19076e+07 3.20154e+07 1.81448e+07 162 16
38000 1.59701e+08 6.45758e+09 1.01346e+10 3.9084e+07 1.80905e+07 3.47586e+07 1.91659e+07 176 15
39000 1.50963e+08 6.34257e+09 2.21829e+10 3.20731e+07 1.46084e+07 3.00619e+07 1.52265e+07 177 17
40000 1.31454e+08 6.34481e+09 2.6199e+10 2.78751e+07 1.43464e+07 2.91272e+07 1.46447e+07 173 18
41000 1.20744e+08 6.39423e+09 2.16537e+10 2.81418e+07 1.60021e+07 2.89494e+07 1.53038e+07 165 17
42000 1.17244e+08 6.43728e+09 2.92992e+10 3.09712e+07 1.73406e+07 4.71131e+07 2.23987e+07 151 20
43000 1.17632e+08 6.4771e+09 3.09241e+10 3.00963e+07 1.85505e+07 5.1343e+07 2.88776e+07 142 17
44000 1.19179e+08 6.51223e+09 2.17533e+10 3.77935e+07 2.74841e+07 3.84897e+07 1.76871e+07 140 22
45000 1.17361e+08 6.54331e+09 2.30712e+10 3.08653e+07 1.8712e+07 3.58987e+07 1.74179e+07 147 20
46000 1.18559e+08 6.58042e+09 2.41359e+10 3.35786e+07 2.02241e+07 2.20722e+07 9.48685e+06 141 27
47000 1.18412e+08 6.61175e+09 2.47686e+10 3.27908e+07 1.96204e+07 2.00499e+07 9.67339e+06 144 27
48000 1.17049e+08 6.64391e+09 2.61846e+10 3.46166e+07 2.14427e+07 1.9565e+07 8.0249e+06 139 25
49000 1.41377e+08 6.57118e+09 1.76203e+10 4.77666e+07 2.52058e+07 1.87771e+07 7.65764e+06 144 25
50000 1.54589e+08 6.41472e+09 2.51951e+10 5.06566e+07 2.19617e+07 1.96998e+07 8.71641e+06 150 26
51000 1.37913e+08 6.37165e+09 2.01612e+10 2.94658e+07 1.58607e+07 2.14175e+07 9.16707e+06 173 24
52000 1.21657e+08 6.41111e+09 1.65466e+10 2.57857e+07 1.44669e+07 2.01772e+07 8.48285e+06 184 25
53000 1.17666e+08 6.44429e+09 2.47806e+10 2.72414e+07 1.56943e+07 1.75729e+07 6.5437e+06 178 29
54000 1.30868e+08 6.40602e+09 3.13833e+10 3.32392e+07 1.71735e+07 1.73378e+07 7.95176e+06 172 30
55000 1.32741e+08 6.37455e+09 2.83844e+10 3.03176e+07 1.45983e+07 1.92023e+07 7.66968e+06 172 28
56000 1.26648e+08 6.38826e+09 3.75516e+10 3.14393e+07 1.73297e+07 2.25169e+07 1.09599e+07 152 28
57000 1.27928e+08 6.37358e+09 4.11677e+10 3.39126e+07 1.82127e+07 2.47026e+07 1.18747e+07 162 25
58000 1.42876e+08 6.29115e+09 2.76856e+10 3.39017e+07 1.62609e+07 2.5739e+07 1.29772e+07 167 25
59000 1.3283e+08 6.27857e+09 2.49545e+10 3.04522e+07 1.60691e+07 2.20907e+07 9.60362e+06 165 27
60000 1.30764e+08 6.26782e+09 1.82151e+10 3.11918e+07 1.63598e+07 2.25752e+07 1.14553e+07 165 29
61000 1.27798e+08 6.26244e+09 1.86746e+10 2.95814e+07 1.52685e+07 2.56834e+07 1.45462e+07 170 26
62000 1.22171e+08 6.28302e+09 1.81277e+10 2.69703e+07 1.38067e+07 2.82661e+07 1.84591e+07 174 24
63000 1.21112e+08 6.31554e+09 1.86136e+10 3.19077e+07 2.15133e+07 2.9946e+07 1.46348e+07 166 26
64000 1.262e+08 6.31013e+09 2.62074e+10 3.03974e+07 1.80041e+07 3.20396e+07 1.52412e+07 164 27
65000 1.36542e+08 6.25766e+09 1.83749e+10 3.15757e+07 1.74917e+07 2.93805e+07 1.20512e+07 169 28
66000 1.31488e+08 6.23473e+09 1.89124e+10 2.91091e+07 1.56711e+07 2.661e+07 1.32478e+07 168 27
67000 1.2323e+08 6.26158e+09 2.11283e+10 2.94258e+07 1.64169e+07 2.25831e+07 1.07739e+07 163 30
68000 1.20786e+08 6.29253e+09 2.16734e+10 3.01244e+07 1.80678e+07 2.11534e+07 1.04556e+07 158 27
69000 1.28437e+08 6.29244e+09 1.19493e+10 3.45705e+07 2.12509e+07 2.02385e+07 1.02977e+07 156 29
70000 1.32521e+08 6.24894e+09 1.68646e+10 3.28491e+07 1.73852e+07 1.88312e+07 8.46952e+06 164 31
71000 1.37779e+08 6.20736e+09 2.13014e+10 4.17202e+07 2.69443e+07 2.10502e+07 1.2253e+07 146 28
72000 1.36949e+08 6.15175e+09 2.09556e+10 3.56201e+07 1.95376e+07 1.89089e+07 1.05355e+07 156 31
73000 1.30151e+08 6.13595e+09 2.50861e+10 3.03356e+07 1.54942e+07 1.99829e+07 9.97287e+06 163 32
74000 1.27778e+08 6.14539e+09 1.74045e+10 2.91167e+07 1.60724e+07 2.71432e+07 1.879e+07 167 28
75000 1.23185e+08 6.16122e+09 2.558e+10 2.87386e+07 1.67317e+07 2.91475e+07 1.42742e+07 152 30
76000 1.18595e+08 6.19487e+09 2.80077e+10 2.89126e+07 1.81317e+07 2.91404e+07 1.3384e+07 151 32
77000 1.24227e+08 6.20657e+09 1.76426e+10 3.22194e+07 2.1119e+07 3.04503e+07 1.36436e+07 146 31
78000 1.36122e+08 6.16788e+09 2.0985e+10 3.82439e+07 2.16799e+07 2.79267e+07 1.20418e+07 137 35
79000 1.41038e+08 6.07938e+09 2.23218e+10 3.52797e+07 2.05038e+07 3.16267e+07 1.21299e+07 145 37
80000 1.3886e+08 6.02597e+09 1.52559e+10 3.31599e+07 2.0114e+07 2.49026e+07 8.8762e+06 151 46
81000 1.28889e+08 6.02264e+09 3.26458e+10 3.31749e+07 2.19501e+07 2.11261e+07 8.03362e+06 143 41
82000 1.28366e+08 6.03198e+09 3.66556e+10 3.57418e+07 2.27575e+07 2.35098e+07 1.13318e+07 137 37
83000 1.26995e+08 6.02262e+09 3.84476e+10 3.41413e+07 2.02145e+07 2.24724e+07 9.79144e+06 144 36
84000 1.2924e+08 6.01629e+09 2.71883e+10 3.53803e+07 2.07013e+07 2.04838e+07 8.93685e+06 138 36
85000 1.26851e+08 6.01759e+09 1.41131e+10 3.61522e+07 2.24756e+07 1.75697e+07 7.03198e+06 134 39
86000 1.20713e+08 6.04814e+09 2.01849e+10 3.53647e+07 2.32886e+07 1.75599e+07 7.54589e+06 141 37
87000 1.14505e+08 6.09522e+09 2.75153e+10 3.17478e+07 1.94176e+07 1.84987e+07 9.00305e+06 137 35
88000 1.11245e+08 6.1499e+09 3.06835e+10 3.01062e+07 1.68858e+07 2.21401e+07 1.03153e+07 139 40
89000 1.08581e+08 6.2208e+09 3.37415e+10 2.8118e+07 1.49445e+07 1.97202e+07 9.04067e+06 142 35
90000 1.06923e+08 6.31442e+09 3.84501e+10 3.14385e+07 1.85874e+07 3.28783e+07 2.16517e+07 127 29
91000 1.06436e+08 6.39815e+09 3.50831e+10 3.09248e+07 1.96627e+07 2.58559e+07 1.46529e+07 125 32
92000 1.0847e+08 6.47268e+09 3.18463e+10 3.36214e+07 2.28787e+07 2.44667e+07 1.20866e+07 121 35
93000 1.16357e+08 6.49953e+09 3.17308e+10 3.89134e+07 2.32187e+07 2.64156e+07 1.62445e+07 122 33
94000 1.20604e+08 6.50976e+09 3.7185e+10 3.6622e+07 2.036e+07 2.39922e+07 1.13535e+07 123 34
95000 1.18504e+08 6.54297e+09 2.79313e+10 3.70378e+07 2.19886e+07 2.45022e+07 1.54318e+07 128 37
96000 1.20056e+08 6.56807e+09 2.60197e+10 3.7728e+07 2.39048e+07 2.53728e+07 1.40713e+07 122 34
97000 1.22649e+08 6.57621e+09 2.44924e+10 3.70103e+07 2.45484e+07 2.66202e+07 1.24098e+07 129 39
98000 1.24912e+08 6.5735e+09 2.69623e+10 3.50368e+07 2.34383e+07 2.23787e+07 1.06284e+07 135 38
99000 1.25642e+08 6.56798e+09 3.36123e+10 3.51735e+07 2.23351e+07 2.89041e+07 1.51237e+07 138 33
100000 1.31508e+08 6.53015e+09 4.10899e+10 4.17486e+07 2.44166e+07 2.71595e+07 1.3411e+07 127 34
101000 1.3111e+08 6.50904e+09 4.1753e+10 3.97926e+07 2.4986e+07 2.81905e+07 1.45695e+07 123 32
102000 1.24018e+08 6.51585e+09 4.5618e+10 3.51408e+07 1.88914e+07 2.69659e+07 1.48264e+07 126 33
103000 1.20702e+08 6.53956e+09 4.35857e+10 3.68463e+07 2.25771e+07 2.75092e+07 1.43751e+07 134 33
104000 1.21253e+08 6.55282e+09 4.09471e+10 3.31134e+07 1.84636e+07 2.39777e+07 1.21128e+07 139 35
105000 1.26098e+08 6.54514e+09 3.77358e+10 3.4535e+07 1.82127e+07 2.87599e+07 1.83541e+07 139 32
106000 1.38615e+08 6.48123e+09 2.95659e+10 3.54698e+07 2.12956e+07 2.84556e+07 1.13554e+07 153 38
107000 1.438e+08 6.40283e+09 2.34776e+10 3.72702e+07 2.27501e+07 3.06031e+07 1.12878e+07 153 36
108000 1.35405e+08 6.36071e+09 4.46791e+10 3.60695e+07 2.02664e+07 3.29333e+07 1.71312e+07 138 32
109000 1.27745e+08 6.36208e+09 3.00349e+10 2.86903e+07 1.48036e+07 3.20347e+07 2.0024e+07 153 32
110000 1.22076e+08 6.38866e+09 2.50914e+10 2.82737e+07 1.52742e+07 3.06543e+07 1.90204e+07 153 34
111000 1.22056e+08 6.40701e+09 2.0708e+10 3.2932e+07 1.78501e+07 3.47677e+07 1.9739e+07 144 32
112000 1.22717e+08 6.41855e+09 2.0901e+10 3.15126e+07 1.7421e+07 2.97572e+07 1.55214e+07 145 34
113000 1.21877e+08 6.44033e+09 1.69013e+10 3.47897e+07 1.97986e+07 2.86631e+07 1.55077e+07 137 35
114000 1.13273e+08 6.48727e+09 2.2698e+10 2.76523e+07 1.56999e+07 2.28882e+07 1.08975e+07 142 41
115000 1.06491e+08 6.56866e+09 3.08281e+10 2.78984e+07 1.66398e+07 2.28287e+07 1.19918e+07 140 39
116000 1.03395e+08 6.67805e+09 3.54822e+10 2.87674e+07 1.78516e+07 3.27497e+07 2.10094e+07 125 30
117000 1.00229e+08 6.77693e+09 3.46996e+10 2.83437e+07 1.83966e+07 2.26876e+07 1.20306e+07 129 36
118000 9.74192e+07 6.88598e+09 4.35745e+10 2.81668e+07 1.8336e+07 2.29658e+07 1.30612e+07 126 34
119000 1.0811e+08 6.96646e+09 4.97517e+10 3.96506e+07 2.45238e+07 2.91238e+07 1.64649e+07 117 26
120000 1.45188e+08 6.84614e+09 4.1107e+10 4.91202e+07 2.7417e+07 3.65819e+07 2.23875e+07 127 18
121000 1.47288e+08 6.73888e+09 4.5171e+10 4.22917e+07 2.05333e+07 3.05393e+07 1.52251e+07 138 22
122000 1.3614e+08 6.72126e+09 3.26598e+10 3.67209e+07 2.0339e+07 2.1092e+07 7.3646e+06 140 29
123000 1.3621e+08 6.69143e+09 2.53169e+10 4.85021e+07 3.12847e+07 2.23355e+07 9.16882e+06 145 25
124000 1.67729e+08 6.48639e+09 1.95984e+10 4.35231e+07 1.97053e+07 2.41387e+07 1.20597e+07 163 23
125000 1.53126e+08 6.36528e+09 3.52393e+10 4.47862e+07 2.44284e+07 1.79386e+07 7.04634e+06 164 22
126000 1.4035e+08 6.32223e+09 2.86775e+10 3.20549e+07 1.57092e+07 1.65098e+07 8.44264e+06 170 27
127000 1.28768e+08 6.33998e+09 2.86337e+10 2.96286e+07 1.70934e+07 2.17793e+07 1.37483e+07 170 22
128000 1.26575e+08 6.35096e+09 2.7921e+10 2.89997e+07 1.59864e+07 2.13373e+07 1.13333e+07 178 24
129000 1.29728e+08 6.33774e+09 2.81333e+10 3.1258e+07 1.75158e+07 2.76694e+07 1.83647e+07 167 19
130000 1.29923e+08 6.32148e+09 2.4558e+10 3.11867e+07 1.64024e+07 4.32623e+07 3.41107e+07 167 17
131000 1.34353e+08 6.28027e+09 2.49581e+10 3.69046e+07 2.01116e+07 3.95988e+07 2.72025e+07 172 18
132000 1.27138e+08 6.27827e+09 1.68846e+10 3.82179e+07 1.44156e+07 3.61963e+07 2.15945e+07 180 21
133000 1.19093e+08 6.32711e+09 1.88701e+10 2.60699e+07 1.39016e+07 3.58399e+07 2.17032e+07 165 22
134000 1.10698e+08 6.39689e+09 2.53818e+10 2.5672e+07 1.43076e+07 3.03124e+07 1.55822e+07 150 28
135000 1.05405e+08 6.48693e+09 2.73982e+10 2.45625e+07 1.41756e+07 3.19836e+07 1.79049e+07 147 32
136000 1.06378e+08 6.57104e+09 3.14635e+10 3.12809e+07 1.69496e+07 3.28136e+07 1.76272e+07 143 27
137000 1.07566e+08 6.64168e+09 3.38205e+10 3.29037e+07 1.98506e+07 2.97413e+07 1.42043e+07 132 27
138000 1.07287e+08 6.73109e+09 3.30652e+10 3.17464e+07 1.98635e+07 2.97206e+07 1.8878e+07 121 26
139000 1.00434e+08 6.82372e+09 3.29748e+10 3.1304e+07 1.85858e+07 2.17907e+07 1.23287e+07 127 33
140000 9.93823e+07 6.94337e+09 3.4097e+10 3.11485e+07 1.92072e+07 2.19723e+07 1.33112e+07 118 31
141000 9.89546e+07 7.04436e+09 4.56124e+10 3.30644e+07 2.06082e+07 2.24647e+07 1.29873e+07 113 29
142000 1.07831e+08 7.12768e+09 3.39455e+10 3.76442e+07 2.46787e+07 4.38594e+07 2.34652e+07 113 26
143000 1.23216e+08 7.11342e+09 3.76891e+10 4.57582e+07 2.59763e+07 3.13938e+07 1.96589e+07 111 29
144000 1.35746e+08 7.04132e+09 3.38047e+10 4.12158e+07 2.18252e+07 3.30568e+07 1.74836e+07 129 29
145000 1.45987e+08 6.94342e+09 2.98799e+10 4.5989e+07 2.661e+07 3.04142e+07 1.48625e+07 137 28
146000 1.86577e+08 6.65555e+09 3.46508e+10 5.79858e+07 2.54536e+07 2.74635e+07 1.58429e+07 144 33
147000 1.78754e+08 6.42002e+09 3.56009e+10 4.33817e+07 2.18902e+07 2.91069e+07 1.81317e+07 154 34
148000 1.5167e+08 6.3505e+09 2.39551e+10 3.18405e+07 1.6709e+07 3.04845e+07 1.74249e+07 163 39
149000 1.38607e+08 6.31664e+09 2.60267e+10 3.53998e+07 2.00992e+07 3.01058e+07 1.64746e+07 147 38
150000 1.33483e+08 6.29218e+09 1.82069e+10 3.08068e+07 1.49434e+07 3.52801e+07 2.1513e+07 150 36
151000 1.28327e+08 6.29006e+09 2.11523e+10 2.81235e+07 1.50251e+07 3.73583e+07 2.3114e+07 153 35
152000 1.25881e+08 6.29169e+09 1.95313e+10 2.67232e+07 1.55553e+07 3.29311e+07 1.70964e+07 166 36
153000 1.30578e+08 6.26247e+09 2.99818e+10 3.33116e+07 1.65426e+07 2.44032e+07 1.06695e+07 151 43
154000 1.23808e+08 6.26853e+09 3.65338e+10 2.67524e+07 1.39141e+07 3.00513e+07 1.82554e+07 152 40
155000 1.11502e+08 6.34936e+09 4.83926e+10 4.20422e+07 2.26725e+07 2.84797e+07 1.76875e+07 131 38
156000 1.11871e+08 6.41631e+09 3.84699e+10 3.03715e+07 1.99844e+07 3.20418e+07 2.118e+07 131 38
157000 1.26669e+08 6.41213e+09 2.71536e+10 3.70474e+07 2.00885e+07 3.6014e+07 2.26634e+07 131 36
158000 1.43527e+08 6.30969e+09 1.28354e+10 3.37033e+07 1.58897e+07 3.27006e+07 1.98266e+07 147 44
159000 1.29423e+08 6.29929e+09 2.13521e+10 2.89989e+07 1.60422e+07 3.00573e+07 1.67059e+07 142 44
160000 1.18866e+08 6.32161e+09 4.09115e+10 2.7731e+07 1.59582e+07 3.01824e+07 1.64316e+07 133 44
161000 1.25854e+08 6.3326e+09 2.16016e+10 3.28519e+07 1.76341e+07 3.21772e+07 1.95806e+07 141 37
162000 1.20334e+08 6.3467e+09 1.96366e+10 3.10052e+07 1.96137e+07 2.91452e+07 1.69096e+07 149 39
163000 1.18087e+08 6.37943e+09 1.48477e+10 2.62957e+07 1.43487e+07 2.6619e+07 1.37728e+07 162 38
164000 1.24321e+08 6.37977e+09 1.36158e+10 2.80707e+07 1.58929e+07 2.92058e+07 1.78037e+07 162 40
165000 1.31033e+08 6.35593e+09 2.07053e+10 3.28642e+07 1.74424e+07 2.94305e+07 1.81021e+07 148 42
166000 1.35017e+08 6.32036e+09 1.50675e+10 3.36575e+07 1.99058e+07 2.86837e+07 1.87459e+07 145 42
167000 1.33039e+08 6.29271e+09 2.89331e+10 3.79696e+07 2.62882e+07 2.77497e+07 1.33328e+07 137 39
168000 1.31173e+08 6.27087e+09 2.23921e+10 3.3553e+07 2.07225e+07 3.77894e+07 2.47397e+07 140 33
169000 1.28346e+08 6.26647e+09 2.01511e+10 2.99065e+07 1.66699e+07 2.9245e+07 1.74091e+07 153 37
170000 1.29896e+08 6.24669e+09 2.10942e+10 3.12955e+07 1.75871e+07 3.05155e+07 1.61504e+07 148 39
171000 1.30003e+08 6.21746e+09 1.5977e+10 3.04784e+07 1.60105e+07 2.67675e+07 1.35148e+07 146 47
172000 1.29587e+08 6.19473e+09 1.35003e+10 3.25039e+07 1.89181e+07 2.29782e+07 1.08276e+07 143 53
173000 1.38548e+08 6.14318e+09 2.4343e+10 3.73363e+07 2.1082e+07 2.63279e+07 1.25729e+07 143 42
174000 1.41913e+08 6.06647e+09 2.56139e+10 3.31027e+07 1.68368e+07 2.7605e+07 1.47874e+07 151 41
175000 1.31889e+08 6.05007e+09 3.19052e+10 3.9452e+07 2.49736e+07 2.76797e+07 1.38843e+07 155 40
176000 1.25979e+08 6.05259e+09 2.47206e+10 2.92743e+07 1.52544e+07 2.54231e+07 1.25055e+07 151 43
177000 1.25678e+08 6.06113e+09 3.1356e+10 3.26213e+07 1.90438e+07 2.71138e+07 1.53037e+07 136 41
178000 1.22536e+08 6.07717e+09 3.34295e+10 3.12891e+07 1.81269e+07 3.07977e+07 1.78357e+07 137 36
179000 1.20052e+08 6.1167e+09 2.91876e+10 3.00045e+07 1.76314e+07 2.70683e+07 1.40124e+07 136 42
180000 1.16771e+08 6.15299e+09 2.43931e+10 2.90864e+07 1.79515e+07 2.49912e+07 1.30642e+07 137 45
181000 1.17642e+08 6.19671e+09 2.16649e+10 3.28051e+07 2.27482e+07 2.28964e+07 1.07888e+07 132 49
182000 1.1375e+08 6.23962e+09 3.62904e+10 3.80234e+07 2.65352e+07 2.43705e+07 1.16361e+07 124 46
183000 1.20933e+08 6.26742e+09 2.33615e+10 3.4988e+07 2.30586e+07 2.44579e+07 1.09787e+07 121 46
184000 1.20965e+08 6.27226e+09 2.8832e+10 3.60667e+07 2.28666e+07 2.25182e+07 9.04642e+06 117 53
185000 1.23553e+08 6.27873e+09 2.55386e+10 4.27087e+07 2.66348e+07 2.71542e+07 1.27785e+07 116 47
186000 1.21443e+08 6.28886e+09 2.05285e+10 3.32275e+07 2.05183e+07 2.49141e+07 1.30731e+07 124 53
187000 1.22581e+08 6.29812e+09 2.25317e+10 3.21934e+07 1.90591e+07 2.81903e+07 1.65008e+07 132 54
188000 1.22224e+08 6.30245e+09 2.7481e+10 3.36545e+07 2.00143e+07 2.28866e+07 1.07298e+07 126 50
189000 1.20426e+08 6.33068e+09 3.18046e+10 3.93737e+07 2.2071e+07 2.86633e+07 1.60835e+07 125 48
190000 1.24165e+08 6.34579e+09 2.59727e+10 3.43688e+07 2.17655e+07 3.23203e+07 2.04125e+07 119 47
191000 1.23484e+08 6.3486e+09 1.80666e+10 3.63956e+07 1.8215e+07 3.16858e+07 1.76497e+07 128 45
192000 1.13757e+08 6.39259e+09 1.96587e+10 2.73001e+07 1.53386e+07 3.0078e+07 1.78587e+07 133 48
193000 1.0285e+08 6.4802e+09 2.89942e+10 2.41942e+07 1.32342e+07 2.78078e+07 1.50154e+07 126 50
194000 9.80869e+07 6.58914e+09 3.52008e+10 2.3738e+07 1.27391e+07 2.96862e+07 1.89804e+07 122 50
195000 9.99891e+07 6.68512e+09 2.99405e+10 2.49735e+07 1.38784e+07 2.98672e+07 1.62613e+07 125 48
196000 1.0426e+08 6.76604e+09 3.25337e+10 3.70757e+07 2.50354e+07 2.96763e+07 1.60414e+07 124 43
197000 1.09944e+08 6.83452e+09 2.58667e+10 3.01784e+07 1.75712e+07 2.51003e+07 1.17547e+07 125 46
198000 1.06447e+08 6.89533e+09 3.28432e+10 2.86512e+07 1.5481e+07 3.0431e+07 1.85678e+07 122 39
199000 1.1094e+08 6.944e+09 2.95385e+10 2.75478e+07 1.56759e+07 2.82883e+07 1.78308e+07 129 52
200000 1.21101e+08 6.95555e+09 3.16372e+10 3.59212e+07 2.25519e+07 3.47767e+07 1.84822e+07 122 49
201000 1.38688e+08 6.90078e+09 1.60819e+10 4.25762e+07 2.84721e+07 3.15345e+07 1.54445e+07 128 51
202000 1.45666e+08 6.78033e+09 3.01135e+10 3.80598e+07 1.89211e+07 2.6727e+07 1.16589e+07 136 58
203000 1.49286e+08 6.66719e+09 3.40927e+10 3.9097e+07 1.90127e+07 2.78021e+07 1.18565e+07 136 54
204000 1.55472e+08 6.53638e+09 2.30396e+10 3.98818e+07 1.80218e+07 2.61286e+07 1.2212e+07 149 49
205000 1.44618e+08 6.47492e+09 1.6795e+10 3.34581e+07 1.73413e+07 2.34718e+07 1.36111e+07 149 62
206000 1.33061e+08 6.44457e+09 1.97139e+10 2.99023e+07 1.68055e+07 2.03134e+07 8.56132e+06 152 65
207000 1.33054e+08 6.42098e+09 2.27489e+10 3.11426e+07 1.88941e+07 2.78427e+07 1.30731e+07 148 56
208000 1.61471e+08 6.26502e+09 3.19091e+10 5.48835e+07 2.9388e+07 2.48727e+07 8.29273e+06 146 60
209000 1.62684e+08 6.08651e+09 3.84197e+10 3.66055e+07 1.57842e+07 2.39023e+07 1.00358e+07 153 56
210000 1.48314e+08 6.0078e+09 3.57438e+10 3.16669e+07 1.43748e+07 2.0458e+07 8.91949e+06 156 69
211000 1.26887e+08 6.02981e+09 3.3059e+10 3.02109e+07 1.51729e+07 1.77209e+07 6.81561e+06 145 61
212000 1.10676e+08 6.11812e+09 3.87944e+10 2.63365e+07 1.47196e+07 2.01514e+07 9.01015e+06 136 53
213000 1.04121e+08 6.2255e+09 3.43904e+10 2.63113e+07 1.58613e+07 2.91948e+07 1.37295e+07 133 50
214000 1.09038e+08 6.30769e+09 2.60454e+10 2.77483e+07 1.66078e+07 2.05239e+07 8.31336e+06 138 51
215000 1.12024e+08 6.3571e+09 3.34472e+10 2.81193e+07 1.44526e+07 2.56469e+07 1.33595e+07 139 43
216000 1.1362e+08 6.40296e+09 2.63615e+10 2.82288e+07 1.54696e+07 3.48216e+07 2.39193e+07 142 37
217000 1.13255e+08 6.45414e+09 3.00433e+10 3.49787e+07 1.76418e+07 2.95194e+07 1.7215e+07 138 34
218000 1.07973e+08 6.52795e+09 2.8543e+10 2.5703e+07 1.32866e+07 2.48007e+07 1.53895e+07 138 41
219000 1.02894e+08 6.63018e+09 2.87122e+10 2.62652e+07 1.46928e+07 2.74713e+07 1.68396e+07 131 37
220000 1.03878e+08 6.71839e+09 2.948e+10 2.80461e+07 1.71463e+07 2.95596e+07 2.10872e+07 132 42
221000 1.14309e+08 6.75103e+09 2.65438e+10 2.95233e+07 1.67057e+07 3.48192e+07 2.03611e+07 125 47
222000 1.29108e+08 6.72267e+09 2.17195e+10 3.13822e+07 1.92072e+07 4.56923e+07 2.48149e+07 118 48
223000 1.43507e+08 6.61605e+09 2.90895e+10 3.70168e+07 1.87151e+07 3.90956e+07 1.9575e+07 126 57
224000 1.49688e+08 6.49951e+09 2.61122e+10 3.63183e+07 2.04243e+07 3.24416e+07 1.46579e+07 122 67
225000 1.50011e+08 6.39044e+09 2.01753e+10 3.42852e+07 1.90164e+07 3.34476e+07 1.44309e+07 130 74
226000 1.43713e+08 6.32254e+09 2.57091e+10 3.38577e+07 1.99075e+07 3.02335e+07 1.19627e+07 116 75
227000 1.34845e+08 6.28122e+09 2.78629e+10 3.54186e+07 2.27747e+07 2.58757e+07 1.16486e+07 111 78
228000 1.34915e+08 6.23165e+09 2.98389e+10 3.7121e+07 2.11812e+07 2.10711e+07 9.35217e+06 117 84
229000 1.36286e+08 6.176e+09 3.15157e+10 3.38093e+07 1.79347e+07 2.26236e+07 1.0899e+07 127 75
230000 1.31042e+08 6.15594e+09 3.50824e+10 3.24476e+07 1.70208e+07 2.13747e+07 1.11433e+07 125 75
231000 1.22018e+08 6.16053e+09 4.35042e+10 2.7807e+07 1.54693e+07 2.02329e+07 1.02355e+07 132 74
232000 1.14465e+08 6.20566e+09 5.12262e+10 2.99206e+07 1.62997e+07 1.98276e+07 9.17849e+06 129 67
233000 1.16298e+08 6.24918e+09 4.29389e+10 3.14367e+07 1.79975e+07 1.80362e+07 8.48448e+06 128 65
234000 1.25096e+08 6.26328e+09 3.55879e+10 4.39693e+07 2.77632e+07 1.95153e+07 8.43337e+06 126 56
235000 1.3349e+08 6.21592e+09 2.85029e+10 3.81002e+07 2.04203e+07 1.83443e+07 7.96402e+06 128 62
236000 1.27232e+08 6.21509e+09 2.81863e+10 3.47436e+07 2.07151e+07 1.93532e+07 1.04851e+07 133 63
237000 1.17156e+08 6.27209e+09 2.874e+10 3.25172e+07 2.05386e+07 2.17702e+07 1.14302e+07 127 57
238000 1.1226e+08 6.33073e+09 2.71874e+10 3.14256e+07 1.94583e+07 2.33371e+07 1.38694e+07 120 50
239000 1.16446e+08 6.37694e+09 2.41153e+10 3.60287e+07 2.35685e+07 2.44553e+07 1.45251e+07 124 52
240000 1.24569e+08 6.36583e+09 2.69748e+10 3.21394e+07 1.89024e+07 3.70085e+07 2.11348e+07 124 62
241000 1.4047e+08 6.29131e+09 2.08997e+10 3.65512e+07 2.48059e+07 4.21124e+07 1.93855e+07 121 62
242000 1.42722e+08 6.20247e+09 2.63437e+10 3.62573e+07 2.09611e+07 3.08423e+07 1.43946e+07 129 54
243000 1.40263e+08 6.14672e+09 2.5933e+10 4.28655e+07 2.67525e+07 2.99216e+07 1.77985e+07 130 53
244000 1.30431e+08 6.13347e+09 2.52176e+10 2.94311e+07 1.53727e+07 2.65988e+07 1.57689e+07 137 57
245000 1.21057e+08 6.16574e+09 2.40849e+10 2.75293e+07 1.45838e+07 2.78397e+07 1.72174e+07 133 57
246000 1.17391e+08 6.20437e+09 1.87646e+10 2.68494e+07 1.53505e+07 3.13375e+07 1.74134e+07 132 55
247000 1.17351e+08 6.22941e+09 1.30429e+10 2.67494e+07 1.56763e+07 3.01341e+07 1.45762e+07 127 63
248000 1.18696e+08 6.26196e+09 7.15943e+09 2.70624e+07 1.68825e+07 3.09636e+07 1.52979e+07 128 58
249000 1.14777e+08 6.30316e+09 9.77236e+09 2.70038e+07 1.55887e+07 2.73321e+07 1.42562e+07 134 55
250000 1.11426e+08 6.35133e+09 2.21013e+10 3.02433e+07 1.94558e+07 2.12148e+07 9.29315e+06 117 63
251000 1.12389e+08 6.3936e+09 3.00228e+10 3.1779e+07 1.77384e+07 2.34461e+07 1.3548e+07 131 55
252000 1.22429e+08 6.39778e+09 2.71028e+10 4.29543e+07 2.0253e+07 1.91608e+07 9.56019e+06 127 61
253000 1.21461e+08 6.40736e+09 2.8043e+10 3.33363e+07 1.87059e+07 2.57071e+07 1.5006e+07 134 50
254000 1.21474e+08 6.43449e+09 2.96119e+10 3.41789e+07 1.83844e+07 3.07641e+07 2.19572e+07 118 50
255000 1.24619e+08 6.43695e+09 3.05997e+10 3.26754e+07 1.64921e+07 3.53983e+07 2.22923e+07 121 46
256000 1.2558e+08 6.42769e+09 3.81858e+10 3.27758e+07 1.80541e+07 3.09738e+07 1.49019e+07 123 52
257000 1.34317e+08 6.3925e+09 2.86127e+10 3.87339e+07 2.15471e+07 2.89127e+07 1.56295e+07 118 55
258000 1.31315e+08 6.36515e+09 3.04862e+10 4.03579e+07 2.42213e+07 2.76297e+07 1.31978e+07 129 50
259000 1.20804e+08 6.3993e+09 2.45552e+10 3.01809e+07 1.63195e+07 4.64515e+07 2.12834e+07 124 50
260000 1.10078e+08 6.47114e+09 2.97485e+10 3.58011e+07 2.30789e+07 2.50704e+07 1.48214e+07 123 49
261000 1.10039e+08 6.54206e+09 1.71846e+10 3.05032e+07 1.88008e+07 2.23755e+07 1.21e+07 123 57
262000 1.10865e+08 6.59575e+09 2.0234e+10 3.03346e+07 1.85056e+07 2.57969e+07 1.68715e+07 119 54
263000 1.17052e+08 6.61546e+09 2.17422e+10 3.57568e+07 2.42543e+07 3.60664e+07 1.69379e+07 129 57
264000 1.29641e+08 6.56759e+09 2.36022e+10 3.10514e+07 1.87895e+07 4.30707e+07 2.08915e+07 119 54
265000 1.25827e+08 6.54527e+09 2.46506e+10 2.77531e+07 1.49139e+07 2.89066e+07 1.24896e+07 127 71
266000 1.30509e+08 6.52676e+09 2.70051e+10 3.52595e+07 2.02556e+07 3.28649e+07 1.55556e+07 118 65
267000 1.39954e+08 6.44583e+09 2.00808e+10 3.4592e+07 1.79303e+07 3.5692e+07 1.80174e+07 122 65
268000 1.37782e+08 6.39902e+09 1.67396e+10 3.34061e+07 1.94402e+07 3.0195e+07 1.57775e+07 125 70
269000 1.34328e+08 6.35679e+09 1.65217e+10 3.30257e+07 1.75911e+07 2.39185e+07 1.25442e+07 128 75
270000 1.34647e+08 6.31181e+09 1.9715e+10 3.42824e+07 1.8403e+07 2.20457e+07 1.08833e+07 129 70
271000 1.33562e+08 6.26778e+09 1.99472e+10 3.50437e+07 1.87594e+07 1.8958e+07 9.55594e+06 138 70
272000 1.32944e+08 6.21942e+09 2.73645e+10 3.13614e+07 1.30396e+07 1.95343e+07 1.10382e+07 142 67
273000 1.23772e+08 6.24671e+09 2.52145e+10 2.91063e+07 1.44707e+07 2.13496e+07 1.14315e+07 135 65
274000 1.23394e+08 6.28366e+09 1.85484e+10 3.05617e+07 1.77543e+07 2.4947e+07 1.30965e+07 131 65
275000 1.25473e+08 6.275e+09 1.81576e+10 3.65826e+07 2.20468e+07 2.2111e+07 8.95928e+06 123 72
276000 1.17455e+08 6.31315e+09 2.83217e+10 2.80702e+07 1.47252e+07 2.29947e+07 1.0423e+07 117 68
277000 1.0478e+08 6.39885e+09 3.83488e+10 2.54092e+07 1.41564e+07 2.3707e+07 1.15222e+07 118 63
278000 1.0335e+08 6.50411e+09 3.28456e+10 3.45675e+07 2.17767e+07 2.39779e+07 1.17418e+07 104 65
279000 1.05132e+08 6.5937e+09 3.13191e+10 3.41229e+07 2.21813e+07 2.50462e+07 1.45429e+07 89 64
280000 1.07465e+08 6.66369e+09 2.76966e+10 3.35284e+07 2.32821e+07 2.71449e+07 1.19784e+07 97 60
281000 1.10727e+08 6.71835e+09 2.69186e+10 3.88632e+07 2.66309e+07 2.46878e+07 1.18011e+07 92 61
282000 1.19432e+08 6.7218e+09 2.67935e+10 4.37835e+07 2.60267e+07 2.11531e+07 1.00106e+07 98 65
283000 1.34084e+08 6.66607e+09 1.83773e+10 4.4236e+07 2.45499e+07 2.11674e+07 9.83997e+06 113 65
284000 1.39547e+08 6.59951e+09 2.15048e+10 4.16063e+07 2.35748e+07 2.28087e+07 1.3755e+07 122 59
285000 1.46294e+08 6.5048e+09 1.84234e+10 4.32997e+07 2.33299e+07 2.39344e+07 1.53818e+07 122 57
286000 1.50023e+08 6.39915e+09 2.5433e+10 4.31372e+07 2.17926e+07 3.50894e+07 2.55797e+07 126 51
287000 1.54003e+08 6.28058e+09 2.15044e+10 4.11267e+07 2.10775e+07 3.03729e+07 1.93253e+07 130 49
288000 1.391e+08 6.23491e+09 2.57186e+10 3.33973e+07 1.78079e+07 3.52378e+07 2.4009e+07 127 55
289000 1.25409e+08 6.24011e+09 3.54225e+10 3.02276e+07 1.62299e+07 3.39822e+07 2.29588e+07 121 53
290000 1.21796e+08 6.25721e+09 2.55675e+10 2.92904e+07 1.70493e+07 3.54193e+07 2.00511e+07 120 54
291000 1.21668e+08 6.27602e+09 1.82534e+10 2.85555e+07 1.70181e+07 3.00019e+07 1.38319e+07 125 62
292000 1.19999e+08 6.30934e+09 2.06035e+10 3.11163e+07 2.0283e+07 3.11086e+07 1.67176e+07 115 58
293000 1.15151e+08 6.35023e+09 1.44535e+10 2.76963e+07 1.68082e+07 2.61582e+07 1.321e+07 124 60
294000 1.08931e+08 6.41904e+09 2.13912e+10 3.24513e+07 2.29336e+07 2.67502e+07 1.49219e+07 105 56
295000 1.05844e+08 6.4897e+09 3.26638e+10 3.04839e+07 1.83512e+07 2.36081e+07 1.29607e+07 108 58
296000 1.17228e+08 6.52711e+09 1.51386e+10 3.89104e+07 2.43735e+07 2.86372e+07 1.91649e+07 105 55
297000 1.21876e+08 6.52289e+09 2.66574e+10 3.82937e+07 2.07899e+07 2.29644e+07 1.2911e+07 109 58
298000 1.21348e+08 6.54808e+09 2.74861e+10 3.50063e+07 1.91911e+07 2.36038e+07 1.53397e+07 111 61
299000 1.14508e+08 6.58539e+09 3.00793e+10 3.032e+07 1.80101e+07 2.85158e+07 1.85616e+07 113 58
300000 1.15554e+08 6.62284e+09 2.9255e+10 3.01659e+07 1.88726e+07 3.38116e+07 1.73376e+07 108 63
301000 1.22515e+08 6.61392e+09 2.03211e+10 2.99367e+07 1.86676e+07 3.59413e+07 1.61025e+07 110 62
302000 1.2169e+08 6.63067e+09 2.16047e+10 3.31525e+07 2.14692e+07 2.86327e+07 1.3852e+07 103 69
303000 1.22305e+08 6.62848e+09 2.11989e+10 3.09253e+07 1.89906e+07 3.17754e+07 1.73351e+07 113 61
304000 1.25938e+08 6.60617e+09 2.97714e+10 3.60968e+07 2.13896e+07 3.14427e+07 1.56466e+07 108 64
305000 1.3888e+08 6.54203e+09 1.16394e+10 3.73515e+07 2.198e+07 2.91309e+07 1.26215e+07 120 73
306000 1.40087e+08 6.46493e+09 9.83228e+09 3.927e+07 2.25804e+07 2.3704e+07 1.05092e+07 130 72
307000 1.35777e+08 6.4301e+09 8.93482e+09 3.17246e+07 1.67836e+07 2.39829e+07 1.24458e+07 135 66
308000 1.24668e+08 6.43643e+09 1.64427e+10 3.17813e+07 1.87967e+07 2.21589e+07 1.11604e+07 126 70
309000 1.20185e+08 6.45924e+09 2.01599e+10 3.14035e+07 1.7833e+07 3.69175e+07 1.56531e+07 120 79
310000 1.17424e+08 6.49465e+09 2.03131e+10 2.83344e+07 1.49247e+07 2.42485e+07 1.08736e+07 120 79
311000 1.14443e+08 6.54225e+09 2.15165e+10 2.90411e+07 1.71769e+07 2.45766e+07 1.23384e+07 112 75
312000 1.1221e+08 6.60275e+09 2.93839e+10 2.79565e+07 1.71164e+07 2.87479e+07 1.45479e+07 112 64
313000 1.19243e+08 6.62534e+09 2.61673e+10 3.79195e+07 2.13765e+07 2.94879e+07 1.56904e+07 110 65
314000 1.55046e+08 6.43252e+09 1.38804e+10 3.90217e+07 1.79541e+07 2.60394e+07 1.36667e+07 120 78
315000 1.30007e+08 6.43153e+09 2.81068e+10 3.70338e+07 2.37815e+07 2.352e+07 1.07674e+07 106 81
316000 1.24693e+08 6.43619e+09 4.1832e+10 3.6886e+07 2.37483e+07 2.67316e+07 1.22063e+07 102 77
317000 1.45169e+08 6.33301e+09 3.43314e+10 4.82085e+07 2.27034e+07 2.30247e+07 8.85904e+06 111 84
318000 1.48486e+08 6.23446e+09 2.2567e+10 4.61388e+07 2.55365e+07 2.38342e+07 1.19482e+07 104 79
319000 1.30385e+08 6.24734e+09 1.89438e+10 3.15841e+07 1.78136e+07 2.52795e+07 1.46997e+07 116 74
320000 1.17754e+08 6.26748e+09 2.48434e+10 2.89203e+07 1.70076e+07 2.38834e+07 1.36343e+07 116 75
321000 1.24495e+08 6.2756e+09 2.68187e+10 3.49425e+07 1.69807e+07 2.65634e+07 1.59238e+07 109 76
322000 1.25643e+08 6.26669e+09 2.39032e+10 3.21528e+07 1.67822e+07 2.61706e+07 1.5612e+07 110 76
323000 1.18076e+08 6.30469e+09 1.75042e+10 2.87304e+07 1.80552e+07 2.68195e+07 1.67334e+07 101 84
324000 1.10997e+08 6.36793e+09 2.24159e+10 2.69501e+07 1.8798e+07 2.79603e+07 1.60717e+07 96 79
325000 1.06439e+08 6.42898e+09 2.0934e+10 2.36219e+07 1.44119e+07 2.89571e+07 1.80494e+07 100 85
326000 1.06678e+08 6.48959e+09 2.48196e+10 2.42676e+07 1.46655e+07 3.03503e+07 1.60627e+07 91 90
327000 1.092e+08 6.5309e+09 3.5489e+10 2.79961e+07 1.82087e+07 2.84403e+07 1.31405e+07 76 100
328000 1.13709e+08 6.55878e+09 2.85776e+10 2.86525e+07 1.70782e+07 2.58762e+07 1.26532e+07 87 109
329000 1.18679e+08 6.57046e+09 2.51687e+10 3.80705e+07 2.69294e+07 2.21639e+07 1.04492e+07 77 119
330000 1.21922e+08 6.56281e+09 2.03413e+10 3.48591e+07 1.87917e+07 2.13396e+07 8.98033e+06 84 123
331000 1.3008e+08 6.54135e+09 1.67011e+10 4.04701e+07 2.18023e+07 2.8373e+07 1.61981e+07 79 117
332000 1.42269e+08 6.43387e+09 1.36057e+10 3.67968e+07 1.82422e+07 3.00052e+07 1.4804e+07 89 112
333000 1.37027e+08 6.36914e+09 1.39144e+10 3.46446e+07 1.96188e+07 2.45585e+07 1.18259e+07 89 119
334000 1.27286e+08 6.36506e+09 1.72058e+10 3.33624e+07 1.85497e+07 2.31964e+07 1.25127e+07 93 121
335000 1.26317e+08 6.3727e+09 1.80699e+10 4.0071e+07 2.19629e+07 2.32194e+07 1.14673e+07 82 115
336000 1.20432e+08 6.38418e+09 2.97103e+10 4.05136e+07 2.62802e+07 2.60112e+07 1.50777e+07 72 103
337000 1.18873e+08 6.39208e+09 2.02202e+10 3.05728e+07 1.59494e+07 2.38028e+07 1.20236e+07 86 120
338000 1.2002e+08 6.41206e+09 1.64093e+10 3.11296e+07 1.5871e+07 2.5836e+07 1.36262e+07 85 112
339000 1.16977e+08 6.42787e+09 1.13975e+10 2.68712e+07 1.46324e+07 2.57008e+07 1.25322e+07 89 112
340000 1.19222e+08 6.45664e+09 1.00237e+10 2.90684e+07 1.76552e+07 2.63358e+07 1.34388e+07 86 111
341000 1.21171e+08 6.46082e+09 8.5886e+09 3.04669e+07 1.99682e+07 2.39325e+07 1.15584e+07 83 127
342000 1.27762e+08 6.4295e+09 1.24483e+10 3.87875e+07 2.06988e+07 2.65192e+07 1.21545e+07 79 128
343000 1.36976e+08 6.35798e+09 9.68391e+09 3.95763e+07 2.37159e+07 2.60181e+07 1.40952e+07 81 116
344000 1.27701e+08 6.33478e+09 2.22891e+10 3.15673e+07 1.69795e+07 2.64125e+07 1.3552e+07 85 117
345000 1.23148e+08 6.3452e+09 1.98911e+10 3.95022e+07 2.873e+07 2.59e+07 1.29241e+07 84 114
346000 1.29037e+08 6.31835e+09 1.9399e+10 3.46585e+07 1.9254e+07 2.52987e+07 1.28963e+07 88 117
347000 1.24241e+08 6.30591e+09 2.55821e+10 3.0569e+07 1.58097e+07 2.82758e+07 1.72601e+07 83 111
348000 1.1778e+08 6.32367e+09 2.46682e+10 3.46708e+07 1.9851e+07 2.20062e+07 1.08079e+07 77 131
349000 1.20785e+08 6.33829e+09 1.20005e+10 2.96976e+07 1.67031e+07 2.44104e+07 1.20543e+07 84 125
350000 1.20863e+08 6.3447e+09 1.56722e+10 2.65158e+07 1.58768e+07 2.65371e+07 1.3384e+07 89 120
351000 1.18968e+08 6.3492e+09 2.28724e+10 2.44233e+07 1.36455e+07 3.20877e+07 1.73286e+07 87 108
352000 1.16456e+08 6.36266e+09 2.3758e+10 2.5492e+07 1.46361e+07 2.67597e+07 1.28459e+07 83 119
353000 1.19681e+08 6.37717e+09 1.48502e+10 2.72828e+07 1.70008e+07 2.48405e+07 1.17218e+07 84 130
354000 1.2806e+08 6.35805e+09 1.09448e+10 4.79742e+07 2.91377e+07 2.61653e+07 1.27194e+07 75 128
355000 1.38906e+08 6.26807e+09 1.1693e+10 4.14914e+07 2.06544e+07 2.46016e+07 1.14356e+07 84 126
356000 1.37577e+08 6.19227e+09 1.26758e+10 3.31703e+07 1.44659e+07 2.25797e+07 1.12612e+07 91 129
357000 1.22008e+08 6.20819e+09 2.50487e+10 2.64014e+07 1.19316e+07 3.15523e+07 1.38951e+07 91 124
358000 1.16218e+08 6.26166e+09 1.8827e+10 2.90802e+07 1.80169e+07 2.54653e+07 1.35698e+07 90 121
359000 1.1428e+08 6.30666e+09 1.65789e+10 2.55062e+07 1.59618e+07 2.48136e+07 1.35824e+07 89 120
360000 1.15343e+08 6.32793e+09 2.42709e+10 2.41616e+07 1.37061e+07 2.69295e+07 1.52004e+07 87 116
361000 1.21738e+08 6.32638e+09 2.22163e+10 2.79319e+07 1.60148e+07 2.75652e+07 1.5112e+07 86 121
362000 1.31535e+08 6.28119e+09 1.50332e+10 3.11085e+07 1.69996e+07 3.05564e+07 1.75572e+07 85 122
363000 1.35771e+08 6.21101e+09 1.76374e+10 2.9289e+07 1.47138e+07 3.29566e+07 1.94132e+07 94 114
364000 1.34959e+08 6.16849e+09 2.12528e+10 2.81049e+07 1.35873e+07 3.12455e+07 1.72145e+07 89 112
365000 1.28811e+08 6.13343e+09 1.46987e+10 2.76002e+07 1.48873e+07 2.67056e+07 1.48015e+07 84 127
366000 1.27789e+08 6.12977e+09 3.77149e+09 2.89099e+07 1.60482e+07 2.58772e+07 1.52259e+07 78 133
367000 1.21383e+08 6.13798e+09 1.25621e+10 2.89095e+07 1.62175e+07 2.79753e+07 1.5807e+07 73 124
368000 1.1846e+08 6.15807e+09 7.96479e+09 2.78695e+07 1.62248e+07 2.94367e+07 1.50409e+07 76 135
369000 1.14945e+08 6.18933e+09 1.20082e+10 2.85202e+07 1.77931e+07 2.32873e+07 1.23929e+07 73 131
370000 1.12938e+08 6.22411e+09 1.5083e+10 2.76334e+07 1.47053e+07 2.34794e+07 1.30129e+07 71 135
371000 1.11492e+08 6.26638e+09 2.69256e+10 2.759e+07 1.43636e+07 2.53063e+07 1.39133e+07 73 122
372000 1.16136e+08 6.29687e+09 1.67634e+10 4.01494e+07 2.06706e+07 2.57297e+07 1.5305e+07 71 130
373000 1.18028e+08 6.31476e+09 1.49703e+10 3.03942e+07 1.63439e+07 2.70507e+07 1.55827e+07 69 123
374000 1.16257e+08 6.32632e+09 1.87592e+10 2.8069e+07 1.54653e+07 2.56287e+07 1.44958e+07 67 128
375000 1.11691e+08 6.35882e+09 2.36241e+10 2.77609e+07 1.62085e+07 2.71496e+07 1.54485e+07 66 129
376000 1.11887e+08 6.40524e+09 2.05734e+10 2.5205e+07 1.45308e+07 2.44066e+07 1.22484e+07 76 130
377000 1.08144e+08 6.44873e+09 2.83744e+10 2.29273e+07 1.12829e+07 2.27792e+07 1.24571e+07 75 135
378000 1.12984e+08 6.50139e+09 1.75954e+10 2.80755e+07 1.69672e+07 2.53433e+07 1.36702e+07 66 133
379000 1.11864e+08 6.53882e+09 2.45707e+10 2.92482e+07 1.84927e+07 2.46314e+07 1.21621e+07 63 139
380000 1.11358e+08 6.57642e+09 3.1046e+10 2.96891e+07 1.75312e+07 2.70064e+07 1.61005e+07 62 132
381000 1.15287e+08 6.60545e+09 1.70084e+10 3.07357e+07 1.76291e+07 2.57568e+07 1.5056e+07 60 137
382000 1.18508e+08 6.61729e+09 1.36205e+10 2.79058e+07 1.38412e+07 3.1503e+07 2.05355e+07 63 146
383000 1.24474e+08 6.60423e+09 1.35686e+10 2.77144e+07 1.40773e+07 3.06895e+07 1.8172e+07 61 137
384000 1.27748e+08 6.56734e+09 1.56118e+10 2.8918e+07 1.72795e+07 3.19907e+07 1.62033e+07 57 132
385000 1.25524e+08 6.55381e+09 1.49515e+10 2.68259e+07 1.54158e+07 3.19573e+07 1.62303e+07 57 142
386000 1.19171e+08 6.5552e+09 1.91355e+10 2.34247e+07 1.23878e+07 2.77348e+07 1.46711e+07 60 141
387000 1.25056e+08 6.54864e+09 1.45901e+10 2.4613e+07 1.38807e+07 3.07933e+07 1.54213e+07 56 147
388000 1.31436e+08 6.49993e+09 1.61946e+10 2.55876e+07 1.39422e+07 3.38372e+07 1.84492e+07 58 144
389000 1.19626e+08 6.50064e+09 2.71102e+10 3.08807e+07 2.07882e+07 2.53557e+07 1.34675e+07 51 147
390000 1.16662e+08 6.52152e+09 2.01305e+10 3.02426e+07 1.67863e+07 2.42456e+07 1.26025e+07 50 158
391000 1.19206e+08 6.53465e+09 2.39366e+10 2.98695e+07 1.65613e+07 3.41716e+07 1.7398e+07 50 148
392000 1.18848e+08 6.54419e+09 3.42626e+10 3.17686e+07 1.79984e+07 2.90015e+07 1.46084e+07 49 140
393000 1.16319e+08 6.5619e+09 3.67026e+10 2.7613e+07 1.39995e+07 2.85617e+07 1.52318e+07 52 132
394000 1.12627e+08 6.60704e+09 2.7072e+10 2.83533e+07 1.63506e+07 2.67588e+07 1.52675e+07 48 136
395000 1.09327e+08 6.66571e+09 2.78006e+10 2.79931e+07 1.62581e+07 2.62791e+07 1.56852e+07 48 140
396000 1.10271e+08 6.73142e+09 3.27434e+10 3.3718e+07 2.03116e+07 4.11133e+07 3.0165e+07 41 127
397000 1.05732e+08 6.7836e+09 3.90765e+10 3.41179e+07 2.10557e+07 2.8138e+07 1.68632e+07 39 122
398000 1.1179e+08 6.83126e+09 3.31747e+10 3.14602e+07 2.05895e+07 3.37695e+07 2.01433e+07 42 118
399000 1.21005e+08 6.8097e+09 2.4355e+10 3.00624e+07 1.73505e+07 4.32395e+07 2.26426e+07 43 143
400000 1.2587e+08 6.76657e+09 2.43845e+10 3.05026e+07 1.88584e+07 3.32417e+07 1.61858e+07 40 150
401000 1.33474e+08 6.69633e+09 2.26711e+10 3.39792e+07 2.18664e+07 3.14827e+07 1.30182e+07 37 159
402000 1.33691e+08 6.62977e+09 2.14536e+10 3.31193e+07 2.17018e+07 3.05739e+07 1.20166e+07 39 152
403000 1.19776e+08 6.64103e+09 1.70608e+10 2.95115e+07 1.89694e+07 2.49284e+07 1.20565e+07 42 160
404000 1.1019e+08 6.69972e+09 1.87546e+10 2.8684e+07 1.81344e+07 5.05244e+07 3.87432e+07 43 161
405000 1.06657e+08 6.7628e+09 2.19287e+10 3.07991e+07 1.94679e+07 2.32061e+07 1.17927e+07 41 153
406000 1.04719e+08 6.83187e+09 2.8278e+10 3.23445e+07 2.02517e+07 2.68507e+07 1.22516e+07 42 145
407000 1.1075e+08 6.89176e+09 2.13444e+10 3.14516e+07 1.9514e+07 2.69623e+07 1.52281e+07 46 138
408000 1.18715e+08 6.87847e+09 1.8547e+10 3.58986e+07 2.13914e+07 2.86142e+07 1.4898e+07 47 144
409000 1.33113e+08 6.79987e+09 1.27792e+10 3.68344e+07 2.02189e+07 2.83308e+07 1.31215e+07 51 156
410000 1.40258e+08 6.70463e+09 1.55759e+10 4.28014e+07 2.40432e+07 2.66167e+07 1.15058e+07 50 170
411000 1.50327e+08 6.56152e+09 1.77298e+10 4.65118e+07 2.52341e+07 2.84116e+07 1.26617e+07 48 173
412000 1.5305e+08 6.41287e+09 1.50479e+10 3.44916e+07 1.70224e+07 3.03608e+07 1.31578e+07 57 168
413000 1.4713e+08 6.30191e+09 1.86156e+10 3.55925e+07 1.99439e+07 2.46602e+07 9.90829e+06 51 190
414000 1.36087e+08 6.25223e+09 1.8903e+10 3.03593e+07 1.5696e+07 2.55219e+07 1.25581e+07 56 166
415000 1.26826e+08 6.24431e+09 1.91901e+10 3.06415e+07 1.94207e+07 2.56734e+07 1.38838e+07 51 184
416000 1.23229e+08 6.23191e+09 3.47707e+10 2.66968e+07 1.51255e+07 2.81959e+07 1.27979e+07 49 173
417000 1.22111e+08 6.23019e+09 2.97193e+10 2.43574e+07 1.17042e+07 2.61596e+07 1.24506e+07 53 168
418000 1.11809e+08 6.27227e+09 2.87569e+10 2.3587e+07 1.32661e+07 2.42618e+07 1.21349e+07 55 166
419000 1.08738e+08 6.33671e+09 1.49214e+10 2.27506e+07 1.19223e+07 2.10956e+07 1.08765e+07 54 173
420000 1.06881e+08 6.39793e+09 1.2066e+10 2.0977e+07 9.31105e+06 2.20069e+07 1.1122e+07 57 175
421000 1.08962e+08 6.44453e+09 1.75823e+10 2.22608e+07 9.91656e+06 2.26064e+07 1.16815e+07 53 175
422000 1.2041e+08 6.44003e+09 1.46853e+10 2.43858e+07 1.24296e+07 2.63983e+07 1.35208e+07 48 174
423000 1.23992e+08 6.41037e+09 1.76548e+10 2.35018e+07 1.44633e+07 2.79664e+07 1.39497e+07 49 183
424000 1.23925e+08 6.39892e+09 1.23173e+10 2.49021e+07 1.42329e+07 2.38752e+07 1.04093e+07 49 184
425000 1.20486e+08 6.41028e+09 9.22922e+09 2.70057e+07 1.5341e+07 2.38981e+07 1.28339e+07 48 176
426000 1.14207e+08 6.447e+09 1.9074e+10 3.11387e+07 1.67041e+07 3.07895e+07 1.55583e+07 44 167
427000 1.15167e+08 6.48643e+09 8.63807e+09 3.97814e+07 2.72027e+07 2.81304e+07 1.86122e+07 40 177
428000 1.14696e+08 6.51472e+09 9.48376e+09 3.28928e+07 1.74317e+07 2.49577e+07 1.44128e+07 43 162
429000 1.11886e+08 6.54771e+09 2.06483e+10 2.79914e+07 1.57857e+07 2.36593e+07 1.28441e+07 48 163
430000 1.15009e+08 6.57703e+09 1.40582e+10 2.57273e+07 1.33024e+07 2.73383e+07 1.62669e+07 49 158
431000 1.18421e+08 6.58125e+09 1.17906e+10 2.86356e+07 1.8038e+07 2.6058e+07 1.26878e+07 46 161
432000 1.24898e+08 6.56026e+09 2.11188e+10 3.92335e+07 2.30257e+07 3.01365e+07 1.65406e+07 45 147
433000 1.29218e+08 6.51457e+09 1.95146e+10 4.08848e+07 1.81824e+07 2.69851e+07 1.43039e+07 47 148
434000 1.2961e+08 6.49096e+09 1.80867e+10 3.4933e+07 1.76061e+07 2.83266e+07 1.73684e+07 52 142
435000 1.28236e+08 6.45732e+09 2.12816e+10 3.46251e+07 1.8662e+07 2.96792e+07 1.7089e+07 57 138
436000 1.284e+08 6.43398e+09 1.85245e+10 3.67692e+07 2.24889e+07 2.81198e+07 1.50033e+07 51 139
437000 1.21072e+08 6.44525e+09 1.71813e+10 3.12849e+07 1.8119e+07 2.57738e+07 1.3816e+07 52 149
438000 1.15586e+08 6.47755e+09 2.11975e+10 3.16896e+07 2.00854e+07 3.46399e+07 2.26652e+07 47 142
439000 1.18083e+08 6.48615e+09 2.26581e+10 3.87932e+07 2.25264e+07 2.69982e+07 1.45457e+07 47 143
440000 1.28967e+08 6.43259e+09 2.02851e+10 4.37118e+07 1.85294e+07 2.8056e+07 1.44241e+07 50 138
441000 1.24616e+08 6.41202e+09 2.23533e+10 3.73193e+07 2.1343e+07 2.42013e+07 1.063e+07 50 152
442000 1.18561e+08 6.43535e+09 2.64841e+10 3.74595e+07 2.37103e+07 2.42401e+07 1.13358e+07 47 153
443000 1.17645e+08 6.47285e+09 2.4724e+10 3.16264e+07 1.88827e+07 2.89183e+07 1.67524e+07 48 140
444000 1.13341e+08 6.51072e+09 1.9564e+10 2.91806e+07 1.6821e+07 3.56682e+07 2.4594e+07 47 138
445000 1.11327e+08 6.57119e+09 1.6975e+10 4.0242e+07 2.86444e+07 2.77294e+07 1.70041e+07 40 137
446000 1.06911e+08 6.62408e+09 2.50372e+10 3.13507e+07 2.07442e+07 2.67393e+07 1.50558e+07 40 138
447000 1.08017e+08 6.67848e+09 2.51457e+10 6.6077e+07 2.99067e+07 3.3277e+07 1.84747e+07 39 136
448000 1.06864e+08 6.72567e+09 2.45444e+10 2.77724e+07 1.69441e+07 2.61849e+07 1.36084e+07 39 143
449000 1.09537e+08 6.76463e+09 2.84215e+10 3.1116e+07 1.80363e+07 2.80107e+07 1.39271e+07 39 143
450000 1.1859e+08 6.75471e+09 2.40044e+10 3.07375e+07 2.01535e+07 3.02792e+07 1.39714e+07 42 144
451000 1.24746e+08 6.73166e+09 2.11419e+10 3.23461e+07 2.14857e+07 3.0296e+07 1.5273e+07 36 156
452000 1.26811e+08 6.68707e+09 2.23806e+10 3.55871e+07 2.03174e+07 3.10526e+07 1.54797e+07 38 165
453000 1.29271e+08 6.64312e+09 1.16027e+10 3.84549e+07 2.37845e+07 2.72707e+07 1.43113e+07 39 164
454000 1.29516e+08 6.59026e+09 1.00108e+10 3.48091e+07 1.93315e+07 2.73115e+07 1.39178e+07 41 169
455000 1.31847e+08 6.53608e+09 1.32489e+10 2.91958e+07 1.47388e+07 2.74771e+07 1.47529e+07 44 175
456000 1.30489e+08 6.48447e+09 1.8166e+10 8.06193e+07 2.59625e+07 2.71452e+07 1.37934e+07 45 176
457000 1.32372e+08 6.43375e+09 2.49298e+10 2.39724e+07 1.22191e+07 3.12958e+07 1.66221e+07 46 167
458000 1.42802e+08 6.33015e+09 1.39018e+10 2.6037e+07 1.55048e+07 3.12657e+07 1.46693e+07 45 183
459000 1.35553e+08 6.24628e+09 1.21898e+10 2.48546e+07 1.28179e+07 2.55125e+07 1.0647e+07 47 192
460000 1.27265e+08 6.22595e+09 1.8729e+10 2.7692e+07 1.39734e+07 2.22375e+07 1.02911e+07 41 203
461000 1.26129e+08 6.21266e+09 2.26243e+10 3.49452e+07 2.44498e+07 2.28839e+07 9.81822e+06 37 198
462000 1.27004e+08 6.18968e+09 2.57757e+10 3.93958e+07 2.18344e+07 2.96716e+07 1.26526e+07 41 178
463000 1.18719e+08 6.2071e+09 1.9481e+10 2.50893e+07 1.2627e+07 2.32788e+07 1.22686e+07 45 175
464000 1.1248e+08 6.26088e+09 2.28919e+10 2.90925e+07 1.80645e+07 2.69991e+07 1.55724e+07 40 172
465000 1.11943e+08 6.3041e+09 2.1093e+10 2.69219e+07 1.65689e+07 2.87294e+07 1.4059e+07 41 167
466000 1.15697e+08 6.34394e+09 1.95516e+10 2.82531e+07 1.82382e+07 2.77408e+07 1.56628e+07 38 153
467000 1.13939e+08 6.36794e+09 2.10294e+10 3.13795e+07 2.02656e+07 2.51229e+07 1.25273e+07 35 161
468000 1.11317e+08 6.40324e+09 1.99003e+10 3.38702e+07 2.22372e+07 2.40123e+07 1.24322e+07 34 161
469000 1.1151e+08 6.44341e+09 1.90523e+10 5.36094e+07 4.34956e+07 2.5516e+07 1.26053e+07 37 152
470000 1.11086e+08 6.47715e+09 2.10139e+10 3.1738e+07 2.15578e+07 3.80959e+07 1.99087e+07 35 152
471000 1.13594e+08 6.51042e+09 1.29117e+10 4.05998e+07 3.38986e+07 2.45892e+07 1.17271e+07 34 162
472000 1.14006e+08 6.5367e+09 8.79399e+09 3.31885e+07 2.34416e+07 2.47632e+07 1.36058e+07 37 160
473000 1.09828e+08 6.57815e+09 2.31598e+10 3.58996e+07 2.57374e+07 3.02917e+07 1.64783e+07 36 157
474000 1.12914e+08 6.6135e+09 1.61481e+10 3.86856e+07 2.67945e+07 2.61227e+07 1.43699e+07 38 147
475000 1.16497e+08 6.62727e+09 2.30161e+10 4.08363e+07 2.51633e+07 2.5189e+07 1.32673e+07 40 147
476000 1.18773e+08 6.62916e+09 3.32028e+10 4.48296e+07 2.671e+07 2.63108e+07 1.51216e+07 40 139
477000 1.224e+08 6.61498e+09 3.00571e+10 3.89029e+07 1.69371e+07 4.46783e+07 3.27082e+07 48 140
478000 1.28504e+08 6.58074e+09 2.91802e+10 3.71581e+07 1.66111e+07 3.12315e+07 1.75419e+07 47 137
479000 1.31464e+08 6.52111e+09 2.05724e+10 3.02746e+07 1.31472e+07 2.98684e+07 1.58101e+07 50 152
480000 1.35044e+08 6.47448e+09 1.06159e+10 2.98615e+07 1.52348e+07 3.06663e+07 1.65822e+07 49 155
481000 1.27958e+08 6.42186e+09 1.43453e+10 2.74888e+07 1.48625e+07 2.64106e+07 1.27422e+07 49 165
482000 1.23749e+08 6.42116e+09 1.64899e+10 2.62424e+07 1.42821e+07 2.9462e+07 1.54021e+07 47 162
483000 1.15332e+08 6.44368e+09 2.93578e+10 2.50706e+07 1.37256e+07 2.47967e+07 1.32202e+07 45 164
484000 1.20195e+08 6.44758e+09 1.84397e+10 2.77984e+07 1.64014e+07 2.67655e+07 1.57736e+07 43 168
485000 1.29512e+08 6.39893e+09 2.58943e+10 3.21963e+07 1.7588e+07 2.90261e+07 1.45479e+07 40 161
486000 1.34762e+08 6.31995e+09 2.92499e+10 3.46055e+07 2.14622e+07 2.96957e+07 1.49137e+07 39 168
487000 1.36047e+08 6.25159e+09 2.94022e+10 3.3765e+07 1.80805e+07 3.31621e+07 1.81776e+07 44 157
488000 1.32096e+08 6.2113e+09 3.06982e+10 3.38366e+07 1.90606e+07 3.22953e+07 1.7964e+07 44 154
489000 1.26291e+08 6.1918e+09 2.80053e+10 2.88056e+07 1.62609e+07 2.66465e+07 1.35565e+07 43 161
490000 1.21265e+08 6.20369e+09 2.7103e+10 3.01831e+07 1.91433e+07 2.8174e+07 1.60574e+07 40 154
491000 1.1488e+08 6.23836e+09 2.80987e+10 3.01996e+07 1.88105e+07 3.40112e+07 2.24683e+07 32 145
492000 1.10425e+08 6.29624e+09 3.05649e+10 2.98614e+07 1.90478e+07 2.78339e+07 1.70171e+07 30 145
493000 1.09591e+08 6.34699e+09 2.97193e+10 2.8363e+07 1.69165e+07 2.97828e+07 1.95065e+07 27 148
494000 1.07981e+08 6.38721e+09 3.35253e+10 2.97102e+07 1.70348e+07 3.04756e+07 1.89011e+07 28 149
495000 1.12324e+08 6.42163e+09 2.42266e+10 3.07202e+07 1.92772e+07 2.95263e+07 1.75933e+07 28 157
496000 1.13741e+08 6.43634e+09 2.26898e+10 3.08723e+07 2.0097e+07 2.83716e+07 1.48993e+07 26 161
497000 1.155e+08 6.45214e+09 1.8591e+10 2.86913e+07 1.85509e+07 2.95992e+07 1.66949e+07 30 150
498000 1.12514e+08 6.47414e+09 2.44008e+10 3.04273e+07 1.74749e+07 2.51963e+07 1.25484e+07 25 166
499000 1.10533e+08 6.5217e+09 3.13462e+10 3.26162e+07 1.87268e+07 2.8974e+07 1.56107e+07 26 148
500000 1.11134e+08 6.57299e+09 2.83738e+10 3.1134e+07 1.78515e+07 2.75063e+07 1.57442e+07 26 156
501000 1.11245e+08 6.6133e+09 2.43985e+10 2.92896e+07 1.69251e+07 2.91135e+07 1.65472e+07 24 151
502000 1.11351e+08 6.64194e+09 2.04558e+10 3.04016e+07 1.7522e+07 2.89844e+07 1.55856e+07 22 156
503000 1.13204e+08 6.66915e+09 1.81277e+10 2.46778e+07 1.34865e+07 3.0799e+07 1.6637e+07 27 154
504000 1.15914e+08 6.67119e+09 1.61246e+10 2.55292e+07 1.50087e+07 2.98166e+07 1.66638e+07 23 168
505000 1.15657e+08 6.66966e+09 2.28192e+10 2.58826e+07 1.59378e+07 2.79436e+07 1.39702e+07 25 171
506000 1.15867e+08 6.67721e+09 2.48065e+10 2.54174e+07 1.41738e+07 2.80405e+07 1.52002e+07 21 172
507000 1.19312e+08 6.68607e+09 1.5501e+10 2.08012e+07 1.11452e+07 2.92706e+07 1.6515e+07 26 171
508000 1.15962e+08 6.69527e+09 1.98253e+10 2.54318e+07 1.44664e+07 2.63602e+07 1.36547e+07 24 178
509000 1.16672e+08 6.70317e+09 1.38224e+10 3.18438e+07 1.78352e+07 2.58758e+07 1.30427e+07 23 183
510000 1.17865e+08 6.69144e+09 1.58076e+10 4.06954e+07 2.71878e+07 2.43901e+07 1.17053e+07 22 193
511000 1.27025e+08 6.65496e+09 1.72489e+10 5.25571e+07 2.65492e+07 2.46333e+07 1.18182e+07 24 197
512000 1.30677e+08 6.60794e+09 2.00757e+10 4.3751e+07 1.80541e+07 2.62933e+07 1.25817e+07 24 187
513000 1.2669e+08 6.57974e+09 2.29401e+10 3.29429e+07 1.73782e+07 2.81641e+07 1.42235e+07 23 178
514000 1.24212e+08 6.57409e+09 1.65515e+10 2.44285e+07 1.02606e+07 2.874e+07 1.45624e+07 26 176
515000 1.18552e+08 6.58252e+09 1.27823e+10 5.08209e+07 4.05297e+07 2.70957e+07 1.45557e+07 25 185
516000 1.17888e+08 6.60015e+09 1.52467e+10 3.14947e+07 2.07251e+07 2.45864e+07 1.18225e+07 21 193
517000 1.19601e+08 6.59276e+09 2.09641e+10 3.19674e+07 1.93202e+07 3.11052e+07 1.55623e+07 21 183
518000 1.27732e+08 6.55365e+09 2.26787e+10 3.22498e+07 1.81244e+07 3.55461e+07 1.96894e+07 21 174
519000 1.36433e+08 6.44579e+09 1.89064e+10 8.68996e+07 7.49009e+07 2.96562e+07 1.30966e+07 26 192
520000 1.36116e+08 6.38331e+09 1.36635e+10 2.52851e+07 1.45752e+07 3.0604e+07 1.65105e+07 27 182
521000 1.31904e+08 6.33274e+09 1.50779e+10 2.98299e+07 1.7849e+07 2.70193e+07 1.29396e+07 24 192
522000 1.23923e+08 6.31924e+09 2.0082e+10 3.53037e+07 2.31322e+07 2.56759e+07 1.31046e+07 20 191
523000 1.16792e+08 6.33548e+09 2.0155e+10 3.65183e+07 2.34645e+07 2.34453e+07 1.20823e+07 19 196
524000 1.12816e+08 6.3773e+09 1.39539e+10 3.277e+07 2.22763e+07 2.19871e+07 1.09585e+07 22 196
525000 1.06374e+08 6.43932e+09 1.16456e+10 2.85286e+07 1.56435e+07 2.19938e+07 1.20169e+07 24 186
526000 1.00491e+08 6.52774e+09 1.73334e+10 3.00029e+07 1.6228e+07 2.26278e+07 1.16236e+07 23 189
527000 9.64768e+07 6.62915e+09 1.87028e+10 2.98985e+07 1.49281e+07 2.31286e+07 1.29032e+07 22 173
528000 9.56127e+07 6.73344e+09 1.71366e+10 2.28649e+07 1.22534e+07 1.96588e+07 9.56357e+06 29 187
529000 9.8923e+07 6.82923e+09 1.86171e+10 1.99361e+07 9.55012e+06 2.41384e+07 1.48297e+07 31 174
530000 1.0396e+08 6.88701e+09 1.97082e+10 2.38071e+07 1.40344e+07 2.43712e+07 1.25755e+07 26 175
531000 1.10143e+08 6.90501e+09 2.9284e+10 2.55403e+07 1.56162e+07 2.69077e+07 1.22831e+07 23 180
532000 1.22005e+08 6.87136e+09 2.88939e+10 5.02102e+07 4.19383e+07 2.86309e+07 1.30978e+07 20 188
533000 1.27976e+08 6.83969e+09 2.45119e+10 2.48058e+07 1.51441e+07 3.02348e+07 1.53037e+07 21 183
534000 1.42806e+08 6.74159e+09 2.46472e+10 4.98929e+07 2.75139e+07 3.73745e+07 2.02047e+07 21 180
535000 1.53801e+08 6.57214e+09 1.76177e+10 3.98094e+07 2.18363e+07 3.33203e+07 1.47593e+07 20 191
536000 1.40819e+08 6.46667e+09 1.92268e+10 3.21727e+07 1.71915e+07 2.72881e+07 1.22047e+07 23 200
537000 1.2726e+08 6.44959e+09 1.77726e+10 2.5849e+07 1.18391e+07 2.37309e+07 1.13093e+07 26 207
538000 1.23071e+08 6.45323e+09 7.81216e+09 2.65566e+07 1.34622e+07 2.52824e+07 1.43667e+07 24 209
539000 1.19314e+08 6.44453e+09 1.69145e+10 2.18298e+07 1.00886e+07 2.45501e+07 1.2446e+07 28 212
540000 1.21984e+08 6.44585e+09 1.67089e+10 3.14563e+07 1.82421e+07 2.48564e+07 1.27374e+07 22 198
541000 1.21937e+08 6.43415e+09 2.58307e+10 3.75661e+07 2.31777e+07 2.53571e+07 1.22783e+07 21 190
542000 1.22206e+08 6.4282e+09 3.03054e+10 3.26461e+07 1.48564e+07 2.9489e+07 1.51963e+07 22 184
543000 1.2115e+08 6.42319e+09 3.58548e+10 3.59137e+07 2.07203e+07 3.3404e+07 1.51767e+07 19 177
544000 1.15156e+08 6.44979e+09 3.7484e+10 3.421e+07 2.01105e+07 2.34798e+07 1.1338e+07 17 190
545000 1.12927e+08 6.49336e+09 2.26192e+10 3.43519e+07 2.19344e+07 3.23162e+07 1.8998e+07 15 184
546000 1.06317e+08 6.5511e+09 1.98476e+10 3.2906e+07 2.34934e+07 2.28989e+07 1.21653e+07 14 187
547000 1.02998e+08 6.62709e+09 2.38389e+10 2.80226e+07 1.96255e+07 2.26296e+07 1.17709e+07 15 188
548000 1.06006e+08 6.70075e+09 1.90204e+10 3.09672e+07 2.50884e+07 2.62404e+07 1.51722e+07 14 170
549000 1.07079e+08 6.74417e+09 1.8163e+10 3.78544e+07 2.85327e+07 2.62672e+07 1.48118e+07 15 174
550000 1.09122e+08 6.77574e+09 2.02387e+10 9.65074e+07 7.04227e+07 2.66739e+07 1.47592e+07 13 183
551000 1.13198e+08 6.80322e+09 2.04357e+10 5.81321e+07 3.3179e+07 2.59787e+07 1.46137e+07 12 176
552000 1.18142e+08 6.79943e+09 2.51031e+10 3.88482e+07 2.18184e+07 2.91488e+07 1.61246e+07 15 181
553000 1.28924e+08 6.73718e+09 3.04477e+10 3.21879e+07 1.95397e+07 3.53667e+07 1.58411e+07 14 183
554000 1.27189e+08 6.68133e+09 3.29854e+10 3.17031e+07 2.08948e+07 2.87389e+07 1.32393e+07 13 188
555000 1.19663e+08 6.68928e+09 2.66867e+10 3.50126e+07 2.3654e+07 2.58248e+07 1.18522e+07 10 196
556000 1.17202e+08 6.6972e+09 2.30807e+10 3.55467e+07 2.60145e+07 2.68753e+07 1.42264e+07 11 195
557000 1.22712e+08 6.68265e+09 1.98632e+10 3.31603e+07 2.63802e+07 2.6696e+07 1.35958e+07 11 204
558000 1.29478e+08 6.6432e+09 2.65735e+10 3.23416e+07 2.28449e+07 3.29703e+07 1.70819e+07 12 189
559000 1.40798e+08 6.52176e+09 2.20255e+10 2.59946e+07 1.2727e+07 3.1241e+07 1.43643e+07 11 207
560000 1.27698e+08 6.48312e+09 2.22661e+10 2.48255e+07 1.52314e+07 3.29746e+07 1.49683e+07 13 198
561000 1.19485e+08 6.48556e+09 1.99945e+10 2.69493e+07 1.71823e+07 2.47615e+07 1.14661e+07 12 208
562000 1.17201e+08 6.49547e+09 1.83748e+10 3.66089e+07 2.87594e+07 2.50353e+07 1.14196e+07 10 213
563000 1.16617e+08 6.5177e+09 1.59394e+10 3.20334e+07 2.46018e+07 2.33326e+07 1.1246e+07 14 214
564000 1.1432e+08 6.54653e+09 2.27838e+10 5.39421e+07 3.15485e+07 2.36675e+07 1.32232e+07 11 203
565000 1.14505e+08 6.55851e+09 2.67122e+10 4.66144e+07 2.6872e+07 2.60157e+07 1.4651e+07 11 208
566000 1.18863e+08 6.55575e+09 2.66043e+10 4.00677e+07 2.41794e+07 2.43255e+07 1.12395e+07 13 206
567000 1.2589e+08 6.52025e+09 1.78345e+10 3.18712e+07 1.73261e+07 2.96861e+07 1.56521e+07 13 207
568000 1.27115e+08 6.47624e+09 1.57663e+10 2.74828e+07 1.68426e+07 2.56202e+07 1.20702e+07 14 214
569000 1.25551e+08 6.45886e+09 1.52182e+10 2.45279e+07 1.28671e+07 2.88532e+07 1.3855e+07 14 209
570000 1.18812e+08 6.4722e+09 1.63616e+10 2.59729e+07 1.79426e+07 2.52994e+07 1.34665e+07 13 202
571000 1.17259e+08 6.48617e+09 1.38401e+10 2.39504e+07 1.31066e+07 3.32011e+07 1.81553e+07 11 206
572000 1.16017e+08 6.482e+09 1.05691e+10 2.28846e+07 1.38069e+07 2.46503e+07 1.20811e+07 12 209
573000 1.17787e+08 6.49463e+09 9.55459e+09 2.52811e+07 1.57796e+07 2.60521e+07 1.46033e+07 11 216
574000 1.17677e+08 6.50912e+09 1.65306e+10 3.46579e+07 2.49298e+07 2.79124e+07 1.52755e+07 8 194
575000 1.14635e+08 6.52398e+09 3.05784e+10 2.68744e+07 1.34372e+07 2.5468e+07 1.31453e+07 8 198
576000 1.16104e+08 6.529e+09 3.12722e+10 3.84413e+07 3.22584e+07 3.41167e+07 1.56544e+07 6 195
577000 1.2106e+08 6.51777e+09 1.95272e+10 3.30679e+07 1.92842e+07 2.75553e+07 1.26865e+07 7 198
578000 1.20324e+08 6.51587e+09 1.00831e+10 2.99599e+07 1.498e+07 2.37685e+07 1.15859e+07 6 221
579000 1.14648e+08 6.53685e+09 1.61851e+10 2.95156e+07 1.47578e+07 2.42173e+07 1.19939e+07 6 211
580000 1.16073e+08 6.54864e+09 2.15293e+10 1.90487e+07 1.04294e+07 3.02611e+07 1.78442e+07 9 190
581000 1.21993e+08 6.53155e+09 2.36139e+10 1.75635e+07 9.96561e+06 2.86661e+07 1.48535e+07 9 197
582000 1.26869e+08 6.49082e+09 2.8903e+10 1.76188e+07 6.74519e+06 2.97618e+07 1.42742e+07 9 193
583000 1.26131e+08 6.46165e+09 1.85016e+10 1.93372e+07 7.77939e+06 3.60554e+07 1.82387e+07 8 204
584000 1.21056e+08 6.46412e+09 9.422e+09 2.26453e+07 1.43951e+07 3.03478e+07 1.84645e+07 7 211
585000 1.15082e+08 6.47847e+09 1.61206e+10 3.57117e+07 2.52206e+07 2.39905e+07 1.2321e+07 5 211
586000 1.13735e+08 6.50582e+09 1.62916e+10 2.88976e+07 1.44488e+07 2.83289e+07 1.65328e+07 4 207
587000 1.12395e+08 6.5322e+09 1.58929e+10 3.13885e+07 1.56943e+07 2.51644e+07 1.32689e+07 4 209
588000 1.11913e+08 6.56574e+09 1.23545e+10 6.8954e+07 6.8954e+07 2.35254e+07 1.16284e+07 2 213
589000 1.08402e+08 6.60699e+09 1.34947e+10 3.24535e+07 1.62268e+07 2.34059e+07 1.21047e+07 4 210
590000 1.03667e+08 6.67385e+09 3.18279e+10 3.1734e+07 1.5867e+07 2.30117e+07 1.14655e+07 4 198
591000 1.07986e+08 6.73745e+09 2.41289e+10 4.34071e+07 3.40489e+07 2.60355e+07 1.46366e+07 3 196
592000 1.13895e+08 6.75891e+09 1.52761e+10 2.9456e+07 1.4728e+07 2.64274e+07 1.51365e+07 4 200
593000 1.13885e+08 6.75968e+09 2.60887e+10 2.7987e+07 1.39935e+07 2.98889e+07 1.67579e+07 4 189
594000 1.14398e+08 6.76669e+09 2.41093e+10 3.08191e+07 2.01393e+07 2.656e+07 1.33491e+07 5 197
595000 1.15088e+08 6.78249e+09 2.29358e+10 3.32308e+07 2.33754e+07 2.60093e+07 1.30601e+07 5 202
596000 1.16231e+08 6.78453e+09 2.74051e+10 3.13645e+07 2.76526e+07 2.61562e+07 1.32566e+07 7 197
597000 1.13349e+08 6.80476e+09 3.96606e+10 3.19735e+07 1.92489e+07 2.66536e+07 1.37267e+07 7 190
598000 1.14219e+08 6.83314e+09 3.38456e+10 4.81345e+07 3.87559e+07 2.82837e+07 1.59514e+07 4 182
599000 1.18063e+08 6.84561e+09 2.72861e+10 3.07164e+07 2.30956e+07 2.88035e+07 1.46821e+07 4 184
600000 1.17959e+08 6.84422e+09 2.00666e+10 3.28317e+07 2.5882e+07 2.78148e+07 1.52141e+07 4 192
601000 1.14387e+08 6.86004e+09 1.83944e+10 6.03249e+07 6.03249e+07 2.64322e+07 1.40509e+07 3 190
602000 1.11445e+08 6.88433e+09 1.29787e+10 5.94361e+07 4.92677e+07 2.2598e+07 1.09114e+07 5 213
603000 1.1042e+08 6.91267e+09 1.7205e+10 2.83441e+07 1.41721e+07 2.39485e+07 1.25283e+07 4 213
604000 1.19388e+08 6.92065e+09 1.24469e+10 4.72771e+07 3.31737e+07 3.39166e+07 1.77861e+07 3 206
605000 1.32915e+08 6.82824e+09 1.34567e+10 2.63346e+07 1.31673e+07 4.26472e+07 2.66558e+07 2 218
606000 1.33107e+08 6.76765e+09 1.66958e+10 2.45154e+07 1.22577e+07 2.91567e+07 1.43978e+07 2 215
607000 1.38474e+08 6.66188e+09 2.2624e+10 2.30206e+07 1.15103e+07 3.27697e+07 1.35931e+07 2 232
608000 1.45285e+08 6.51337e+09 3.42339e+10 2.19969e+07 1.09985e+07 3.01551e+07 1.27938e+07 2 234
609000 1.35378e+08 6.45927e+09 2.49596e+10 2.7406e+07 1.3703e+07 2.51585e+07 1.15569e+07 2 238
610000 1.28145e+08 6.4317e+09 1.44281e+10 2.65839e+07 1.32919e+07 2.40827e+07 1.04773e+07 2 241
611000 1.26807e+08 6.38774e+09 2.37494e+10 2.58241e+07 1.29121e+07 2.69335e+07 1.13824e+07 2 231
612000 1.24812e+08 6.37899e+09 2.16404e+10 6.17043e+07 6.17043e+07 2.45224e+07 1.18871e+07 1 229
613000 1.17055e+08 6.39922e+09 1.96211e+10 2.96326e+07 1.48163e+07 2.28598e+07 1.1497e+07 2 228
614000 1.1514e+08 6.42025e+09 2.01288e+10 2.81858e+07 1.40929e+07 2.38333e+07 1.24306e+07 2 231
615000 1.18505e+08 6.42942e+09 2.51243e+10 6.57917e+07 6.57917e+07 2.67725e+07 1.37898e+07 1 202
616000 1.16242e+08 6.43852e+09 1.84872e+10 3.10339e+07 1.55169e+07 2.57757e+07 1.41867e+07 2 206
617000 1.15156e+08 6.46231e+09 1.86e+10 2.88951e+07 1.44476e+07 2.53907e+07 1.40316e+07 2 213
618000 1.17733e+08 6.47586e+09 2.08666e+10 2.67487e+07 1.33744e+07 2.77794e+07 1.58782e+07 2 201
619000 1.19097e+08 6.46825e+09 1.46178e+10 3.07706e+07 1.53853e+07 2.75547e+07 1.44729e+07 2 209
620000 1.18294e+08 6.46508e+09 1.16287e+10 6.42156e+07 6.42156e+07 2.54391e+07 1.28081e+07 1 214
621000 1.16688e+08 6.48384e+09 2.05317e+10 2.91401e+07 1.45701e+07 2.61412e+07 1.32655e+07 2 205
622000 1.12108e+08 6.51437e+09 2.24925e+10 5.91345e+07 5.91345e+07 2.5244e+07 1.22068e+07 1 197
623000 1.0678e+08 6.57959e+09 2.62742e+10 2.64761e+07 1.3238e+07 2.47913e+07 1.21773e+07 2 189
624000 1.02421e+08 6.65215e+09 1.66707e+10 2.40931e+07 1.20466e+07 2.43189e+07 1.32737e+07 2 195
625000 1.00877e+08 6.73254e+09 1.70481e+10 5.34801e+07 5.34801e+07 2.43138e+07 1.34218e+07 1 188
626000 9.95982e+07 6.81541e+09 2.58509e+10 4.94778e+07 4.94778e+07 2.59849e+07 1.41099e+07 1 186
627000 9.95185e+07 6.90409e+09 3.39319e+10 2.33257e+07 1.16629e+07 2.82349e+07 1.71756e+07 2 167
628000 1.00069e+08 6.98361e+09 3.92218e+10 2.23168e+07 1.11584e+07 2.91477e+07 1.74017e+07 2 161
629000 1.0638e+08 7.03102e+09 3.20095e+10 5.33016e+07 5.33016e+07 2.93654e+07 1.81077e+07 1 174
629192 1.07943e+08 7.03451e+09 3.17268e+10 0 0 3.02341e+07 1.96016e+07 0 171
