0 1.27534e+08 5.8036e+09 2.4e+09 2.4e+07 1.2e+07 2.4e+07 1.2e+07 190 10
1000 1.25149e+08 5.80753e+09 8.65495e+09 2.5888e+07 1.37756e+07 2.01422e+07 8.77516e+06 205 12
2000 1.25936e+08 5.82586e+09 1.68212e+10 2.68604e+07 1.49555e+07 2.04594e+07 9.62373e+06 194 11
3000 1.27305e+08 5.8406e+09 2.13743e+10 3.03753e+07 1.88728e+07 2.34741e+07 1.1737e+07 177 8
4000 1.24452e+08 5.85574e+09 3.82038e+10 3.32094e+07 2.15474e+07 2.47742e+07 1.23871e+07 155 8
5000 1.24759e+08 5.8709e+09 3.66652e+10 5.32864e+07 4.02631e+07 1.98526e+07 1.14561e+07 151 13
6000 1.26523e+08 5.87838e+09 2.69722e+10 3.76501e+07 2.6794e+07 2.11319e+07 1.20754e+07 148 13
7000 1.20098e+08 5.90143e+09 4.1274e+10 3.22659e+07 1.98637e+07 2.45652e+07 1.33897e+07 150 10
8000 1.1942e+08 5.9372e+09 3.23402e+10 3.24769e+07 2.06524e+07 3.5214e+07 2.83343e+07 152 9
9000 1.19617e+08 5.97435e+09 3.05031e+10 3.35013e+07 2.25501e+07 3.91418e+07 2.94148e+07 142 9
10000 1.19933e+08 6.00373e+09 2.56348e+10 3.26982e+07 2.25358e+07 3.8087e+07 3.16172e+07 147 11
11000 1.17498e+08 6.03809e+09 2.84654e+10 3.22124e+07 2.06372e+07 3.55572e+07 2.51298e+07 158 11
12000 1.1793e+08 6.07168e+09 2.18879e+10 2.98891e+07 1.83214e+07 4.08877e+07 2.77262e+07 160 10
13000 1.16641e+08 6.1132e+09 2.44533e+10 3.10978e+07 2.06752e+07 3.46056e+07 2.40127e+07 149 14
14000 1.19555e+08 6.14586e+09 1.5544e+10 3.15588e+07 2.07691e+07 4.02393e+07 2.99309e+07 152 13
15000 1.19995e+08 6.16901e+09 1.47268e+10 3.0518e+07 1.93065e+07 3.84124e+07 2.30872e+07 156 14
16000 1.21657e+08 6.19941e+09 2.65635e+10 3.61877e+07 2.43393e+07 2.76844e+07 1.0478e+07 139 18
17000 1.24129e+08 6.1959e+09 2.76381e+10 3.49892e+07 2.11337e+07 2.33844e+07 9.10199e+06 148 18
18000 1.26613e+08 6.18658e+09 2.34013e+10 3.43758e+07 2.03039e+07 2.56108e+07 1.32758e+07 150 17
19000 1.23257e+08 6.20148e+09 3.04011e+10 3.79271e+07 2.45564e+07 3.28644e+07 2.35216e+07 151 13
20000 1.1945e+08 6.2354e+09 3.78314e+10 3.18836e+07 1.858e+07 2.22761e+07 1.15591e+07 147 17
21000 1.16839e+08 6.28097e+09 3.75127e+10 3.53783e+07 2.17451e+07 2.13893e+07 9.93256e+06 146 17
22000 1.18901e+08 6.30874e+09 2.70585e+10 3.45796e+07 2.16622e+07 1.73707e+07 7.205e+06 149 20
23000 1.2614e+08 6.29908e+09 3.34963e+10 3.62851e+07 1.98692e+07 1.89304e+07 7.38461e+06 148 22
24000 1.33193e+08 6.24925e+09 3.44165e+10 5.38686e+07 3.82243e+07 2.35728e+07 1.24417e+07 169 18
25000 1.37046e+08 6.21215e+09 2.07306e+10 3.32388e+07 1.79146e+07 2.16164e+07 8.61945e+06 172 19
26000 1.26776e+08 6.20146e+09 4.05039e+10 3.16363e+07 1.57081e+07 2.56964e+07 1.66321e+07 164 13
27000 1.21274e+08 6.23873e+09 2.88958e+10 2.85509e+07 1.54121e+07 2.07601e+07 1.34261e+07 172 15
28000 1.16709e+08 6.28849e+09 2.36395e+10 2.73911e+07 1.4887e+07 2.92879e+07 2.04813e+07 169 13
29000 1.12026e+08 6.35134e+09 2.87222e+10 2.84027e+07 1.56711e+07 3.31167e+07 2.29659e+07 166 10
30000 1.117e+08 6.4097e+09 2.52042e+10 2.74501e+07 1.58422e+07 3.21618e+07 2.12043e+07 171 12
31000 1.20131e+08 6.42742e+09 1.76696e+10 2.94819e+07 1.69191e+07 3.65559e+07 2.07971e+07 167 14
32000 1.28683e+08 6.40403e+09 1.90232e+10 2.93382e+07 1.48177e+07 4.55478e+07 2.11961e+07 175 15
33000 1.31483e+08 6.37431e+09 2.99514e+10 3.1711e+07 1.67538e+07 4.34432e+07 1.9877e+07 159 16
34000 1.33398e+08 6.3413e+09 3.54931e+10 3.43613e+07 1.9726e+07 2.81851e+07 1.18704e+07 162 19
35000 1.46214e+08 6.25244e+09 2.26007e+10 4.06224e+07 2.44465e+07 2.7859e+07 1.30679e+07 168 17
36000 1.5353e+08 6.13165e+09 2.76358e+10 3.85117e+07 2.02431e+07 2.42592e+07 1.06892e+07 171 17
37000 1.57715e+08 5.9942e+09 1.99121e+10 4.76267e+07 1.75169e+07 2.12999e+07 9.32244e+06 189 17
38000 1.4724e+08 5.92622e+09 1.74896e+10 3.27448e+07 1.86938e+07 1.74241e+07 8.72183e+06 174 23
39000 1.31775e+08 5.92369e+09 1.68853e+10 2.85844e+07 1.62015e+07 1.70704e+07 1.01816e+07 177 21
40000 1.21672e+08 5.95979e+09 1.43093e+10 2.71372e+07 1.5423e+07 1.82542e+07 8.16881e+06 178 20
41000 1.18343e+08 6.00826e+09 2.08708e+10 2.97213e+07 1.91147e+07 1.68515e+07 6.69835e+06 164 20
42000 1.19753e+08 6.03159e+09 2.14032e+10 3.0249e+07 1.71625e+07 1.70811e+07 6.57554e+06 164 20
43000 1.20702e+08 6.06122e+09 2.10132e+10 2.94895e+07 1.79493e+07 2.11018e+07 1.06541e+07 167 18
44000 1.17954e+08 6.09975e+09 2.06802e+10 2.82621e+07 1.67049e+07 2.65834e+07 1.43241e+07 170 15
45000 1.19566e+08 6.1325e+09 1.90718e+10 3.02451e+07 1.92761e+07 2.14838e+07 9.00816e+06 162 18
46000 1.25491e+08 6.14425e+09 1.82854e+10 3.31787e+07 2.09888e+07 1.63737e+07 6.29604e+06 159 22
47000 1.29059e+08 6.12536e+09 2.31874e+10 3.66965e+07 2.2932e+07 1.76509e+07 7.26847e+06 151 20
48000 1.33313e+08 6.08825e+09 2.76309e+10 3.43606e+07 1.68584e+07 1.98055e+07 8.23083e+06 161 18
49000 1.2275e+08 6.09595e+09 3.03391e+10 2.90537e+07 1.48094e+07 2.1402e+07 1.04068e+07 163 18
50000 1.11435e+08 6.17579e+09 3.15178e+10 2.56481e+07 1.46595e+07 3.89551e+07 2.86058e+07 168 19
51000 1.09844e+08 6.25655e+09 2.50814e+10 3.05358e+07 1.82723e+07 2.07013e+07 9.85391e+06 162 18
52000 1.12125e+08 6.31465e+09 2.6023e+10 2.86438e+07 1.67685e+07 2.00205e+07 1.01985e+07 163 19
53000 1.20974e+08 6.33128e+09 2.60864e+10 3.29127e+07 1.98071e+07 2.32509e+07 1.20712e+07 154 17
54000 1.22205e+08 6.34529e+09 3.49053e+10 3.55084e+07 2.08711e+07 2.64384e+07 1.62529e+07 143 17
55000 1.21332e+08 6.36402e+09 2.95387e+10 3.31229e+07 1.90546e+07 2.30008e+07 1.30175e+07 144 20
56000 1.18118e+08 6.40202e+09 2.76711e+10 3.23581e+07 1.95185e+07 1.97641e+07 8.12988e+06 149 21
57000 1.15701e+08 6.44441e+09 3.60369e+10 3.2945e+07 1.95068e+07 2.39164e+07 1.0618e+07 149 19
58000 1.21994e+08 6.4658e+09 3.1552e+10 4.85068e+07 2.26404e+07 2.60996e+07 1.39037e+07 154 17
59000 1.29316e+08 6.45543e+09 3.23264e+10 3.73308e+07 2.2398e+07 2.47402e+07 1.21886e+07 152 19
60000 1.39901e+08 6.39015e+09 2.17926e+10 4.0505e+07 2.25749e+07 2.0837e+07 1.00618e+07 152 17
61000 1.42211e+08 6.30719e+09 2.61113e+10 3.49073e+07 1.72199e+07 2.37515e+07 1.27869e+07 166 17
62000 1.39202e+08 6.26436e+09 2.28071e+10 3.97968e+07 2.3297e+07 2.2543e+07 1.30325e+07 166 17
63000 1.3646e+08 6.22678e+09 2.42796e+10 3.28297e+07 1.80822e+07 2.18413e+07 1.35866e+07 162 16
64000 1.25865e+08 6.24245e+09 3.03066e+10 3.71004e+07 2.07782e+07 1.93457e+07 1.06457e+07 158 19
65000 1.22411e+08 6.28041e+09 2.73406e+10 3.16831e+07 1.81898e+07 2.2394e+07 1.34932e+07 156 15
66000 1.1617e+08 6.32917e+09 2.61538e+10 3.05501e+07 1.86161e+07 2.64081e+07 1.61445e+07 151 13
67000 1.06784e+08 6.41851e+09 3.30636e+10 2.82778e+07 1.61529e+07 3.19811e+07 2.43512e+07 149 14
68000 1.04663e+08 6.52312e+09 2.20137e+10 2.95268e+07 1.92502e+07 2.73821e+07 1.72773e+07 139 18
69000 1.01772e+08 6.61679e+09 2.43873e+10 2.85798e+07 1.7888e+07 3.26156e+07 1.68246e+07 142 19
70000 1.05847e+08 6.69212e+09 3.58205e+10 3.33509e+07 1.99902e+07 3.22197e+07 1.36236e+07 134 22
71000 1.23105e+08 6.6923e+09 4.46603e+10 4.22823e+07 2.42947e+07 7.04903e+07 5.12608e+07 129 15
72000 1.43795e+08 6.59479e+09 3.51347e+10 4.63257e+07 2.58597e+07 3.8719e+07 1.95117e+07 131 16
73000 1.34995e+08 6.53478e+09 3.26253e+10 3.8501e+07 1.78567e+07 2.68207e+07 1.3279e+07 159 19
74000 1.33581e+08 6.50694e+09 3.05633e+10 3.61608e+07 1.89684e+07 2.081e+07 8.26767e+06 161 20
75000 1.45757e+08 6.42196e+09 2.62998e+10 4.49403e+07 2.72545e+07 1.70894e+07 5.71286e+06 176 23
76000 1.41164e+08 6.36322e+09 3.11607e+10 3.48593e+07 1.97997e+07 1.96103e+07 9.09257e+06 165 23
77000 1.38828e+08 6.32522e+09 2.25892e+10 3.39997e+07 1.95583e+07 2.56878e+07 1.16651e+07 166 19
78000 1.29858e+08 6.31022e+09 3.73939e+10 3.16383e+07 1.76007e+07 2.95128e+07 1.42771e+07 157 17
79000 1.21762e+08 6.34485e+09 4.56296e+10 3.1227e+07 1.7016e+07 3.75593e+07 2.42794e+07 151 13
80000 1.1833e+08 6.39534e+09 3.12781e+10 3.12718e+07 1.70172e+07 2.97053e+07 2.05188e+07 156 18
81000 1.10509e+08 6.46829e+09 2.61048e+10 2.71284e+07 1.53694e+07 8.94223e+07 4.53152e+07 155 19
82000 1.06222e+08 6.56453e+09 1.87947e+10 3.32807e+07 2.28225e+07 2.7597e+07 1.79314e+07 143 19
83000 1.03982e+08 6.66215e+09 2.74142e+10 3.10848e+07 2.08972e+07 2.55213e+07 1.36412e+07 139 19
84000 1.01957e+08 6.7518e+09 4.62237e+10 3.23495e+07 2.11135e+07 2.58805e+07 1.33577e+07 127 19
85000 1.11655e+08 6.80813e+09 4.44809e+10 3.78034e+07 2.53917e+07 2.50606e+07 1.32948e+07 132 20
86000 1.31473e+08 6.76765e+09 3.90368e+10 4.29035e+07 2.40853e+07 2.81209e+07 1.63885e+07 130 20
87000 1.37959e+08 6.70068e+09 3.48569e+10 4.30161e+07 2.59055e+07 3.29835e+07 1.97795e+07 132 18
88000 1.43942e+08 6.62038e+09 2.9473e+10 3.67151e+07 1.77015e+07 2.98676e+07 2.0323e+07 159 20
89000 1.37811e+08 6.57436e+09 4.06373e+10 3.53098e+07 1.90251e+07 2.16549e+07 1.00932e+07 153 23
90000 1.31263e+08 6.56621e+09 3.47813e+10 3.4399e+07 1.96385e+07 2.20984e+07 9.75051e+06 156 22
91000 1.30058e+08 6.54969e+09 4.27743e+10 3.71464e+07 2.10126e+07 2.16779e+07 8.64536e+06 146 22
92000 1.33502e+08 6.51973e+09 2.72594e+10 3.37964e+07 1.82825e+07 1.91751e+07 7.03783e+06 159 24
93000 1.26182e+08 6.53888e+09 3.16087e+10 3.13329e+07 1.73579e+07 2.16869e+07 9.37912e+06 157 19
94000 1.18444e+08 6.59025e+09 2.67809e+10 3.27823e+07 2.20835e+07 2.66953e+07 1.38011e+07 142 16
95000 1.10165e+08 6.66299e+09 2.51404e+10 3.03833e+07 1.91611e+07 3.05453e+07 1.89993e+07 157 15
96000 1.07307e+08 6.73178e+09 2.26712e+10 2.68994e+07 1.59848e+07 2.07885e+07 8.8166e+06 160 20
97000 1.07963e+08 6.79359e+09 2.99256e+10 2.84923e+07 1.67338e+07 2.12984e+07 1.11641e+07 163 20
98000 1.39869e+08 6.72345e+09 2.37556e+10 4.5469e+07 1.90437e+07 2.44831e+07 1.20769e+07 172 17
99000 1.69556e+08 6.48512e+09 1.66405e+10 4.57301e+07 2.56651e+07 3.0418e+07 1.53338e+07 185 16
100000 1.66751e+08 6.33447e+09 1.29716e+10 3.74137e+07 1.83966e+07 3.50878e+07 1.90933e+07 179 15
101000 1.48575e+08 6.26108e+09 1.87491e+10 2.9887e+07 1.58619e+07 3.30869e+07 1.81031e+07 191 16
102000 1.42141e+08 6.20081e+09 2.70912e+10 4.47003e+07 2.27805e+07 2.82196e+07 1.34953e+07 180 16
103000 1.45515e+08 6.13899e+09 2.46886e+10 4.22039e+07 2.80795e+07 3.25481e+07 1.98389e+07 170 20
104000 1.42713e+08 6.07519e+09 2.41424e+10 3.20032e+07 1.85399e+07 5.10245e+07 1.78128e+07 166 21
105000 1.36267e+08 6.03275e+09 2.6833e+10 3.14658e+07 2.04005e+07 3.6602e+07 1.21065e+07 154 26
106000 1.31303e+08 6.03443e+09 2.47531e+10 3.30286e+07 2.15995e+07 2.61863e+07 8.975e+06 150 30
107000 1.29812e+08 6.02212e+09 1.95912e+10 3.49329e+07 2.22184e+07 2.5889e+07 9.5579e+06 155 31
108000 1.33075e+08 6.00117e+09 2.36529e+10 3.54393e+07 2.27034e+07 2.69239e+07 1.10759e+07 147 28
109000 1.30966e+08 5.99615e+09 1.76672e+10 3.42876e+07 2.28371e+07 2.71023e+07 1.30172e+07 142 26
110000 1.16491e+08 6.04676e+09 2.68311e+10 2.96787e+07 1.86537e+07 2.42879e+07 1.37177e+07 144 26
111000 1.07031e+08 6.137e+09 2.42597e+10 3.36998e+07 1.98416e+07 2.37714e+07 1.31737e+07 144 24
112000 1.07458e+08 6.23041e+09 2.63725e+10 3.2482e+07 2.24195e+07 2.45779e+07 1.71527e+07 135 19
113000 1.04378e+08 6.29218e+09 5.82838e+10 3.2069e+07 2.0703e+07 2.71102e+07 1.60249e+07 128 18
114000 1.19569e+08 6.30507e+09 3.93365e+10 3.51985e+07 1.93751e+07 2.01572e+07 1.14977e+07 144 20
115000 1.20478e+08 6.33134e+09 3.59873e+10 3.45497e+07 1.95457e+07 2.07571e+07 1.04995e+07 141 19
116000 1.17776e+08 6.3832e+09 3.17494e+10 3.74646e+07 2.38908e+07 2.31646e+07 1.18352e+07 137 17
117000 1.16162e+08 6.43979e+09 3.07493e+10 3.64631e+07 2.46657e+07 2.77279e+07 1.79542e+07 128 14
118000 1.1245e+08 6.48985e+09 3.24838e+10 3.25535e+07 1.9125e+07 3.8767e+07 3.22291e+07 140 10
119000 1.13733e+08 6.54781e+09 2.60731e+10 3.4199e+07 2.17776e+07 2.49678e+07 1.36482e+07 140 11
120000 1.10692e+08 6.61198e+09 2.84435e+10 3.46827e+07 2.18327e+07 2.45383e+07 1.6295e+07 131 12
121000 1.07902e+08 6.69584e+09 2.28407e+10 3.52925e+07 2.19679e+07 2.45081e+07 1.28434e+07 135 11
122000 1.0707e+08 6.773e+09 2.22403e+10 3.38045e+07 2.27382e+07 3.0093e+07 1.84479e+07 134 9
123000 1.08564e+08 6.8304e+09 2.04162e+10 3.26902e+07 2.19888e+07 2.51427e+07 1.52e+07 145 11
124000 1.13011e+08 6.88444e+09 2.26694e+10 3.34996e+07 2.00548e+07 2.3649e+07 1.41232e+07 143 11
125000 1.15927e+08 6.91644e+09 2.37525e+10 3.54196e+07 2.17081e+07 2.5687e+07 1.10272e+07 139 10
126000 1.16155e+08 6.94365e+09 3.61932e+10 3.49384e+07 2.12904e+07 3.5495e+07 2.14121e+07 143 8
127000 1.30334e+08 6.92874e+09 1.91108e+10 6.14007e+07 4.51326e+07 3.19767e+07 1.99367e+07 158 10
128000 1.61333e+08 6.75724e+09 2.33627e+10 5.1303e+07 2.56127e+07 2.69968e+07 1.44943e+07 150 11
129000 1.62124e+08 6.59511e+09 3.4291e+10 4.38944e+07 2.02512e+07 3.22396e+07 1.85127e+07 153 8
130000 1.50418e+08 6.51518e+09 2.53438e+10 4.05457e+07 2.24341e+07 2.32318e+07 8.99007e+06 162 8
131000 1.47625e+08 6.41723e+09 3.28409e+10 3.44683e+07 1.69828e+07 2.38883e+07 1.42465e+07 177 8
132000 1.32831e+08 6.40691e+09 2.84967e+10 3.0715e+07 1.80945e+07 2.95165e+07 1.99969e+07 174 8
133000 1.21371e+08 6.42673e+09 3.86647e+10 2.75923e+07 1.48528e+07 3.10689e+07 2.14108e+07 184 4
134000 1.16235e+08 6.46367e+09 4.93321e+10 3.20674e+07 1.90619e+07 4.29188e+07 3.30925e+07 173 3
135000 1.2098e+08 6.48931e+09 4.14808e+10 3.1007e+07 1.77277e+07 3.96688e+07 3.09469e+07 181 3
136000 1.34127e+08 6.46176e+09 2.94115e+10 3.32984e+07 1.94602e+07 2.80032e+07 1.40016e+07 182 4
137000 1.52304e+08 6.35696e+09 2.4412e+10 4.01111e+07 2.24378e+07 2.42193e+07 1.21096e+07 183 4
138000 1.62743e+08 6.18217e+09 3.87946e+10 3.86303e+07 1.90546e+07 2.12942e+07 1.06471e+07 179 4
139000 1.42916e+08 6.13363e+09 4.56776e+10 3.29264e+07 1.80242e+07 1.92457e+07 9.62285e+06 176 4
140000 1.28793e+08 6.15339e+09 3.92151e+10 3.33593e+07 2.0793e+07 1.19664e+07 4.34837e+06 162 6
141000 1.25746e+08 6.16865e+09 2.8138e+10 3.1212e+07 1.8726e+07 9.30693e+06 2.32673e+06 178 8
142000 1.2773e+08 6.17506e+09 2.18366e+10 3.3699e+07 2.02468e+07 9.70478e+06 2.42619e+06 166 8
143000 1.28043e+08 6.16016e+09 3.11474e+10 3.28785e+07 1.75734e+07 1.38894e+07 3.96152e+06 172 7
144000 1.25817e+08 6.16011e+09 2.9058e+10 3.09486e+07 1.64983e+07 2.54963e+07 1.02817e+07 185 5
145000 1.4745e+08 6.08574e+09 2.25828e+10 4.02304e+07 1.93518e+07 3.39496e+07 2.2847e+07 182 4
146000 1.48438e+08 5.97493e+09 3.02918e+10 3.28308e+07 1.54465e+07 2.01795e+07 7.05787e+06 179 7
147000 1.27136e+08 6.00836e+09 1.89957e+10 3.06382e+07 1.79906e+07 1.90841e+07 6.78606e+06 178 7
148000 1.14115e+08 6.07427e+09 1.67387e+10 2.64747e+07 1.63468e+07 1.64383e+07 4.10957e+06 179 8
149000 1.1296e+08 6.13661e+09 1.69045e+10 2.83489e+07 1.74716e+07 1.4831e+07 3.70774e+06 176 8
150000 1.18891e+08 6.17325e+09 2.34889e+10 3.00491e+07 1.96431e+07 1.65255e+07 4.90813e+06 176 7
151000 1.25509e+08 6.16977e+09 2.15494e+10 3.39834e+07 2.10782e+07 2.49787e+07 1.06333e+07 173 5
152000 1.25083e+08 6.17312e+09 3.67197e+10 5.83169e+07 4.52268e+07 1.87413e+07 5.51786e+06 165 7
153000 1.22748e+08 6.19323e+09 4.46435e+10 3.39823e+07 2.08879e+07 2.03113e+07 6.77044e+06 164 6
154000 1.11847e+08 6.25238e+09 5.497e+10 2.93292e+07 1.60022e+07 2.32704e+07 9.86812e+06 161 5
155000 1.1451e+08 6.32136e+09 3.13827e+10 3.54722e+07 2.14524e+07 2.03401e+07 8.61097e+06 154 5
156000 1.13865e+08 6.38408e+09 2.59176e+10 2.92084e+07 1.7318e+07 4.02451e+07 3.13246e+07 167 3
157000 1.0862e+08 6.4556e+09 3.90613e+10 3.04164e+07 1.80457e+07 1.7586e+07 6.77778e+06 155 6
158000 1.1199e+08 6.52135e+09 3.49637e+10 3.25639e+07 1.89018e+07 2.00228e+07 8.3049e+06 150 5
159000 1.14938e+08 6.55933e+09 3.12944e+10 3.30125e+07 1.96187e+07 2.47265e+07 1.23633e+07 161 4
160000 1.22737e+08 6.56752e+09 3.47459e+10 4.01971e+07 2.48415e+07 6.746e+07 6.746e+07 161 1
161000 1.35473e+08 6.51451e+09 3.6635e+10 3.69972e+07 1.93594e+07 6.3964e+07 6.3964e+07 166 1
162000 1.41499e+08 6.44649e+09 3.11428e+10 3.95655e+07 2.37e+07 3.16428e+07 1.58214e+07 163 2
163000 1.4848e+08 6.36656e+09 1.74713e+10 3.6789e+07 2.17651e+07 2.92622e+07 1.46311e+07 181 2
164000 1.44569e+08 6.28222e+09 2.13984e+10 3.50995e+07 2.10533e+07 2.56795e+07 1.28398e+07 191 2
165000 1.47478e+08 6.20326e+09 1.85026e+10 3.3952e+07 2.07398e+07 2.88898e+07 1.44449e+07 196 2
166000 1.55326e+08 6.08261e+09 1.05495e+10 3.47716e+07 1.89926e+07 2.71615e+07 1.35807e+07 200 2
167000 1.57183e+08 5.96624e+09 1.21379e+10 3.45921e+07 1.84486e+07 2.58131e+07 1.29065e+07 196 2
168000 1.43842e+08 5.8997e+09 3.48878e+10 3.56585e+07 2.07141e+07 2.87808e+07 1.43904e+07 187 2
169000 1.30852e+08 5.90216e+09 3.77846e+10 3.88626e+07 2.54616e+07 6.55849e+07 6.55849e+07 191 1
170000 1.20726e+08 5.95385e+09 2.96624e+10 2.83165e+07 1.62711e+07 3.45889e+07 1.72944e+07 178 2
171000 1.14965e+08 6.01946e+09 1.98534e+10 3.01083e+07 1.90517e+07 3.27454e+07 1.63727e+07 177 2
172000 1.15297e+08 6.06915e+09 1.79585e+10 2.81116e+07 1.54407e+07 2.96613e+07 1.48307e+07 182 2
173000 1.18012e+08 6.10432e+09 1.93298e+10 3.07818e+07 1.82104e+07 3.85176e+07 3.16013e+07 176 4
174000 1.12247e+08 6.16832e+09 2.39096e+10 2.67378e+07 1.52154e+07 4.99384e+07 4.39645e+07 173 4
175000 1.07955e+08 6.24892e+09 3.32937e+10 2.75644e+07 1.68781e+07 6.38779e+07 3.1939e+07 162 4
176000 1.09327e+08 6.31788e+09 2.93903e+10 2.78245e+07 1.71779e+07 6.61918e+07 2.57506e+07 172 5
177000 1.13135e+08 6.36757e+09 3.20756e+10 3.01777e+07 1.7138e+07 3.78093e+07 1.302e+07 161 8
178000 1.17942e+08 6.38533e+09 3.88365e+10 3.07177e+07 1.55549e+07 3.26313e+07 6.52626e+06 165 5
179000 1.23403e+08 6.40585e+09 2.84268e+10 3.73022e+07 2.3792e+07 2.53216e+07 6.33039e+06 155 4
180000 1.35251e+08 6.35518e+09 2.52555e+10 3.76265e+07 1.87668e+07 1.46957e+07 2.93914e+06 164 5
181000 1.37291e+08 6.30878e+09 1.86576e+10 3.31215e+07 1.7782e+07 1.78113e+07 5.93712e+06 176 3
182000 1.27483e+08 6.32193e+09 1.10684e+10 2.95733e+07 1.78857e+07 1.34877e+07 4.49591e+06 181 3
183000 1.19778e+08 6.37031e+09 1.59022e+10 2.93638e+07 1.88852e+07 4.31429e+08 2.15714e+08 175 2
184000 1.15674e+08 6.41181e+09 2.32069e+10 3.37494e+07 2.22558e+07 1.88527e+07 9.42636e+06 169 2
185000 1.20919e+08 6.43865e+09 2.59664e+10 3.41041e+07 2.18155e+07 2.16695e+07 1.08348e+07 160 2
186000 1.26923e+08 6.42894e+09 3.35144e+10 3.64723e+07 2.38277e+07 1.94177e+07 9.70883e+06 157 2
187000 1.28637e+08 6.41244e+09 4.33554e+10 3.45616e+07 1.79166e+07 7.2262e+07 7.2262e+07 177 1
188000 1.35063e+08 6.38093e+09 3.53458e+10 3.47429e+07 2.04058e+07 3.90436e+07 1.95218e+07 171 2
189000 1.3468e+08 6.34942e+09 3.10969e+10 3.32911e+07 1.84226e+07 3.89545e+07 1.94772e+07 172 2
190000 1.32413e+08 6.3438e+09 1.52342e+10 3.57916e+07 1.98589e+07 3.0855e+07 1.54275e+07 183 2
191000 1.27198e+08 6.34474e+09 1.53757e+10 3.10139e+07 1.8344e+07 2.68911e+07 1.34455e+07 178 2
192000 1.3359e+08 6.3177e+09 1.67051e+10 3.48987e+07 1.86927e+07 2.09452e+07 1.04726e+07 183 2
193000 1.41047e+08 6.24066e+09 2.08048e+10 4.00653e+07 2.22493e+07 1.68018e+07 8.40089e+06 179 2
194000 1.31738e+08 6.22223e+09 2.12372e+10 2.86534e+07 1.51145e+07 1.37918e+07 6.89591e+06 192 2
195000 1.27812e+08 6.23471e+09 1.90888e+10 3.06394e+07 1.67739e+07 3.36155e+07 3.36155e+07 184 1
196000 1.29972e+08 6.22175e+09 2.09889e+10 2.86472e+07 1.34847e+07 1.51448e+07 7.57239e+06 194 2
197000 1.28618e+08 6.20509e+09 2.15736e+10 2.80776e+07 1.39019e+07 1.41969e+07 7.09845e+06 202 2
198000 1.24502e+08 6.23803e+09 1.82512e+10 2.93554e+07 1.69234e+07 1.39292e+07 6.96459e+06 178 2
199000 1.18463e+08 6.28918e+09 2.06929e+10 2.97088e+07 1.92194e+07 1.44123e+07 7.20614e+06 169 2
200000 1.13326e+08 6.3445e+09 4.54732e+10 3.08872e+07 1.88954e+07 1.63499e+07 8.17493e+06 159 2
201000 1.21621e+08 6.35796e+09 4.31665e+10 3.49058e+07 1.95107e+07 1.93642e+07 9.68211e+06 158 2
202000 1.24095e+08 6.36325e+09 3.77334e+10 3.28445e+07 1.83871e+07 3.86107e+07 3.12979e+07 161 4
203000 1.26716e+08 6.37195e+09 3.4497e+10 3.30115e+07 1.91105e+07 9.94618e+07 2.54676e+07 158 7
204000 1.3218e+08 6.33622e+09 4.41056e+10 3.4229e+07 2.07792e+07 7.57366e+07 1.2036e+07 147 10
205000 1.28664e+08 6.34022e+09 3.42866e+10 4.16889e+07 2.86569e+07 3.46553e+07 6.91543e+06 151 11
206000 1.24424e+08 6.35039e+09 3.757e+10 3.61619e+07 2.16445e+07 2.05896e+07 5.99041e+06 147 10
207000 1.29636e+08 6.33341e+09 3.22753e+10 3.7849e+07 2.30945e+07 1.9023e+07 7.31026e+06 153 9
208000 1.39892e+08 6.28296e+09 2.47641e+10 3.86229e+07 2.0605e+07 2.45627e+07 1.33365e+07 164 6
209000 1.41786e+08 6.21919e+09 2.4859e+10 3.87706e+07 2.20321e+07 2.10171e+07 1.22336e+07 158 6
210000 1.32805e+08 6.20521e+09 2.68475e+10 3.30457e+07 1.71889e+07 1.34738e+07 1.14042e+07 164 7
211000 1.18908e+08 6.26054e+09 3.09876e+10 3.14543e+07 1.75938e+07 1.33575e+07 1.06572e+07 154 6
212000 1.07412e+08 6.35513e+09 3.22451e+10 3.24524e+07 2.03108e+07 1.22672e+07 1.02608e+07 161 6
213000 1.09552e+08 6.44237e+09 2.35756e+10 3.17333e+07 2.05755e+07 1.32719e+07 1.06733e+07 148 5
214000 1.1391e+08 6.49356e+09 1.63617e+10 3.35246e+07 2.1868e+07 9.13308e+06 4.00667e+06 151 6
215000 1.18363e+08 6.51829e+09 2.65412e+10 3.72743e+07 2.3762e+07 1.06033e+07 8.9015e+06 146 5
216000 1.32492e+08 6.47492e+09 4.3996e+10 4.13067e+07 2.44088e+07 7.60765e+06 2.53588e+06 151 3
217000 1.48417e+08 6.38198e+09 3.32868e+10 4.21747e+07 2.61398e+07 8.69011e+06 2.8967e+06 160 3
218000 1.42799e+08 6.3012e+09 4.57645e+10 3.86399e+07 2.15197e+07 9.59398e+06 3.19799e+06 162 3
219000 1.42111e+08 6.24941e+09 3.7837e+10 3.76693e+07 2.18718e+07 2.26002e+07 1.13001e+07 167 2
220000 1.46598e+08 6.17235e+09 3.16277e+10 3.73878e+07 2.09266e+07 2.49476e+07 1.24738e+07 172 2
221000 1.43059e+08 6.10634e+09 3.51422e+10 3.63707e+07 2.06263e+07 7.65334e+07 7.65334e+07 181 1
221063 1.43043e+08 6.10556e+09 3.52474e+10 3.42423e+07 1.86171e+07 0 0 179 0
