0 1.27534e+08 5.8036e+09 2.4e+09 2.4e+07 1.2e+07 2.4e+07 1.2e+07 190 10
1000 1.27025e+08 5.81235e+09 1.25929e+10 2.78244e+07 1.62362e+07 2.40161e+07 1.3038e+07 192 11
2000 1.26165e+08 5.81907e+09 1.36197e+10 3.04547e+07 1.8648e+07 2.0568e+07 8.92659e+06 192 12
3000 1.29057e+08 5.82926e+09 1.28893e+10 3.28399e+07 2.15627e+07 2.13515e+07 1.17744e+07 166 11
4000 1.2813e+08 5.84079e+09 1.69758e+10 3.40075e+07 2.27052e+07 1.88925e+07 1.03583e+07 158 11
5000 1.21852e+08 5.86042e+09 3.68385e+10 3.40076e+07 2.25172e+07 2.29651e+07 1.42976e+07 151 10
6000 1.2081e+08 5.88429e+09 2.72583e+10 3.12678e+07 2.00747e+07 1.68129e+07 7.37171e+06 163 13
7000 1.18412e+08 5.91782e+09 1.84952e+10 3.54431e+07 2.37576e+07 2.51014e+07 1.52079e+07 171 10
8000 1.17837e+08 5.96031e+09 1.2384e+10 2.87413e+07 1.7997e+07 2.11051e+07 9.89422e+06 168 11
9000 1.16337e+08 6.0063e+09 1.55035e+10 2.95826e+07 1.87571e+07 2.69258e+07 1.89494e+07 164 10
10000 1.13494e+08 6.05493e+09 2.5015e+10 2.80056e+07 1.59697e+07 2.67439e+07 1.81997e+07 168 8
11000 1.12546e+08 6.11765e+09 3.6504e+10 3.18145e+07 2.04725e+07 3.70032e+07 2.51478e+07 153 6
12000 1.15266e+08 6.17055e+09 3.1649e+10 3.09735e+07 1.8845e+07 4.33682e+07 3.00222e+07 157 6
13000 1.15022e+08 6.20545e+09 3.34034e+10 3.101e+07 1.84051e+07 4.00179e+07 2.80991e+07 155 6
14000 1.17521e+08 6.24577e+09 3.44507e+10 4.14681e+07 2.44329e+07 2.02559e+07 9.42953e+06 148 11
15000 1.21204e+08 6.26164e+09 3.52938e+10 3.44557e+07 2.20354e+07 1.9658e+07 9.70684e+06 153 11
16000 1.21876e+08 6.26773e+09 3.90566e+10 3.22814e+07 1.93005e+07 1.93314e+07 7.7093e+06 160 11
17000 1.26275e+08 6.28122e+09 2.71786e+10 3.42597e+07 2.13115e+07 2.54342e+07 1.16095e+07 159 9
18000 1.2386e+08 6.29832e+09 3.33312e+10 3.59184e+07 2.16887e+07 2.73236e+07 1.24484e+07 154 8
19000 1.23278e+08 6.31305e+09 3.45586e+10 3.30429e+07 1.91682e+07 3.10435e+07 1.49151e+07 159 10
20000 1.31398e+08 6.28561e+09 2.67273e+10 3.49118e+07 1.93847e+07 3.21965e+07 1.20839e+07 161 12
21000 1.34578e+08 6.25727e+09 2.45441e+10 3.45935e+07 1.96262e+07 3.50907e+07 1.28993e+07 155 13
22000 1.23736e+08 6.27435e+09 3.2214e+10 3.16771e+07 1.89255e+07 2.55756e+07 9.08447e+06 154 13
23000 1.14865e+08 6.33257e+09 3.0708e+10 3.05866e+07 1.89051e+07 2.23046e+07 7.21061e+06 153 11
24000 1.09046e+08 6.41426e+09 4.27092e+10 3.15318e+07 2.06839e+07 1.3004e+08 1.1504e+08 145 10
25000 1.14877e+08 6.46699e+09 4.01146e+10 3.64715e+07 2.48583e+07 2.40194e+07 1.16557e+07 143 10
26000 1.30435e+08 6.44404e+09 2.90604e+10 4.08594e+07 2.5125e+07 2.41059e+07 1.45561e+07 143 10
27000 1.31762e+08 6.41142e+09 3.04543e+10 3.92684e+07 2.22187e+07 3.12567e+07 1.98121e+07 145 8
28000 1.27725e+08 6.42181e+09 2.60644e+10 3.75044e+07 2.42507e+07 4.62187e+07 3.66205e+07 146 6
29000 1.227e+08 6.43531e+09 2.3067e+10 3.17052e+07 1.72384e+07 3.9674e+07 2.53355e+07 163 7
30000 1.23772e+08 6.43813e+09 3.3074e+10 3.19008e+07 1.58182e+07 4.04007e+07 2.34285e+07 165 7
31000 1.23818e+08 6.4483e+09 3.51494e+10 3.32285e+07 1.72412e+07 3.46995e+07 1.73497e+07 158 8
32000 1.31369e+08 6.43689e+09 2.0204e+10 3.59189e+07 1.97617e+07 3.02037e+07 1.65044e+07 160 9
33000 1.35702e+08 6.38778e+09 2.65459e+10 3.68075e+07 2.16324e+07 2.02368e+08 1.01184e+08 162 6
34000 1.30974e+08 6.34872e+09 3.80568e+10 3.25052e+07 1.65445e+07 2.31358e+07 8.92076e+06 174 8
35000 1.38408e+08 6.30504e+09 2.50912e+10 3.50607e+07 1.83121e+07 1.79793e+07 6.53288e+06 176 9
36000 1.35335e+08 6.27782e+09 1.97168e+10 3.25487e+07 1.64758e+07 1.21485e+07 3.45784e+06 179 11
37000 1.2573e+08 6.28867e+09 1.82114e+10 3.06564e+07 1.58502e+07 1.20009e+07 3.65633e+06 182 10
38000 1.26639e+08 6.30191e+09 1.77076e+10 3.20041e+07 1.83662e+07 1.59324e+07 6.72147e+06 173 8
39000 1.31974e+08 6.28223e+09 1.96782e+10 3.34884e+07 1.82947e+07 1.25882e+07 4.36548e+06 172 10
40000 1.33509e+08 6.25626e+09 2.25638e+10 3.28573e+07 1.67308e+07 2.64919e+07 1.3246e+07 180 6
41000 1.30942e+08 6.2388e+09 2.70632e+10 3.10404e+07 1.61083e+07 4.23529e+07 3.00634e+07 172 3
42000 1.22251e+08 6.26039e+09 3.0492e+10 3.27001e+07 1.98317e+07 3.70576e+07 2.38834e+07 165 5
43000 1.21175e+08 6.29728e+09 2.24911e+10 3.23745e+07 1.98106e+07 3.0952e+07 1.5476e+07 168 6
44000 1.15831e+08 6.33911e+09 3.368e+10 3.09242e+07 1.84114e+07 2.87031e+07 1.32822e+07 159 8
45000 1.22424e+08 6.35355e+09 2.90943e+10 3.4628e+07 2.11454e+07 3.04787e+07 1.84472e+07 156 10
46000 1.30901e+08 6.34548e+09 3.0579e+10 3.83811e+07 2.183e+07 2.38929e+07 9.198e+06 145 11
47000 1.27045e+08 6.34589e+09 1.87782e+10 3.18276e+07 1.86302e+07 2.03487e+07 7.7521e+06 162 11
48000 1.15064e+08 6.40199e+09 3.13122e+10 3.08823e+07 1.98247e+07 2.43327e+07 1.41149e+07 151 9
49000 1.10271e+08 6.48484e+09 3.10853e+10 3.02726e+07 1.97689e+07 2.44022e+07 1.12946e+07 156 9
50000 1.12087e+08 6.54216e+09 2.28112e+10 3.52429e+07 2.21174e+07 2.02763e+07 7.7475e+06 161 8
51000 1.15781e+08 6.57582e+09 2.66169e+10 3.20767e+07 1.99637e+07 1.70251e+07 7.28073e+06 158 10
52000 1.27664e+08 6.55146e+09 2.8518e+10 4.08709e+07 2.72572e+07 2.55395e+07 1.14254e+07 162 7
53000 1.59409e+08 6.39723e+09 2.35932e+10 4.68639e+07 2.62142e+07 2.17685e+07 8.26827e+06 164 8
54000 1.72058e+08 6.18954e+09 2.34112e+10 4.02116e+07 1.92613e+07 2.77485e+07 1.62374e+07 187 6
55000 1.56703e+08 6.08299e+09 1.68815e+10 3.37093e+07 1.65845e+07 2.36627e+07 1.52023e+07 188 7
56000 1.37631e+08 6.07073e+09 2.44537e+10 3.77414e+07 2.17192e+07 3.27667e+07 2.39033e+07 172 7
57000 1.24718e+08 6.0904e+09 2.67944e+10 3.01542e+07 1.75491e+07 4.05216e+07 2.05209e+07 180 10
58000 1.21408e+08 6.12054e+09 1.97062e+10 3.03739e+07 1.8988e+07 4.6695e+07 1.37974e+07 172 12
59000 1.20442e+08 6.15458e+09 1.86874e+10 3.00477e+07 1.9265e+07 3.08988e+07 7.76403e+06 163 14
60000 1.17825e+08 6.17866e+09 2.79686e+10 2.95457e+07 1.8668e+07 2.00599e+07 6.16965e+06 165 14
61000 1.18104e+08 6.21113e+09 2.52808e+10 2.88767e+07 1.70807e+07 1.33884e+07 5.35775e+06 174 18
62000 1.24893e+08 6.22436e+09 2.02601e+10 3.25436e+07 1.7359e+07 1.48772e+07 7.43691e+06 170 16
63000 1.30091e+08 6.20819e+09 1.72299e+10 3.582e+07 2.14289e+07 1.56553e+07 6.4541e+06 163 18
64000 1.2626e+08 6.21569e+09 2.42039e+10 3.16507e+07 1.76616e+07 2.34541e+07 1.59532e+07 163 18
65000 1.29293e+08 6.2142e+09 1.79528e+10 3.37169e+07 1.99097e+07 2.33856e+07 9.7526e+06 162 18
66000 1.31411e+08 6.19364e+09 1.16275e+10 3.18972e+07 1.95922e+07 2.5999e+07 1.02752e+07 169 17
67000 1.27777e+08 6.17961e+09 2.34172e+10 3.19451e+07 1.89979e+07 1.81684e+07 5.7883e+06 163 22
68000 1.31362e+08 6.15716e+09 1.77644e+10 3.32451e+07 1.96642e+07 1.56465e+07 5.34639e+06 167 21
69000 1.30876e+08 6.13471e+09 1.6177e+10 3.12345e+07 1.7517e+07 1.59166e+07 6.19429e+06 172 19
70000 1.25027e+08 6.14652e+09 1.19941e+10 2.89398e+07 1.59632e+07 1.292e+07 3.57366e+06 176 23
71000 1.22019e+08 6.17688e+09 1.33306e+10 3.43521e+07 2.29435e+07 1.97477e+07 7.95e+06 162 17
72000 1.22543e+08 6.19014e+09 1.62361e+10 3.08509e+07 1.67291e+07 2.32842e+07 1.20504e+07 166 16
73000 1.26781e+08 6.19717e+09 1.62031e+10 3.19672e+07 1.83668e+07 2.22573e+07 1.11588e+07 165 16
74000 1.22506e+08 6.21658e+09 1.70198e+10 2.98652e+07 1.77002e+07 2.54052e+07 1.43256e+07 164 15
75000 1.20801e+08 6.2353e+09 1.92753e+10 3.09296e+07 1.78796e+07 2.82232e+07 1.54348e+07 163 16
76000 1.31127e+08 6.20237e+09 2.18185e+10 3.39141e+07 1.93198e+07 3.57427e+07 1.37211e+07 163 14
77000 1.35282e+08 6.14834e+09 3.10217e+10 3.26833e+07 1.72311e+07 4.43588e+07 2.16596e+07 174 12
78000 1.33791e+08 6.1259e+09 2.21193e+10 3.41539e+07 2.16279e+07 2.2348e+07 5.88482e+06 170 20
79000 1.25762e+08 6.13183e+09 3.89582e+10 3.27695e+07 1.894e+07 2.53132e+07 9.60393e+06 170 15
80000 1.23825e+08 6.15411e+09 3.18324e+10 3.22534e+07 1.86058e+07 1.96057e+07 6.88221e+06 164 15
81000 1.21047e+08 6.18992e+09 3.04177e+10 3.45435e+07 2.00906e+07 1.86543e+07 7.73028e+06 159 13
82000 1.15345e+08 6.23021e+09 3.42119e+10 3.04533e+07 1.61407e+07 1.33506e+07 6.79336e+06 156 16
83000 1.11985e+08 6.29681e+09 2.71716e+10 2.86577e+07 1.55387e+07 1.01992e+07 4.40317e+06 162 19
84000 1.12766e+08 6.35942e+09 2.91682e+10 3.14076e+07 1.8711e+07 1.03805e+07 5.28319e+06 154 20
85000 1.24279e+08 6.36355e+09 2.66314e+10 3.44667e+07 2.06345e+07 1.16204e+07 5.74468e+06 160 17
86000 1.33333e+08 6.33859e+09 1.86177e+10 3.49811e+07 2.03413e+07 3.10076e+07 2.28335e+07 160 12
87000 1.32322e+08 6.31199e+09 1.50913e+10 3.28538e+07 1.834e+07 5.14159e+07 3.35061e+07 161 10
88000 1.27024e+08 6.29722e+09 2.18318e+10 3.06518e+07 1.76078e+07 3.36803e+07 1.05731e+07 164 15
89000 1.28966e+08 6.29324e+09 2.08108e+10 3.45596e+07 2.01231e+07 3.11888e+07 1.10491e+07 163 14
90000 1.31029e+08 6.28072e+09 2.08334e+10 3.60036e+07 2.18026e+07 3.00269e+07 1.24628e+07 149 15
91000 1.27634e+08 6.27972e+09 2.26877e+10 3.29083e+07 1.9468e+07 2.25815e+07 9.32335e+06 161 13
92000 1.29557e+08 6.2619e+09 2.60531e+10 3.50208e+07 1.99297e+07 2.13814e+07 9.56603e+06 160 13
93000 1.3352e+08 6.22439e+09 3.16474e+10 3.46949e+07 1.95699e+07 2.11652e+07 9.13283e+06 166 13
94000 1.35026e+08 6.18194e+09 3.10928e+10 3.20476e+07 1.73549e+07 2.11201e+07 9.06006e+06 175 14
95000 1.31261e+08 6.16986e+09 2.41895e+10 3.06391e+07 1.77453e+07 3.46984e+07 1.73492e+07 177 10
96000 1.23766e+08 6.19817e+09 2.80089e+10 3.02561e+07 1.73065e+07 3.18766e+07 1.59692e+07 164 10
97000 1.15508e+08 6.24762e+09 4.15521e+10 3.30415e+07 2.06253e+07 2.63302e+07 1.15895e+07 150 12
98000 1.28434e+08 6.24174e+09 3.3363e+10 3.9317e+07 2.00485e+07 2.31137e+07 1.07597e+07 151 14
99000 1.33253e+08 6.21371e+09 2.8952e+10 3.48015e+07 1.83671e+07 2.40245e+07 1.28948e+07 151 13
100000 1.16326e+08 6.27131e+09 4.06626e+10 3.60956e+07 2.21841e+07 2.70585e+07 1.68112e+07 148 13
101000 1.06857e+08 6.36871e+09 3.88081e+10 2.87009e+07 1.68626e+07 3.58607e+07 2.19363e+07 146 11
102000 1.04809e+08 6.4765e+09 3.20356e+10 3.24285e+07 2.23435e+07 3.13571e+07 1.44207e+07 142 13
103000 1.02711e+08 6.56753e+09 2.82693e+10 2.77365e+07 1.59134e+07 2.82005e+07 1.56876e+07 148 15
104000 1.02755e+08 6.65645e+09 2.84705e+10 2.8801e+07 1.58085e+07 2.57509e+07 1.41353e+07 144 19
105000 1.14891e+08 6.70162e+09 2.87788e+10 3.39486e+07 1.97188e+07 6.80943e+07 3.05345e+07 136 17
106000 1.39253e+08 6.61047e+09 2.88914e+10 3.61552e+07 1.8144e+07 6.84756e+07 2.4862e+07 146 21
107000 1.39571e+08 6.55432e+09 2.28641e+10 3.74239e+07 2.30935e+07 4.0367e+07 1.52224e+07 136 27
108000 1.26627e+08 6.55691e+09 2.64014e+10 3.16655e+07 1.80666e+07 3.58974e+07 1.9875e+07 140 28
109000 1.19251e+08 6.58505e+09 3.05601e+10 3.24774e+07 1.8192e+07 3.10831e+07 1.46733e+07 138 29
110000 1.19479e+08 6.6104e+09 2.99649e+10 3.47638e+07 2.0863e+07 2.91165e+07 1.19645e+07 131 29
111000 1.17563e+08 6.63941e+09 2.77212e+10 3.15607e+07 1.87905e+07 2.16948e+07 8.26615e+06 139 33
112000 1.14092e+08 6.68717e+09 3.6313e+10 3.37059e+07 2.07572e+07 1.90503e+07 8.82423e+06 134 33
113000 1.25807e+08 6.69444e+09 2.50149e+10 4.56177e+07 2.67857e+07 2.0102e+07 1.02867e+07 143 31
114000 1.37869e+08 6.63027e+09 2.9674e+10 3.95936e+07 2.25085e+07 2.53465e+07 1.1721e+07 145 28
115000 1.43046e+08 6.52936e+09 4.29488e+10 4.00149e+07 2.06545e+07 2.84731e+07 1.4553e+07 165 27
116000 1.52936e+08 6.40977e+09 3.61646e+10 3.85351e+07 1.87107e+07 2.51291e+07 1.44029e+07 163 27
117000 1.54488e+08 6.29829e+09 2.422e+10 3.49195e+07 1.79792e+07 2.16003e+07 1.10498e+07 180 27
118000 1.65007e+08 6.13933e+09 2.70294e+10 4.18494e+07 2.0294e+07 1.791e+07 1.06834e+07 180 25
119000 1.57746e+08 6.01706e+09 2.93715e+10 3.57696e+07 1.96006e+07 1.89863e+07 7.80162e+06 179 24
120000 1.48896e+08 5.94687e+09 2.31596e+10 3.36098e+07 1.78923e+07 2.15587e+07 1.20833e+07 176 20
121000 1.36189e+08 5.92222e+09 3.51973e+10 3.36608e+07 1.61198e+07 2.25395e+07 1.29629e+07 176 17
122000 1.23843e+08 5.94752e+09 4.8197e+10 3.06004e+07 1.50566e+07 1.86527e+07 8.05916e+06 159 18
123000 1.11122e+08 6.04266e+09 3.87783e+10 2.72355e+07 1.57501e+07 2.28004e+07 9.93927e+06 155 14
124000 1.02425e+08 6.16113e+09 3.23955e+10 3.88179e+07 2.83398e+07 2.36761e+07 9.01208e+06 163 14
125000 1.02892e+08 6.27434e+09 2.60755e+10 3.17675e+07 2.16098e+07 2.90287e+07 1.31977e+07 148 10
126000 1.03673e+08 6.36516e+09 2.81032e+10 2.82097e+07 1.64488e+07 2.44138e+07 1.20372e+07 150 10
127000 1.06185e+08 6.45352e+09 2.6236e+10 3.68741e+07 2.32335e+07 1.40657e+07 5.48354e+06 142 16
128000 1.11436e+08 6.49696e+09 3.34987e+10 3.60202e+07 2.17755e+07 1.36111e+07 6.36271e+06 139 16
129000 1.2453e+08 6.48988e+09 2.72486e+10 3.92004e+07 2.33238e+07 1.66327e+07 9.60117e+06 149 15
130000 1.28229e+08 6.47498e+09 2.11829e+10 3.57417e+07 2.02074e+07 1.85892e+07 8.15998e+06 152 15
131000 1.22751e+08 6.48183e+09 3.2931e+10 3.26496e+07 1.89783e+07 2.93023e+07 1.90055e+07 152 12
132000 1.24561e+08 6.48986e+09 3.43078e+10 3.32284e+07 1.82863e+07 2.99152e+07 1.3766e+07 155 12
133000 1.31938e+08 6.45003e+09 3.00046e+10 3.26327e+07 1.60744e+07 4.22462e+07 2.78577e+07 169 11
134000 1.36379e+08 6.41256e+09 3.28241e+10 3.868e+07 2.29465e+07 3.66422e+07 1.75048e+07 167 14
135000 1.28745e+08 6.40244e+09 4.6713e+10 3.54667e+07 2.13463e+07 3.78728e+07 1.78069e+07 149 16
136000 1.25596e+08 6.41102e+09 4.51605e+10 3.59441e+07 2.12393e+07 3.12865e+07 1.17439e+07 155 17
137000 1.27362e+08 6.40657e+09 3.71044e+10 3.92646e+07 2.37973e+07 2.76454e+07 1.00226e+07 159 16
138000 1.2316e+08 6.41023e+09 3.81441e+10 2.98554e+07 1.51009e+07 2.53254e+07 1.12892e+07 168 15
139000 1.26746e+08 6.42218e+09 2.88978e+10 3.29425e+07 1.76245e+07 2.57679e+07 1.21482e+07 163 13
140000 1.24267e+08 6.42724e+09 3.74012e+10 3.09456e+07 1.69242e+07 2.76991e+07 1.48076e+07 161 14
141000 1.24056e+08 6.43867e+09 3.18529e+10 3.78866e+07 2.24199e+07 1.68143e+07 7.01896e+06 173 17
142000 1.26162e+08 6.44383e+09 2.83071e+10 3.3063e+07 1.84266e+07 1.49378e+07 6.24909e+06 161 17
143000 1.20622e+08 6.47618e+09 3.20192e+10 3.9488e+07 2.61673e+07 1.35742e+07 5.60731e+06 160 18
144000 1.209e+08 6.51436e+09 2.80176e+10 3.40872e+07 2.18806e+07 1.4345e+07 5.40175e+06 151 17
145000 1.33521e+08 6.47156e+09 3.79923e+10 3.94378e+07 2.18831e+07 1.8798e+07 9.97876e+06 159 15
146000 1.46811e+08 6.37066e+09 3.34053e+10 3.82426e+07 1.92851e+07 2.4295e+07 1.36467e+07 161 13
147000 1.35891e+08 6.34025e+09 4.15348e+10 3.90227e+07 1.99898e+07 2.96426e+07 1.48213e+07 159 12
148000 1.35569e+08 6.31269e+09 3.1181e+10 3.39943e+07 1.66192e+07 3.26822e+07 2.28592e+07 167 13
149000 1.3859e+08 6.26584e+09 2.43912e+10 3.67859e+07 1.88451e+07 3.23684e+07 1.9293e+07 159 14
150000 1.26712e+08 6.27792e+09 2.67e+10 3.08962e+07 1.62772e+07 3.22872e+07 1.79831e+07 153 14
151000 1.112e+08 6.35065e+09 3.00268e+10 2.61529e+07 1.43569e+07 6.27468e+07 5.11607e+07 163 13
152000 1.08124e+08 6.43895e+09 2.36941e+10 2.8209e+07 1.63526e+07 2.23594e+07 1.23649e+07 157 17
153000 1.07449e+08 6.51092e+09 3.56155e+10 2.98743e+07 1.55294e+07 2.06478e+07 9.40635e+06 149 18
154000 1.12419e+08 6.57193e+09 2.66111e+10 3.64811e+07 2.349e+07 1.81189e+07 7.45033e+06 144 20
155000 1.185e+08 6.60007e+09 1.41514e+10 3.66529e+07 2.26494e+07 1.95551e+07 9.56663e+06 153 19
156000 1.25502e+08 6.58691e+09 1.40823e+10 3.40002e+07 1.85189e+07 2.12426e+07 1.116e+07 156 18
157000 1.25046e+08 6.58353e+09 1.74917e+10 3.3251e+07 1.94452e+07 2.13996e+07 9.08701e+06 155 18
158000 1.36683e+08 6.53522e+09 2.10506e+10 3.66742e+07 1.70643e+07 2.17105e+07 9.38386e+06 168 18
159000 1.3308e+08 6.49259e+09 3.50346e+10 3.34661e+07 1.64099e+07 5.86618e+07 4.79727e+07 156 15
160000 1.21541e+08 6.52206e+09 4.00601e+10 2.90754e+07 1.43294e+07 1.90068e+07 9.36301e+06 165 20
161000 1.20304e+08 6.54859e+09 4.03508e+10 3.33735e+07 1.73575e+07 2.3604e+07 1.51445e+07 161 17
162000 1.28762e+08 6.54146e+09 3.90868e+10 3.35571e+07 1.57683e+07 3.89108e+07 3.14034e+07 157 15
163000 1.30022e+08 6.52509e+09 4.17524e+10 3.26415e+07 1.68783e+07 4.78014e+07 2.19571e+07 153 16
164000 1.28495e+08 6.50934e+09 3.71828e+10 2.97381e+07 1.57045e+07 5.69823e+07 3.0784e+07 156 18
165000 1.23845e+08 6.52758e+09 4.48517e+10 2.98758e+07 1.61779e+07 4.88309e+07 3.04555e+07 150 20
166000 1.24623e+08 6.53556e+09 4.63893e+10 3.03667e+07 1.44234e+07 1.10669e+08 9.29982e+07 148 23
167000 1.29333e+08 6.51951e+09 4.17819e+10 3.08915e+07 1.74616e+07 7.76374e+07 3.64993e+07 137 23
168000 1.27361e+08 6.50187e+09 3.55968e+10 3.16434e+07 1.86477e+07 4.57847e+07 1.21033e+07 144 37
169000 1.23053e+08 6.52095e+09 2.61605e+10 2.89101e+07 1.66859e+07 3.29146e+07 1.1171e+07 147 34
170000 1.17416e+08 6.55706e+09 3.82217e+10 3.44523e+07 1.97834e+07 2.07244e+07 7.69109e+06 129 40
171000 1.20426e+08 6.5693e+09 3.09356e+10 3.13874e+07 1.63117e+07 2.05513e+07 1.23234e+07 150 44
172000 1.23209e+08 6.59144e+09 3.1593e+10 4.385e+07 2.92971e+07 1.56926e+07 6.51832e+06 137 35
173000 1.21922e+08 6.60052e+09 3.99e+10 3.69378e+07 2.21312e+07 1.72753e+07 9.88127e+06 137 32
174000 1.32015e+08 6.57378e+09 3.46744e+10 4.18176e+07 2.38779e+07 1.88081e+07 1.01422e+07 143 24
175000 1.3799e+08 6.51275e+09 2.96258e+10 4.14628e+07 2.3227e+07 2.07361e+07 1.44683e+07 144 24
176000 1.39882e+08 6.46462e+09 2.25827e+10 3.627e+07 1.91346e+07 1.85044e+07 9.28945e+06 154 26
177000 1.35189e+08 6.43255e+09 3.02139e+10 3.52504e+07 1.86581e+07 2.19115e+07 1.10914e+07 154 23
178000 1.28913e+08 6.43703e+09 3.52382e+10 3.61241e+07 1.95065e+07 2.15512e+07 9.66097e+06 141 25
179000 1.20967e+08 6.46784e+09 2.42238e+10 3.31137e+07 1.93253e+07 2.26289e+07 8.30218e+06 158 24
180000 1.09026e+08 6.54257e+09 3.62719e+10 2.8684e+07 1.56603e+07 2.41137e+07 1.01621e+07 142 23
181000 1.04844e+08 6.64648e+09 3.1093e+10 3.3096e+07 2.16714e+07 2.37512e+07 1.08445e+07 145 23
182000 1.07181e+08 6.72801e+09 2.64527e+10 3.29715e+07 2.09168e+07 2.25901e+07 1.25313e+07 136 24
183000 1.26206e+08 6.72413e+09 1.74519e+10 4.13816e+07 2.26438e+07 2.22783e+07 1.25713e+07 132 24
184000 1.39524e+08 6.64378e+09 2.75573e+10 4.60396e+07 2.10144e+07 2.56423e+07 1.4159e+07 144 22
185000 1.43618e+08 6.5648e+09 2.41301e+10 3.84756e+07 1.94099e+07 1.9854e+07 8.48338e+06 148 25
186000 1.33917e+08 6.54251e+09 2.66637e+10 3.54079e+07 2.03726e+07 4.82071e+07 4.03582e+07 155 15
187000 1.412e+08 6.47129e+09 3.58493e+10 4.14727e+07 1.95545e+07 3.00538e+07 1.43209e+07 162 16
188000 1.34516e+08 6.4348e+09 3.3536e+10 3.39899e+07 1.90305e+07 2.71178e+07 1.08571e+07 156 18
189000 1.28778e+08 6.43706e+09 2.80704e+10 3.38409e+07 1.98343e+07 3.58603e+07 2.19596e+07 161 14
190000 1.32787e+08 6.41901e+09 3.35299e+10 3.42941e+07 1.88287e+07 2.85329e+07 1.25954e+07 160 16
191000 1.34096e+08 6.38173e+09 3.24631e+10 3.16905e+07 1.68407e+07 2.28073e+07 1.06834e+07 175 18
192000 1.3384e+08 6.35111e+09 3.43809e+10 3.20332e+07 1.57173e+07 2.70808e+07 1.52535e+07 175 15
193000 1.35495e+08 6.32279e+09 2.83659e+10 3.52556e+07 2.08396e+07 2.77415e+07 1.48304e+07 163 13
194000 1.33968e+08 6.29704e+09 3.22157e+10 3.33534e+07 1.77203e+07 4.08904e+07 3.23841e+07 167 12
195000 1.36167e+08 6.25451e+09 2.74173e+10 3.24759e+07 1.67225e+07 4.76667e+07 3.3352e+07 173 14
196000 1.35144e+08 6.22512e+09 2.17691e+10 3.28362e+07 1.94988e+07 4.84104e+07 2.50898e+07 162 16
197000 1.30829e+08 6.2002e+09 1.41574e+10 3.55997e+07 1.87264e+07 3.78079e+07 1.7823e+07 174 19
198000 1.28456e+08 6.19172e+09 1.1299e+10 2.83728e+07 1.44896e+07 3.33854e+07 1.94014e+07 174 20
199000 1.19347e+08 6.22821e+09 2.00107e+10 2.76518e+07 1.44288e+07 3.03741e+07 1.38095e+07 160 19
200000 1.09138e+08 6.3265e+09 2.93687e+10 2.70484e+07 1.59027e+07 3.21252e+07 1.49304e+07 143 20
201000 1.01022e+08 6.44657e+09 3.21417e+10 2.80669e+07 1.76e+07 3.61097e+07 1.71278e+07 139 19
202000 1.05206e+08 6.54192e+09 1.77904e+10 2.98733e+07 1.89104e+07 3.93636e+07 1.78455e+07 142 24
203000 1.10599e+08 6.58542e+09 2.18308e+10 3.03522e+07 1.62781e+07 2.46574e+07 1.21623e+07 144 25
204000 1.12725e+08 6.63444e+09 1.98216e+10 3.12802e+07 1.803e+07 2.31715e+07 1.26022e+07 141 24
205000 1.14389e+08 6.67958e+09 2.55658e+10 3.18207e+07 1.98321e+07 2.38185e+07 1.33001e+07 138 20
206000 1.21383e+08 6.69212e+09 2.66489e+10 3.83373e+07 2.2713e+07 2.17834e+07 1.48864e+07 140 20
207000 1.33377e+08 6.65273e+09 2.19352e+10 4.07248e+07 2.09693e+07 1.91104e+07 1.02951e+07 142 22
208000 1.32855e+08 6.60337e+09 2.31981e+10 3.53559e+07 1.91981e+07 1.69941e+07 8.16864e+06 155 23
209000 1.24416e+08 6.62466e+09 2.78779e+10 3.1093e+07 1.69457e+07 2.18362e+07 1.15819e+07 156 20
210000 1.1473e+08 6.66161e+09 3.59849e+10 3.04641e+07 1.6706e+07 2.66755e+07 1.38299e+07 156 19
211000 1.17912e+08 6.71064e+09 2.50429e+10 3.01765e+07 1.79305e+07 3.41284e+07 1.95299e+07 160 20
212000 1.31049e+08 6.67177e+09 3.12137e+10 3.77004e+07 2.0319e+07 3.15597e+07 1.82105e+07 161 20
213000 1.44543e+08 6.57116e+09 2.97487e+10 3.61596e+07 1.9641e+07 2.38759e+07 9.19557e+06 166 24
214000 1.53537e+08 6.45513e+09 2.0701e+10 3.78651e+07 2.12608e+07 2.01896e+07 8.44729e+06 181 25
215000 1.63573e+08 6.2929e+09 2.58537e+10 4.09022e+07 1.99697e+07 2.5632e+07 1.35664e+07 172 20
216000 1.69502e+08 6.11371e+09 2.28244e+10 4.08797e+07 2.06244e+07 2.21877e+07 1.16382e+07 174 22
217000 1.63134e+08 5.97935e+09 1.77782e+10 3.65208e+07 1.73753e+07 2.13443e+07 1.01772e+07 181 22
218000 1.47392e+08 5.91229e+09 1.64012e+10 2.9913e+07 1.45373e+07 2.00494e+07 1.07193e+07 188 23
219000 1.30642e+08 5.93036e+09 2.01446e+10 2.89181e+07 1.64084e+07 2.62244e+07 1.39493e+07 178 18
220000 1.17547e+08 5.98506e+09 1.85592e+10 2.49375e+07 1.4417e+07 2.14726e+07 1.0248e+07 180 23
221000 1.11053e+08 6.06072e+09 2.0715e+10 2.56186e+07 1.50672e+07 2.59339e+07 1.54984e+07 166 20
222000 1.06137e+08 6.1471e+09 2.81299e+10 2.69557e+07 1.5096e+07 3.78557e+07 2.92814e+07 173 15
223000 1.04523e+08 6.23473e+09 3.53565e+10 2.41732e+07 1.36075e+07 4.05829e+07 2.66545e+07 166 15
224000 1.10898e+08 6.30654e+09 2.66616e+10 2.78452e+07 1.5266e+07 2.68056e+07 1.24042e+07 158 23
225000 1.14205e+08 6.35668e+09 2.07849e+10 3.31884e+07 2.15254e+07 2.508e+07 1.23977e+07 155 23
226000 1.18077e+08 6.38794e+09 1.60804e+10 3.40641e+07 1.8778e+07 1.86663e+07 7.44029e+06 150 27
227000 1.18906e+08 6.4075e+09 1.40626e+10 3.42539e+07 2.13523e+07 2.07866e+07 9.48968e+06 156 23
228000 1.09842e+08 6.4707e+09 2.1457e+10 2.70415e+07 1.46503e+07 2.4269e+07 1.29345e+07 158 20
229000 1.14326e+08 6.53046e+09 1.66448e+10 3.16519e+07 1.88374e+07 2.10012e+07 9.82453e+06 150 23
230000 1.26764e+08 6.51454e+09 1.95177e+10 3.51026e+07 1.859e+07 2.07108e+07 1.00771e+07 155 22
231000 1.30049e+08 6.48776e+09 2.3367e+10 3.39983e+07 1.78458e+07 2.19527e+07 1.11838e+07 157 22
232000 1.29037e+08 6.46824e+09 3.33807e+10 3.27424e+07 1.51705e+07 2.3164e+07 1.2698e+07 160 23
233000 1.28096e+08 6.46437e+09 3.00219e+10 3.6187e+07 1.96429e+07 3.51017e+07 1.82292e+07 148 21
234000 1.31492e+08 6.45702e+09 1.88688e+10 3.06228e+07 1.73337e+07 5.92917e+07 3.05146e+07 154 19
235000 1.29814e+08 6.44017e+09 3.1508e+10 3.50965e+07 2.09634e+07 4.02616e+07 1.8895e+07 141 22
236000 1.36984e+08 6.39562e+09 3.07829e+10 4.60405e+07 2.41849e+07 2.31503e+07 9.49343e+06 143 29
237000 1.35096e+08 6.34757e+09 3.23856e+10 3.6318e+07 2.05661e+07 1.98525e+07 1.06206e+07 140 29
238000 1.19144e+08 6.3963e+09 3.31941e+10 3.12814e+07 1.92519e+07 1.90157e+07 1.03649e+07 144 28
239000 1.13801e+08 6.4529e+09 3.04784e+10 3.13477e+07 1.92955e+07 1.79355e+07 9.34303e+06 142 32
240000 1.19533e+08 6.47427e+09 3.11843e+10 3.66383e+07 2.2192e+07 1.94623e+07 1.1787e+07 136 30
241000 1.28567e+08 6.4696e+09 1.13358e+10 3.49039e+07 2.14323e+07 2.07206e+07 1.01499e+07 146 29
242000 1.25227e+08 6.46774e+09 1.64188e+10 3.35733e+07 2.12002e+07 2.17864e+07 1.21963e+07 154 28
243000 1.39407e+08 6.41404e+09 1.43265e+10 4.20811e+07 2.56482e+07 3.87982e+07 2.90232e+07 146 27
244000 1.37672e+08 6.35499e+09 2.01485e+10 3.47538e+07 1.94999e+07 6.32936e+07 5.16875e+07 149 29
245000 1.26939e+08 6.35724e+09 3.15051e+10 5.35439e+07 2.55363e+07 2.08059e+07 9.53731e+06 144 35
246000 1.28933e+08 6.35013e+09 2.6937e+10 3.81529e+07 2.39796e+07 3.04788e+07 1.8844e+07 142 30
247000 1.28995e+08 6.31575e+09 4.40923e+10 3.62737e+07 2.12143e+07 2.52988e+07 1.40004e+07 144 28
248000 1.3816e+08 6.27145e+09 3.15489e+10 3.39771e+07 1.77777e+07 4.86836e+07 3.46474e+07 152 27
249000 1.3449e+08 6.2257e+09 3.65765e+10 2.98127e+07 1.4874e+07 4.68849e+07 2.26925e+07 156 25
250000 1.21961e+08 6.25437e+09 3.06372e+10 2.90819e+07 1.69839e+07 4.67583e+07 2.78149e+07 154 27
251000 1.14531e+08 6.3247e+09 2.59789e+10 2.83852e+07 1.7978e+07 2.88549e+07 1.74823e+07 143 33
252000 1.21328e+08 6.34344e+09 2.67778e+10 4.12409e+07 2.39401e+07 3.73725e+07 1.39735e+07 145 37
253000 1.44901e+08 6.22321e+09 2.5384e+10 3.68296e+07 1.98862e+07 3.46614e+07 1.01026e+07 140 43
254000 1.30509e+08 6.20426e+09 3.11512e+10 3.19565e+07 1.76852e+07 2.45774e+07 9.42258e+06 139 40
255000 1.1694e+08 6.27491e+09 2.83613e+10 2.96919e+07 1.86309e+07 2.39484e+07 1.21679e+07 138 34
256000 1.04607e+08 6.37312e+09 4.08085e+10 2.72194e+07 1.67759e+07 2.53162e+07 1.47597e+07 134 33
257000 1.06273e+08 6.45878e+09 3.85888e+10 3.02873e+07 1.85179e+07 2.56672e+07 1.4053e+07 129 36
258000 1.17044e+08 6.48384e+09 3.68943e+10 3.51375e+07 1.92843e+07 3.08317e+07 1.82622e+07 134 36
259000 1.30427e+08 6.44729e+09 3.89015e+10 3.99756e+07 2.10104e+07 2.76574e+07 1.49452e+07 122 37
260000 1.321e+08 6.40721e+09 2.93766e+10 4.21712e+07 2.65609e+07 2.74672e+07 1.3299e+07 136 42
261000 1.30907e+08 6.4012e+09 2.28808e+10 3.75245e+07 2.34919e+07 2.8299e+07 1.56291e+07 127 42
262000 1.26089e+08 6.3901e+09 1.86102e+10 3.16358e+07 1.85749e+07 2.52028e+07 1.19636e+07 140 46
263000 1.23996e+08 6.38835e+09 2.24166e+10 3.37368e+07 1.7467e+07 2.25642e+07 9.31034e+06 149 48
264000 1.22568e+08 6.3873e+09 2.63466e+10 3.01265e+07 1.52606e+07 2.4239e+07 1.27236e+07 146 42
265000 1.23431e+08 6.40297e+09 2.61332e+10 3.12195e+07 1.66555e+07 2.09725e+07 1.01291e+07 142 43
266000 1.21305e+08 6.42741e+09 3.61428e+10 3.46282e+07 2.05448e+07 2.11308e+07 1.04046e+07 141 42
267000 1.22322e+08 6.45333e+09 3.48103e+10 3.25005e+07 1.74957e+07 2.21341e+07 1.13707e+07 140 38
268000 1.24159e+08 6.46309e+09 4.09105e+10 3.40479e+07 1.76997e+07 2.39057e+07 1.12204e+07 138 37
269000 1.23125e+08 6.47948e+09 2.93381e+10 3.07107e+07 1.67363e+07 3.06561e+07 1.9273e+07 136 38
270000 1.21513e+08 6.50414e+09 2.69296e+10 3.31118e+07 2.09894e+07 4.90346e+07 2.91281e+07 136 36
271000 1.17738e+08 6.52306e+09 4.02691e+10 2.82373e+07 1.62226e+07 3.73003e+07 1.69389e+07 132 38
272000 1.17944e+08 6.55273e+09 3.51438e+10 3.02913e+07 1.80341e+07 3.28393e+07 1.70742e+07 131 39
273000 1.21402e+08 6.57953e+09 3.36063e+10 3.49852e+07 2.25729e+07 3.07979e+07 1.69704e+07 122 42
274000 1.28175e+08 6.56948e+09 4.71898e+10 4.23847e+07 2.74582e+07 2.84878e+07 1.52632e+07 111 43
275000 1.5023e+08 6.45002e+09 3.23817e+10 4.29623e+07 2.05978e+07 4.21049e+07 2.40486e+07 134 39
276000 1.70043e+08 6.24073e+09 1.8621e+10 4.5361e+07 2.3846e+07 4.45675e+07 2.37872e+07 142 44
277000 1.58271e+08 6.1108e+09 1.97275e+10 3.39022e+07 1.68843e+07 9.23562e+07 7.36197e+07 149 43
278000 1.38522e+08 6.08619e+09 1.61156e+10 3.12343e+07 1.81157e+07 3.35536e+07 2.16241e+07 140 46
279000 1.25429e+08 6.10625e+09 1.51455e+10 2.86867e+07 1.70434e+07 3.07114e+07 2.11268e+07 146 39
280000 1.20415e+08 6.14248e+09 2.23269e+10 3.98355e+07 2.17779e+07 2.71991e+07 1.69843e+07 127 42
281000 1.17864e+08 6.16934e+09 1.93439e+10 3.21085e+07 1.92167e+07 4.44665e+07 2.24635e+07 129 48
282000 1.21425e+08 6.18321e+09 1.57013e+10 3.37482e+07 1.99998e+07 2.34701e+07 1.36024e+07 129 47
283000 1.22692e+08 6.18256e+09 1.82534e+10 3.55344e+07 1.97145e+07 2.20084e+07 1.04749e+07 134 49
284000 1.25173e+08 6.18899e+09 1.87644e+10 3.40455e+07 2.01299e+07 2.76478e+07 1.58557e+07 147 39
285000 1.26322e+08 6.18634e+09 2.35594e+10 3.36109e+07 1.96629e+07 2.40904e+07 1.24451e+07 138 44
286000 1.2838e+08 6.17564e+09 2.03266e+10 3.29212e+07 1.79859e+07 2.82538e+07 1.74529e+07 139 40
287000 1.26137e+08 6.17672e+09 3.01545e+10 3.3922e+07 1.92093e+07 3.5067e+07 2.22045e+07 132 38
288000 1.26017e+08 6.18372e+09 3.3067e+10 3.402e+07 1.84491e+07 2.96962e+07 1.99246e+07 131 41
289000 1.24099e+08 6.17912e+09 3.14832e+10 3.20236e+07 1.64164e+07 2.82297e+07 1.5712e+07 137 41
290000 1.2505e+08 6.18048e+09 1.85452e+10 3.20887e+07 1.79579e+07 2.4799e+07 1.52211e+07 142 46
291000 1.25578e+08 6.18525e+09 1.92368e+10 3.34911e+07 2.14072e+07 2.42882e+07 1.23428e+07 132 47
292000 1.20354e+08 6.20289e+09 2.21472e+10 3.34937e+07 2.15647e+07 2.0649e+07 1.02728e+07 123 54
293000 1.14437e+08 6.24869e+09 2.19633e+10 2.86951e+07 1.66404e+07 2.24924e+07 1.06409e+07 136 51
294000 1.12114e+08 6.30726e+09 1.64087e+10 2.84732e+07 1.75074e+07 2.27545e+07 1.03036e+07 131 54
295000 1.11454e+08 6.35727e+09 1.24042e+10 2.72921e+07 1.55408e+07 2.38206e+07 1.17509e+07 134 57
296000 1.16224e+08 6.40094e+09 9.0139e+09 2.76753e+07 1.61111e+07 3.60298e+07 2.58431e+07 132 52
297000 1.15768e+08 6.42952e+09 2.06013e+10 2.84855e+07 1.55978e+07 3.16609e+07 1.61934e+07 128 54
298000 1.14132e+08 6.4751e+09 2.72828e+10 2.9344e+07 1.80418e+07 2.97967e+07 1.45503e+07 120 50
299000 1.07572e+08 6.5415e+09 2.855e+10 3.10885e+07 1.6111e+07 2.58641e+07 1.1794e+07 125 53
300000 1.03653e+08 6.63153e+09 2.95812e+10 2.6791e+07 1.55083e+07 2.3877e+07 1.2966e+07 124 52
301000 1.14736e+08 6.68402e+09 2.0712e+10 3.52758e+07 2.1559e+07 2.61243e+07 1.60154e+07 116 51
302000 1.20265e+08 6.69322e+09 2.24889e+10 3.22858e+07 1.66847e+07 2.94732e+07 1.82428e+07 122 49
303000 1.20363e+08 6.70172e+09 3.74198e+10 4.00316e+07 2.3361e+07 2.86647e+07 1.3891e+07 107 50
304000 1.1679e+08 6.7354e+09 3.75101e+10 3.29664e+07 1.97914e+07 3.04022e+07 1.39993e+07 106 51
305000 1.1286e+08 6.78607e+09 4.03812e+10 3.27604e+07 2.23526e+07 3.65465e+07 1.73476e+07 105 47
306000 1.21375e+08 6.79828e+09 3.20675e+10 3.65635e+07 2.42218e+07 3.00531e+07 1.24375e+07 111 54
307000 1.31187e+08 6.75957e+09 3.16768e+10 4.20156e+07 2.66224e+07 3.08189e+07 1.81344e+07 108 52
308000 1.36459e+08 6.69902e+09 3.10996e+10 3.82342e+07 2.05854e+07 3.22783e+07 1.60986e+07 125 49
309000 1.40861e+08 6.62337e+09 2.46523e+10 3.74863e+07 2.3266e+07 3.43647e+07 1.5629e+07 121 51
310000 1.4235e+08 6.548e+09 8.65678e+09 3.81563e+07 2.23381e+07 3.04404e+07 1.40968e+07 141 57
311000 1.43257e+08 6.46613e+09 2.32614e+10 3.88245e+07 2.33398e+07 2.64055e+07 1.10341e+07 145 55
312000 1.4427e+08 6.37529e+09 2.47233e+10 3.47262e+07 1.82216e+07 2.30042e+07 1.0485e+07 146 60
313000 1.47194e+08 6.28461e+09 3.23205e+10 3.91147e+07 1.87753e+07 2.0259e+07 9.68919e+06 143 60
314000 1.50791e+08 6.18678e+09 2.81831e+10 4.10107e+07 1.96577e+07 2.11882e+07 1.18883e+07 140 57
315000 1.36099e+08 6.16795e+09 2.41035e+10 3.56138e+07 2.2407e+07 2.00323e+07 1.07506e+07 136 57
316000 1.34517e+08 6.14718e+09 1.48844e+10 3.57384e+07 2.12945e+07 2.03583e+07 9.75236e+06 145 57
317000 1.37257e+08 6.09765e+09 1.65485e+10 3.65741e+07 1.83139e+07 2.16789e+07 1.13444e+07 147 51
318000 1.42484e+08 6.03038e+09 8.34956e+09 4.07592e+07 2.15521e+07 2.71453e+07 1.62696e+07 148 44
319000 1.33495e+08 5.99559e+09 1.70797e+10 3.03767e+07 1.701e+07 2.59551e+07 1.62512e+07 161 40
320000 1.22342e+08 6.01886e+09 2.94196e+10 3.9084e+07 2.6355e+07 2.45107e+07 1.39147e+07 147 42
321000 1.21154e+08 6.03524e+09 2.68098e+10 2.90542e+07 1.52372e+07 2.31094e+07 1.19248e+07 153 45
322000 1.19364e+08 6.04946e+09 3.08857e+10 2.64056e+07 1.24065e+07 2.37609e+07 1.28926e+07 156 44
323000 1.21703e+08 6.09882e+09 1.90709e+10 3.18721e+07 1.96621e+07 2.33388e+07 1.08904e+07 135 43
324000 1.18104e+08 6.13246e+09 2.39895e+10 2.98371e+07 1.61644e+07 3.70339e+07 1.62844e+07 137 44
325000 1.13708e+08 6.19148e+09 3.30369e+10 3.02228e+07 1.77873e+07 3.04787e+07 1.80315e+07 130 38
326000 1.09481e+08 6.25563e+09 3.24518e+10 2.8483e+07 1.73424e+07 3.04207e+07 1.92698e+07 129 40
327000 1.11045e+08 6.31867e+09 3.48235e+10 2.97586e+07 1.83633e+07 2.88133e+07 1.75426e+07 129 42
328000 1.20097e+08 6.34388e+09 2.86098e+10 3.46943e+07 2.01119e+07 3.18878e+07 1.93499e+07 130 43
329000 1.20596e+08 6.35075e+09 3.8273e+10 5.69329e+07 4.31e+07 2.88904e+07 1.36332e+07 124 44
330000 1.26053e+08 6.35162e+09 2.47092e+10 3.55407e+07 2.20604e+07 2.38834e+07 1.03883e+07 128 49
331000 1.29511e+08 6.33602e+09 2.12676e+10 3.68025e+07 2.22651e+07 2.13958e+07 1.04074e+07 127 52
332000 1.30313e+08 6.31599e+09 2.79253e+10 3.641e+07 2.03834e+07 2.43007e+07 1.31858e+07 130 47
333000 1.31604e+08 6.29171e+09 2.55507e+10 3.40229e+07 1.99107e+07 2.89184e+07 1.66891e+07 133 44
334000 1.29047e+08 6.26365e+09 2.38912e+10 3.3599e+07 1.95935e+07 2.99793e+07 1.4752e+07 129 46
335000 1.24659e+08 6.25952e+09 2.23295e+10 2.83746e+07 1.4618e+07 2.99323e+07 1.49843e+07 145 44
336000 1.21861e+08 6.29285e+09 2.26437e+10 3.1406e+07 1.85256e+07 2.72125e+07 1.3558e+07 129 42
337000 1.14237e+08 6.3428e+09 2.48006e+10 3.06254e+07 1.84417e+07 2.22986e+07 1.09969e+07 127 47
338000 1.11792e+08 6.4117e+09 2.01489e+10 3.10383e+07 2.07718e+07 2.00693e+07 8.77751e+06 129 47
339000 1.09238e+08 6.48994e+09 2.0713e+10 3.14832e+07 2.06318e+07 2.12952e+07 1.05466e+07 125 43
340000 1.10088e+08 6.5613e+09 2.23827e+10 3.41714e+07 2.17748e+07 2.47983e+07 1.38528e+07 120 39
341000 1.08956e+08 6.62526e+09 3.27691e+10 4.07275e+07 2.88804e+07 2.15037e+07 1.12865e+07 112 44
342000 1.15189e+08 6.65898e+09 3.72776e+10 4.38029e+07 2.64144e+07 2.38318e+07 1.11412e+07 112 42
343000 1.33295e+08 6.61181e+09 3.82187e+10 4.37875e+07 2.34706e+07 4.20528e+07 3.01888e+07 124 35
344000 1.44674e+08 6.5138e+09 3.9736e+10 4.87561e+07 2.69083e+07 3.5363e+07 2.16598e+07 119 35
345000 1.48391e+08 6.42854e+09 2.416e+10 3.79068e+07 2.04299e+07 4.96811e+07 3.32259e+07 138 29
346000 1.44109e+08 6.35195e+09 2.26134e+10 3.67297e+07 2.34689e+07 4.38056e+07 2.06635e+07 137 34
347000 1.32627e+08 6.32052e+09 3.04161e+10 3.265e+07 1.74182e+07 3.8073e+07 2.01803e+07 132 34
348000 1.19345e+08 6.36438e+09 4.43187e+10 3.59873e+07 2.14054e+07 2.53159e+07 1.32473e+07 112 39
349000 1.15066e+08 6.43042e+09 3.13258e+10 3.50796e+07 2.16229e+07 2.52611e+07 1.29951e+07 117 37
350000 1.10742e+08 6.5028e+09 2.51375e+10 4.30973e+07 3.08657e+07 2.28619e+07 1.30436e+07 117 38
351000 1.07554e+08 6.57405e+09 3.16812e+10 3.62198e+07 2.19516e+07 1.99143e+07 1.06256e+07 104 41
352000 9.91422e+07 6.67872e+09 3.82203e+10 3.16183e+07 1.96622e+07 3.32495e+07 2.5579e+07 107 40
353000 9.44981e+07 6.80463e+09 3.80309e+10 3.00527e+07 1.79387e+07 2.24043e+07 1.42618e+07 111 40
354000 9.04027e+07 6.94587e+09 4.5105e+10 2.84271e+07 1.58409e+07 3.4589e+07 2.81589e+07 107 36
355000 8.90394e+07 7.09513e+09 4.48004e+10 2.8555e+07 1.73948e+07 3.02832e+07 1.80083e+07 100 33
356000 8.99866e+07 7.24031e+09 4.34569e+10 2.69525e+07 1.54242e+07 4.17356e+07 2.25824e+07 105 35
357000 8.96705e+07 7.37864e+09 4.97945e+10 2.92457e+07 1.7708e+07 2.86294e+07 1.63533e+07 100 39
358000 9.44656e+07 7.49997e+09 4.52029e+10 3.39172e+07 2.16518e+07 3.06884e+07 1.7371e+07 95 38
359000 9.83733e+07 7.60187e+09 3.94738e+10 5.24308e+07 2.74727e+07 4.38257e+07 3.09956e+07 92 38
360000 9.9819e+07 7.68956e+09 3.69019e+10 5.68812e+07 4.41947e+07 2.75023e+07 1.26968e+07 92 49
361000 1.10381e+08 7.73529e+09 3.34502e+10 3.97218e+07 2.40561e+07 2.63201e+07 1.43414e+07 97 52
362000 1.28029e+08 7.70511e+09 3.69921e+10 4.86243e+07 2.89441e+07 2.49694e+07 1.31257e+07 104 52
363000 1.48629e+08 7.58491e+09 4.26754e+10 5.30397e+07 3.00719e+07 3.95118e+07 2.87911e+07 111 42
364000 1.60728e+08 7.40419e+09 3.62671e+10 4.79242e+07 2.68371e+07 3.26961e+07 1.60579e+07 115 58
365000 1.7074e+08 7.19257e+09 4.33397e+10 5.47592e+07 2.91084e+07 2.70323e+07 1.20014e+07 120 61
366000 1.76232e+08 6.96664e+09 3.20172e+10 4.45873e+07 2.18131e+07 2.75215e+07 1.18081e+07 135 61
367000 1.64228e+08 6.81161e+09 4.71655e+10 4.16789e+07 2.15378e+07 2.74857e+07 1.27336e+07 136 59
368000 1.66486e+08 6.65653e+09 5.55865e+10 5.01642e+07 2.27279e+07 2.45073e+07 1.13483e+07 140 57
369000 1.88321e+08 6.37748e+09 3.15264e+10 5.32974e+07 2.23591e+07 2.23322e+07 9.40977e+06 164 56
370000 1.84084e+08 6.10374e+09 2.37247e+10 3.49042e+07 1.53797e+07 2.07327e+07 1.00774e+07 171 56
371000 1.47664e+08 6.06524e+09 2.88799e+10 3.10183e+07 1.55804e+07 2.11707e+07 1.11729e+07 168 50
372000 1.36947e+08 6.04147e+09 2.49865e+10 3.06535e+07 1.49083e+07 1.87202e+07 8.83209e+06 175 56
373000 1.31474e+08 6.04343e+09 2.13968e+10 2.80652e+07 1.46668e+07 2.18699e+07 1.3742e+07 166 50
374000 1.32174e+08 6.03174e+09 2.04916e+10 2.93837e+07 1.38819e+07 1.99219e+07 1.1353e+07 156 58
375000 1.23498e+08 6.0611e+09 2.3462e+10 2.77985e+07 1.51644e+07 2.43784e+07 1.22179e+07 147 50
376000 1.19843e+08 6.10132e+09 2.31797e+10 2.79688e+07 1.58683e+07 2.80232e+07 1.33116e+07 147 45
377000 1.24085e+08 6.10521e+09 1.54888e+10 3.15034e+07 1.56757e+07 2.57712e+07 1.19792e+07 147 51
378000 1.19115e+08 6.13572e+09 2.32899e+10 2.77867e+07 1.49108e+07 2.77395e+07 1.43622e+07 134 44
379000 1.07665e+08 6.21786e+09 2.66526e+10 2.72591e+07 1.54978e+07 2.50294e+07 1.27117e+07 128 46
380000 1.04655e+08 6.31402e+09 2.3384e+10 3.31609e+07 2.16677e+07 2.42367e+07 1.34612e+07 125 50
381000 1.06783e+08 6.38827e+09 3.18687e+10 3.14881e+07 1.98099e+07 2.76382e+07 1.40955e+07 117 43
382000 1.12073e+08 6.42518e+09 3.34866e+10 3.25842e+07 1.91568e+07 2.91828e+07 1.48034e+07 121 43
383000 1.20456e+08 6.44958e+09 2.63977e+10 3.32931e+07 1.9274e+07 3.06531e+07 1.82166e+07 120 48
384000 1.19403e+08 6.4707e+09 3.19973e+10 3.2975e+07 1.88952e+07 2.74044e+07 1.34621e+07 117 55
385000 1.25634e+08 6.45868e+09 3.41153e+10 4.22389e+07 2.84394e+07 4.32209e+07 2.92817e+07 117 49
386000 1.31061e+08 6.43198e+09 3.47559e+10 4.46192e+07 2.80167e+07 3.20123e+07 1.64841e+07 110 53
387000 1.29416e+08 6.41785e+09 4.33357e+10 3.96976e+07 2.18179e+07 3.32961e+07 1.77259e+07 112 53
388000 1.30973e+08 6.39141e+09 3.26963e+10 4.11242e+07 2.28207e+07 2.7842e+07 1.50821e+07 110 55
389000 1.24273e+08 6.39374e+09 3.93104e+10 3.88641e+07 2.28242e+07 2.82993e+07 1.76656e+07 104 49
390000 1.19377e+08 6.42599e+09 4.12308e+10 3.72822e+07 2.30688e+07 2.72302e+07 1.57863e+07 105 47
391000 1.12598e+08 6.48741e+09 4.41653e+10 3.80606e+07 2.41501e+07 6.44165e+07 5.35745e+07 112 51
392000 1.13004e+08 6.54969e+09 2.78871e+10 3.4667e+07 2.11751e+07 2.55614e+07 1.42877e+07 108 50
393000 1.14317e+08 6.60211e+09 2.55657e+10 5.1476e+07 3.78504e+07 2.71469e+07 1.55607e+07 102 52
394000 1.219e+08 6.60701e+09 1.88865e+10 4.35778e+07 2.87221e+07 2.70116e+07 1.49399e+07 99 52
395000 1.34024e+08 6.55118e+09 1.61693e+10 4.26755e+07 2.4325e+07 3.03705e+07 1.93908e+07 117 47
396000 1.43123e+08 6.47197e+09 7.73822e+09 4.27772e+07 2.37557e+07 2.42e+07 1.38977e+07 123 50
397000 1.35551e+08 6.42166e+09 1.42828e+10 3.83534e+07 2.20791e+07 2.32263e+07 1.32785e+07 124 54
398000 1.2665e+08 6.42356e+09 3.13208e+10 3.52687e+07 2.20053e+07 2.96545e+07 1.45617e+07 119 48
399000 1.26227e+08 6.41693e+09 2.63727e+10 3.19358e+07 1.83483e+07 3.07606e+07 1.39571e+07 127 50
400000 1.26695e+08 6.40179e+09 2.0123e+10 3.24297e+07 1.89743e+07 3.32065e+07 1.67613e+07 125 51
401000 1.25085e+08 6.3803e+09 3.07711e+10 2.80372e+07 1.6583e+07 3.33713e+07 1.38971e+07 134 54
402000 1.28736e+08 6.3683e+09 2.36412e+10 3.0214e+07 1.676e+07 3.52748e+07 1.69991e+07 134 53
403000 1.26558e+08 6.35359e+09 3.42507e+10 3.69096e+07 2.14822e+07 3.04478e+07 1.48714e+07 126 53
404000 1.21051e+08 6.37859e+09 2.70572e+10 3.17896e+07 1.93064e+07 2.46412e+07 1.26343e+07 116 61
405000 1.14832e+08 6.42878e+09 2.77989e+10 2.99784e+07 1.72644e+07 2.39434e+07 1.19168e+07 121 58
406000 1.2064e+08 6.44975e+09 2.51315e+10 3.42989e+07 1.76938e+07 2.66611e+07 1.56654e+07 120 57
407000 1.18956e+08 6.47458e+09 1.63178e+10 3.94341e+07 2.7896e+07 2.71524e+07 1.23228e+07 120 61
408000 1.15923e+08 6.51425e+09 2.35051e+10 2.96082e+07 1.80007e+07 2.65905e+07 1.03233e+07 119 60
409000 1.14453e+08 6.5439e+09 2.74677e+10 3.18672e+07 1.91041e+07 2.3898e+07 9.1471e+06 119 59
410000 1.19157e+08 6.57015e+09 1.97438e+10 3.26713e+07 1.90198e+07 2.24255e+07 1.04211e+07 121 62
411000 1.20973e+08 6.58962e+09 1.77976e+10 3.3181e+07 1.95328e+07 5.26804e+07 4.17e+07 120 65
412000 1.21694e+08 6.59275e+09 3.05223e+10 4.08563e+07 2.43726e+07 2.87544e+07 1.61324e+07 112 64
413000 1.29556e+08 6.56539e+09 2.62387e+10 3.39014e+07 1.8962e+07 2.91309e+07 1.30754e+07 120 67
414000 1.29275e+08 6.52683e+09 3.6026e+10 3.4926e+07 1.95857e+07 2.52029e+07 1.18726e+07 117 66
415000 1.29723e+08 6.50392e+09 3.96677e+10 4.11686e+07 2.36733e+07 2.26e+07 1.0662e+07 107 66
416000 1.41921e+08 6.42967e+09 2.39511e+10 4.27485e+07 2.15388e+07 2.1011e+07 9.85384e+06 126 71
417000 1.44231e+08 6.34087e+09 2.22371e+10 4.13472e+07 2.0443e+07 1.90227e+07 8.50204e+06 139 80
418000 1.3511e+08 6.32073e+09 2.3238e+10 3.47572e+07 1.86284e+07 2.17582e+07 1.17353e+07 124 69
419000 1.27947e+08 6.31772e+09 2.63905e+10 3.59525e+07 1.99824e+07 2.34255e+07 1.33758e+07 120 67
420000 1.23341e+08 6.31898e+09 3.52928e+10 3.1864e+07 1.79584e+07 5.64215e+07 1.98358e+07 114 69
421000 1.24358e+08 6.32809e+09 3.39297e+10 6.52663e+07 5.38999e+07 2.47467e+07 8.75805e+06 114 78
422000 1.23519e+08 6.32977e+09 3.10353e+10 3.69529e+07 1.91051e+07 2.38003e+07 1.11486e+07 118 70
423000 1.2136e+08 6.36206e+09 2.85094e+10 4.01156e+07 2.66955e+07 2.38703e+07 1.36523e+07 115 69
424000 1.17774e+08 6.40125e+09 2.72854e+10 3.2325e+07 1.98304e+07 2.23499e+07 1.22929e+07 106 74
425000 1.1632e+08 6.43949e+09 2.45315e+10 3.22055e+07 1.9774e+07 2.60841e+07 1.40542e+07 107 71
426000 1.2563e+08 6.43588e+09 2.09417e+10 3.64783e+07 2.32047e+07 3.62494e+07 2.22038e+07 106 58
427000 1.36043e+08 6.37825e+09 2.13416e+10 4.0501e+07 2.88411e+07 4.52862e+07 2.61408e+07 98 67
428000 1.26111e+08 6.34696e+09 4.01924e+10 3.19123e+07 1.92818e+07 3.18714e+07 1.29553e+07 102 69
429000 1.22867e+08 6.36117e+09 2.65596e+10 3.46277e+07 2.25319e+07 3.60919e+07 1.62717e+07 105 77
430000 1.21436e+08 6.37904e+09 1.81445e+10 3.47086e+07 2.16364e+07 2.36133e+07 1.08321e+07 111 81
431000 1.20188e+08 6.39237e+09 1.76171e+10 3.4497e+07 2.19831e+07 2.22134e+07 1.05395e+07 105 81
432000 1.24677e+08 6.39273e+09 2.47182e+10 4.27533e+07 2.54423e+07 1.98887e+07 9.6362e+06 98 81
433000 1.26711e+08 6.37477e+09 1.97184e+10 3.88945e+07 2.22309e+07 2.20164e+07 1.19568e+07 105 73
434000 1.24452e+08 6.37285e+09 1.41565e+10 3.50202e+07 1.89096e+07 1.85654e+07 8.77792e+06 116 82
435000 1.29257e+08 6.36009e+09 9.36626e+09 3.35243e+07 1.56195e+07 2.12015e+07 1.06464e+07 127 80
436000 1.27071e+08 6.35102e+09 8.71572e+09 3.11836e+07 1.56635e+07 2.11562e+07 1.06765e+07 122 82
437000 1.216e+08 6.37565e+09 1.30016e+10 3.06554e+07 1.70411e+07 2.4987e+07 1.54419e+07 114 77
438000 1.1684e+08 6.41696e+09 1.33469e+10 3.40293e+07 2.21562e+07 2.68443e+07 1.6114e+07 112 74
439000 1.13509e+08 6.46401e+09 1.46356e+10 2.77517e+07 1.63027e+07 2.88058e+07 1.70429e+07 106 74
440000 1.12533e+08 6.50614e+09 1.99776e+10 2.78504e+07 1.71512e+07 2.71485e+07 1.41167e+07 104 80
441000 1.13519e+08 6.53637e+09 2.96876e+10 2.99989e+07 1.88492e+07 2.62743e+07 1.18341e+07 99 83
442000 1.1703e+08 6.56476e+09 2.7092e+10 3.27267e+07 2.04142e+07 2.61278e+07 1.28762e+07 94 90
443000 1.16156e+08 6.57908e+09 3.979e+10 3.27239e+07 1.8261e+07 2.61871e+07 1.3064e+07 92 80
444000 1.21786e+08 6.58563e+09 3.93126e+10 3.44249e+07 1.95987e+07 2.72128e+07 1.27726e+07 97 86
445000 1.38539e+08 6.51333e+09 2.57907e+10 5.04346e+07 2.35562e+07 4.16412e+07 1.78656e+07 97 92
446000 1.38875e+08 6.44714e+09 2.22755e+10 3.74149e+07 2.15353e+07 2.96497e+07 1.48033e+07 95 86
447000 1.3137e+08 6.42155e+09 1.94606e+10 3.33109e+07 1.99102e+07 2.92481e+07 1.35619e+07 98 88
448000 1.32593e+08 6.38194e+09 1.91495e+10 3.38483e+07 1.98961e+07 3.14722e+07 1.41745e+07 100 87
449000 1.36704e+08 6.33124e+09 9.77258e+09 3.09905e+07 1.71256e+07 2.73776e+07 1.35874e+07 115 92
450000 1.29728e+08 6.29627e+09 1.34433e+10 2.98918e+07 1.56584e+07 2.40963e+07 1.22473e+07 121 90
451000 1.23215e+08 6.28819e+09 7.48782e+09 2.67399e+07 1.31953e+07 1.98525e+07 9.20218e+06 127 101
452000 1.1674e+08 6.32927e+09 1.57023e+10 2.70394e+07 1.47501e+07 2.12872e+07 1.17668e+07 112 96
453000 1.17085e+08 6.36368e+09 1.62586e+10 3.97941e+07 2.67406e+07 2.15451e+07 1.02361e+07 111 93
454000 1.36013e+08 6.3104e+09 7.50364e+09 3.47547e+07 1.67642e+07 2.69355e+07 1.52269e+07 127 83
455000 1.33919e+08 6.27673e+09 1.81182e+10 4.13462e+07 2.2445e+07 2.23112e+07 1.13744e+07 116 93
456000 1.28395e+08 6.26543e+09 2.33237e+10 3.4731e+07 2.17063e+07 2.23922e+07 1.06366e+07 107 95
457000 1.32333e+08 6.22904e+09 1.54077e+10 3.5565e+07 2.1495e+07 2.70154e+07 1.52027e+07 113 85
458000 1.41752e+08 6.14213e+09 1.90981e+10 3.96731e+07 1.91194e+07 2.31328e+07 1.21454e+07 114 88
459000 1.36235e+08 6.09229e+09 2.5213e+10 3.57028e+07 1.89151e+07 2.40071e+07 1.20607e+07 117 86
460000 1.23922e+08 6.11001e+09 2.58953e+10 2.73458e+07 1.56423e+07 3.84821e+07 2.28132e+07 114 87
461000 1.15058e+08 6.15038e+09 1.78529e+10 2.52369e+07 1.40807e+07 2.40787e+07 1.21623e+07 112 91
462000 1.10159e+08 6.22106e+09 1.71623e+10 2.5818e+07 1.4894e+07 2.7962e+07 1.60171e+07 99 87
463000 1.08908e+08 6.28711e+09 1.50136e+10 2.40904e+07 1.32902e+07 2.62709e+07 1.54478e+07 104 91
464000 1.13082e+08 6.3243e+09 2.3378e+10 2.75602e+07 1.6486e+07 5.58641e+07 4.2913e+07 92 92
465000 1.24639e+08 6.29944e+09 2.44722e+10 2.85316e+07 1.79505e+07 3.28521e+07 1.43977e+07 91 99
466000 1.23735e+08 6.27781e+09 2.18308e+10 2.82833e+07 1.6794e+07 2.66965e+07 1.21656e+07 94 107
467000 1.22191e+08 6.28166e+09 1.801e+10 3.01157e+07 1.84311e+07 2.55553e+07 1.14561e+07 94 102
468000 1.21765e+08 6.28757e+09 2.21208e+10 3.15847e+07 1.91164e+07 2.43292e+07 1.19324e+07 94 102
469000 1.23006e+08 6.29744e+09 2.05909e+10 3.17627e+07 1.87687e+07 2.53929e+07 1.39629e+07 93 100
470000 1.2327e+08 6.30172e+09 2.51301e+10 3.78987e+07 2.54379e+07 2.60607e+07 1.33809e+07 93 97
471000 1.24069e+08 6.29788e+09 3.02779e+10 3.57228e+07 2.31931e+07 3.4952e+07 2.04189e+07 88 97
472000 1.26582e+08 6.2808e+09 3.56337e+10 3.8043e+07 2.39551e+07 2.72295e+07 1.22837e+07 84 94
473000 1.31806e+08 6.25175e+09 2.6187e+10 4.41543e+07 2.86056e+07 3.55455e+07 2.22217e+07 90 96
474000 1.3642e+08 6.1892e+09 1.51237e+10 3.82608e+07 2.36194e+07 2.46452e+07 1.25689e+07 99 98
475000 1.31462e+08 6.16013e+09 2.05541e+10 3.3236e+07 1.82207e+07 2.39552e+07 1.27381e+07 102 96
476000 1.21166e+08 6.17537e+09 2.92257e+10 6.76278e+07 5.42985e+07 2.36175e+07 1.25061e+07 101 99
477000 1.19202e+08 6.20375e+09 2.17986e+10 3.52101e+07 2.32866e+07 3.01737e+07 2.03018e+07 91 96
478000 1.19188e+08 6.22715e+09 2.11393e+10 3.38227e+07 2.16735e+07 2.90155e+07 1.61094e+07 91 103
479000 1.22872e+08 6.23691e+09 1.87088e+10 3.35523e+07 2.2025e+07 2.80615e+07 1.54599e+07 86 95
480000 1.18657e+08 6.25967e+09 1.86678e+10 3.07333e+07 1.79828e+07 2.77401e+07 1.46985e+07 85 96
481000 1.15146e+08 6.30458e+09 1.08073e+10 3.17087e+07 2.04672e+07 2.5241e+07 1.36068e+07 80 102
482000 1.10548e+08 6.35296e+09 7.51366e+09 2.92572e+07 1.89481e+07 2.43463e+07 1.2904e+07 83 103
483000 1.09574e+08 6.40731e+09 9.01778e+09 2.70746e+07 1.62446e+07 2.45705e+07 1.3462e+07 92 100
484000 1.1054e+08 6.44471e+09 9.38047e+09 2.93159e+07 1.74023e+07 2.20712e+07 1.15138e+07 91 108
485000 1.18441e+08 6.46168e+09 1.08259e+10 3.71748e+07 2.40005e+07 2.3093e+07 1.22893e+07 89 107
486000 1.27924e+08 6.43822e+09 1.69896e+10 4.4196e+07 2.63016e+07 2.45273e+07 1.31902e+07 78 100
487000 1.26936e+08 6.40686e+09 2.71425e+10 3.27416e+07 1.66324e+07 2.78766e+07 1.65125e+07 96 92
488000 1.2633e+08 6.39438e+09 2.62551e+10 3.45393e+07 1.81218e+07 2.98633e+07 1.91162e+07 86 103
489000 1.27096e+08 6.37256e+09 1.70993e+10 3.32167e+07 1.81534e+07 3.1003e+07 1.55776e+07 96 102
490000 1.26082e+08 6.36159e+09 1.15996e+10 3.20359e+07 1.71629e+07 2.27605e+07 1.17034e+07 93 112
491000 1.14538e+08 6.38984e+09 1.63947e+10 2.65675e+07 1.34777e+07 2.13099e+07 1.02809e+07 96 116
492000 1.10411e+08 6.44369e+09 1.41423e+10 2.52797e+07 1.41186e+07 2.10987e+07 9.94972e+06 96 120
493000 1.15177e+08 6.50219e+09 1.66139e+10 2.87955e+07 1.83224e+07 2.82564e+07 1.56697e+07 90 103
494000 1.17825e+08 6.52449e+09 1.64058e+10 2.69954e+07 1.60123e+07 2.67894e+07 1.38039e+07 90 106
495000 1.19426e+08 6.53846e+09 2.66342e+10 3.18233e+07 1.94772e+07 3.66257e+07 2.32042e+07 88 84
496000 1.22479e+08 6.53293e+09 2.41708e+10 3.26327e+07 1.81347e+07 2.84465e+07 1.51697e+07 84 101
497000 1.22776e+08 6.53776e+09 2.10541e+10 3.04586e+07 1.73437e+07 3.049e+07 1.64307e+07 83 97
498000 1.17413e+08 6.54476e+09 4.12052e+10 3.64335e+07 2.47622e+07 2.73466e+07 1.2713e+07 74 108
499000 1.27136e+08 6.51298e+09 3.32969e+10 3.58206e+07 2.40298e+07 2.94644e+07 1.15518e+07 74 118
500000 1.29716e+08 6.47872e+09 3.3204e+10 3.72498e+07 2.26864e+07 2.55627e+07 1.11465e+07 73 115
501000 1.2063e+08 6.4953e+09 2.91006e+10 5.05727e+07 3.66482e+07 2.94247e+07 1.67204e+07 80 112
502000 1.14801e+08 6.54112e+09 2.89608e+10 3.06153e+07 1.85658e+07 2.50491e+07 1.32664e+07 81 105
503000 1.14252e+08 6.56901e+09 3.48843e+10 3.56264e+07 1.94285e+07 2.38555e+07 1.22342e+07 82 106
504000 1.33067e+08 6.52387e+09 2.53654e+10 4.34512e+07 2.21035e+07 2.50607e+07 1.35088e+07 84 102
505000 1.27493e+08 6.50594e+09 2.6337e+10 3.48057e+07 1.7274e+07 3.25881e+07 2.04615e+07 84 101
506000 1.16681e+08 6.53708e+09 3.09339e+10 2.82424e+07 1.29271e+07 2.41787e+07 1.24264e+07 90 105
507000 1.14566e+08 6.59946e+09 2.30829e+10 3.25847e+07 2.02305e+07 2.63106e+07 1.54857e+07 77 97
508000 1.10367e+08 6.65107e+09 2.69435e+10 3.07683e+07 1.89226e+07 2.62136e+07 1.45541e+07 79 95
509000 1.12776e+08 6.68842e+09 2.53555e+10 3.51063e+07 2.30324e+07 2.52563e+07 1.34338e+07 74 103
510000 1.22356e+08 6.67582e+09 1.87685e+10 3.86745e+07 2.208e+07 2.76248e+07 1.39221e+07 80 102
511000 1.29356e+08 6.6428e+09 1.34362e+10 5.22364e+07 3.66164e+07 2.72011e+07 1.41321e+07 94 103
512000 1.24918e+08 6.63666e+09 1.30593e+10 3.12129e+07 1.76904e+07 2.66923e+07 1.32432e+07 87 105
513000 1.18102e+08 6.66924e+09 2.70872e+10 3.25884e+07 1.89549e+07 3.98857e+07 2.23478e+07 84 92
514000 1.2265e+08 6.66348e+09 3.17721e+10 4.21393e+07 1.97439e+07 2.80874e+07 1.62234e+07 81 87
515000 1.22665e+08 6.65616e+09 2.21313e+10 3.41857e+07 1.83096e+07 2.61652e+07 1.47399e+07 85 90
516000 1.08712e+08 6.72453e+09 2.2726e+10 2.56849e+07 1.32862e+07 2.41815e+07 1.35159e+07 91 94
517000 1.02242e+08 6.81763e+09 2.67752e+10 2.42252e+07 1.30467e+07 3.35642e+07 1.89203e+07 87 96
518000 1.09242e+08 6.86177e+09 2.3889e+10 2.71455e+07 1.62846e+07 3.39941e+07 1.65159e+07 79 99
519000 1.27736e+08 6.82199e+09 2.07509e+10 2.60157e+07 1.60989e+07 4.15408e+07 1.90697e+07 82 100
520000 1.23205e+08 6.81415e+09 2.9375e+10 2.96013e+07 1.71946e+07 4.0945e+07 2.41689e+07 75 108
521000 1.24482e+08 6.79523e+09 3.2776e+10 2.81189e+07 1.74224e+07 3.80911e+07 1.85872e+07 73 108
522000 1.2705e+08 6.746e+09 5.23037e+10 3.78726e+07 2.3205e+07 2.95325e+07 1.28113e+07 60 121
523000 1.26723e+08 6.73703e+09 4.3936e+10 4.44346e+07 2.3337e+07 2.62014e+07 1.4107e+07 69 113
524000 1.31134e+08 6.70221e+09 4.14209e+10 4.05649e+07 1.83911e+07 2.56642e+07 1.40451e+07 69 118
525000 1.19801e+08 6.7152e+09 3.63234e+10 2.79537e+07 1.22496e+07 2.60679e+07 1.3549e+07 78 121
526000 1.13823e+08 6.75459e+09 2.93239e+10 2.44699e+07 1.26114e+07 2.76264e+07 1.52046e+07 80 131
527000 1.08307e+08 6.81426e+09 3.81889e+10 2.43314e+07 1.25803e+07 2.56987e+07 1.32097e+07 77 115
528000 1.10293e+08 6.87745e+09 2.81537e+10 2.78713e+07 1.4339e+07 2.50865e+07 1.31308e+07 75 118
529000 1.15114e+08 6.90926e+09 2.18943e+10 3.13158e+07 1.64474e+07 2.62239e+07 1.46648e+07 76 117
530000 1.17152e+08 6.91347e+09 1.8704e+10 2.87589e+07 1.45028e+07 2.66899e+07 1.44745e+07 77 118
531000 1.16618e+08 6.93283e+09 2.52619e+10 2.80299e+07 1.5275e+07 2.6574e+07 1.3486e+07 72 121
532000 1.17924e+08 6.94215e+09 3.00639e+10 3.16211e+07 1.5845e+07 3.08871e+07 1.82721e+07 72 115
533000 1.29092e+08 6.90862e+09 2.16382e+10 3.23744e+07 1.45819e+07 2.96607e+07 1.58847e+07 70 123
534000 1.3196e+08 6.86819e+09 1.87671e+10 3.17951e+07 1.57237e+07 3.17265e+07 1.69511e+07 70 128
535000 1.35193e+08 6.80114e+09 1.54387e+10 3.42366e+07 1.93041e+07 2.95992e+07 1.43134e+07 70 129
536000 1.33325e+08 6.74157e+09 1.8433e+10 3.56202e+07 2.19092e+07 2.81021e+07 1.31135e+07 70 131
537000 1.31905e+08 6.70169e+09 2.15446e+10 3.71628e+07 2.11418e+07 3.52156e+07 1.84416e+07 76 129
538000 1.34136e+08 6.63674e+09 1.55953e+10 3.95865e+07 2.08948e+07 2.27595e+07 1.11083e+07 80 136
539000 1.39067e+08 6.57162e+09 1.84003e+10 4.8138e+07 2.08011e+07 2.28087e+07 1.27511e+07 83 138
540000 1.51012e+08 6.41664e+09 1.47347e+10 5.42524e+07 3.11943e+07 2.17803e+07 1.03914e+07 92 142
541000 1.61327e+08 6.26319e+09 1.98105e+10 5.02608e+07 1.68315e+07 2.25137e+07 1.05796e+07 98 137
542000 1.44095e+08 6.17153e+09 2.2233e+10 2.54613e+07 1.08317e+07 2.24972e+07 1.07439e+07 112 136
543000 1.31185e+08 6.17551e+09 1.85993e+10 2.71905e+07 1.55226e+07 2.44668e+07 1.38941e+07 100 124
544000 1.29447e+08 6.15781e+09 2.30872e+10 3.15326e+07 2.1412e+07 2.2638e+07 1.1114e+07 96 129
545000 1.23152e+08 6.15467e+09 2.75408e+10 2.85308e+07 1.50284e+07 2.12409e+07 9.67949e+06 87 133
546000 1.13301e+08 6.2124e+09 3.54135e+10 2.77487e+07 1.68839e+07 2.79346e+07 1.39178e+07 78 127
547000 1.08757e+08 6.28423e+09 4.25051e+10 2.67294e+07 1.60419e+07 2.35563e+07 1.20624e+07 75 116
548000 1.09801e+08 6.336e+09 4.23652e+10 3.12511e+07 1.87254e+07 2.50995e+07 1.16002e+07 77 111
549000 1.20075e+08 6.34676e+09 3.33111e+10 3.71345e+07 2.26776e+07 2.61189e+07 1.1274e+07 67 119
550000 1.1968e+08 6.3487e+09 3.30288e+10 3.36845e+07 1.86391e+07 2.40575e+07 9.26463e+06 76 125
551000 1.14819e+08 6.396e+09 1.99416e+10 2.92726e+07 1.5699e+07 2.63135e+07 1.47716e+07 79 118
552000 1.10397e+08 6.45915e+09 1.60999e+10 2.86973e+07 1.72646e+07 2.23601e+07 1.29566e+07 79 117
553000 1.08402e+08 6.52167e+09 2.06041e+10 2.92644e+07 1.82794e+07 2.324e+07 1.24763e+07 79 113
554000 1.10399e+08 6.56644e+09 1.91296e+10 2.94366e+07 1.66246e+07 2.50423e+07 1.41045e+07 79 110
555000 1.15932e+08 6.59535e+09 2.38221e+10 3.16615e+07 1.74369e+07 2.76752e+07 1.49706e+07 79 104
556000 1.20218e+08 6.60256e+09 1.96411e+10 3.29276e+07 1.91631e+07 3.05818e+07 1.74159e+07 78 107
557000 1.1734e+08 6.60864e+09 2.59897e+10 2.74431e+07 1.57599e+07 2.98771e+07 1.55424e+07 79 109
558000 1.18797e+08 6.61437e+09 2.48471e+10 2.73735e+07 1.54228e+07 2.70273e+07 1.23317e+07 75 126
559000 1.19497e+08 6.61872e+09 2.25077e+10 3.03994e+07 1.74453e+07 2.58367e+07 1.21627e+07 69 126
560000 1.18089e+08 6.63603e+09 1.79184e+10 3.03203e+07 1.90927e+07 2.70724e+07 1.48448e+07 77 129
561000 1.1641e+08 6.66257e+09 1.50546e+10 3.07904e+07 1.86235e+07 2.25451e+07 1.07952e+07 78 128
562000 1.19439e+08 6.67108e+09 1.8707e+10 3.56951e+07 2.34527e+07 2.1147e+07 1.07691e+07 78 132
563000 1.32312e+08 6.62222e+09 1.96466e+10 4.1193e+07 2.53917e+07 2.5763e+07 1.22588e+07 77 127
564000 1.47233e+08 6.49468e+09 2.16301e+10 3.82158e+07 1.82166e+07 3.61716e+07 1.85517e+07 90 127
565000 1.5219e+08 6.36956e+09 1.49552e+10 3.9167e+07 1.5845e+07 2.56539e+07 1.16835e+07 89 133
566000 1.462e+08 6.27759e+09 2.16871e+10 3.51061e+07 1.7371e+07 3.00875e+07 1.35556e+07 84 125
567000 1.36834e+08 6.23134e+09 2.15675e+10 2.88272e+07 1.38749e+07 3.54265e+07 2.14817e+07 86 123
568000 1.23702e+08 6.2345e+09 2.28934e+10 2.82879e+07 1.51671e+07 2.12424e+07 1.03584e+07 82 138
569000 1.12999e+08 6.28588e+09 2.69888e+10 2.72471e+07 1.42887e+07 2.28773e+07 1.21871e+07 82 135
570000 1.06614e+08 6.35849e+09 3.213e+10 2.40501e+07 1.19951e+07 2.21126e+07 1.0629e+07 80 128
571000 1.133e+08 6.40537e+09 1.81942e+10 2.62035e+07 1.70621e+07 2.66847e+07 1.30244e+07 73 131
572000 1.22038e+08 6.38659e+09 1.38671e+10 2.5203e+07 1.54212e+07 2.81829e+07 1.1548e+07 70 143
573000 1.24251e+08 6.36647e+09 1.53942e+10 2.92686e+07 1.96751e+07 2.47374e+07 1.01579e+07 66 151
574000 1.22627e+08 6.36932e+09 1.92819e+10 3.56774e+07 2.27317e+07 2.23123e+07 1.00071e+07 67 141
575000 1.17353e+08 6.37997e+09 2.73507e+10 3.70588e+07 2.23394e+07 1.92864e+07 8.60694e+06 64 152
576000 1.19716e+08 6.40673e+09 1.86589e+10 4.69915e+07 3.43579e+07 2.11211e+07 1.08838e+07 61 154
577000 1.18401e+08 6.40667e+09 1.87357e+10 3.39327e+07 2.23132e+07 2.09937e+07 9.01327e+06 63 157
578000 1.20449e+08 6.41394e+09 1.96399e+10 3.097e+07 1.69121e+07 2.32937e+07 9.95558e+06 67 149
579000 1.20166e+08 6.42421e+09 1.40462e+10 3.76152e+07 2.58197e+07 2.18833e+07 9.85719e+06 60 148
580000 1.18973e+08 6.44524e+09 1.3093e+10 3.94733e+07 2.81117e+07 2.1015e+07 1.02149e+07 56 149
581000 1.1737e+08 6.47052e+09 1.60585e+10 3.61711e+07 2.46317e+07 2.09107e+07 9.34776e+06 60 151
582000 1.20478e+08 6.48445e+09 1.80451e+10 5.90103e+07 4.75755e+07 2.15722e+07 9.65683e+06 58 146
583000 1.22291e+08 6.47778e+09 2.87225e+10 4.0758e+07 2.86999e+07 2.41554e+07 1.20804e+07 57 137
584000 1.29945e+08 6.45144e+09 2.8779e+10 4.47713e+07 2.7091e+07 2.77409e+07 1.43049e+07 59 121
585000 1.27464e+08 6.42579e+09 2.72417e+10 4.35527e+07 2.56587e+07 2.70036e+07 1.36453e+07 57 118
586000 1.18196e+08 6.4448e+09 2.85893e+10 3.57351e+07 2.21146e+07 2.28766e+07 1.12599e+07 61 132
587000 1.19104e+08 6.45344e+09 2.5153e+10 4.01103e+07 2.12052e+07 2.18739e+07 1.13466e+07 64 137
588000 1.24874e+08 6.44673e+09 2.68861e+10 4.01122e+07 2.09613e+07 2.46034e+07 1.37072e+07 69 121
589000 1.27727e+08 6.41157e+09 2.63703e+10 3.40584e+07 1.65254e+07 2.5438e+07 1.39464e+07 77 122
590000 1.28833e+08 6.38716e+09 3.07978e+10 3.22599e+07 1.56997e+07 3.18939e+07 1.72624e+07 73 116
591000 1.22684e+08 6.38441e+09 2.52825e+10 2.75647e+07 1.50295e+07 2.71103e+07 1.32416e+07 76 123
592000 1.1993e+08 6.4062e+09 1.89141e+10 2.98813e+07 1.72041e+07 2.96739e+07 1.68272e+07 68 126
593000 1.18528e+08 6.42256e+09 2.09822e+10 3.28276e+07 1.95776e+07 2.57648e+07 1.36214e+07 66 129
594000 1.16805e+08 6.44429e+09 1.48287e+10 3.29159e+07 2.05464e+07 2.40878e+07 1.24225e+07 70 134
595000 1.15741e+08 6.47686e+09 2.63423e+10 3.96482e+07 2.61458e+07 2.53824e+07 1.40696e+07 60 126
596000 1.1975e+08 6.49307e+09 2.51175e+10 3.63164e+07 1.8408e+07 2.66792e+07 1.51528e+07 68 125
597000 1.17425e+08 6.4916e+09 2.94414e+10 2.91638e+07 1.39356e+07 2.83719e+07 1.56991e+07 71 122
598000 1.16612e+08 6.51791e+09 3.07654e+10 2.96526e+07 1.57483e+07 2.55604e+07 1.18801e+07 70 124
599000 1.17341e+08 6.53915e+09 2.72342e+10 3.18522e+07 1.86617e+07 2.73102e+07 1.39668e+07 65 121
600000 1.18508e+08 6.54961e+09 2.5502e+10 3.4662e+07 2.25574e+07 2.6575e+07 1.24128e+07 62 125
601000 1.22963e+08 6.54742e+09 1.60406e+10 2.70991e+07 1.52291e+07 3.26459e+07 1.80359e+07 74 116
602000 1.21759e+08 6.54379e+09 1.74261e+10 2.66488e+07 1.54413e+07 3.42932e+07 2.14043e+07 72 129
603000 1.25773e+08 6.50536e+09 2.59697e+10 2.80402e+07 1.54278e+07 3.17068e+07 1.2945e+07 65 134
604000 1.21331e+08 6.48866e+09 2.69057e+10 2.8618e+07 1.79447e+07 2.49497e+07 1.05225e+07 61 140
605000 1.11513e+08 6.54371e+09 2.70515e+10 2.93783e+07 1.65196e+07 2.06225e+07 9.18917e+06 65 147
606000 1.12508e+08 6.60843e+09 1.72755e+10 3.43454e+07 2.02712e+07 2.13193e+07 1.01216e+07 59 139
607000 1.12424e+08 6.64098e+09 2.84335e+10 4.48043e+07 3.05673e+07 2.20201e+07 1.09883e+07 56 133
608000 1.2349e+08 6.63144e+09 3.12525e+10 4.95306e+07 2.81494e+07 2.1774e+07 1.07546e+07 59 135
609000 1.28259e+08 6.6119e+09 3.14877e+10 4.89832e+07 2.65386e+07 2.32849e+07 1.22734e+07 59 129
610000 1.21771e+08 6.62067e+09 2.47194e+10 5.60905e+07 3.80663e+07 2.37208e+07 1.21033e+07 67 124
611000 1.16969e+08 6.65817e+09 2.00212e+10 4.28543e+07 2.55011e+07 2.5454e+07 1.43381e+07 64 116
612000 1.16891e+08 6.68104e+09 1.9438e+10 4.19113e+07 2.42884e+07 2.36603e+07 1.32964e+07 62 133
613000 1.18815e+08 6.69544e+09 1.93278e+10 3.60602e+07 2.23499e+07 2.64032e+07 1.46928e+07 59 126
614000 1.2093e+08 6.69827e+09 1.86665e+10 3.54293e+07 2.31489e+07 3.07566e+07 1.6255e+07 61 120
615000 1.22869e+08 6.68694e+09 2.13793e+10 2.92751e+07 1.50477e+07 3.3125e+07 1.80209e+07 58 123
616000 1.29202e+08 6.63834e+09 1.21016e+10 2.82344e+07 1.58889e+07 4.00174e+07 1.75821e+07 55 136
617000 1.2364e+08 6.62574e+09 1.69952e+10 3.27484e+07 2.14157e+07 2.77741e+07 1.34076e+07 43 145
618000 1.14098e+08 6.65925e+09 2.37016e+10 3.3888e+07 2.24227e+07 2.52557e+07 1.37132e+07 41 152
619000 1.0947e+08 6.70645e+09 2.66206e+10 2.82464e+07 1.65527e+07 2.57874e+07 1.34341e+07 45 148
620000 1.09889e+08 6.75005e+09 3.23428e+10 3.36578e+07 2.13258e+07 2.56962e+07 1.27085e+07 44 140
621000 1.16796e+08 6.77021e+09 2.91965e+10 4.81476e+07 2.84581e+07 2.42435e+07 1.1414e+07 36 155
622000 1.22418e+08 6.76052e+09 3.20543e+10 5.43613e+07 3.03705e+07 2.65232e+07 1.40414e+07 35 146
623000 1.28535e+08 6.7229e+09 1.72353e+10 3.54696e+07 1.67283e+07 3.02517e+07 1.63728e+07 49 149
624000 1.31461e+08 6.66481e+09 1.39787e+10 3.33134e+07 1.9463e+07 2.76049e+07 1.21815e+07 48 158
625000 1.21809e+08 6.66418e+09 2.16082e+10 3.05832e+07 1.54227e+07 2.58359e+07 1.28473e+07 47 152
626000 1.1606e+08 6.71534e+09 1.16863e+10 3.13638e+07 1.95853e+07 2.53175e+07 1.41925e+07 44 149
627000 1.10943e+08 6.76864e+09 1.46743e+10 3.13996e+07 1.824e+07 2.35857e+07 1.27123e+07 39 156
628000 1.10015e+08 6.8157e+09 2.2527e+10 3.75382e+07 2.2224e+07 2.57213e+07 1.48102e+07 40 139
629000 1.11681e+08 6.85244e+09 2.48085e+10 3.90322e+07 2.06787e+07 2.52403e+07 1.40963e+07 42 139
630000 1.16648e+08 6.86163e+09 1.74926e+10 3.40954e+07 1.68859e+07 2.77923e+07 1.57355e+07 48 138
631000 1.31251e+08 6.79333e+09 1.42444e+10 4.08302e+07 2.14017e+07 3.03827e+07 1.35224e+07 50 157
632000 1.4042e+08 6.7048e+09 1.74114e+10 5.87442e+07 3.22234e+07 2.79883e+07 1.5058e+07 44 158
633000 1.54607e+08 6.542e+09 2.32481e+10 4.89815e+07 1.70751e+07 3.09181e+07 1.78444e+07 46 151
634000 1.43975e+08 6.44877e+09 2.86509e+10 3.48535e+07 1.6869e+07 2.95326e+07 1.39889e+07 46 163
635000 1.43857e+08 6.35224e+09 1.92626e+10 2.75417e+07 1.22635e+07 3.11749e+07 1.46108e+07 49 170
636000 1.34312e+08 6.30119e+09 1.56632e+10 2.31759e+07 1.03473e+07 2.80804e+07 1.45969e+07 51 173
637000 1.21216e+08 6.31591e+09 1.92833e+10 2.23414e+07 1.14742e+07 2.65419e+07 1.44644e+07 46 162
638000 1.14237e+08 6.36084e+09 1.6164e+10 1.92712e+07 9.83682e+06 2.82793e+07 1.66606e+07 48 153
639000 1.08959e+08 6.41985e+09 1.52408e+10 1.8779e+07 1.02425e+07 2.75502e+07 1.5644e+07 42 160
640000 1.03261e+08 6.48996e+09 2.17966e+10 1.75621e+07 7.67934e+06 2.66631e+07 1.55398e+07 38 159
641000 1.09359e+08 6.54859e+09 1.48386e+10 2.10893e+07 1.26344e+07 2.97243e+07 1.83198e+07 30 166
642000 1.14543e+08 6.55635e+09 1.20907e+10 1.80123e+07 8.94788e+06 2.87382e+07 1.5894e+07 37 165
643000 1.19568e+08 6.55218e+09 1.11182e+10 1.99571e+07 1.15721e+07 2.9087e+07 1.55314e+07 35 169
644000 1.19882e+08 6.54787e+09 1.8865e+10 7.50474e+07 4.01803e+07 3.56285e+07 1.82055e+07 27 160
645000 1.17765e+08 6.54854e+09 2.28777e+10 3.55217e+07 2.32999e+07 3.84029e+07 1.69887e+07 21 172
646000 1.14176e+08 6.55978e+09 2.57051e+10 2.62112e+07 1.4081e+07 2.63713e+07 1.32542e+07 24 177
647000 1.15659e+08 6.57556e+09 2.27359e+10 2.65106e+07 1.31516e+07 2.61887e+07 1.31569e+07 27 179
648000 1.31523e+08 6.52728e+09 1.9484e+10 8.70277e+07 3.30742e+07 2.68412e+07 1.4501e+07 24 192
649000 1.34164e+08 6.44364e+09 8.68969e+09 3.62779e+07 1.3448e+07 2.38158e+07 1.16749e+07 36 203
650000 1.20031e+08 6.4669e+09 8.52448e+09 2.645e+07 1.26111e+07 2.68637e+07 1.60111e+07 31 187
651000 1.13174e+08 6.51581e+09 1.42079e+10 2.58596e+07 1.71305e+07 2.53989e+07 1.43169e+07 25 175
652000 1.0884e+08 6.55294e+09 1.63137e+10 2.22951e+07 1.34687e+07 2.29764e+07 1.15664e+07 27 189
653000 1.10484e+08 6.59618e+09 2.08401e+10 2.1753e+07 1.48764e+07 2.60087e+07 1.52066e+07 27 177
654000 1.15374e+08 6.6147e+09 2.33781e+10 2.69949e+07 1.61871e+07 2.63862e+07 1.41059e+07 24 183
655000 1.23933e+08 6.58613e+09 2.11948e+10 3.45342e+07 2.23737e+07 3.25783e+07 1.6904e+07 22 178
656000 1.28206e+08 6.53177e+09 2.11705e+10 4.58471e+07 3.28374e+07 2.92338e+07 1.35106e+07 21 183
657000 1.37174e+08 6.4492e+09 1.46546e+10 5.76641e+07 2.39886e+07 2.51617e+07 1.20561e+07 28 192
658000 1.3817e+08 6.36453e+09 1.18171e+10 4.87297e+07 1.80169e+07 2.29732e+07 1.15614e+07 30 205
659000 1.25884e+08 6.34242e+09 1.39011e+10 3.64686e+07 1.60361e+07 2.22688e+07 1.09796e+07 27 209
660000 1.19754e+08 6.35822e+09 1.90239e+10 2.30335e+07 1.2287e+07 2.63236e+07 1.23484e+07 33 204
661000 1.21267e+08 6.36872e+09 1.27265e+10 1.92758e+07 1.1282e+07 2.64006e+07 1.32447e+07 33 187
662000 1.15836e+08 6.38039e+09 1.90432e+10 1.96288e+07 1.21032e+07 2.37257e+07 1.09069e+07 30 191
663000 1.126e+08 6.41588e+09 1.21507e+10 1.92434e+07 1.1104e+07 3.06152e+07 1.91597e+07 32 190
664000 1.11516e+08 6.4696e+09 1.07615e+10 1.91947e+07 1.12555e+07 3.05132e+07 1.96904e+07 30 188
665000 1.08805e+08 6.51882e+09 1.76785e+10 1.6961e+07 7.27655e+06 2.84771e+07 1.69615e+07 31 168
666000 1.07448e+08 6.56182e+09 1.45172e+10 2.06541e+07 1.07174e+07 2.55193e+07 1.38626e+07 26 178
667000 1.09446e+08 6.60021e+09 1.08894e+10 2.47793e+07 1.36507e+07 2.23831e+07 1.06903e+07 23 200
668000 1.09774e+08 6.64759e+09 8.55483e+09 2.31985e+07 1.23687e+07 2.41117e+07 1.23677e+07 24 186
669000 1.08458e+08 6.69224e+09 8.85314e+09 2.43445e+07 1.31073e+07 2.4751e+07 1.33013e+07 21 182
670000 1.05784e+08 6.74855e+09 2.03145e+10 2.52614e+07 1.52835e+07 2.74912e+07 1.5769e+07 19 177
671000 1.05872e+08 6.80874e+09 1.86933e+10 2.54142e+07 1.66732e+07 2.52057e+07 1.39369e+07 19 175
672000 1.08581e+08 6.86761e+09 2.51847e+10 4.22595e+07 3.31469e+07 3.24113e+07 2.052e+07 14 170
673000 1.15143e+08 6.86284e+09 2.57953e+10 4.94832e+07 3.31895e+07 2.66575e+07 1.34152e+07 17 180
674000 1.36008e+08 6.79224e+09 2.26921e+10 7.7233e+07 3.66058e+07 3.33328e+07 1.99432e+07 20 169
675000 1.53763e+08 6.61489e+09 2.16997e+10 5.73142e+07 1.64012e+07 3.22494e+07 1.7874e+07 31 188
676000 1.53494e+08 6.47071e+09 1.42124e+10 4.62926e+07 1.72458e+07 3.27966e+07 1.87935e+07 29 181
677000 1.48069e+08 6.34693e+09 1.22139e+10 3.04254e+07 1.13869e+07 3.19589e+07 1.70619e+07 33 191
678000 1.45799e+08 6.23728e+09 1.1152e+10 1.7552e+07 7.31804e+06 3.04382e+07 1.48807e+07 43 191
679000 1.32035e+08 6.18512e+09 1.78607e+10 1.87878e+07 1.17916e+07 4.46706e+07 3.17448e+07 39 202
680000 1.24242e+08 6.1801e+09 1.66463e+10 1.64073e+07 9.23075e+06 2.72648e+07 1.5549e+07 36 195
681000 1.20842e+08 6.17952e+09 1.4619e+10 1.77463e+07 9.09391e+06 2.56996e+07 1.34833e+07 36 188
682000 1.19597e+08 6.19508e+09 1.36213e+10 1.92081e+07 1.05504e+07 2.44331e+07 1.28921e+07 34 196
683000 1.17222e+08 6.20876e+09 1.43171e+10 2.04187e+07 1.02608e+07 2.37074e+07 1.21573e+07 34 195
684000 1.1551e+08 6.23643e+09 1.56598e+10 1.95353e+07 7.86076e+06 2.48249e+07 1.38718e+07 34 187
685000 1.1531e+08 6.25962e+09 1.37285e+10 2.28412e+07 1.33417e+07 2.45136e+07 1.3521e+07 31 186
686000 1.1459e+08 6.2756e+09 1.32438e+10 2.19887e+07 1.13035e+07 2.5535e+07 1.36413e+07 28 184
687000 1.17115e+08 6.2914e+09 8.22026e+09 3.10022e+07 2.3911e+07 2.62249e+07 1.42682e+07 24 187
688000 1.15312e+08 6.31685e+09 1.81204e+10 6.63006e+07 5.70386e+07 2.6751e+07 1.42495e+07 23 174
689000 1.12383e+08 6.34586e+09 1.84216e+10 2.92232e+07 1.869e+07 2.45972e+07 1.28298e+07 19 185
690000 1.11559e+08 6.38259e+09 2.08991e+10 2.7616e+07 1.49408e+07 2.5757e+07 1.41027e+07 18 177
691000 1.10138e+08 6.41896e+09 2.24451e+10 2.97949e+07 1.98246e+07 2.539e+07 1.34312e+07 23 186
692000 1.13138e+08 6.4509e+09 1.58166e+10 3.20355e+07 2.16435e+07 3.002e+07 1.51023e+07 20 178
693000 1.14783e+08 6.46712e+09 1.45197e+10 3.39275e+07 2.35864e+07 2.70128e+07 1.48829e+07 18 174
694000 1.19339e+08 6.46435e+09 9.36952e+09 3.47955e+07 2.58992e+07 3.41237e+07 2.03319e+07 21 176
695000 1.21816e+08 6.45334e+09 1.04153e+10 2.95244e+07 1.7871e+07 2.85873e+07 1.56589e+07 25 182
696000 1.21386e+08 6.43997e+09 6.55883e+09 3.03342e+07 1.88495e+07 2.63801e+07 1.48997e+07 25 186
697000 1.20581e+08 6.44013e+09 1.27307e+10 3.63708e+07 2.37781e+07 2.61567e+07 1.32446e+07 21 186
698000 1.17926e+08 6.43669e+09 1.55491e+10 2.79646e+07 1.48824e+07 2.65628e+07 1.41878e+07 25 180
699000 1.19311e+08 6.42886e+09 1.03807e+10 2.85233e+07 1.60487e+07 2.45246e+07 1.1739e+07 25 199
700000 1.19373e+08 6.41989e+09 9.05306e+09 2.25353e+07 1.10055e+07 2.48688e+07 1.27177e+07 30 200
701000 1.18614e+08 6.42563e+09 1.45519e+10 3.17367e+07 2.14249e+07 2.33586e+07 1.21264e+07 24 205
702000 1.21362e+08 6.43331e+09 1.19941e+10 6.01883e+07 4.00101e+07 2.33939e+07 1.19991e+07 23 196
703000 1.1783e+08 6.43368e+09 2.07096e+10 4.60005e+07 2.48608e+07 2.28049e+07 1.14755e+07 21 193
704000 1.15158e+08 6.46589e+09 2.49619e+10 3.9716e+07 2.23928e+07 3.2051e+07 1.64947e+07 20 186
705000 1.12851e+08 6.50471e+09 2.09464e+10 3.64414e+07 2.53189e+07 2.46109e+07 1.35425e+07 20 179
706000 1.11869e+08 6.5411e+09 1.81564e+10 2.77631e+07 1.62179e+07 2.9413e+07 1.55209e+07 22 183
707000 1.13083e+08 6.57278e+09 1.43809e+10 2.7976e+07 1.75032e+07 2.80284e+07 1.65741e+07 19 184
708000 1.16654e+08 6.58827e+09 1.11803e+10 3.85723e+07 2.65753e+07 2.78902e+07 1.55703e+07 16 184
709000 1.19587e+08 6.58743e+09 9.79537e+09 3.35969e+07 2.12721e+07 2.74727e+07 1.44025e+07 18 182
710000 1.18344e+08 6.581e+09 1.58076e+10 3.88706e+07 2.65595e+07 2.84558e+07 1.5231e+07 16 181
711000 1.23511e+08 6.56957e+09 1.73277e+10 3.67857e+07 2.42001e+07 3.496e+07 1.9361e+07 16 164
712000 1.32405e+08 6.49103e+09 9.80754e+09 2.78199e+07 1.71147e+07 2.92157e+07 1.32958e+07 20 192
713000 1.22513e+08 6.48166e+09 1.81599e+10 2.78139e+07 1.72443e+07 2.43759e+07 1.18547e+07 19 196
714000 1.13082e+08 6.52419e+09 2.03594e+10 3.68951e+07 2.87246e+07 2.52408e+07 1.31496e+07 14 182
715000 1.11486e+08 6.56322e+09 1.91333e+10 2.89945e+07 1.77897e+07 2.6956e+07 1.54981e+07 16 180
716000 1.15552e+08 6.57179e+09 2.3819e+10 2.87284e+07 1.70738e+07 3.72622e+07 1.60261e+07 15 190
717000 1.20807e+08 6.55012e+09 3.29769e+10 3.3246e+07 2.04597e+07 2.94828e+07 1.58295e+07 15 179
718000 1.20583e+08 6.52931e+09 2.87337e+10 2.92123e+07 1.50376e+07 2.58219e+07 1.17328e+07 17 193
719000 1.1823e+08 6.54689e+09 2.08131e+10 3.1901e+07 1.74825e+07 2.94698e+07 1.46836e+07 18 198
720000 1.14514e+08 6.57405e+09 2.68584e+10 3.29686e+07 1.64246e+07 2.57292e+07 1.30189e+07 18 183
721000 1.1138e+08 6.60787e+09 3.72601e+10 2.95186e+07 1.72722e+07 2.60557e+07 1.3199e+07 19 176
722000 1.1281e+08 6.64644e+09 3.51744e+10 2.67956e+07 1.17851e+07 2.81889e+07 1.54582e+07 19 165
723000 1.12446e+08 6.67015e+09 3.38461e+10 3.26065e+07 2.20927e+07 2.73221e+07 1.48043e+07 15 170
724000 1.12e+08 6.70313e+09 3.10846e+10 2.89511e+07 1.63886e+07 2.73945e+07 1.39899e+07 16 179
725000 1.17384e+08 6.71621e+09 2.04663e+10 2.31338e+07 1.27317e+07 3.14545e+07 2.00087e+07 16 165
726000 1.21686e+08 6.69307e+09 1.74822e+10 5.91707e+07 2.07595e+07 3.28625e+07 1.90569e+07 16 187
727000 1.2087e+08 6.66262e+09 1.52326e+10 2.42298e+07 1.04808e+07 2.61926e+07 1.18187e+07 14 201
728000 1.17837e+08 6.66495e+09 1.10094e+10 2.14224e+07 9.41687e+06 2.66698e+07 1.3855e+07 15 194
729000 1.1266e+08 6.70142e+09 1.67781e+10 1.69285e+07 7.00621e+06 2.80616e+07 1.57275e+07 18 190
730000 1.10244e+08 6.74649e+09 2.30576e+10 2.70161e+07 1.76062e+07 2.35004e+07 1.20938e+07 15 193
731000 1.13645e+08 6.7834e+09 2.86794e+10 2.69116e+07 1.29974e+07 3.23681e+07 1.90356e+07 15 174
732000 1.21005e+08 6.76203e+09 2.89505e+10 2.56036e+07 1.48633e+07 3.06862e+07 1.51265e+07 17 175
733000 1.23676e+08 6.74516e+09 2.28913e+10 3.46293e+07 2.58178e+07 3.84788e+07 2.37546e+07 14 175
734000 1.18677e+08 6.74292e+09 2.33703e+10 3.8122e+07 2.72188e+07 3.24397e+07 1.90193e+07 12 189
735000 1.12556e+08 6.78554e+09 1.86774e+10 2.9042e+07 1.42603e+07 2.58583e+07 1.46045e+07 16 176
736000 1.0302e+08 6.85466e+09 2.43441e+10 2.92188e+07 1.4509e+07 2.45385e+07 1.36812e+07 14 169
737000 9.98205e+07 6.93765e+09 2.15495e+10 4.0743e+07 2.46152e+07 2.39376e+07 1.37684e+07 11 176
738000 1.12238e+08 6.97641e+09 1.16202e+10 2.83274e+07 1.37116e+07 2.87077e+07 1.71963e+07 16 191
739000 1.30865e+08 6.89835e+09 2.93818e+10 3.03486e+07 2.04682e+07 3.68488e+07 1.9691e+07 15 185
740000 1.49283e+08 6.74233e+09 1.70859e+10 3.45217e+07 2.65657e+07 3.46357e+07 1.61068e+07 13 206
741000 1.47273e+08 6.59289e+09 2.65272e+10 2.75146e+07 1.64911e+07 3.03696e+07 1.2992e+07 14 205
742000 1.36356e+08 6.54284e+09 3.03626e+10 2.73312e+07 1.7022e+07 3.43525e+07 1.69e+07 14 196
743000 1.35264e+08 6.47612e+09 1.98698e+10 4.03384e+07 3.17272e+07 2.92587e+07 1.3815e+07 9 212
744000 1.31862e+08 6.42092e+09 1.5831e+10 2.54481e+07 1.45361e+07 2.5102e+07 1.16188e+07 13 223
745000 1.25574e+08 6.40036e+09 1.3246e+10 3.80348e+07 2.70723e+07 2.42063e+07 1.15212e+07 12 219
746000 1.20767e+08 6.39059e+09 2.26462e+10 2.45544e+07 1.4151e+07 2.36418e+07 1.19809e+07 14 220
747000 1.23935e+08 6.3696e+09 7.18816e+09 2.50309e+07 1.56572e+07 2.43223e+07 1.15691e+07 14 223
748000 1.2095e+08 6.36909e+09 1.3856e+10 1.00031e+08 9.21989e+07 2.49053e+07 1.22705e+07 8 220
749000 1.14694e+08 6.39685e+09 2.62518e+10 2.97196e+07 2.01872e+07 2.69314e+07 1.53277e+07 11 214
750000 1.1457e+08 6.43707e+09 2.89391e+10 4.95294e+07 3.89356e+07 3.07262e+07 1.78353e+07 10 188
751000 1.14303e+08 6.44744e+09 2.26213e+10 1.07874e+08 8.26465e+07 2.42021e+07 1.32897e+07 9 200
752000 1.20362e+08 6.44481e+09 1.29759e+10 5.42134e+07 2.55665e+07 2.48868e+07 1.33389e+07 10 206
753000 1.21449e+08 6.43267e+09 2.07827e+10 2.62977e+07 7.56106e+06 2.72596e+07 1.39215e+07 14 192
754000 1.16638e+08 6.43989e+09 2.5706e+10 1.96135e+07 5.95425e+06 2.74679e+07 1.51583e+07 13 194
755000 1.15942e+08 6.455e+09 1.43499e+10 2.24737e+07 1.03441e+07 2.35723e+07 1.32268e+07 10 219
756000 1.17551e+08 6.45526e+09 1.18327e+10 2.29804e+07 1.60244e+07 2.49237e+07 1.29472e+07 9 216
757000 1.22302e+08 6.44196e+09 1.04249e+10 2.00883e+07 9.10099e+06 2.65362e+07 1.29775e+07 10 207
758000 1.19856e+08 6.42948e+09 1.64108e+10 1.99576e+07 9.13926e+06 2.70576e+07 1.40665e+07 10 194
759000 1.19131e+08 6.43413e+09 1.36905e+10 3.42607e+07 2.1852e+07 2.75994e+07 1.52513e+07 7 206
760000 1.19144e+08 6.4469e+09 1.91355e+10 2.75568e+07 1.51367e+07 2.6826e+07 1.42643e+07 10 191
761000 1.15164e+08 6.46118e+09 2.60647e+10 2.43492e+07 1.32066e+07 2.56821e+07 1.31954e+07 12 187
762000 1.09419e+08 6.5014e+09 3.1458e+10 2.12445e+07 7.90446e+06 2.56118e+07 1.30683e+07 11 185
763000 1.07946e+08 6.55982e+09 2.50447e+10 2.18826e+07 8.12307e+06 2.55585e+07 1.39414e+07 11 183
764000 1.0601e+08 6.61967e+09 2.35936e+10 2.65466e+07 1.40999e+07 2.43337e+07 1.25653e+07 9 192
765000 1.07492e+08 6.67467e+09 2.20844e+10 2.88496e+07 1.75995e+07 2.66839e+07 1.45932e+07 9 179
766000 1.10144e+08 6.69718e+09 2.01021e+10 3.46208e+07 2.68333e+07 2.873e+07 1.54064e+07 8 181
767000 1.14593e+08 6.72453e+09 3.05356e+10 4.35366e+07 3.651e+07 3.11497e+07 1.89713e+07 8 166
768000 1.21294e+08 6.70266e+09 2.97402e+10 6.7405e+07 4.00495e+07 3.06549e+07 1.75152e+07 9 172
769000 1.2555e+08 6.65577e+09 2.19663e+10 5.54125e+07 2.32748e+07 3.29318e+07 1.47347e+07 13 198
770000 1.27335e+08 6.61749e+09 2.23809e+10 3.81415e+07 1.79581e+07 2.96889e+07 1.60035e+07 14 191
771000 1.40871e+08 6.5241e+09 1.29464e+10 8.42867e+07 3.52306e+07 3.78461e+07 2.43812e+07 19 182
772000 1.44739e+08 6.38515e+09 1.33531e+10 6.31159e+07 2.13392e+07 2.78625e+07 1.47914e+07 19 202
773000 1.28787e+08 6.34578e+09 2.4623e+10 2.22995e+07 5.33802e+06 2.65599e+07 1.41635e+07 23 205
774000 1.1882e+08 6.36697e+09 2.26613e+10 1.51891e+07 4.6111e+06 2.53822e+07 1.32672e+07 21 195
775000 1.14072e+08 6.40532e+09 1.45519e+10 2.1625e+07 1.44981e+07 2.66921e+07 1.54711e+07 17 189
776000 1.10982e+08 6.44791e+09 1.39799e+10 2.02264e+07 1.46808e+07 2.48646e+07 1.3799e+07 21 199
777000 1.13504e+08 6.47802e+09 1.74794e+10 2.92136e+07 2.07531e+07 2.5276e+07 1.37715e+07 19 190
778000 1.17936e+08 6.47007e+09 2.04614e+10 4.02949e+07 2.17283e+07 2.60213e+07 1.3781e+07 17 187
779000 1.23347e+08 6.45528e+09 1.76391e+10 3.415e+07 1.35957e+07 2.78856e+07 1.55119e+07 21 180
780000 1.23742e+08 6.43252e+09 1.6502e+10 3.65979e+07 1.65186e+07 2.6699e+07 1.45429e+07 19 193
781000 1.2708e+08 6.4085e+09 1.13047e+10 2.16687e+07 1.02608e+07 2.81719e+07 1.47179e+07 23 191
782000 1.26605e+08 6.37488e+09 1.38032e+10 1.75427e+07 8.89943e+06 2.97519e+07 1.63157e+07 24 182
783000 1.22687e+08 6.36234e+09 2.10776e+10 2.09692e+07 9.63636e+06 3.33764e+07 1.65604e+07 21 186
784000 1.21399e+08 6.36803e+09 1.68348e+10 2.57856e+07 1.44901e+07 3.05675e+07 1.69841e+07 18 178
785000 1.17518e+08 6.38427e+09 2.29385e+10 2.71243e+07 1.66126e+07 2.81584e+07 1.57801e+07 17 175
786000 1.14772e+08 6.40245e+09 2.70501e+10 2.11955e+07 1.08343e+07 2.94113e+07 1.62084e+07 18 170
787000 1.1218e+08 6.43854e+09 1.84331e+10 2.10112e+07 1.10279e+07 2.99101e+07 1.84707e+07 18 180
788000 1.04707e+08 6.49794e+09 1.77103e+10 2.44495e+07 1.4613e+07 2.38788e+07 1.22285e+07 16 186
789000 1.00946e+08 6.57997e+09 1.71129e+10 2.6492e+07 1.63903e+07 2.35164e+07 1.31758e+07 13 186
790000 1.01667e+08 6.66494e+09 1.88522e+10 2.6842e+07 1.43251e+07 2.4278e+07 1.25611e+07 13 180
791000 1.04035e+08 6.73022e+09 1.92666e+10 2.76927e+07 1.44593e+07 2.45759e+07 1.37143e+07 12 184
792000 1.08459e+08 6.77483e+09 2.08476e+10 3.42555e+07 2.05548e+07 2.79784e+07 1.71106e+07 10 172
793000 1.19102e+08 6.77012e+09 2.01237e+10 3.05053e+07 1.95138e+07 3.24178e+07 1.73181e+07 11 178
794000 1.32732e+08 6.68831e+09 2.14285e+10 2.97576e+07 1.83108e+07 3.71161e+07 2.12839e+07 11 174
795000 1.37351e+08 6.58669e+09 2.58691e+10 2.76447e+07 1.58412e+07 3.34155e+07 1.63846e+07 12 185
796000 1.31859e+08 6.52068e+09 3.03783e+10 3.20069e+07 2.04363e+07 3.05831e+07 1.44693e+07 11 184
797000 1.25552e+08 6.49608e+09 1.96162e+10 2.74051e+07 1.31278e+07 2.97116e+07 1.47702e+07 11 200
798000 1.19525e+08 6.50165e+09 1.93778e+10 1.92838e+07 6.51673e+06 2.58346e+07 1.49814e+07 15 198
799000 1.20577e+08 6.50937e+09 1.5161e+10 2.5522e+07 1.2435e+07 2.78794e+07 1.58237e+07 12 191
800000 1.1942e+08 6.50097e+09 1.79864e+10 3.34489e+07 1.90864e+07 2.65859e+07 1.41597e+07 10 198
801000 1.17757e+08 6.50984e+09 2.31517e+10 4.36356e+07 3.36029e+07 2.79772e+07 1.46879e+07 8 189
802000 1.17375e+08 6.51978e+09 1.67707e+10 3.59826e+07 2.37932e+07 2.58834e+07 1.37201e+07 9 197
803000 1.17666e+08 6.53414e+09 1.89706e+10 3.60973e+07 2.11924e+07 2.69758e+07 1.51233e+07 9 189
804000 1.17561e+08 6.53352e+09 1.65746e+10 5.27942e+07 4.37583e+07 2.46806e+07 1.24601e+07 10 202
805000 1.23651e+08 6.50486e+09 2.26122e+10 7.88634e+07 3.51712e+07 2.43359e+07 1.19132e+07 14 203
806000 1.3208e+08 6.45258e+09 2.41252e+10 6.50124e+07 2.81374e+07 2.62641e+07 1.32725e+07 18 186
807000 1.24666e+08 6.4385e+09 2.58033e+10 4.36638e+07 2.34915e+07 2.67922e+07 1.3959e+07 20 177
808000 1.21315e+08 6.44137e+09 1.3823e+10 4.14396e+07 2.79025e+07 2.63224e+07 1.33963e+07 17 189
809000 1.16853e+08 6.45458e+09 1.3834e+10 3.49319e+07 1.37102e+07 2.4772e+07 1.30375e+07 17 190
810000 1.105e+08 6.49676e+09 1.41457e+10 3.30545e+07 1.74398e+07 2.45507e+07 1.22278e+07 13 197
811000 1.056e+08 6.559e+09 1.77847e+10 2.85586e+07 1.45638e+07 2.34609e+07 1.27411e+07 13 189
812000 1.06188e+08 6.61707e+09 7.78194e+09 2.29452e+07 1.1485e+07 2.34482e+07 1.25034e+07 16 195
813000 1.05184e+08 6.66792e+09 1.24929e+10 2.54258e+07 1.43288e+07 2.37656e+07 1.22205e+07 14 200
814000 1.10511e+08 6.71241e+09 1.01635e+10 4.5411e+07 3.60813e+07 2.31053e+07 1.26635e+07 14 201
815000 1.20181e+08 6.69329e+09 1.09343e+10 5.98031e+07 2.42443e+07 2.86368e+07 1.48146e+07 17 202
816000 1.29743e+08 6.64462e+09 1.57104e+10 5.1722e+07 1.53225e+07 2.67611e+07 1.44963e+07 18 193
817000 1.29882e+08 6.60033e+09 2.18898e+10 3.85263e+07 1.38275e+07 2.98638e+07 1.64955e+07 17 180
818000 1.28961e+08 6.56333e+09 1.06067e+10 2.48845e+07 8.17294e+06 3.04664e+07 1.74488e+07 17 189
819000 1.26117e+08 6.53443e+09 1.35887e+10 2.25498e+07 1.38411e+07 3.13389e+07 1.62974e+07 15 188
820000 1.23144e+08 6.5162e+09 1.72785e+10 2.12299e+07 1.18469e+07 2.85942e+07 1.52341e+07 13 196
821000 1.17746e+08 6.52138e+09 2.23483e+10 2.15013e+07 1.48856e+07 2.62002e+07 1.46217e+07 11 197
822000 1.16884e+08 6.53955e+09 1.40327e+10 2.75254e+07 2.02011e+07 2.66579e+07 1.58186e+07 9 212
823000 1.13525e+08 6.56716e+09 2.26108e+10 1.87098e+07 8.9212e+06 3.00272e+07 1.64572e+07 10 190
824000 1.22233e+08 6.55129e+09 2.19036e+10 2.19786e+07 1.22269e+07 3.10694e+07 1.52314e+07 9 195
825000 1.25267e+08 6.50726e+09 2.56584e+10 2.34389e+07 1.28406e+07 2.73086e+07 1.37531e+07 8 202
826000 1.1542e+08 6.53323e+09 2.53261e+10 1.77169e+07 9.64562e+06 2.78842e+07 1.45706e+07 11 194
827000 1.12922e+08 6.56549e+09 1.61543e+10 2.10899e+07 1.34418e+07 2.70882e+07 1.45159e+07 12 184
828000 1.16776e+08 6.57946e+09 1.80166e+10 7.61053e+07 6.92329e+07 3.20558e+07 1.90092e+07 11 194
829000 1.27625e+08 6.5242e+09 2.20266e+10 1.56856e+08 5.31909e+07 2.56584e+07 1.4642e+07 13 190
830000 1.2413e+08 6.49923e+09 2.198e+10 3.53832e+07 1.1318e+07 2.80606e+07 1.51002e+07 15 186
831000 1.23715e+08 6.47625e+09 1.76522e+10 2.73093e+07 1.47557e+07 2.73159e+07 1.39315e+07 12 195
832000 1.16111e+08 6.47852e+09 1.9819e+10 2.04769e+07 8.99651e+06 2.47724e+07 1.27902e+07 13 198
833000 1.0793e+08 6.52632e+09 2.49071e+10 1.96772e+07 9.28419e+06 2.31848e+07 1.15156e+07 13 198
834000 1.0465e+08 6.59268e+09 1.70978e+10 1.84244e+07 6.72393e+06 2.14493e+07 1.09869e+07 13 209
835000 1.04798e+08 6.65896e+09 1.21568e+10 2.21819e+07 1.17341e+07 2.18245e+07 1.1346e+07 11 211
836000 1.07835e+08 6.72278e+09 1.73014e+10 3.56484e+07 2.1111e+07 2.96503e+07 1.86769e+07 7 191
837000 1.13519e+08 6.73833e+09 1.12304e+10 1.96734e+07 6.90124e+06 2.60157e+07 1.51203e+07 11 203
838000 1.23386e+08 6.69942e+09 2.39598e+10 2.50357e+07 1.35845e+07 3.46864e+07 1.6992e+07 9 198
839000 1.36578e+08 6.59631e+09 2.22538e+10 2.6157e+07 1.72088e+07 3.01862e+07 1.35173e+07 8 212
840000 1.36678e+08 6.51566e+09 1.56038e+10 2.79349e+07 1.92047e+07 2.7702e+07 1.29243e+07 7 216
841000 1.25186e+08 6.49764e+09 1.38696e+10 2.43873e+07 1.63781e+07 2.35078e+07 1.19656e+07 7 227
842000 1.17716e+08 6.52063e+09 1.70577e+10 1.91301e+07 9.56503e+06 2.39595e+07 1.27242e+07 8 217
843000 1.15786e+08 6.5489e+09 2.24974e+10 1.64725e+07 9.99767e+06 2.69369e+07 1.45957e+07 9 191
844000 1.1329e+08 6.56231e+09 2.88413e+10 1.69961e+07 9.92011e+06 2.56492e+07 1.41346e+07 9 193
845000 1.10257e+08 6.59471e+09 2.9055e+10 1.74777e+07 1.17747e+07 2.55195e+07 1.29254e+07 9 193
846000 1.10071e+08 6.64629e+09 2.53328e+10 1.56418e+07 7.88047e+06 2.56473e+07 1.33218e+07 11 194
847000 1.12759e+08 6.67185e+09 2.28607e+10 2.61255e+07 1.3878e+07 2.9444e+07 1.60435e+07 8 192
848000 1.21558e+08 6.64179e+09 2.72132e+10 2.42664e+07 1.06636e+07 3.33521e+07 1.71223e+07 9 185
849000 1.19248e+08 6.62826e+09 2.2626e+10 2.4625e+07 1.08148e+07 2.48449e+07 1.17641e+07 9 205
850000 1.1674e+08 6.64583e+09 2.5803e+10 3.33996e+07 1.79136e+07 2.58421e+07 1.31972e+07 8 207
851000 1.24312e+08 6.61875e+09 3.06373e+10 4.5852e+07 3.58156e+07 2.91487e+07 1.38889e+07 6 206
852000 1.29899e+08 6.56725e+09 2.60951e+10 3.62966e+07 1.67125e+07 3.12802e+07 1.6391e+07 9 200
853000 1.29511e+08 6.5281e+09 2.65925e+10 4.65533e+07 2.60102e+07 3.02263e+07 1.65472e+07 8 188
854000 1.21818e+08 6.51217e+09 2.19366e+10 4.27019e+07 1.79206e+07 2.46974e+07 1.17148e+07 9 208
855000 1.16186e+08 6.53867e+09 2.21857e+10 3.42745e+07 1.68762e+07 2.62563e+07 1.38975e+07 10 197
856000 1.14602e+08 6.56901e+09 1.3792e+10 2.17797e+07 9.05424e+06 2.4661e+07 1.242e+07 15 194
857000 1.08196e+08 6.61757e+09 2.60036e+10 2.39219e+07 1.47986e+07 2.46366e+07 1.36177e+07 13 187
858000 1.10059e+08 6.68089e+09 1.8521e+10 3.00942e+07 2.23772e+07 2.76996e+07 1.72575e+07 11 184
859000 1.05627e+08 6.73086e+09 3.29579e+10 4.55295e+07 3.35697e+07 2.67017e+07 1.54634e+07 8 179
860000 1.01971e+08 6.79212e+09 4.04204e+10 2.61335e+07 1.30668e+07 2.49309e+07 1.27404e+07 8 181
861000 1.09652e+08 6.84837e+09 2.07089e+10 6.35225e+07 5.34058e+07 2.90353e+07 1.63285e+07 7 179
862000 1.19117e+08 6.85494e+09 1.21082e+10 2.06541e+07 1.22559e+07 3.48684e+07 1.94674e+07 10 180
863000 1.31415e+08 6.77075e+09 2.91209e+10 2.80961e+07 1.87362e+07 3.35843e+07 1.56993e+07 9 186
864000 1.39869e+08 6.6685e+09 2.05242e+10 3.99771e+07 2.30981e+07 3.391e+07 1.75761e+07 9 182
865000 1.39267e+08 6.57009e+09 1.85045e+10 5.16441e+07 2.33624e+07 3.44844e+07 1.65472e+07 10 201
866000 1.43204e+08 6.46179e+09 1.00377e+10 6.87996e+07 3.90203e+07 3.12003e+07 1.62502e+07 8 208
867000 1.34304e+08 6.38748e+09 7.8645e+09 4.3757e+07 2.46775e+07 2.48048e+07 1.13489e+07 10 227
868000 1.25002e+08 6.3714e+09 1.65328e+10 3.35781e+07 1.44238e+07 2.53773e+07 1.29647e+07 9 207
869000 1.17436e+08 6.38394e+09 1.73534e+10 2.56223e+07 1.09021e+07 2.27958e+07 1.16128e+07 10 222
870000 1.14308e+08 6.42155e+09 2.26055e+10 2.4783e+07 1.53615e+07 2.43392e+07 1.20034e+07 9 205
871000 1.12736e+08 6.45545e+09 2.04515e+10 3.37077e+07 2.72949e+07 2.89179e+07 1.58061e+07 8 192
872000 1.09901e+08 6.50372e+09 2.31874e+10 3.48666e+07 2.64594e+07 2.44e+07 1.24802e+07 7 192
873000 1.05558e+08 6.56128e+09 2.45409e+10 2.96963e+07 2.34682e+07 2.28961e+07 1.21439e+07 8 196
874000 1.03683e+08 6.64183e+09 2.5176e+10 3.09952e+07 1.94674e+07 2.60156e+07 1.45462e+07 7 187
875000 1.02721e+08 6.70316e+09 2.30808e+10 2.86407e+07 1.83859e+07 2.45122e+07 1.35584e+07 7 185
876000 1.0686e+08 6.75901e+09 2.17118e+10 2.21043e+07 1.10521e+07 2.78991e+07 1.49193e+07 8 179
877000 1.12685e+08 6.77728e+09 2.07156e+10 2.35295e+07 1.56849e+07 3.21359e+07 1.85047e+07 7 184
878000 1.14243e+08 6.79146e+09 1.48155e+10 2.97816e+07 2.82998e+07 2.76415e+07 1.43565e+07 6 192
879000 1.15734e+08 6.82058e+09 1.00826e+10 2.04737e+07 1.31867e+07 2.94943e+07 1.74712e+07 5 186
880000 1.18517e+08 6.81916e+09 1.83249e+10 2.3918e+07 1.57179e+07 2.90657e+07 1.66003e+07 5 191
881000 1.24546e+08 6.77711e+09 1.30839e+10 2.53018e+07 1.66791e+07 3.11885e+07 1.69196e+07 5 190
882000 1.21353e+08 6.75041e+09 1.08275e+10 2.72454e+07 1.7991e+07 2.56501e+07 1.3253e+07 5 212
883000 1.19886e+08 6.74279e+09 1.75872e+10 2.47908e+07 1.23954e+07 2.73194e+07 1.59043e+07 6 200
884000 1.19302e+08 6.7406e+09 3.07684e+10 2.2854e+07 1.06799e+07 3.09348e+07 1.9002e+07 8 199
885000 1.26555e+08 6.71011e+09 1.86693e+10 4.96493e+07 4.30744e+07 2.91687e+07 1.59361e+07 5 196
886000 1.33821e+08 6.63778e+09 2.47446e+10 9.0567e+07 5.1626e+07 3.28662e+07 1.7946e+07 5 200
887000 1.44026e+08 6.50629e+09 1.83877e+10 1.43565e+08 4.91903e+07 2.70126e+07 1.30984e+07 8 219
888000 1.3695e+08 6.42631e+09 2.03012e+10 6.06135e+07 1.57972e+07 2.5456e+07 1.23898e+07 10 217
889000 1.28701e+08 6.40952e+09 2.26236e+10 2.38094e+07 7.12605e+06 2.89189e+07 1.54625e+07 14 205
890000 1.25624e+08 6.39891e+09 1.64837e+10 2.16677e+07 9.21165e+06 2.66651e+07 1.41573e+07 14 204
891000 1.19204e+08 6.41677e+09 1.34304e+10 3.09348e+07 2.35399e+07 2.4145e+07 1.26432e+07 10 207
892000 1.1387e+08 6.44019e+09 1.31412e+10 2.72186e+07 1.8665e+07 2.67284e+07 1.36426e+07 10 205
893000 1.15027e+08 6.4524e+09 2.14797e+10 2.4505e+07 1.4063e+07 2.59895e+07 1.38638e+07 10 199
894000 1.18673e+08 6.45048e+09 1.49449e+10 2.81306e+07 1.65945e+07 2.492e+07 1.17423e+07 9 212
895000 1.18774e+08 6.45025e+09 1.20001e+10 2.6547e+07 1.42945e+07 2.55255e+07 1.33619e+07 9 205
896000 1.16583e+08 6.46484e+09 1.53698e+10 2.02402e+07 9.28988e+06 2.61543e+07 1.39153e+07 11 193
897000 1.1258e+08 6.49309e+09 1.64134e+10 1.98817e+07 8.9851e+06 2.30088e+07 1.10297e+07 11 209
898000 1.07419e+08 6.5432e+09 1.97626e+10 1.78574e+07 8.2966e+06 2.27464e+07 1.15864e+07 13 206
899000 1.05961e+08 6.60064e+09 1.70208e+10 1.77263e+07 8.37052e+06 2.58353e+07 1.47631e+07 13 197
900000 1.0885e+08 6.66337e+09 1.51622e+10 3.65538e+07 2.30108e+07 2.54335e+07 1.37809e+07 7 189
901000 1.08734e+08 6.70029e+09 2.9706e+10 4.18845e+07 3.05521e+07 2.65059e+07 1.6037e+07 6 183
902000 1.14889e+08 6.7029e+09 2.24141e+10 3.04822e+07 2.05856e+07 2.70509e+07 1.59025e+07 8 198
903000 1.20219e+08 6.68696e+09 3.31282e+10 3.50106e+07 2.48504e+07 2.96603e+07 1.50972e+07 7 182
904000 1.22713e+08 6.67143e+09 2.08364e+10 2.55171e+07 1.41111e+07 2.82344e+07 1.4463e+07 9 191
905000 1.20107e+08 6.67351e+09 9.2805e+09 2.851e+07 1.81944e+07 2.89001e+07 1.55936e+07 8 195
906000 1.17929e+08 6.67314e+09 9.62774e+09 2.80356e+07 1.88467e+07 2.97426e+07 1.72882e+07 8 206
907000 1.19294e+08 6.65886e+09 1.68826e+10 3.26765e+07 2.30035e+07 2.57183e+07 1.31414e+07 5 212
908000 1.18759e+08 6.65066e+09 2.39518e+10 2.87333e+07 1.43666e+07 2.48356e+07 1.22303e+07 6 214
909000 1.17545e+08 6.65939e+09 2.8082e+10 1.69077e+07 5.83553e+06 2.62216e+07 1.30945e+07 10 200
910000 1.17142e+08 6.65916e+09 2.76845e+10 2.20004e+07 8.52579e+06 2.5338e+07 1.19364e+07 8 214
911000 1.20463e+08 6.65316e+09 1.83909e+10 1.88821e+07 7.27739e+06 2.79131e+07 1.49565e+07 10 215
912000 1.14727e+08 6.66901e+09 2.07124e+10 2.6069e+07 1.34861e+07 2.47978e+07 1.24546e+07 8 209
913000 1.13602e+08 6.71063e+09 1.44858e+10 3.83987e+07 2.8972e+07 2.39813e+07 1.25243e+07 6 206
914000 1.14557e+08 6.72672e+09 1.40991e+10 2.61206e+07 1.1473e+07 2.57951e+07 1.35058e+07 7 202
915000 1.17776e+08 6.71711e+09 1.04381e+10 3.34442e+07 2.18841e+07 2.87501e+07 1.47454e+07 6 212
916000 1.15324e+08 6.71962e+09 1.25413e+10 3.21308e+07 1.898e+07 2.33732e+07 1.14729e+07 5 220
917000 1.11752e+08 6.74894e+09 1.81549e+10 7.49509e+07 6.78779e+07 2.17024e+07 1.0443e+07 4 218
918000 1.13616e+08 6.77595e+09 2.19473e+10 1.08974e+08 9.88508e+07 2.26473e+07 1.16431e+07 7 208
919000 1.15886e+08 6.78635e+09 1.75514e+10 6.38949e+07 1.78704e+07 2.22147e+07 1.16114e+07 9 212
920000 1.13935e+08 6.81431e+09 3.68629e+10 3.60369e+07 1.06281e+07 2.84485e+07 1.53589e+07 9 184
921000 1.46688e+08 6.67449e+09 2.98809e+10 2.86963e+07 1.54009e+07 3.76537e+07 1.75413e+07 7 195
922000 1.4095e+08 6.57145e+09 2.26867e+10 1.69894e+07 7.06176e+06 3.25963e+07 1.7821e+07 8 211
923000 1.28226e+08 6.53733e+09 1.66662e+10 2.02425e+07 1.44931e+07 2.37851e+07 1.19721e+07 6 234
924000 1.24432e+08 6.531e+09 7.72646e+09 1.12045e+07 4.4274e+06 2.65975e+07 1.50774e+07 9 218
925000 1.20102e+08 6.51668e+09 1.7037e+10 1.24315e+07 5.16588e+06 3.67186e+07 1.57012e+07 8 213
926000 1.24757e+08 6.50211e+09 9.66026e+09 1.34815e+07 5.38617e+06 2.86634e+07 1.63758e+07 8 206
927000 1.24496e+08 6.47143e+09 2.09556e+10 2.16138e+07 1.08069e+07 2.67623e+07 1.34575e+07 6 210
928000 1.22843e+08 6.45184e+09 2.10339e+10 2.07667e+07 1.03834e+07 2.85911e+07 1.21029e+07 6 220
929000 1.19545e+08 6.46179e+09 2.34908e+10 2.51072e+07 1.25536e+07 3.43168e+07 1.58513e+07 6 196
930000 1.16554e+08 6.47559e+09 1.81063e+10 3.74843e+07 2.81411e+07 2.64961e+07 1.37989e+07 5 200
931000 1.18819e+08 6.48057e+09 1.26529e+10 2.19536e+07 1.09768e+07 2.94371e+07 1.61518e+07 4 197
932000 1.10933e+08 6.4997e+09 2.09772e+10 1.39063e+07 6.95313e+06 2.47483e+07 1.35109e+07 2 207
933000 1.06335e+08 6.56488e+09 2.23821e+10 2.22628e+07 1.11314e+07 2.2828e+07 1.20349e+07 2 206
934000 1.05488e+08 6.638e+09 1.91059e+10 2.95505e+07 1.47753e+07 2.36951e+07 1.24719e+07 2 203
935000 1.06607e+08 6.697e+09 1.57498e+10 1.7829e+07 4.45724e+06 2.96223e+07 1.62961e+07 4 196
936000 1.08294e+08 6.72781e+09 2.53596e+10 2.92627e+07 9.75425e+06 2.71078e+07 1.39912e+07 3 190
937000 1.16285e+08 6.72628e+09 2.18192e+10 2.94814e+07 9.82713e+06 3.35624e+07 1.96274e+07 3 190
938000 1.16562e+08 6.73136e+09 2.03317e+10 4.78667e+07 2.39334e+07 2.81034e+07 1.5394e+07 2 187
939000 1.18744e+08 6.72938e+09 2.2871e+10 2.50369e+07 1.12751e+07 4.55401e+07 2.04913e+07 4 192
940000 1.2802e+08 6.67649e+09 2.54625e+10 4.47525e+07 3.18538e+07 3.47803e+07 2.12547e+07 3 203
941000 1.39103e+08 6.57322e+09 1.90449e+10 4.34076e+07 2.17038e+07 3.07817e+07 1.54464e+07 4 212
942000 1.42366e+08 6.46423e+09 1.69775e+10 5.68033e+07 2.84017e+07 3.0807e+07 1.50912e+07 4 205
943000 1.36666e+08 6.39394e+09 1.18544e+10 4.1074e+07 2.10039e+07 2.72371e+07 1.38362e+07 8 214
944000 1.28596e+08 6.36494e+09 1.68117e+10 3.66932e+07 1.75305e+07 2.92827e+07 1.705e+07 9 206
945000 1.22828e+08 6.35797e+09 2.46132e+10 4.89565e+07 3.56398e+07 2.87597e+07 1.55135e+07 9 197
946000 1.24634e+08 6.34243e+09 1.11517e+10 4.90318e+07 1.63688e+07 2.56085e+07 1.39527e+07 12 206
947000 1.2142e+08 6.34085e+09 1.92078e+10 4.7172e+07 1.89886e+07 2.54868e+07 1.46574e+07 11 194
948000 1.14391e+08 6.36775e+09 1.91955e+10 2.49579e+07 9.58873e+06 2.46587e+07 1.36559e+07 14 196
949000 1.09824e+08 6.4219e+09 2.12639e+10 2.02625e+07 9.54498e+06 2.99159e+07 1.88174e+07 13 186
950000 1.07197e+08 6.48212e+09 2.13739e+10 1.94801e+07 1.06498e+07 2.69044e+07 1.54279e+07 11 175
951000 1.09465e+08 6.53329e+09 1.43921e+10 1.92438e+07 8.77567e+06 3.00975e+07 1.84527e+07 10 177
952000 1.0855e+08 6.55892e+09 2.17098e+10 1.63367e+07 8.10816e+06 2.82873e+07 1.68465e+07 12 182
953000 1.13908e+08 6.56637e+09 1.75812e+10 3.14783e+07 2.52928e+07 2.66134e+07 1.38637e+07 10 192
954000 1.19673e+08 6.55145e+09 1.63168e+10 2.78261e+07 2.16891e+07 2.90598e+07 1.52192e+07 10 184
955000 1.21425e+08 6.5255e+09 1.59493e+10 3.09332e+07 1.42668e+07 2.7006e+07 1.38854e+07 12 196
956000 1.22761e+08 6.51219e+09 1.75708e+10 3.94438e+07 2.23501e+07 2.91271e+07 1.72182e+07 12 203
957000 1.23354e+08 6.48876e+09 1.46156e+10 3.13845e+07 1.32584e+07 3.34179e+07 1.79865e+07 14 208
958000 1.24422e+08 6.46194e+09 1.66709e+10 2.50486e+07 1.08615e+07 2.59167e+07 1.3647e+07 16 210
959000 1.2656e+08 6.40898e+09 2.04216e+10 2.89208e+07 1.35225e+07 2.60213e+07 1.20079e+07 14 218
960000 1.24561e+08 6.37828e+09 1.27755e+10 2.91991e+07 1.39705e+07 2.38783e+07 1.15352e+07 13 221
961000 1.23694e+08 6.3794e+09 9.80888e+09 2.78603e+07 1.46666e+07 2.55384e+07 1.292e+07 13 219
962000 1.20132e+08 6.37696e+09 1.34871e+10 2.60695e+07 1.18357e+07 2.62627e+07 1.43074e+07 11 213
963000 1.18093e+08 6.38257e+09 1.56213e+10 2.57538e+07 1.54593e+07 2.41056e+07 1.18285e+07 11 214
964000 1.14499e+08 6.39147e+09 1.70863e+10 2.16279e+07 1.00984e+07 2.47104e+07 1.26641e+07 12 217
965000 1.13849e+08 6.41003e+09 1.04603e+10 2.00155e+07 1.11369e+07 2.24214e+07 1.0448e+07 14 222
966000 1.13611e+08 6.43609e+09 9.41894e+09 2.08147e+07 1.13286e+07 2.56098e+07 1.27132e+07 14 221
967000 1.14862e+08 6.46413e+09 1.36114e+10 2.00293e+07 9.16855e+06 2.54415e+07 1.32855e+07 15 208
968000 1.14631e+08 6.4659e+09 1.22385e+10 2.04208e+07 9.24168e+06 2.32845e+07 1.0903e+07 15 216
969000 1.17235e+08 6.471e+09 8.74802e+09 2.55819e+07 1.37497e+07 2.26123e+07 1.08111e+07 13 229
970000 1.17663e+08 6.4824e+09 1.282e+10 2.25069e+07 8.30913e+06 2.41829e+07 1.17226e+07 16 215
971000 1.17444e+08 6.49629e+09 1.82579e+10 2.06933e+07 7.36986e+06 2.42102e+07 1.1888e+07 17 209
972000 1.20547e+08 6.49551e+09 1.27501e+10 2.05913e+07 7.29336e+06 2.63565e+07 1.45765e+07 17 202
973000 1.20745e+08 6.46857e+09 1.24845e+10 2.53769e+07 1.30103e+07 2.34967e+07 1.09897e+07 14 227
974000 1.27951e+08 6.44185e+09 1.60471e+10 2.0015e+07 7.75728e+06 2.699e+07 1.37237e+07 17 212
975000 1.30178e+08 6.39825e+09 1.36098e+10 2.75732e+07 1.66609e+07 2.86334e+07 1.50827e+07 14 205
976000 1.28139e+08 6.36111e+09 1.51516e+10 2.4638e+07 1.0928e+07 3.5056e+07 1.62769e+07 15 203
977000 1.27871e+08 6.3324e+09 1.73719e+10 2.31832e+07 1.25114e+07 2.88767e+07 1.5099e+07 16 192
978000 1.23488e+08 6.30926e+09 2.53629e+10 1.94518e+07 7.51275e+06 2.84749e+07 1.46235e+07 15 184
979000 1.20221e+08 6.30545e+09 2.8716e+10 2.56525e+07 1.21681e+07 2.60632e+07 1.35319e+07 13 198
980000 1.18028e+08 6.30529e+09 3.56845e+10 2.84861e+07 1.20258e+07 4.76628e+07 3.46724e+07 12 193
981000 1.20973e+08 6.30986e+09 2.57735e+10 8.59985e+07 7.36567e+07 2.92843e+07 1.58892e+07 9 184
982000 1.19743e+08 6.31834e+09 1.58343e+10 4.25373e+07 3.21447e+07 2.91026e+07 1.69421e+07 9 190
983000 1.13151e+08 6.34804e+09 1.59475e+10 2.67918e+07 1.52522e+07 2.69426e+07 1.60756e+07 9 193
984000 1.07547e+08 6.40375e+09 1.69049e+10 2.18141e+07 1.40241e+07 2.77888e+07 1.65197e+07 10 193
985000 1.05011e+08 6.46509e+09 2.15698e+10 1.9895e+07 8.74988e+06 2.47111e+07 1.32798e+07 8 188
986000 1.08018e+08 6.5266e+09 2.10807e+10 2.71043e+07 1.65196e+07 3.12888e+07 1.67936e+07 6 185
987000 1.09051e+08 6.56022e+09 1.82601e+10 5.98524e+07 5.38959e+07 2.69284e+07 1.55765e+07 4 182
988000 1.08629e+08 6.59277e+09 1.89277e+10 3.06337e+07 2.05774e+07 2.50673e+07 1.32408e+07 6 192
989000 1.08252e+08 6.63354e+09 2.84592e+10 2.50909e+07 1.42378e+07 3.17498e+07 2.01697e+07 6 184
990000 1.11359e+08 6.66599e+09 3.12861e+10 2.27548e+07 1.30767e+07 2.82683e+07 1.57392e+07 6 181
991000 1.14551e+08 6.68396e+09 3.38008e+10 3.69027e+07 3.11106e+07 2.91718e+07 1.47671e+07 5 177
992000 1.13985e+08 6.69813e+09 4.16199e+10 3.94599e+07 3.94599e+07 3.8963e+07 1.74789e+07 1 171
993000 1.13782e+08 6.7201e+09 3.62531e+10 5.44357e+07 5.44357e+07 3.61916e+07 2.30174e+07 1 182
994000 1.13392e+08 6.7376e+09 3.63021e+10 3.2537e+07 1.62685e+07 2.86203e+07 1.5714e+07 2 183
995000 1.13013e+08 6.76196e+09 3.42187e+10 3.56312e+07 1.78156e+07 2.8753e+07 1.51805e+07 2 180
996000 1.11951e+08 6.78947e+09 3.43017e+10 8.59706e+07 8.59706e+07 2.66441e+07 1.3592e+07 1 190
997000 1.10925e+08 6.8238e+09 2.60826e+10 4.88843e+07 4.88843e+07 2.61921e+07 1.34077e+07 2 190
998000 1.0455e+08 6.87724e+09 3.31993e+10 3.78963e+07 2.61239e+07 2.48221e+07 1.25779e+07 3 185
999000 1.08979e+08 6.91971e+09 2.26412e+10 5.14703e+07 4.11463e+07 2.74955e+07 1.49002e+07 3 187
1e+06 1.19247e+08 6.89925e+09 2.02767e+10 6.55579e+07 4.34373e+07 3.60427e+07 1.58987e+07 3 198
