0 1.27534e+08 5.8036e+09 2.4e+09 2.4e+07 1.2e+07 2.4e+07 1.2e+07 190 10
1000 1.25339e+08 5.81062e+09 1.1296e+10 3.02776e+07 1.86949e+07 2.39351e+07 1.19676e+07 183 10
2000 1.27549e+08 5.82925e+09 1.67478e+10 3.10873e+07 1.87072e+07 1.89841e+07 9.46267e+06 174 14
3000 1.2706e+08 5.83466e+09 2.33732e+10 3.18202e+07 1.98462e+07 2.45644e+07 1.75572e+07 163 11
4000 1.24498e+08 5.84329e+09 2.47879e+10 3.21848e+07 1.97366e+07 2.26185e+07 1.45665e+07 169 10
5000 1.22048e+08 5.868e+09 2.49103e+10 3.02682e+07 1.77646e+07 2.58842e+07 1.75514e+07 168 9
6000 1.21035e+08 5.899e+09 2.27072e+10 3.10115e+07 1.94011e+07 2.4395e+07 1.58782e+07 162 10
7000 1.20936e+08 5.93859e+09 1.96205e+10 3.1391e+07 2.01802e+07 2.53121e+07 1.5254e+07 160 9
8000 1.15124e+08 5.98155e+09 2.9629e+10 3.00253e+07 1.82367e+07 3.03337e+07 1.8218e+07 158 9
9000 1.15052e+08 6.03563e+09 3.09633e+10 3.30571e+07 2.16804e+07 3.90766e+07 3.17313e+07 148 9
10000 1.14858e+08 6.08732e+09 3.5353e+10 5.51154e+07 4.3716e+07 3.14112e+07 1.91226e+07 144 9
11000 1.15188e+08 6.12529e+09 3.85263e+10 3.42258e+07 2.20608e+07 2.18536e+07 9.01093e+06 140 13
12000 1.14152e+08 6.1726e+09 4.78542e+10 3.59789e+07 2.29533e+07 8.78224e+07 7.78046e+07 131 11
13000 1.14724e+08 6.21823e+09 4.01972e+10 3.28095e+07 2.01364e+07 2.88069e+07 1.48881e+07 145 9
14000 1.14713e+08 6.26459e+09 3.21055e+10 3.401e+07 2.06983e+07 3.14887e+07 1.7194e+07 147 8
15000 1.12048e+08 6.31306e+09 2.70314e+10 2.99228e+07 1.73358e+07 2.23455e+07 8.62645e+06 156 12
16000 1.09822e+08 6.38477e+09 2.23105e+10 2.68553e+07 1.53038e+07 3.59612e+07 2.1334e+07 166 8
17000 1.06597e+08 6.4669e+09 2.37162e+10 2.69337e+07 1.46334e+07 3.61841e+07 1.80921e+07 167 8
18000 1.0596e+08 6.54686e+09 1.96771e+10 2.61678e+07 1.54474e+07 3.5127e+07 2.2588e+07 169 8
19000 1.10416e+08 6.61604e+09 1.47548e+10 2.88866e+07 1.75086e+07 2.39226e+07 9.93782e+06 166 10
20000 1.16296e+08 6.65439e+09 1.75594e+10 4.07178e+07 2.3022e+07 2.17043e+07 9.01731e+06 161 10
21000 1.28602e+08 6.64174e+09 1.94361e+10 3.56362e+07 2.21575e+07 4.66077e+07 3.8258e+07 162 5
22000 1.42094e+08 6.56183e+09 3.37488e+10 4.53841e+07 2.79631e+07 2.61335e+07 1.44378e+07 153 8
23000 1.63665e+08 6.38889e+09 2.89174e+10 4.938e+07 2.88893e+07 3.3886e+07 2.50347e+07 175 6
24000 1.69006e+08 6.19059e+09 3.06458e+10 4.23369e+07 2.03055e+07 3.30569e+07 2.17391e+07 187 5
25000 1.49196e+08 6.11212e+09 2.59619e+10 3.67974e+07 1.74471e+07 4.81419e+07 4.22552e+07 196 5
26000 1.3713e+08 6.08461e+09 3.54385e+10 2.84755e+07 1.34574e+07 4.22642e+07 3.74504e+07 203 5
27000 1.32703e+08 6.06357e+09 3.29197e+10 2.82183e+07 1.3795e+07 2.78693e+07 1.39346e+07 198 4
28000 1.27704e+08 6.09634e+09 2.45139e+10 2.98926e+07 1.65448e+07 6.12714e+07 6.12714e+07 189 2
29000 1.25196e+08 6.1119e+09 2.05529e+10 3.00596e+07 1.75349e+07 2.81336e+07 1.40668e+07 194 4
30000 1.36166e+08 6.06628e+09 1.74987e+10 3.27891e+07 1.76163e+07 3.93585e+07 3.21249e+07 190 3
31000 1.42026e+08 5.99091e+09 3.04473e+10 3.91624e+07 2.30338e+07 3.94794e+07 3.22121e+07 180 3
32000 1.41283e+08 5.91804e+09 2.61018e+10 2.99643e+07 1.49495e+07 3.50219e+07 2.8276e+07 200 3
33000 1.35096e+08 5.90652e+09 2.18337e+10 2.79932e+07 1.54287e+07 3.98502e+07 3.05106e+07 197 3
34000 1.23916e+08 5.933e+09 2.85072e+10 2.76859e+07 1.58967e+07 4.15439e+07 3.17079e+07 186 3
35000 1.18835e+08 5.97052e+09 3.68409e+10 2.92586e+07 1.71335e+07 4.89275e+07 4.21119e+07 168 4
36000 1.19442e+08 6.00933e+09 2.66511e+10 2.97701e+07 1.80413e+07 4.69811e+07 4.69811e+07 174 4
37000 1.25481e+08 6.02124e+09 1.74179e+10 3.21169e+07 1.83779e+07 3.38538e+07 2.86953e+07 171 5
38000 1.26396e+08 6.00889e+09 1.94754e+10 3.10774e+07 1.74773e+07 3.24798e+07 2.90076e+07 180 5
39000 1.22608e+08 6.02058e+09 3.18968e+10 2.8803e+07 1.53117e+07 2.37776e+07 1.48432e+07 178 7
40000 1.19722e+08 6.06633e+09 3.53682e+10 3.16123e+07 1.85299e+07 3.46997e+07 2.54752e+07 155 6
41000 1.15872e+08 6.1249e+09 3.22684e+10 3.01701e+07 1.87275e+07 3.22276e+07 1.82401e+07 157 7
42000 1.09317e+08 6.19776e+09 4.70459e+10 2.85631e+07 1.64907e+07 3.24619e+07 1.96709e+07 156 8
43000 1.07864e+08 6.27675e+09 4.49383e+10 3.03755e+07 1.80844e+07 4.43448e+07 3.15652e+07 149 8
44000 1.10688e+08 6.34674e+09 3.96821e+10 3.16111e+07 1.91692e+07 3.29137e+07 9.53577e+06 143 17
45000 1.10843e+08 6.40333e+09 3.82912e+10 3.63046e+07 2.02048e+07 3.65652e+07 8.69626e+06 137 18
46000 1.08387e+08 6.4858e+09 3.57161e+10 3.08939e+07 1.88081e+07 3.10979e+07 9.40708e+06 137 16
47000 1.05486e+08 6.57612e+09 3.87367e+10 3.42637e+07 2.22318e+07 2.20119e+07 7.28902e+06 129 18
48000 1.03743e+08 6.66533e+09 4.3796e+10 3.48372e+07 2.17926e+07 2.58306e+07 1.29784e+07 123 13
49000 1.06671e+08 6.74078e+09 3.61327e+10 3.27214e+07 1.95593e+07 2.08924e+07 9.33888e+06 139 15
50000 1.10934e+08 6.79123e+09 4.27566e+10 3.43391e+07 1.98294e+07 3.07325e+07 2.11822e+07 133 14
51000 1.20121e+08 6.80335e+09 4.30842e+10 4.26883e+07 2.79091e+07 3.49104e+07 1.58805e+07 138 16
52000 1.26489e+08 6.78641e+09 4.27893e+10 3.51466e+07 2.16118e+07 4.30192e+07 1.68996e+07 148 15
53000 1.33238e+08 6.75186e+09 3.70889e+10 3.79478e+07 2.24155e+07 2.88256e+07 1.15427e+07 147 20
54000 1.49901e+08 6.64048e+09 3.18924e+10 4.32651e+07 2.24954e+07 2.20741e+07 7.32904e+06 154 25
55000 1.62128e+08 6.47905e+09 1.67318e+10 3.83984e+07 1.79171e+07 2.2718e+07 7.18349e+06 176 25
56000 1.56406e+08 6.36099e+09 1.48065e+10 4.15125e+07 2.47858e+07 2.2173e+07 6.97019e+06 178 24
57000 1.50403e+08 6.27612e+09 1.92253e+10 3.50661e+07 1.76006e+07 2.37477e+07 1.14782e+07 179 20
58000 1.54152e+08 6.16508e+09 1.26422e+10 3.79889e+07 2.10798e+07 2.78851e+07 1.8866e+07 190 16
59000 1.46292e+08 6.09153e+09 1.3814e+10 3.39048e+07 1.8449e+07 3.09028e+07 2.14182e+07 181 15
60000 1.3346e+08 6.07968e+09 3.07783e+10 3.3106e+07 1.91688e+07 2.90018e+07 2.22347e+07 167 19
61000 1.30257e+08 6.07514e+09 2.64157e+10 5.05924e+07 1.82453e+07 3.16106e+07 2.33224e+07 168 22
62000 1.22556e+08 6.10204e+09 2.92631e+10 2.93101e+07 1.61364e+07 3.18281e+07 1.77114e+07 153 22
63000 1.15914e+08 6.15791e+09 2.8261e+10 3.44801e+07 2.4035e+07 3.06602e+07 1.71045e+07 151 21
64000 1.09728e+08 6.22553e+09 4.68874e+10 3.08917e+07 2.03377e+07 3.04571e+07 1.62401e+07 138 20
65000 1.09105e+08 6.29383e+09 4.81208e+10 3.40516e+07 2.31041e+07 3.36578e+07 2.23751e+07 141 19
66000 1.02634e+08 6.39111e+09 5.77567e+10 2.75338e+07 1.72695e+07 3.31217e+07 2.33999e+07 139 19
67000 1.02808e+08 6.47588e+09 7.02047e+10 3.03028e+07 1.8957e+07 3.36277e+07 2.4747e+07 134 18
68000 1.21324e+08 6.49221e+09 5.54135e+10 3.89375e+07 2.2568e+07 3.56131e+07 2.71165e+07 138 16
69000 1.33338e+08 6.43371e+09 4.88076e+10 3.40465e+07 1.58646e+07 2.73095e+07 1.73715e+07 157 19
70000 1.23508e+08 6.4509e+09 3.91722e+10 2.96652e+07 1.63332e+07 2.76756e+07 1.70348e+07 163 19
71000 1.21089e+08 6.49513e+09 2.88789e+10 3.31559e+07 2.09339e+07 2.57743e+07 1.29845e+07 151 21
72000 1.20465e+08 6.51782e+09 2.59084e+10 3.12864e+07 1.90899e+07 2.6103e+07 1.57247e+07 150 22
73000 1.20346e+08 6.5312e+09 2.14411e+10 3.00378e+07 1.91725e+07 2.33689e+07 1.29959e+07 158 26
74000 1.29427e+08 6.50985e+09 2.11572e+10 4.09459e+07 2.28173e+07 2.57441e+07 1.3475e+07 165 23
75000 1.32741e+08 6.45472e+09 3.15141e+10 3.13707e+07 1.67795e+07 2.85757e+07 1.63399e+07 167 21
76000 1.32687e+08 6.43056e+09 2.48512e+10 2.98544e+07 1.758e+07 2.29315e+07 1.06606e+07 175 26
77000 1.37974e+08 6.3845e+09 3.37635e+10 3.56893e+07 2.04039e+07 2.44534e+07 1.05701e+07 168 22
78000 1.53388e+08 6.27114e+09 3.16345e+10 4.1399e+07 2.19794e+07 3.18236e+07 1.74942e+07 162 19
79000 1.66939e+08 6.1012e+09 2.38741e+10 3.8685e+07 1.92712e+07 3.00793e+07 1.5103e+07 178 19
80000 1.49727e+08 6.00097e+09 2.67171e+10 2.99501e+07 1.52847e+07 2.88895e+07 1.49652e+07 185 17
81000 1.29941e+08 6.01475e+09 3.24085e+10 2.99888e+07 1.64562e+07 2.60338e+07 1.31591e+07 175 18
82000 1.24044e+08 6.04314e+09 2.29801e+10 2.9043e+07 1.7617e+07 3.02325e+07 1.65646e+07 181 17
83000 1.21562e+08 6.06865e+09 2.39208e+10 2.65379e+07 1.49199e+07 2.41293e+07 1.50796e+07 179 21
84000 1.267e+08 6.07989e+09 1.93031e+10 3.14337e+07 2.03707e+07 2.49024e+07 1.64164e+07 166 19
85000 1.34879e+08 6.04824e+09 1.46734e+10 3.33841e+07 1.99327e+07 2.56704e+07 1.38809e+07 165 27
86000 1.32098e+08 6.01665e+09 3.00761e+10 3.37068e+07 1.97353e+07 2.48818e+07 1.18212e+07 154 27
87000 1.26869e+08 6.01841e+09 2.52722e+10 3.26808e+07 1.93891e+07 2.70997e+07 1.24881e+07 158 26
88000 1.20969e+08 6.04431e+09 2.77288e+10 3.03097e+07 1.71733e+07 2.87548e+07 1.3532e+07 157 24
89000 1.16601e+08 6.10067e+09 2.54151e+10 2.87581e+07 1.65964e+07 2.88908e+07 1.63706e+07 150 23
90000 1.09594e+08 6.17538e+09 3.24835e+10 3.66347e+07 1.86412e+07 2.54725e+07 1.23659e+07 157 22
91000 1.08688e+08 6.25323e+09 3.35397e+10 2.85376e+07 1.55596e+07 3.1094e+07 2.01688e+07 152 22
92000 1.16934e+08 6.28486e+09 1.91392e+10 3.46218e+07 1.98724e+07 2.04344e+07 9.79399e+06 148 28
93000 1.21855e+08 6.29928e+09 2.20331e+10 3.75679e+07 2.17785e+07 2.33531e+07 1.51127e+07 137 27
94000 1.16352e+08 6.33669e+09 1.5603e+10 3.0408e+07 1.83444e+07 2.21821e+07 1.10954e+07 149 30
95000 1.09799e+08 6.40625e+09 1.78784e+10 2.61023e+07 1.58183e+07 2.27821e+07 1.20881e+07 153 31
96000 1.07014e+08 6.47921e+09 3.23706e+10 2.8307e+07 1.61306e+07 2.99687e+07 1.70208e+07 144 27
97000 1.17046e+08 6.50515e+09 3.30732e+10 4.86211e+07 1.97879e+07 3.15103e+07 1.60684e+07 146 28
98000 1.23073e+08 6.50628e+09 3.51174e+10 3.4327e+07 1.93897e+07 3.22486e+07 1.63569e+07 138 29
99000 1.32726e+08 6.47398e+09 3.15965e+10 5.54613e+07 3.45371e+07 3.29871e+07 1.57875e+07 148 32
100000 1.32701e+08 6.44218e+09 2.69375e+10 3.28867e+07 1.83446e+07 3.39741e+07 1.65809e+07 141 32
101000 1.26515e+08 6.44092e+09 2.98528e+10 3.17988e+07 1.84417e+07 3.30207e+07 1.52625e+07 146 32
102000 1.26456e+08 6.43575e+09 2.34544e+10 3.18605e+07 1.72184e+07 2.44311e+07 8.74635e+06 144 39
103000 1.26169e+08 6.43908e+09 2.2013e+10 3.26585e+07 1.82604e+07 2.22451e+07 9.16776e+06 146 38
104000 1.24415e+08 6.44324e+09 2.97728e+10 3.25814e+07 1.7985e+07 2.25703e+07 1.0484e+07 142 35
105000 1.22897e+08 6.45693e+09 3.9074e+10 3.53175e+07 2.07175e+07 1.82665e+07 6.72014e+06 132 39
106000 1.17078e+08 6.49655e+09 3.81571e+10 3.05418e+07 1.53856e+07 2.55457e+07 1.63047e+07 139 35
107000 1.10189e+08 6.57036e+09 3.63173e+10 2.77719e+07 1.52056e+07 2.14805e+07 1.14321e+07 142 35
108000 1.14397e+08 6.61963e+09 3.42747e+10 3.57145e+07 2.15227e+07 2.23838e+07 1.24589e+07 135 35
109000 1.36716e+08 6.56185e+09 3.21449e+10 4.23436e+07 2.06066e+07 2.64229e+07 1.41911e+07 129 36
110000 1.37399e+08 6.51502e+09 3.21042e+10 3.93483e+07 2.12695e+07 3.22787e+07 1.93645e+07 132 34
111000 1.30548e+08 6.5047e+09 2.6443e+10 3.68034e+07 2.24998e+07 3.12827e+07 1.8521e+07 131 40
112000 1.27347e+08 6.49239e+09 3.59167e+10 3.59998e+07 2.10428e+07 3.56526e+07 2.38482e+07 123 41
113000 1.35771e+08 6.43096e+09 3.21775e+10 3.6976e+07 2.0594e+07 3.43607e+07 1.64525e+07 131 48
114000 1.43563e+08 6.34756e+09 2.58092e+10 3.6846e+07 1.92815e+07 2.87625e+07 1.13832e+07 135 55
115000 1.38057e+08 6.29351e+09 2.6797e+10 3.29265e+07 1.78643e+07 2.79554e+07 1.48795e+07 135 50
116000 1.29312e+08 6.29735e+09 1.65917e+10 3.23438e+07 1.80579e+07 2.61387e+07 1.39513e+07 132 50
117000 1.26182e+08 6.29828e+09 1.66187e+10 3.81941e+07 2.536e+07 2.19661e+07 1.18929e+07 139 63
118000 1.25701e+08 6.29786e+09 1.54852e+10 2.94456e+07 1.73378e+07 2.78808e+07 1.53971e+07 136 56
119000 1.25585e+08 6.30905e+09 1.27658e+10 3.24958e+07 2.22348e+07 2.95254e+07 1.71636e+07 131 50
120000 1.32071e+08 6.27369e+09 1.99539e+10 3.86045e+07 2.59671e+07 4.1942e+07 2.60996e+07 137 51
121000 1.41182e+08 6.20191e+09 2.149e+10 3.84804e+07 2.31005e+07 3.13333e+07 1.49005e+07 129 51
122000 1.33965e+08 6.15532e+09 2.80871e+10 3.17383e+07 1.74421e+07 2.54767e+07 1.28388e+07 136 56
123000 1.30592e+08 6.145e+09 1.94329e+10 3.60578e+07 2.06507e+07 2.1379e+07 1.03978e+07 132 59
124000 1.33259e+08 6.10225e+09 2.69177e+10 3.55329e+07 1.72912e+07 2.12093e+07 1.10646e+07 135 58
125000 1.32876e+08 6.08122e+09 2.64012e+10 3.36822e+07 1.84235e+07 2.44224e+07 1.64379e+07 137 50
126000 1.2758e+08 6.09649e+09 2.20201e+10 3.94177e+07 2.67368e+07 2.36806e+07 1.42496e+07 122 55
127000 1.20047e+08 6.12283e+09 2.95321e+10 3.3682e+07 2.19224e+07 2.40034e+07 1.69386e+07 119 50
128000 1.17827e+08 6.15675e+09 3.56262e+10 3.8643e+07 2.55674e+07 2.23525e+07 1.19267e+07 113 53
129000 1.15399e+08 6.18706e+09 4.49751e+10 3.00592e+07 1.82872e+07 2.6142e+07 1.45507e+07 130 43
130000 1.18031e+08 6.22253e+09 3.64978e+10 3.08204e+07 1.80574e+07 2.82475e+07 1.62644e+07 136 44
131000 1.22076e+08 6.23725e+09 2.83606e+10 3.12858e+07 1.85978e+07 3.38264e+07 2.02906e+07 131 41
132000 1.24444e+08 6.23227e+09 2.66634e+10 2.88605e+07 1.58247e+07 3.80265e+07 2.34479e+07 144 38
133000 1.25144e+08 6.21608e+09 2.7376e+10 2.92881e+07 1.67382e+07 3.72542e+07 2.00479e+07 143 43
134000 1.27187e+08 6.2125e+09 3.1481e+10 3.23446e+07 1.81813e+07 3.26791e+07 1.82546e+07 131 45
135000 1.27643e+08 6.19864e+09 3.36918e+10 3.2946e+07 1.85984e+07 3.41068e+07 2.16357e+07 132 41
136000 1.24053e+08 6.19739e+09 3.55388e+10 3.21614e+07 1.78782e+07 2.64686e+07 1.60238e+07 133 49
137000 1.21703e+08 6.21725e+09 2.63152e+10 2.88105e+07 1.46215e+07 2.84657e+07 1.84661e+07 144 42
138000 1.15452e+08 6.25866e+09 2.57256e+10 2.6954e+07 1.31003e+07 2.91283e+07 1.78619e+07 141 43
139000 1.14011e+08 6.31804e+09 1.70803e+10 2.67572e+07 1.41848e+07 2.82903e+07 1.77465e+07 138 47
140000 1.14498e+08 6.37585e+09 1.48273e+10 2.88064e+07 1.81703e+07 2.81436e+07 1.64438e+07 129 48
141000 1.13057e+08 6.42034e+09 2.25485e+10 2.98765e+07 2.01634e+07 3.11814e+07 1.79255e+07 126 47
142000 1.13732e+08 6.45298e+09 1.9461e+10 2.90225e+07 1.6688e+07 3.28709e+07 2.21163e+07 131 46
143000 1.17992e+08 6.4711e+09 1.87148e+10 2.91735e+07 1.60355e+07 3.04941e+07 1.80893e+07 129 51
144000 1.1982e+08 6.47119e+09 3.13064e+10 2.81548e+07 1.46927e+07 2.77141e+07 1.70578e+07 138 57
145000 1.27625e+08 6.46413e+09 2.769e+10 3.03952e+07 1.53682e+07 3.39336e+07 1.97954e+07 144 49
146000 1.33452e+08 6.42853e+09 3.15661e+10 3.30559e+07 1.66357e+07 5.41474e+07 3.71713e+07 136 50
147000 1.3641e+08 6.39792e+09 2.20898e+10 3.45526e+07 2.05977e+07 3.33138e+07 1.90246e+07 128 53
148000 1.36128e+08 6.34192e+09 2.2004e+10 3.38494e+07 1.86652e+07 3.1552e+07 1.9111e+07 128 53
149000 1.29792e+08 6.30555e+09 3.61899e+10 3.09324e+07 1.69033e+07 3.16789e+07 1.6862e+07 128 54
150000 1.36771e+08 6.25867e+09 3.04825e+10 3.28278e+07 1.94817e+07 6.18374e+07 2.67735e+07 125 60
151000 1.44389e+08 6.17032e+09 2.87249e+10 3.85074e+07 2.33792e+07 3.07659e+07 1.3577e+07 114 71
152000 1.40565e+08 6.09346e+09 2.08348e+10 3.62616e+07 2.09439e+07 2.50199e+07 1.18304e+07 121 73
153000 1.35766e+08 6.04835e+09 1.82395e+10 4.20091e+07 1.9925e+07 2.56768e+07 1.25396e+07 124 76
154000 1.3113e+08 6.02213e+09 1.14736e+10 3.43259e+07 1.72433e+07 2.3744e+07 1.17442e+07 134 84
155000 1.25835e+08 6.03055e+09 1.15301e+10 2.91668e+07 1.66884e+07 2.44949e+07 1.23763e+07 121 80
156000 1.20162e+08 6.057e+09 1.02612e+10 2.66547e+07 1.58765e+07 3.08947e+07 1.45714e+07 123 76
157000 1.18004e+08 6.09737e+09 1.02291e+10 2.61309e+07 1.65044e+07 3.47612e+07 1.84171e+07 123 78
158000 1.15461e+08 6.1379e+09 1.6225e+10 2.81307e+07 1.86956e+07 2.50981e+07 1.27574e+07 114 80
159000 1.10303e+08 6.19063e+09 3.00056e+10 2.94391e+07 1.93454e+07 3.18082e+07 2.11805e+07 110 69
160000 1.15563e+08 6.23277e+09 2.1157e+10 3.48091e+07 2.4773e+07 2.5227e+07 1.41424e+07 100 68
161000 1.24874e+08 6.23394e+09 1.45554e+10 3.62227e+07 2.4613e+07 2.39517e+07 1.13804e+07 105 82
162000 1.27356e+08 6.20708e+09 2.40326e+10 3.63902e+07 2.32135e+07 2.28166e+07 9.90216e+06 105 84
163000 1.23076e+08 6.21126e+09 2.88409e+10 3.33367e+07 1.88753e+07 2.42657e+07 1.31998e+07 106 73
164000 1.17269e+08 6.24463e+09 2.43464e+10 3.43398e+07 2.15332e+07 2.04585e+07 1.00576e+07 100 84
165000 1.11097e+08 6.31143e+09 2.73453e+10 4.33236e+07 2.3546e+07 2.03871e+07 1.0044e+07 101 80
166000 1.0508e+08 6.39328e+09 3.39396e+10 2.96458e+07 1.78447e+07 2.12204e+07 1.04637e+07 101 75
167000 1.04639e+08 6.48737e+09 2.87164e+10 3.2822e+07 2.13828e+07 2.56174e+07 1.16126e+07 91 73
168000 1.0416e+08 6.5734e+09 2.89335e+10 3.16812e+07 1.91898e+07 2.53282e+07 1.45147e+07 99 71
169000 1.10084e+08 6.63154e+09 2.0372e+10 3.46306e+07 2.20636e+07 2.40719e+07 1.35019e+07 100 68
170000 1.16605e+08 6.65366e+09 2.00274e+10 3.64321e+07 2.22469e+07 2.61588e+07 1.60382e+07 108 64
171000 1.25318e+08 6.64395e+09 2.47017e+10 4.11132e+07 2.31246e+07 3.0274e+07 1.78522e+07 102 64
172000 1.32414e+08 6.60245e+09 2.76414e+10 5.1831e+07 2.85402e+07 2.58405e+07 1.35376e+07 104 66
173000 1.39646e+08 6.53958e+09 1.90142e+10 4.40269e+07 2.3993e+07 3.95661e+07 2.87059e+07 106 71
174000 1.36212e+08 6.48138e+09 2.42275e+10 3.31851e+07 1.83859e+07 2.86981e+07 1.54396e+07 119 66
175000 1.27701e+08 6.48147e+09 1.87919e+10 3.14173e+07 1.90622e+07 2.98917e+07 1.67882e+07 111 73
176000 1.236e+08 6.48757e+09 2.67523e+10 2.78233e+07 1.57269e+07 6.44938e+07 4.42118e+07 114 73
177000 1.26432e+08 6.47714e+09 2.85562e+10 2.99217e+07 1.93352e+07 3.56033e+07 1.61615e+07 95 77
178000 1.15697e+08 6.51e+09 3.93108e+10 2.75904e+07 1.75119e+07 3.3762e+07 1.72543e+07 99 65
179000 1.08902e+08 6.56806e+09 3.93472e+10 2.87448e+07 1.57158e+07 2.86941e+07 1.64148e+07 101 71
180000 1.12357e+08 6.6e+09 2.7409e+10 2.90403e+07 1.40643e+07 2.53365e+07 1.31047e+07 110 83
181000 1.21974e+08 6.60075e+09 2.34021e+10 2.85911e+07 1.30073e+07 2.92673e+07 1.44863e+07 113 82
182000 1.21642e+08 6.60125e+09 2.76581e+10 2.83533e+07 1.31091e+07 3.58716e+07 2.34004e+07 114 74
183000 1.20345e+08 6.62709e+09 2.18064e+10 2.94564e+07 1.57451e+07 2.45076e+07 1.413e+07 115 78
184000 1.19971e+08 6.64053e+09 2.19312e+10 4.34227e+07 2.8434e+07 2.17456e+07 1.23148e+07 113 79
185000 1.25507e+08 6.62487e+09 1.93477e+10 3.62423e+07 2.059e+07 2.12228e+07 1.07707e+07 118 70
186000 1.35269e+08 6.57456e+09 2.11291e+10 3.75777e+07 1.87921e+07 2.22697e+07 1.30618e+07 125 71
187000 1.34346e+08 6.53112e+09 1.92334e+10 3.35109e+07 1.84997e+07 2.20915e+07 1.1558e+07 129 80
188000 1.34079e+08 6.49357e+09 2.11939e+10 3.45171e+07 1.73809e+07 2.36119e+07 1.13635e+07 134 72
189000 1.37827e+08 6.43185e+09 2.90559e+10 3.34718e+07 1.66579e+07 2.79328e+07 1.45203e+07 133 65
190000 1.39197e+08 6.37395e+09 3.42029e+10 3.24852e+07 1.67681e+07 2.77232e+07 1.38634e+07 130 70
191000 1.55913e+08 6.23401e+09 2.18583e+10 4.7197e+07 1.94665e+07 3.08305e+07 1.49719e+07 133 67
192000 1.46746e+08 6.14187e+09 2.71899e+10 3.40489e+07 1.81634e+07 3.78969e+07 2.17974e+07 123 66
193000 1.33733e+08 6.11998e+09 2.30887e+10 2.85946e+07 1.60866e+07 3.14728e+07 1.73495e+07 134 65
194000 1.26624e+08 6.12791e+09 2.65846e+10 2.99543e+07 1.73823e+07 2.96858e+07 1.47694e+07 127 71
195000 1.25446e+08 6.11965e+09 3.74713e+10 3.09063e+07 1.66157e+07 2.99189e+07 1.48961e+07 117 71
196000 1.28155e+08 6.10373e+09 3.35969e+10 3.06578e+07 1.60298e+07 2.71754e+07 1.29512e+07 122 76
197000 1.27342e+08 6.09835e+09 3.98628e+10 3.17932e+07 1.58051e+07 3.1633e+07 1.78349e+07 111 68
198000 1.16691e+08 6.12072e+09 4.34251e+10 3.54506e+07 1.74825e+07 2.8647e+07 1.46312e+07 119 66
199000 1.14902e+08 6.18104e+09 3.36666e+10 3.03319e+07 1.65108e+07 3.84505e+07 2.30186e+07 111 66
200000 1.10702e+08 6.2423e+09 3.3555e+10 2.55842e+07 1.35673e+07 3.16313e+07 1.77386e+07 105 69
201000 1.06531e+08 6.31819e+09 3.02514e+10 2.84035e+07 1.53266e+07 2.96235e+07 1.82994e+07 105 64
202000 1.06851e+08 6.40308e+09 2.36082e+10 3.20546e+07 1.93284e+07 2.75956e+07 1.67614e+07 96 63
203000 1.11518e+08 6.46041e+09 1.79242e+10 3.33837e+07 2.08172e+07 2.57072e+07 1.43225e+07 97 71
204000 1.11703e+08 6.49349e+09 2.18548e+10 3.15455e+07 1.81056e+07 2.96515e+07 1.63924e+07 99 66
205000 1.15362e+08 6.52925e+09 2.00972e+10 3.21358e+07 2.11942e+07 3.19818e+07 1.67109e+07 98 66
206000 1.17502e+08 6.55469e+09 2.68748e+10 3.43619e+07 2.20379e+07 3.69057e+07 2.34612e+07 92 60
207000 1.20775e+08 6.56264e+09 1.8164e+10 3.6837e+07 2.43465e+07 2.81059e+07 1.66413e+07 93 71
208000 1.23539e+08 6.55238e+09 2.17236e+10 3.74125e+07 2.26621e+07 2.60996e+07 1.58298e+07 102 73
209000 1.29667e+08 6.51228e+09 2.58511e+10 3.73973e+07 1.85032e+07 2.52003e+07 1.39912e+07 110 71
210000 1.35473e+08 6.46323e+09 2.17992e+10 3.80114e+07 2.13156e+07 2.81233e+07 1.73201e+07 115 69
211000 1.36207e+08 6.40619e+09 1.24643e+10 3.33308e+07 1.71706e+07 2.86856e+07 1.65224e+07 123 71
212000 1.374e+08 6.34907e+09 1.8535e+10 3.44879e+07 1.92627e+07 2.50498e+07 1.22626e+07 127 73
213000 1.47083e+08 6.26029e+09 1.56283e+10 3.90082e+07 2.23228e+07 3.05421e+07 2.035e+07 128 71
214000 1.45307e+08 6.16913e+09 2.78397e+10 4.70184e+07 2.15968e+07 3.06518e+07 1.98281e+07 120 65
215000 1.36646e+08 6.12603e+09 2.38837e+10 3.77303e+07 2.23969e+07 2.73941e+07 1.6081e+07 130 74
216000 1.31579e+08 6.10037e+09 2.16445e+10 3.00107e+07 1.57549e+07 3.20793e+07 1.58283e+07 122 74
217000 1.2445e+08 6.11452e+09 2.0625e+10 2.60007e+07 1.35458e+07 3.00784e+07 1.89689e+07 114 75
218000 1.16552e+08 6.16529e+09 2.90643e+10 2.46973e+07 1.37227e+07 3.22626e+07 2.01958e+07 109 75
219000 1.1403e+08 6.20827e+09 2.53465e+10 2.83188e+07 1.85001e+07 3.8812e+07 2.67103e+07 118 77
220000 1.17229e+08 6.24471e+09 3.4462e+10 3.06383e+07 2.04417e+07 3.73563e+07 2.39046e+07 105 74
221000 1.26686e+08 6.21846e+09 3.06933e+10 3.38164e+07 2.02874e+07 4.5719e+07 2.96125e+07 90 78
222000 1.33983e+08 6.16203e+09 2.32057e+10 3.53684e+07 1.91965e+07 3.45117e+07 1.71707e+07 94 84
223000 1.32081e+08 6.12962e+09 1.34831e+10 3.32226e+07 1.9494e+07 2.74884e+07 1.33503e+07 97 94
224000 1.22125e+08 6.14396e+09 1.62768e+10 3.76259e+07 2.49767e+07 2.46903e+07 1.18578e+07 94 90
225000 1.13973e+08 6.19174e+09 2.2574e+10 3.22515e+07 2.00605e+07 2.24773e+07 1.1154e+07 89 94
226000 1.09277e+08 6.24675e+09 2.47081e+10 3.15721e+07 1.95208e+07 2.15892e+07 1.18721e+07 93 93
227000 1.10963e+08 6.30034e+09 2.37018e+10 3.54629e+07 2.32876e+07 2.09468e+07 1.08627e+07 91 95
228000 1.11002e+08 6.34772e+09 3.19362e+10 3.26985e+07 2.0839e+07 2.27521e+07 1.13163e+07 88 94
229000 1.13906e+08 6.39282e+09 3.06179e+10 3.27644e+07 2.02113e+07 2.52048e+07 1.51266e+07 92 87
230000 1.18801e+08 6.41306e+09 2.09056e+10 3.10357e+07 1.90927e+07 2.9376e+07 1.89279e+07 95 88
231000 1.18258e+08 6.43997e+09 3.03514e+10 3.5698e+07 2.4034e+07 2.90995e+07 1.56959e+07 81 82
232000 1.18268e+08 6.47267e+09 3.10659e+10 3.82846e+07 2.6054e+07 3.34325e+07 2.09664e+07 77 82
233000 1.16993e+08 6.49294e+09 3.21318e+10 3.74235e+07 2.40801e+07 2.59793e+07 1.3859e+07 76 93
234000 1.19638e+08 6.5194e+09 2.66466e+10 3.93227e+07 2.67044e+07 2.78582e+07 1.75023e+07 72 94
235000 1.22336e+08 6.52189e+09 2.54533e+10 4.91084e+07 3.71231e+07 3.00725e+07 1.89274e+07 66 100
236000 1.26415e+08 6.49875e+09 2.80294e+10 4.22084e+07 2.9058e+07 3.07011e+07 1.78368e+07 65 98
237000 1.20799e+08 6.47829e+09 3.41691e+10 3.42821e+07 2.0163e+07 2.68184e+07 1.19294e+07 72 107
238000 1.14035e+08 6.51249e+09 3.89813e+10 2.97323e+07 1.6625e+07 2.58802e+07 1.29491e+07 76 106
239000 1.09134e+08 6.57699e+09 3.22522e+10 3.03076e+07 1.84626e+07 2.27423e+07 1.1196e+07 74 115
240000 1.06435e+08 6.64273e+09 1.91678e+10 3.03847e+07 2.10071e+07 2.19266e+07 1.07556e+07 75 114
241000 1.05946e+08 6.71997e+09 2.11845e+10 3.44943e+07 2.51448e+07 2.55908e+07 1.55237e+07 72 113
242000 1.08801e+08 6.77212e+09 3.06814e+10 3.14664e+07 2.18042e+07 2.6512e+07 1.55451e+07 67 104
243000 1.10501e+08 6.81202e+09 4.07237e+10 3.82529e+07 2.50941e+07 2.62381e+07 1.32603e+07 70 108
244000 1.20247e+08 6.82725e+09 2.83369e+10 3.80917e+07 2.43319e+07 2.70465e+07 1.45861e+07 74 106
245000 1.39832e+08 6.7262e+09 2.10006e+10 5.78858e+07 3.14734e+07 2.34944e+07 1.08882e+07 76 115
246000 1.64096e+08 6.53194e+09 1.88043e+10 5.45764e+07 2.47365e+07 2.44892e+07 1.18892e+07 95 113
247000 1.62437e+08 6.36511e+09 1.80624e+10 4.01965e+07 1.82968e+07 2.58477e+07 1.34755e+07 103 105
248000 1.45503e+08 6.29449e+09 2.01975e+10 3.96067e+07 2.00076e+07 2.50595e+07 1.27571e+07 99 103
249000 1.45898e+08 6.21137e+09 1.17372e+10 3.5482e+07 1.73549e+07 2.71449e+07 1.63023e+07 101 99
250000 1.27598e+08 6.21389e+09 1.16619e+10 2.66576e+07 1.43645e+07 3.41395e+07 1.7585e+07 107 101
251000 1.17427e+08 6.25026e+09 8.29183e+09 2.60429e+07 1.55164e+07 2.35172e+07 1.2989e+07 97 110
252000 1.15385e+08 6.28844e+09 1.01786e+10 2.54796e+07 1.45205e+07 3.4339e+07 2.01108e+07 101 102
253000 1.21382e+08 6.29801e+09 9.67972e+09 2.97248e+07 1.60217e+07 2.84405e+07 1.70619e+07 90 104
254000 1.26089e+08 6.27205e+09 1.85331e+10 3.76551e+07 2.24545e+07 2.58184e+07 1.32302e+07 79 114
255000 1.32317e+08 6.22818e+09 1.47858e+10 3.24434e+07 1.77661e+07 3.43901e+07 1.81732e+07 93 113
256000 1.25253e+08 6.19934e+09 2.73958e+10 3.05355e+07 1.68914e+07 2.44062e+07 1.11059e+07 87 121
257000 1.29936e+08 6.18012e+09 2.81723e+10 3.83511e+07 2.25271e+07 2.5925e+07 1.27924e+07 78 111
258000 1.29242e+08 6.15478e+09 1.89945e+10 5.2765e+07 3.79106e+07 2.41911e+07 1.1473e+07 76 123
259000 1.2619e+08 6.15408e+09 1.71759e+10 3.33979e+07 1.90419e+07 2.51778e+07 1.19664e+07 79 116
260000 1.20854e+08 6.16763e+09 1.9091e+10 2.98926e+07 1.5675e+07 2.35286e+07 1.24124e+07 86 113
261000 1.10871e+08 6.2216e+09 3.22403e+10 2.88612e+07 1.60261e+07 2.65845e+07 1.43923e+07 79 106
262000 1.10861e+08 6.28486e+09 1.67324e+10 2.65035e+07 1.60191e+07 2.56778e+07 1.39699e+07 82 109
263000 1.09452e+08 6.34061e+09 2.31134e+10 2.82241e+07 1.71494e+07 2.7443e+07 1.56815e+07 76 105
264000 1.12163e+08 6.37187e+09 1.94666e+10 2.96851e+07 1.86954e+07 2.53867e+07 1.22636e+07 76 116
265000 1.16981e+08 6.39984e+09 2.10261e+10 3.47361e+07 2.26171e+07 2.62736e+07 1.38247e+07 70 112
266000 1.20645e+08 6.4167e+09 2.26202e+10 3.58924e+07 2.3579e+07 2.9566e+07 1.64176e+07 67 105
267000 1.21428e+08 6.41226e+09 2.1173e+10 3.48025e+07 2.17754e+07 3.05214e+07 1.61165e+07 65 107
268000 1.19484e+08 6.41842e+09 2.46943e+10 3.31557e+07 2.08503e+07 2.89435e+07 1.43625e+07 67 113
269000 1.21971e+08 6.42161e+09 9.23715e+09 3.3289e+07 2.33945e+07 2.56034e+07 1.20638e+07 70 123
270000 1.1793e+08 6.42911e+09 1.11462e+10 3.57541e+07 2.4885e+07 2.19619e+07 1.05555e+07 69 130
271000 1.16251e+08 6.4416e+09 1.61718e+10 3.40732e+07 2.01335e+07 2.52609e+07 1.11846e+07 71 138
272000 1.23854e+08 6.43575e+09 1.16667e+10 4.09592e+07 2.85298e+07 2.30997e+07 1.28423e+07 70 128
273000 1.36165e+08 6.38256e+09 1.63829e+10 3.95188e+07 2.6005e+07 3.09262e+07 1.70848e+07 73 114
274000 1.45148e+08 6.26321e+09 1.14992e+10 3.68121e+07 2.28061e+07 3.01457e+07 1.39413e+07 84 132
275000 1.48791e+08 6.15596e+09 1.43642e+10 3.19899e+07 1.72877e+07 3.25003e+07 1.57616e+07 97 111
276000 1.41198e+08 6.0721e+09 2.22947e+10 3.32384e+07 2.08917e+07 2.99773e+07 1.54716e+07 92 111
277000 1.35822e+08 6.02821e+09 2.00395e+10 3.17734e+07 1.76682e+07 4.10851e+07 2.10051e+07 91 116
278000 1.30086e+08 6.00939e+09 1.6914e+10 2.99575e+07 1.61654e+07 2.81329e+07 1.56958e+07 94 112
279000 1.25091e+08 6.01025e+09 1.07348e+10 2.89e+07 1.6594e+07 2.52823e+07 1.43843e+07 93 120
280000 1.14969e+08 6.03234e+09 1.81682e+10 2.32441e+07 1.17799e+07 2.24267e+07 1.23392e+07 104 114
281000 1.11874e+08 6.09011e+09 1.19066e+10 2.42468e+07 1.30076e+07 2.54431e+07 1.60019e+07 98 122
282000 1.0993e+08 6.15231e+09 1.5708e+10 2.49352e+07 1.45362e+07 2.28634e+07 1.27764e+07 100 115
283000 1.10381e+08 6.21521e+09 2.00134e+10 2.49549e+07 1.55142e+07 2.41471e+07 1.42619e+07 96 109
284000 1.11174e+08 6.25582e+09 2.78795e+10 2.59733e+07 1.50706e+07 2.61319e+07 1.43781e+07 92 103
285000 1.14308e+08 6.28399e+09 2.21725e+10 3.16069e+07 2.09752e+07 2.55994e+07 1.25024e+07 88 108
286000 1.18228e+08 6.31385e+09 1.90512e+10 3.23456e+07 2.13371e+07 2.57023e+07 1.32722e+07 80 108
287000 1.16827e+08 6.33552e+09 1.861e+10 3.24802e+07 2.00041e+07 2.44463e+07 1.29659e+07 76 114
288000 1.17445e+08 6.36576e+09 1.70184e+10 3.38527e+07 2.30526e+07 2.85877e+07 1.76353e+07 77 112
289000 1.18746e+08 6.37752e+09 1.69534e+10 3.3331e+07 2.25893e+07 3.00861e+07 1.94437e+07 79 107
290000 1.25946e+08 6.36409e+09 9.93006e+09 3.37133e+07 2.32183e+07 2.49371e+07 1.30913e+07 83 122
291000 1.31092e+08 6.31427e+09 2.20382e+10 3.84577e+07 2.6432e+07 2.85048e+07 1.5587e+07 76 111
292000 1.33846e+08 6.24475e+09 2.6741e+10 3.52618e+07 1.74046e+07 2.75296e+07 1.36768e+07 81 122
293000 1.33643e+08 6.19622e+09 2.41699e+10 3.39956e+07 1.88245e+07 2.7097e+07 1.30051e+07 84 117
294000 1.27511e+08 6.19103e+09 2.97307e+10 2.94778e+07 1.62764e+07 2.85679e+07 1.54694e+07 76 116
295000 1.18278e+08 6.20761e+09 3.2427e+10 2.49665e+07 1.3343e+07 2.53191e+07 1.31505e+07 76 130
296000 1.0983e+08 6.26202e+09 4.06853e+10 2.71959e+07 1.60429e+07 2.58184e+07 1.42572e+07 68 122
297000 1.09185e+08 6.32808e+09 3.06078e+10 2.57045e+07 1.38722e+07 2.54051e+07 1.49503e+07 71 125
298000 1.08552e+08 6.40274e+09 3.21268e+10 4.72914e+07 3.5551e+07 2.6226e+07 1.50095e+07 68 112
299000 1.05194e+08 6.46765e+09 3.91921e+10 2.63734e+07 1.43466e+07 2.9066e+07 1.83689e+07 68 100
300000 1.06193e+08 6.53886e+09 2.92675e+10 2.87678e+07 1.50114e+07 2.58069e+07 1.55467e+07 65 116
301000 1.06519e+08 6.60502e+09 2.61581e+10 3.84198e+07 2.77756e+07 2.44333e+07 1.28929e+07 61 118
302000 1.07623e+08 6.65886e+09 2.46186e+10 3.0752e+07 1.96106e+07 2.6929e+07 1.34335e+07 62 115
303000 1.09917e+08 6.7045e+09 2.38926e+10 3.20728e+07 2.22111e+07 2.84789e+07 1.44419e+07 61 110
304000 1.08494e+08 6.74543e+09 3.06855e+10 2.77245e+07 1.54967e+07 2.57806e+07 1.36337e+07 63 123
305000 1.12319e+08 6.78695e+09 2.1831e+10 3.31904e+07 1.92878e+07 2.61049e+07 1.42205e+07 62 124
306000 1.17015e+08 6.803e+09 2.29334e+10 3.36647e+07 2.07572e+07 2.53404e+07 1.41523e+07 55 135
307000 1.21798e+08 6.78638e+09 4.41549e+10 4.09286e+07 2.41579e+07 2.77834e+07 1.30672e+07 52 132
308000 1.40205e+08 6.68906e+09 4.18291e+10 4.24929e+07 2.36482e+07 3.71458e+07 1.84454e+07 56 126
309000 1.43827e+08 6.59074e+09 3.04286e+10 4.03557e+07 1.88623e+07 3.04943e+07 1.54343e+07 56 134
310000 1.36558e+08 6.52694e+09 3.69826e+10 4.129e+07 2.35919e+07 2.9342e+07 1.5215e+07 53 133
311000 1.32506e+08 6.48663e+09 2.71546e+10 3.97167e+07 2.48e+07 3.49365e+07 1.70107e+07 54 143
312000 1.27792e+08 6.46817e+09 2.99106e+10 3.22611e+07 1.75923e+07 2.88668e+07 1.61869e+07 56 133
313000 1.30844e+08 6.42695e+09 2.06897e+10 3.48598e+07 2.25991e+07 2.91101e+07 1.48246e+07 53 145
314000 1.35783e+08 6.35195e+09 2.29593e+10 3.4531e+07 2.23231e+07 2.95934e+07 1.34603e+07 54 149
315000 1.3571e+08 6.30276e+09 1.34377e+10 3.84884e+07 2.45286e+07 2.65565e+07 1.26217e+07 56 146
316000 1.25294e+08 6.3015e+09 2.44399e+10 3.673e+07 1.94553e+07 3.6278e+07 1.92997e+07 54 130
317000 1.16745e+08 6.32674e+09 3.15487e+10 3.35805e+07 1.49752e+07 2.33991e+07 1.28371e+07 58 140
318000 1.12736e+08 6.37137e+09 3.14034e+10 2.76971e+07 1.24286e+07 2.62705e+07 1.49509e+07 62 127
319000 1.10629e+08 6.42586e+09 2.60753e+10 2.8843e+07 1.52729e+07 2.55887e+07 1.37598e+07 53 134
320000 1.06214e+08 6.48492e+09 1.87836e+10 2.3242e+07 1.26014e+07 2.96228e+07 1.53613e+07 59 131
321000 1.03881e+08 6.55608e+09 2.74513e+10 2.40226e+07 1.38405e+07 3.03031e+07 1.87101e+07 52 131
322000 1.05945e+08 6.62536e+09 2.47615e+10 2.95392e+07 1.8911e+07 2.69227e+07 1.47386e+07 48 128
323000 1.06478e+08 6.68909e+09 2.13422e+10 3.19726e+07 1.97689e+07 2.6223e+07 1.45161e+07 47 129
324000 1.04751e+08 6.76394e+09 2.41867e+10 3.35658e+07 2.00669e+07 2.59263e+07 1.54607e+07 45 123
325000 1.02824e+08 6.84378e+09 2.4526e+10 3.16768e+07 1.97942e+07 3.03999e+07 1.97324e+07 46 124
326000 1.00886e+08 6.93014e+09 2.54575e+10 3.35074e+07 2.22146e+07 2.47468e+07 1.4416e+07 46 126
327000 1.04693e+08 6.99827e+09 2.48528e+10 3.71235e+07 2.34981e+07 2.58526e+07 1.5147e+07 43 127
328000 1.09646e+08 7.02968e+09 2.26818e+10 3.42357e+07 1.83874e+07 2.92905e+07 1.64091e+07 49 134
329000 1.14e+08 7.0483e+09 4.09244e+10 3.39046e+07 1.88071e+07 3.18562e+07 1.74678e+07 44 119
330000 1.22588e+08 7.02999e+09 3.09699e+10 3.94515e+07 2.57477e+07 3.25532e+07 1.75705e+07 45 128
331000 1.53451e+08 6.87179e+09 3.40035e+10 5.89905e+07 2.34612e+07 4.29059e+07 2.04456e+07 49 128
332000 1.50593e+08 6.70648e+09 3.8839e+10 4.34396e+07 2.47957e+07 2.93704e+07 1.27162e+07 55 144
333000 1.28442e+08 6.70913e+09 2.6006e+10 3.24621e+07 2.1374e+07 3.01287e+07 1.68345e+07 52 144
334000 1.1884e+08 6.7335e+09 2.98762e+10 3.23577e+07 1.7298e+07 3.34827e+07 1.40647e+07 55 142
335000 1.14428e+08 6.76643e+09 3.41118e+10 3.05654e+07 1.8564e+07 2.67761e+07 1.51449e+07 52 137
336000 1.09546e+08 6.82586e+09 4.18784e+10 3.01311e+07 1.89393e+07 2.89493e+07 1.7811e+07 48 132
337000 1.12572e+08 6.86964e+09 2.33036e+10 3.21307e+07 2.26294e+07 2.56694e+07 1.43515e+07 51 140
338000 1.15719e+08 6.88991e+09 1.95769e+10 3.48449e+07 2.7108e+07 2.72651e+07 1.51508e+07 47 140
339000 1.30558e+08 6.83413e+09 2.39364e+10 4.80765e+07 3.45516e+07 3.12719e+07 1.61288e+07 55 138
340000 1.70931e+08 6.56295e+09 1.44537e+10 5.52123e+07 2.52245e+07 3.21041e+07 1.27627e+07 62 154
341000 1.59668e+08 6.38191e+09 1.87416e+10 3.67375e+07 1.63858e+07 2.43815e+07 1.01754e+07 73 166
342000 1.48427e+08 6.31103e+09 1.13987e+10 4.69615e+07 2.74431e+07 2.52298e+07 1.28431e+07 71 155
343000 1.48014e+08 6.21523e+09 1.96311e+10 4.07488e+07 1.81709e+07 2.51748e+07 1.31308e+07 70 151
344000 1.31923e+08 6.18534e+09 1.47269e+10 2.77441e+07 1.21444e+07 2.41212e+07 1.38267e+07 78 150
345000 1.17606e+08 6.22537e+09 1.75099e+10 2.58548e+07 1.41825e+07 2.12447e+07 1.11869e+07 71 147
346000 1.12496e+08 6.28106e+09 1.66936e+10 2.5233e+07 1.71077e+07 2.47837e+07 1.53453e+07 70 140
347000 1.13299e+08 6.31814e+09 2.83582e+10 2.41224e+07 1.44762e+07 2.78921e+07 1.28341e+07 63 134
348000 1.11057e+08 6.36552e+09 2.27184e+10 2.48604e+07 1.50357e+07 2.60019e+07 1.38715e+07 56 138
349000 1.06506e+08 6.43645e+09 2.13077e+10 2.35212e+07 1.40364e+07 2.50304e+07 1.29919e+07 59 134
350000 1.03877e+08 6.5143e+09 2.32456e+10 8.17766e+07 3.17718e+07 2.51077e+07 1.40367e+07 51 132
351000 1.05137e+08 6.5733e+09 1.88354e+10 3.08704e+07 1.74804e+07 2.865e+07 1.27945e+07 54 147
352000 1.15736e+08 6.59312e+09 2.34643e+10 3.90294e+07 1.60043e+07 2.43057e+07 1.30591e+07 56 135
353000 1.19632e+08 6.60474e+09 2.15148e+10 3.54213e+07 1.79385e+07 2.60047e+07 1.48949e+07 59 122
354000 1.19812e+08 6.60631e+09 2.68738e+10 3.97096e+07 1.80761e+07 3.29295e+07 1.68778e+07 61 121
355000 1.23947e+08 6.58784e+09 2.03304e+10 4.47073e+07 2.31664e+07 2.26429e+07 1.15816e+07 57 135
356000 1.16931e+08 6.61477e+09 2.98445e+10 3.60413e+07 1.99534e+07 2.46591e+07 1.4846e+07 55 127
357000 1.14508e+08 6.66672e+09 2.78437e+10 3.18849e+07 1.83948e+07 4.00676e+07 2.36482e+07 58 118
358000 1.16154e+08 6.69346e+09 3.05961e+10 2.80037e+07 1.58293e+07 4.04352e+07 2.7738e+07 63 115
359000 1.22356e+08 6.67606e+09 2.50041e+10 3.18483e+07 1.79915e+07 3.08468e+07 1.74275e+07 60 127
360000 1.35551e+08 6.59889e+09 2.78004e+10 3.55632e+07 1.60957e+07 3.99047e+07 2.50883e+07 65 121
361000 1.4376e+08 6.48595e+09 2.23165e+10 3.29429e+07 1.45646e+07 3.31814e+07 1.81067e+07 61 145
362000 1.42512e+08 6.38833e+09 2.73971e+10 3.80771e+07 2.39981e+07 3.24976e+07 1.54154e+07 51 144
363000 1.33994e+08 6.3384e+09 2.52346e+10 3.049e+07 1.90127e+07 2.85048e+07 1.33299e+07 43 159
364000 1.23574e+08 6.3432e+09 2.39643e+10 2.86555e+07 1.96621e+07 2.81401e+07 1.45457e+07 44 149
365000 1.13221e+08 6.38085e+09 2.67426e+10 2.25051e+07 1.228e+07 3.37034e+07 1.71984e+07 46 150
366000 1.10448e+08 6.44608e+09 2.5022e+10 2.48965e+07 1.46708e+07 3.92684e+07 2.35275e+07 42 149
367000 1.08195e+08 6.49659e+09 1.62192e+10 2.78735e+07 1.59831e+07 2.47405e+07 1.3439e+07 40 154
368000 1.06182e+08 6.56102e+09 1.11756e+10 2.77457e+07 1.42988e+07 2.68597e+07 1.64735e+07 39 152
369000 1.04546e+08 6.63087e+09 1.21208e+10 2.79582e+07 1.61305e+07 2.4471e+07 1.3932e+07 39 160
370000 1.03537e+08 6.7059e+09 1.95628e+10 2.84176e+07 1.69414e+07 2.51061e+07 1.36638e+07 36 148
371000 1.06033e+08 6.75906e+09 2.32249e+10 3.13282e+07 1.85406e+07 2.66357e+07 1.42907e+07 40 150
372000 1.185e+08 6.75573e+09 1.79405e+10 3.4399e+07 1.42454e+07 2.7685e+07 1.5524e+07 45 152
373000 1.24601e+08 6.72213e+09 2.04564e+10 2.73484e+07 1.28484e+07 3.00734e+07 1.50609e+07 48 151
374000 1.34764e+08 6.65511e+09 9.02404e+09 2.85713e+07 1.79889e+07 3.27287e+07 1.56496e+07 43 163
375000 1.43838e+08 6.5339e+09 1.05866e+10 3.47299e+07 2.27672e+07 3.08298e+07 1.27697e+07 33 176
376000 1.28522e+08 6.49746e+09 1.30061e+10 3.07431e+07 1.87504e+07 2.55013e+07 1.17845e+07 35 176
377000 1.14675e+08 6.5322e+09 2.12211e+10 2.98569e+07 1.82275e+07 2.37416e+07 1.17738e+07 34 174
378000 1.13372e+08 6.57312e+09 1.84524e+10 3.49487e+07 2.04516e+07 2.13383e+07 1.06737e+07 34 188
379000 1.1488e+08 6.58636e+09 2.11518e+10 3.60498e+07 1.8396e+07 2.22759e+07 1.15387e+07 43 178
380000 1.17902e+08 6.59848e+09 1.88384e+10 6.70203e+07 3.03677e+07 2.03878e+07 1.03121e+07 41 183
381000 1.22645e+08 6.58629e+09 1.30063e+10 5.6944e+07 3.35924e+07 2.16781e+07 1.20148e+07 46 184
382000 1.2248e+08 6.58881e+09 1.4207e+10 3.73318e+07 1.88008e+07 2.61382e+07 1.55803e+07 41 173
383000 1.2356e+08 6.58536e+09 1.83131e+10 3.06167e+07 1.63251e+07 3.37916e+07 2.22935e+07 43 165
384000 1.25555e+08 6.55086e+09 2.21148e+10 2.74468e+07 1.71574e+07 2.86097e+07 1.47144e+07 46 161
385000 1.32874e+08 6.50076e+09 1.84661e+10 2.48767e+07 1.36141e+07 3.11597e+07 1.6586e+07 48 160
386000 1.42028e+08 6.39497e+09 1.23036e+10 2.56074e+07 1.38182e+07 3.41444e+07 1.62743e+07 50 166
387000 1.40041e+08 6.3074e+09 1.40909e+10 2.96327e+07 1.54258e+07 2.87505e+07 1.41672e+07 44 177
388000 1.31239e+08 6.26445e+09 1.76292e+10 2.677e+07 1.31937e+07 2.629e+07 1.32115e+07 46 180
389000 1.30964e+08 6.23293e+09 1.66783e+10 2.40904e+07 1.21869e+07 2.99516e+07 1.5343e+07 47 175
390000 1.23621e+08 6.22996e+09 2.10118e+10 3.02199e+07 2.16567e+07 2.39776e+07 1.1486e+07 38 176
391000 1.12376e+08 6.27312e+09 3.12435e+10 2.87501e+07 1.83423e+07 2.59448e+07 1.42215e+07 38 170
392000 1.05412e+08 6.34894e+09 3.37718e+10 3.15139e+07 2.33664e+07 2.2657e+07 1.14833e+07 34 161
393000 1.05482e+08 6.4246e+09 2.10406e+10 3.46133e+07 2.56301e+07 2.29487e+07 1.20967e+07 34 165
394000 1.07867e+08 6.4861e+09 1.4192e+10 3.53517e+07 2.68322e+07 2.38753e+07 1.33062e+07 32 168
395000 1.09466e+08 6.51863e+09 2.88593e+10 2.88243e+07 1.68748e+07 3.85396e+07 2.33974e+07 36 160
396000 1.19627e+08 6.50322e+09 2.83117e+10 3.26265e+07 1.74952e+07 2.73395e+07 1.28411e+07 33 163
397000 1.15606e+08 6.52285e+09 3.10574e+10 3.73364e+07 2.59591e+07 2.34029e+07 1.05169e+07 29 174
398000 1.09388e+08 6.5733e+09 2.58602e+10 3.36954e+07 2.03737e+07 2.25322e+07 1.14953e+07 31 171
399000 1.04367e+08 6.64193e+09 2.48936e+10 3.08489e+07 1.63016e+07 2.29163e+07 1.18648e+07 29 167
400000 1.03071e+08 6.72167e+09 1.96215e+10 2.8913e+07 1.59749e+07 2.23936e+07 1.13007e+07 30 170
401000 1.02665e+08 6.7991e+09 2.00787e+10 3.11619e+07 1.92464e+07 2.31857e+07 1.20857e+07 26 169
402000 1.01408e+08 6.87995e+09 3.2158e+10 2.87331e+07 1.6966e+07 2.5175e+07 1.25218e+07 21 158
403000 1.03183e+08 6.95282e+09 2.63044e+10 3.03786e+07 2.01481e+07 2.68577e+07 1.61147e+07 22 155
404000 1.03314e+08 7.01954e+09 2.92529e+10 2.7414e+07 1.6272e+07 2.75029e+07 1.51735e+07 21 152
405000 1.00465e+08 7.0887e+09 3.99745e+10 3.21189e+07 1.74483e+07 2.57823e+07 1.38054e+07 20 154
406000 1.08139e+08 7.13963e+09 3.14115e+10 3.69568e+07 2.68971e+07 2.98001e+07 1.6762e+07 20 152
407000 1.2488e+08 7.10534e+09 3.09267e+10 3.15511e+07 1.77055e+07 3.57187e+07 2.03519e+07 18 160
408000 1.36555e+08 7.00245e+09 2.77911e+10 2.78068e+07 1.30745e+07 3.49025e+07 1.68932e+07 19 180
409000 1.36535e+08 6.91649e+09 2.71825e+10 3.25963e+07 2.17839e+07 3.14796e+07 1.48634e+07 16 186
410000 1.31291e+08 6.87199e+09 2.0328e+10 3.27396e+07 1.97557e+07 3.0193e+07 1.55961e+07 16 181
411000 1.2267e+08 6.85394e+09 1.79759e+10 2.46297e+07 1.46269e+07 2.5758e+07 1.31885e+07 21 192
412000 1.26433e+08 6.81202e+09 1.52968e+10 2.80761e+07 1.84123e+07 3.0745e+07 1.42422e+07 19 195
413000 1.35461e+08 6.72617e+09 1.87954e+10 2.89102e+07 1.86051e+07 3.27331e+07 1.73975e+07 20 198
414000 1.50054e+08 6.58785e+09 1.18979e+10 3.16963e+07 1.69221e+07 3.2414e+07 1.51557e+07 17 214
415000 1.57935e+08 6.39483e+09 1.10442e+10 3.99243e+07 2.48136e+07 3.12921e+07 1.44767e+07 15 217
416000 1.53975e+08 6.25872e+09 1.14157e+10 4.56316e+07 3.03999e+07 2.94358e+07 1.41407e+07 14 216
417000 1.3717e+08 6.19797e+09 2.05317e+10 3.92469e+07 2.5248e+07 2.59266e+07 1.31956e+07 16 211
418000 1.28185e+08 6.17849e+09 9.59826e+09 3.60337e+07 2.14977e+07 2.39796e+07 1.20428e+07 16 217
419000 1.21639e+08 6.18415e+09 1.14569e+10 3.97172e+07 2.83848e+07 2.59736e+07 1.40857e+07 14 206
420000 1.17353e+08 6.20224e+09 1.52045e+10 4.36482e+07 2.33217e+07 2.19378e+07 1.07731e+07 17 204
421000 1.157e+08 6.21977e+09 1.89416e+10 5.02456e+07 2.27004e+07 2.17379e+07 1.15307e+07 21 209
422000 1.17923e+08 6.24226e+09 1.62477e+10 5.40687e+07 3.00915e+07 2.37954e+07 1.23106e+07 21 189
423000 1.09512e+08 6.28427e+09 1.98403e+10 3.16496e+07 1.39808e+07 2.18712e+07 1.15209e+07 27 183
424000 1.0453e+08 6.35739e+09 1.88601e+10 3.09696e+07 1.58995e+07 2.19948e+07 1.11599e+07 24 181
425000 1.04207e+08 6.43274e+09 1.95036e+10 2.83296e+07 1.96077e+07 2.37942e+07 1.33096e+07 20 178
426000 1.05199e+08 6.49469e+09 1.51564e+10 2.69616e+07 1.59976e+07 2.32639e+07 1.23416e+07 19 188
427000 1.067e+08 6.5532e+09 1.73491e+10 3.16822e+07 2.23358e+07 2.96541e+07 1.63704e+07 16 175
428000 1.06637e+08 6.59806e+09 2.56516e+10 3.21086e+07 2.33545e+07 2.48685e+07 1.41843e+07 14 179
429000 1.10443e+08 6.63003e+09 2.31538e+10 2.70208e+07 1.65599e+07 2.58828e+07 1.38776e+07 15 188
430000 1.1708e+08 6.63169e+09 1.97114e+10 2.36788e+07 1.41435e+07 2.74466e+07 1.36372e+07 16 186
431000 1.18513e+08 6.6265e+09 1.62871e+10 2.26097e+07 1.28686e+07 2.81007e+07 1.5568e+07 16 188
432000 1.14491e+08 6.64434e+09 3.04407e+10 2.89224e+07 1.67601e+07 2.61062e+07 1.35335e+07 11 187
433000 1.18565e+08 6.6561e+09 2.53774e+10 3.00512e+07 1.94122e+07 2.91907e+07 1.70611e+07 9 182
434000 1.24077e+08 6.63818e+09 3.23684e+10 2.23913e+07 1.17914e+07 2.93791e+07 1.56785e+07 9 191
435000 1.27493e+08 6.59165e+09 2.80072e+10 3.24179e+07 2.24521e+07 2.98631e+07 1.64197e+07 9 191
436000 1.25653e+08 6.54645e+09 2.57224e+10 6.85815e+07 5.59757e+07 2.56198e+07 1.23297e+07 6 207
437000 1.2358e+08 6.53797e+09 3.05781e+10 6.45286e+07 3.75308e+07 2.91695e+07 1.60731e+07 7 180
438000 1.23202e+08 6.52466e+09 2.07169e+10 4.7566e+07 2.49775e+07 2.62612e+07 1.35417e+07 9 202
439000 1.24088e+08 6.50884e+09 1.4115e+10 3.59836e+07 1.87642e+07 3.14469e+07 1.79865e+07 8 193
440000 1.21129e+08 6.49279e+09 1.54755e+10 2.57364e+07 1.23934e+07 2.73655e+07 1.46984e+07 10 196
441000 1.16369e+08 6.51296e+09 1.6201e+10 2.9798e+07 1.6589e+07 2.60134e+07 1.39344e+07 9 202
442000 1.07066e+08 6.55546e+09 2.03006e+10 2.87243e+07 9.40519e+06 2.18694e+07 1.08582e+07 9 209
443000 1.02546e+08 6.63261e+09 2.47816e+10 2.8303e+07 1.08036e+07 2.26612e+07 1.13769e+07 8 194
444000 1.00812e+08 6.72469e+09 2.58519e+10 2.84057e+07 1.3697e+07 2.50568e+07 1.38948e+07 7 180
445000 1.00503e+08 6.80947e+09 1.81268e+10 3.26912e+07 2.29136e+07 2.48353e+07 1.49467e+07 7 180
446000 9.91396e+07 6.88454e+09 2.15896e+10 5.26991e+07 4.26821e+07 2.30786e+07 1.29242e+07 5 190
447000 9.88558e+07 6.96532e+09 3.25294e+10 2.27392e+07 1.24041e+07 2.45471e+07 1.40858e+07 6 182
448000 1.06213e+08 7.02402e+09 1.57355e+10 2.44371e+07 1.8868e+07 2.66605e+07 1.55456e+07 5 194
449000 1.06437e+08 7.05944e+09 2.69033e+10 2.37411e+07 1.93119e+07 2.45109e+07 1.2444e+07 5 198
450000 1.12921e+08 7.08317e+09 2.4073e+10 3.29015e+07 2.81529e+07 2.81757e+07 1.41242e+07 3 191
451000 1.21276e+08 7.06745e+09 1.68908e+10 6.40656e+07 6.40656e+07 3.02682e+07 1.75611e+07 1 192
452000 1.28162e+08 6.99452e+09 1.51842e+10 3.05581e+07 1.52791e+07 2.92626e+07 1.39688e+07 2 209
453000 1.32104e+08 6.92811e+09 1.53757e+10 2.62302e+07 1.31151e+07 3.74645e+07 2.28759e+07 2 213
454000 1.32226e+08 6.85224e+09 2.48218e+10 2.32236e+07 1.16118e+07 2.93674e+07 1.49742e+07 2 215
455000 1.31199e+08 6.7938e+09 3.04471e+10 2.25707e+07 1.12854e+07 3.38802e+07 1.70926e+07 2 215
456000 1.34974e+08 6.73057e+09 2.68231e+10 2.2015e+07 1.48101e+07 3.15338e+07 1.59136e+07 4 210
457000 1.29918e+08 6.68324e+09 2.78583e+10 2.89598e+07 2.21169e+07 3.43676e+07 1.51315e+07 4 210
458000 1.30291e+08 6.6426e+09 1.98025e+10 2.88968e+07 1.31169e+07 3.01088e+07 1.60635e+07 5 215
459000 1.39878e+08 6.53403e+09 2.13899e+10 3.32645e+07 1.53004e+07 2.82019e+07 1.24869e+07 5 221
460000 1.28312e+08 6.50854e+09 1.93315e+10 3.92553e+07 1.47938e+07 2.58879e+07 1.2735e+07 5 220
461000 1.22295e+08 6.50612e+09 1.21354e+10 4.86726e+07 2.71014e+07 2.42193e+07 1.2673e+07 4 226
462000 1.32029e+08 6.45272e+09 1.57963e+10 3.27217e+07 1.30862e+07 3.54426e+07 1.88238e+07 5 215
463000 1.28964e+08 6.38157e+09 2.27178e+10 2.52417e+07 1.48969e+07 2.46698e+07 1.07705e+07 6 220
464000 1.16013e+08 6.41549e+09 1.4772e+10 1.78767e+07 6.5394e+06 2.30334e+07 1.09542e+07 7 218
465000 1.13128e+08 6.45752e+09 1.05312e+10 1.85849e+07 7.28986e+06 2.29738e+07 1.14244e+07 6 220
466000 1.11801e+08 6.48236e+09 1.54561e+10 2.79413e+07 2.07103e+07 2.31327e+07 1.13205e+07 4 220
467000 1.16623e+08 6.49945e+09 1.09541e+10 8.96833e+07 8.24265e+07 2.69959e+07 1.48024e+07 3 221
468000 1.18851e+08 6.49328e+09 1.6519e+10 5.93114e+07 5.93114e+07 2.74845e+07 1.43213e+07 2 216
469000 1.19523e+08 6.47476e+09 1.52934e+10 3.81818e+07 3.13345e+07 2.51556e+07 1.23835e+07 3 219
470000 1.21205e+08 6.46493e+09 1.1691e+10 3.3985e+07 2.78975e+07 2.55217e+07 1.27853e+07 3 224
471000 1.18218e+08 6.46678e+09 1.78349e+10 3.22271e+07 2.6564e+07 2.38082e+07 1.07012e+07 3 220
472000 1.16041e+08 6.49487e+09 1.99468e+10 4.8444e+07 4.8444e+07 3.13145e+07 1.53325e+07 2 214
473000 1.15501e+08 6.50636e+09 1.20997e+10 2.64022e+07 1.32011e+07 2.33677e+07 1.07829e+07 2 227
474000 1.13799e+08 6.52542e+09 1.74056e+10 2.80656e+07 1.40328e+07 2.34679e+07 1.17333e+07 2 220
475000 1.14304e+08 6.55388e+09 1.65839e+10 6.44646e+07 6.44646e+07 2.4131e+07 1.22839e+07 1 213
476000 1.09077e+08 6.58513e+09 2.37548e+10 6.96465e+07 6.96465e+07 2.36475e+07 1.16268e+07 1 208
477000 1.07457e+08 6.632e+09 2.68605e+10 6.49066e+07 6.49066e+07 2.67176e+07 1.47847e+07 1 211
478000 1.09799e+08 6.67173e+09 2.69554e+10 2.98081e+07 1.4904e+07 2.44141e+07 1.24859e+07 2 219
479000 1.19253e+08 6.6691e+09 1.53844e+10 2.7294e+07 1.3647e+07 2.82669e+07 1.59172e+07 2 209
480000 1.26134e+08 6.61472e+09 1.55912e+10 2.50597e+07 1.25298e+07 3.00829e+07 1.59772e+07 2 213
481000 1.30958e+08 6.55782e+09 8.01097e+09 2.33673e+07 1.16837e+07 2.69932e+07 1.3083e+07 2 225
482000 1.23642e+08 6.52932e+09 1.64051e+10 2.20915e+07 1.10457e+07 2.72233e+07 1.48251e+07 2 226
483000 1.23011e+08 6.52723e+09 2.06319e+10 6.54642e+07 6.54642e+07 2.64887e+07 1.35306e+07 1 222
483204 1.2527e+08 6.5275e+09 2.20773e+10 0 0 2.81106e+07 1.5578e+07 0 210
