0 1.27534e+08 5.8036e+09 2.4e+09 2.4e+07 1.2e+07 2.4e+07 1.2e+07 190 10
1000 1.26856e+08 5.80855e+09 1.04723e+10 3.02932e+07 1.85093e+07 2.11716e+07 9.28942e+06 185 12
2000 1.27876e+08 5.81524e+09 1.48039e+10 2.98872e+07 1.82558e+07 1.60471e+07 6.0022e+06 177 14
3000 1.25229e+08 5.81806e+09 2.01187e+10 3.12632e+07 1.98015e+07 1.91617e+07 1.10807e+07 174 12
4000 1.20704e+08 5.83416e+09 2.55186e+10 2.84059e+07 1.54154e+07 2.81865e+07 2.08833e+07 175 10
5000 1.19488e+08 5.86698e+09 2.15304e+10 3.67602e+07 1.96385e+07 2.14677e+07 1.25667e+07 181 12
6000 1.20558e+08 5.89686e+09 1.15281e+10 2.63843e+07 1.43467e+07 2.65111e+07 1.71619e+07 190 10
7000 1.19043e+08 5.93077e+09 1.23272e+10 2.73037e+07 1.5519e+07 2.39008e+07 1.4787e+07 183 11
8000 1.1855e+08 5.96722e+09 1.08642e+10 2.73988e+07 1.59231e+07 2.59819e+07 1.50692e+07 184 11
9000 1.15729e+08 6.01185e+09 2.1354e+10 3.00483e+07 1.87849e+07 2.8915e+07 2.10003e+07 179 11
10000 1.13782e+08 6.0644e+09 2.99283e+10 2.78412e+07 1.55312e+07 2.46013e+07 1.13764e+07 167 14
11000 1.15547e+08 6.11874e+09 3.30241e+10 3.07807e+07 1.87409e+07 3.19753e+07 1.96697e+07 156 12
12000 1.1726e+08 6.15748e+09 3.31133e+10 3.39238e+07 2.203e+07 3.48287e+07 2.45666e+07 152 12
13000 1.15029e+08 6.19384e+09 3.23067e+10 3.08174e+07 1.86919e+07 2.79809e+07 1.42679e+07 154 14
14000 1.14143e+08 6.24413e+09 3.11984e+10 3.00878e+07 1.74858e+07 1.72142e+07 7.31615e+06 156 21
15000 1.16586e+08 6.28276e+09 1.74846e+10 2.9489e+07 1.74409e+07 1.36914e+07 4.20712e+06 164 25
16000 1.16623e+08 6.32888e+09 2.71363e+10 3.3653e+07 2.25609e+07 1.39243e+07 4.523e+06 151 24
17000 1.20263e+08 6.35523e+09 2.74831e+10 3.42987e+07 2.15804e+07 1.91934e+07 7.40084e+06 146 20
18000 1.2558e+08 6.35372e+09 2.86483e+10 3.7015e+07 2.28768e+07 2.46001e+07 1.0914e+07 148 17
19000 1.34224e+08 6.31672e+09 2.21882e+10 3.62929e+07 2.2767e+07 2.66753e+07 1.2148e+07 158 17
20000 1.39125e+08 6.25502e+09 2.71557e+10 3.69258e+07 2.06511e+07 2.13559e+07 8.70756e+06 159 22
21000 1.41742e+08 6.17963e+09 2.11565e+10 3.95666e+07 2.31096e+07 1.9719e+07 8.71656e+06 165 24
22000 1.42497e+08 6.11008e+09 1.07213e+10 3.2862e+07 1.72868e+07 1.8778e+07 8.27137e+06 177 24
23000 1.36787e+08 6.07292e+09 1.36217e+10 3.62675e+07 2.18464e+07 1.97017e+07 8.0658e+06 182 23
24000 1.30201e+08 6.06551e+09 1.79026e+10 3.00901e+07 1.71275e+07 2.71971e+07 1.72825e+07 180 19
25000 1.2331e+08 6.09402e+09 1.85885e+10 2.75287e+07 1.54129e+07 2.11364e+07 8.84415e+06 174 24
26000 1.16799e+08 6.14262e+09 1.71761e+10 2.76626e+07 1.56729e+07 2.08368e+07 8.44365e+06 162 26
27000 1.14386e+08 6.21114e+09 2.23158e+10 2.69914e+07 1.52894e+07 2.65316e+07 1.31706e+07 158 25
28000 1.10264e+08 6.2755e+09 3.02297e+10 2.76892e+07 1.63351e+07 2.95229e+07 1.59514e+07 151 21
29000 1.15583e+08 6.31506e+09 2.43881e+10 3.22358e+07 1.84154e+07 2.40017e+07 1.05605e+07 156 25
30000 1.22083e+08 6.33141e+09 2.22016e+10 3.76724e+07 2.24282e+07 2.40132e+07 1.1255e+07 151 24
31000 1.21612e+08 6.34124e+09 1.98782e+10 3.27241e+07 1.82951e+07 1.97878e+07 9.50519e+06 153 29
32000 1.2177e+08 6.35196e+09 3.56337e+10 3.2684e+07 1.75363e+07 2.84158e+07 1.67946e+07 155 21
33000 1.22774e+08 6.35061e+09 3.9266e+10 2.92571e+07 1.41291e+07 2.9592e+07 1.88994e+07 164 21
34000 1.2064e+08 6.38818e+09 2.62923e+10 2.95305e+07 1.65227e+07 2.96074e+07 1.50441e+07 158 22
35000 1.19968e+08 6.41501e+09 2.49524e+10 2.98997e+07 1.66076e+07 2.82503e+07 1.18581e+07 166 22
36000 1.24759e+08 6.42446e+09 1.7937e+10 2.76218e+07 1.53042e+07 3.08995e+07 1.41499e+07 178 20
37000 1.2347e+08 6.4391e+09 1.6921e+10 2.79982e+07 1.50737e+07 2.0836e+07 8.30999e+06 170 29
38000 1.2076e+08 6.46591e+09 2.33529e+10 3.21428e+07 2.02172e+07 2.29364e+07 1.06531e+07 149 25
39000 1.28181e+08 6.46064e+09 1.9917e+10 3.4016e+07 1.91555e+07 2.85351e+07 1.96221e+07 160 21
40000 1.41672e+08 6.37961e+09 1.86797e+10 4.29743e+07 2.10065e+07 2.58913e+07 1.56445e+07 168 21
41000 1.3949e+08 6.31394e+09 1.42554e+10 3.01155e+07 1.5252e+07 2.8043e+07 1.62204e+07 178 21
42000 1.31237e+08 6.29442e+09 1.93229e+10 2.90332e+07 1.56279e+07 2.32457e+07 1.01816e+07 175 25
43000 1.42526e+08 6.22496e+09 1.4329e+10 3.30345e+07 1.62143e+07 2.4211e+07 1.1697e+07 187 21
44000 1.46594e+08 6.13457e+09 1.91679e+10 3.11571e+07 1.48181e+07 2.92891e+07 1.73403e+07 189 18
45000 1.4019e+08 6.09041e+09 1.7094e+10 3.09464e+07 1.52271e+07 2.40248e+07 1.34316e+07 179 20
46000 1.32221e+08 6.08505e+09 1.84074e+10 2.91514e+07 1.57808e+07 2.05401e+07 1.08246e+07 181 20
47000 1.24053e+08 6.11761e+09 3.03609e+10 3.15252e+07 1.82527e+07 2.14701e+07 1.28827e+07 155 19
48000 1.19042e+08 6.15869e+09 1.68846e+10 2.93365e+07 1.82574e+07 2.39531e+07 1.56151e+07 162 18
49000 1.19025e+08 6.19755e+09 1.56481e+10 3.07648e+07 1.86838e+07 1.9196e+07 1.11997e+07 161 21
50000 1.28309e+08 6.17919e+09 1.36587e+10 3.08093e+07 1.62117e+07 2.75905e+07 1.61925e+07 176 19
51000 1.259e+08 6.1691e+09 2.74729e+10 2.93139e+07 1.64334e+07 3.96339e+07 2.92718e+07 165 19
52000 1.31951e+08 6.1452e+09 1.49838e+10 3.24172e+07 1.98952e+07 3.9872e+07 1.79948e+07 169 27
53000 1.40472e+08 6.08802e+09 9.60245e+09 3.04994e+07 1.77525e+07 5.03179e+07 2.83489e+07 167 26
54000 1.41181e+08 6.00233e+09 9.21878e+09 2.85755e+07 1.60227e+07 4.46769e+07 1.43446e+07 167 34
55000 1.31887e+08 5.97935e+09 1.9906e+10 2.70979e+07 1.48506e+07 3.52377e+07 1.39446e+07 166 31
56000 1.24096e+08 6.00053e+09 2.02061e+10 2.84934e+07 1.65831e+07 2.5622e+07 1.2487e+07 161 31
57000 1.23886e+08 6.02248e+09 1.78239e+10 2.82198e+07 1.57427e+07 2.64936e+07 1.37858e+07 164 27
58000 1.2126e+08 6.05359e+09 2.62153e+10 2.86007e+07 1.62361e+07 2.62916e+07 1.52365e+07 157 29
59000 1.18785e+08 6.07979e+09 2.48362e+10 2.9768e+07 1.83002e+07 2.49154e+07 1.32898e+07 155 29
60000 1.18601e+08 6.09946e+09 2.7768e+10 2.71846e+07 1.40732e+07 2.41491e+07 1.15804e+07 164 31
61000 1.20059e+08 6.13915e+09 2.35988e+10 3.03751e+07 1.85174e+07 2.78032e+07 1.63114e+07 151 24
62000 1.16883e+08 6.17692e+09 2.25302e+10 2.87953e+07 1.61257e+07 4.9391e+07 3.78389e+07 159 24
63000 1.17683e+08 6.21786e+09 1.71463e+10 2.86914e+07 1.69808e+07 2.15778e+07 1.02528e+07 160 26
64000 1.17486e+08 6.25067e+09 1.63689e+10 2.96636e+07 1.76704e+07 2.03152e+07 8.72572e+06 161 25
65000 1.16804e+08 6.29464e+09 2.52929e+10 3.01859e+07 1.71968e+07 1.97541e+07 8.03657e+06 154 27
66000 1.20596e+08 6.31935e+09 2.15038e+10 3.51338e+07 2.22948e+07 1.94142e+07 9.25844e+06 151 28
67000 1.21918e+08 6.34137e+09 3.60977e+10 3.59004e+07 2.25737e+07 2.21626e+07 1.14614e+07 136 23
68000 1.32984e+08 6.3093e+09 2.13238e+10 3.80689e+07 2.065e+07 2.22893e+07 1.03963e+07 153 23
69000 1.45381e+08 6.21411e+09 1.48548e+10 3.87826e+07 2.11242e+07 2.01139e+07 8.70856e+06 157 25
70000 1.42296e+08 6.14317e+09 1.62945e+10 3.71533e+07 2.20421e+07 1.97837e+07 9.45565e+06 165 25
71000 1.3531e+08 6.1095e+09 2.29153e+10 3.2889e+07 1.8295e+07 2.33493e+07 1.32521e+07 166 23
72000 1.32243e+08 6.07759e+09 1.71437e+10 2.92555e+07 1.48923e+07 2.29986e+07 1.20163e+07 180 25
73000 1.34759e+08 6.05878e+09 1.52847e+10 3.18796e+07 1.83648e+07 4.94202e+07 2.65002e+07 167 22
74000 1.35926e+08 6.02596e+09 2.11426e+10 3.42137e+07 2.13062e+07 3.77055e+07 1.87813e+07 158 21
75000 1.30802e+08 6.00538e+09 2.74547e+10 3.05177e+07 1.71799e+07 2.55956e+07 1.01754e+07 166 26
76000 1.25514e+08 6.00675e+09 3.07636e+10 2.88139e+07 1.53673e+07 2.76056e+07 1.35086e+07 169 23
77000 1.22856e+08 6.02531e+09 3.31162e+10 2.90786e+07 1.53625e+07 2.29655e+07 1.17178e+07 165 26
78000 1.24075e+08 6.04555e+09 2.68682e+10 3.10233e+07 1.76013e+07 2.1781e+07 1.11716e+07 159 26
79000 1.22857e+08 6.07476e+09 2.27589e+10 3.10708e+07 1.75279e+07 2.52503e+07 1.40984e+07 150 24
80000 1.16772e+08 6.12039e+09 2.56584e+10 2.99708e+07 1.77629e+07 3.66353e+07 1.89461e+07 144 22
81000 1.16178e+08 6.17543e+09 2.58149e+10 4.36727e+07 2.07631e+07 3.62067e+07 1.67097e+07 140 26
82000 1.13232e+08 6.22214e+09 2.66069e+10 2.7572e+07 1.54746e+07 4.59693e+07 2.76387e+07 150 23
83000 1.14359e+08 6.28248e+09 2.61619e+10 3.01414e+07 1.74954e+07 3.14212e+07 1.39032e+07 141 21
84000 1.09071e+08 6.34405e+09 3.48434e+10 4.27755e+07 2.01367e+07 2.77884e+07 1.55118e+07 140 22
85000 1.0603e+08 6.42914e+09 3.5548e+10 3.34715e+07 2.11587e+07 2.68097e+07 1.64106e+07 122 21
86000 1.02965e+08 6.53356e+09 3.64982e+10 3.34724e+07 2.20792e+07 2.41673e+07 1.42189e+07 118 25
87000 1.05144e+08 6.61812e+09 3.79671e+10 3.5069e+07 2.2059e+07 2.38079e+07 1.45806e+07 120 24
88000 1.13578e+08 6.65906e+09 2.85464e+10 3.53085e+07 2.00074e+07 2.59873e+07 1.41311e+07 133 24
89000 1.21492e+08 6.66854e+09 2.40845e+10 4.15309e+07 2.28284e+07 2.86397e+07 1.52966e+07 134 24
90000 1.20961e+08 6.6943e+09 2.17181e+10 3.83138e+07 2.48826e+07 2.59164e+07 1.12137e+07 127 27
91000 1.26136e+08 6.69224e+09 1.67965e+10 3.74646e+07 2.15191e+07 3.92798e+07 2.57206e+07 137 19
92000 1.34221e+08 6.64621e+09 1.34464e+10 3.7527e+07 2.06907e+07 2.75293e+07 1.46439e+07 145 25
93000 1.34068e+08 6.60093e+09 2.27363e+10 3.62098e+07 1.93089e+07 3.58931e+07 2.51037e+07 147 22
94000 1.37888e+08 6.54346e+09 1.58899e+10 3.44948e+07 1.82187e+07 2.32938e+07 1.17816e+07 164 26
95000 1.34282e+08 6.4927e+09 2.03572e+10 3.37139e+07 1.84681e+07 2.60605e+07 1.69663e+07 156 23
96000 1.26646e+08 6.49111e+09 3.07075e+10 2.9894e+07 1.7111e+07 2.7606e+07 1.79528e+07 165 23
97000 1.22579e+08 6.50252e+09 4.41235e+10 2.88912e+07 1.47775e+07 2.56301e+07 1.5186e+07 164 25
98000 1.21551e+08 6.52198e+09 4.1172e+10 2.97359e+07 1.5162e+07 2.71853e+07 1.3505e+07 157 26
99000 1.30832e+08 6.51454e+09 2.56305e+10 3.47937e+07 1.81396e+07 2.6817e+07 1.27796e+07 157 29
100000 1.42423e+08 6.44321e+09 2.12972e+10 3.50649e+07 1.67095e+07 2.92692e+07 1.53166e+07 157 25
101000 1.36389e+08 6.41522e+09 2.41073e+10 3.43923e+07 1.84331e+07 3.20986e+07 1.77705e+07 147 27
102000 1.29673e+08 6.39681e+09 1.7585e+10 2.79251e+07 1.2917e+07 3.79137e+07 2.24706e+07 161 29
103000 1.205e+08 6.42499e+09 2.31795e+10 2.6334e+07 1.40038e+07 4.40739e+07 2.1119e+07 148 31
104000 1.1596e+08 6.46494e+09 2.37521e+10 2.47446e+07 1.48363e+07 3.58682e+07 1.29478e+07 149 39
105000 1.10077e+08 6.52503e+09 3.76363e+10 2.66735e+07 1.45383e+07 3.10361e+07 1.20055e+07 138 42
106000 1.09654e+08 6.57842e+09 3.71924e+10 2.76881e+07 1.51389e+07 2.77558e+07 9.90161e+06 134 42
107000 1.07626e+08 6.64402e+09 4.19771e+10 2.74906e+07 1.48135e+07 2.27608e+07 1.00632e+07 137 44
108000 1.1305e+08 6.70962e+09 2.80473e+10 3.13349e+07 1.88405e+07 2.15905e+07 9.39463e+06 130 48
109000 1.2388e+08 6.72256e+09 2.67742e+10 3.48956e+07 2.11161e+07 2.45452e+07 9.24622e+06 129 48
110000 1.30564e+08 6.68288e+09 3.50254e+10 3.40197e+07 1.78993e+07 3.04887e+07 1.48076e+07 133 45
111000 1.38401e+08 6.62303e+09 2.7054e+10 3.33068e+07 1.86341e+07 4.5188e+07 1.54551e+07 136 44
112000 1.40986e+08 6.54646e+09 2.44168e+10 3.47096e+07 1.95219e+07 2.84348e+07 9.06281e+06 139 52
113000 1.48761e+08 6.44149e+09 2.22128e+10 4.12598e+07 1.96964e+07 1.92225e+07 7.45841e+06 147 53
114000 1.48146e+08 6.33974e+09 2.8697e+10 3.8087e+07 2.03465e+07 1.91446e+07 9.49356e+06 148 51
115000 1.40684e+08 6.2815e+09 3.39185e+10 3.3055e+07 1.52116e+07 4.2431e+07 3.12122e+07 154 44
116000 1.36759e+08 6.24176e+09 3.69048e+10 2.96199e+07 1.3644e+07 3.37899e+07 2.17761e+07 154 42
117000 1.32441e+08 6.23476e+09 3.0047e+10 3.07069e+07 1.73043e+07 2.9213e+07 1.29735e+07 141 48
118000 1.21861e+08 6.26015e+09 3.71704e+10 3.0025e+07 1.69877e+07 2.73637e+07 1.21413e+07 134 45
119000 1.14703e+08 6.31146e+09 3.43855e+10 2.62148e+07 1.3362e+07 2.65605e+07 1.13723e+07 140 46
120000 1.04827e+08 6.40574e+09 3.62683e+10 2.35475e+07 1.19323e+07 2.8264e+07 1.46345e+07 138 41
121000 9.85805e+07 6.52551e+09 3.03561e+10 2.61136e+07 1.58082e+07 2.91325e+07 1.75022e+07 117 42
122000 9.58249e+07 6.65087e+09 2.93502e+10 2.32353e+07 1.33424e+07 3.25008e+07 1.97123e+07 127 41
123000 9.67132e+07 6.77476e+09 3.13235e+10 2.69986e+07 1.43896e+07 2.99257e+07 1.74172e+07 121 40
124000 9.75538e+07 6.87939e+09 2.96816e+10 2.70052e+07 1.55619e+07 2.97314e+07 1.73958e+07 116 42
125000 1.05211e+08 6.95875e+09 2.56801e+10 3.40709e+07 1.95752e+07 2.8399e+07 1.64368e+07 110 46
126000 1.18978e+08 6.96574e+09 1.95801e+10 3.6517e+07 1.72889e+07 2.99728e+07 1.5125e+07 121 44
127000 1.29031e+08 6.93061e+09 3.65015e+10 4.05053e+07 1.94202e+07 4.59238e+07 3.26304e+07 109 37
128000 1.26897e+08 6.9189e+09 2.86167e+10 3.66485e+07 2.09198e+07 2.84414e+07 1.54658e+07 120 44
129000 1.25798e+08 6.92117e+09 3.21793e+10 3.67432e+07 1.97426e+07 3.10229e+07 1.84656e+07 119 38
130000 1.22403e+08 6.93299e+09 4.30541e+10 3.79096e+07 2.10387e+07 2.77728e+07 1.46176e+07 115 40
131000 1.14316e+08 6.96495e+09 5.48057e+10 3.45392e+07 1.97526e+07 2.74762e+07 1.51713e+07 113 39
132000 1.2402e+08 6.98059e+09 4.12553e+10 4.05808e+07 2.30244e+07 5.94371e+07 4.91313e+07 120 37
133000 1.43179e+08 6.88301e+09 2.52027e+10 4.41536e+07 2.48803e+07 2.65099e+07 1.55576e+07 131 44
134000 1.37658e+08 6.81863e+09 3.95064e+10 3.79754e+07 2.22271e+07 2.51232e+07 1.27155e+07 129 39
135000 1.39091e+08 6.77915e+09 3.61009e+10 4.03217e+07 2.38371e+07 2.89572e+07 1.58325e+07 134 39
136000 1.58234e+08 6.62328e+09 2.64411e+10 4.984e+07 2.63733e+07 3.09437e+07 1.63297e+07 145 38
137000 1.76114e+08 6.40373e+09 1.5621e+10 4.33412e+07 1.93848e+07 3.33552e+07 1.75286e+07 158 38
138000 1.70526e+08 6.22315e+09 1.46846e+10 3.88162e+07 1.65893e+07 3.75822e+07 2.31805e+07 160 43
139000 1.44128e+08 6.1607e+09 2.41278e+10 2.79226e+07 1.45799e+07 2.63725e+07 1.23153e+07 162 46
140000 1.30265e+08 6.16271e+09 2.89492e+10 3.45108e+07 1.77602e+07 3.96715e+07 2.35986e+07 159 41
141000 1.29978e+08 6.15012e+09 2.60275e+10 2.74919e+07 1.55132e+07 3.41193e+07 1.38661e+07 152 52
142000 1.27771e+08 6.14262e+09 2.59023e+10 3.32635e+07 2.1659e+07 2.39529e+07 9.73875e+06 138 57
143000 1.3549e+08 6.10572e+09 2.70234e+10 3.75576e+07 2.19703e+07 1.88329e+07 7.13517e+06 138 61
144000 1.44542e+08 6.01217e+09 2.97904e+10 3.99996e+07 1.92583e+07 2.03073e+07 9.32726e+06 141 50
145000 1.42605e+08 5.95061e+09 2.73773e+10 3.56387e+07 1.72682e+07 2.16661e+07 1.14437e+07 146 44
146000 1.34416e+08 5.93377e+09 2.54369e+10 3.16892e+07 1.57886e+07 2.89786e+07 1.95798e+07 145 43
147000 1.22675e+08 5.96785e+09 1.64336e+10 3.23065e+07 2.05332e+07 2.91213e+07 1.58406e+07 139 50
148000 1.10063e+08 6.03884e+09 1.89038e+10 2.92402e+07 1.88427e+07 2.6638e+07 1.50857e+07 129 48
149000 1.04202e+08 6.13323e+09 1.67627e+10 2.48621e+07 1.5613e+07 2.39933e+07 1.26515e+07 137 50
150000 1.02761e+08 6.22721e+09 2.5649e+10 2.70321e+07 1.65088e+07 1.93833e+07 8.11957e+06 132 53
151000 1.01344e+08 6.32215e+09 1.67983e+10 2.61458e+07 1.64338e+07 2.29455e+07 1.2773e+07 135 46
152000 1.02406e+08 6.43245e+09 1.85576e+10 3.16667e+07 2.21797e+07 2.51873e+07 1.31056e+07 127 42
153000 1.02856e+08 6.52142e+09 2.80346e+10 2.82418e+07 1.83032e+07 2.88496e+07 1.86991e+07 125 39
154000 1.09372e+08 6.57413e+09 2.4164e+10 3.17129e+07 2.0411e+07 2.56311e+07 1.49697e+07 124 45
155000 1.21817e+08 6.57831e+09 1.75424e+10 3.52232e+07 2.07996e+07 2.48146e+07 1.37908e+07 127 46
156000 1.27482e+08 6.54307e+09 2.56749e+10 4.71757e+07 2.45885e+07 2.60103e+07 1.29483e+07 135 51
157000 1.36965e+08 6.48406e+09 1.7374e+10 3.44757e+07 2.08448e+07 3.3403e+07 1.70518e+07 139 46
158000 1.45571e+08 6.38676e+09 2.5042e+10 4.30344e+07 2.26598e+07 3.22575e+07 1.35359e+07 141 47
159000 1.48092e+08 6.2891e+09 2.33322e+10 3.69445e+07 2.11135e+07 3.97101e+07 2.56155e+07 141 47
160000 1.44655e+08 6.2063e+09 1.7486e+10 3.29985e+07 1.64208e+07 2.61567e+07 1.34634e+07 151 57
161000 1.35384e+08 6.16518e+09 2.38026e+10 3.11793e+07 1.66882e+07 2.07115e+07 9.51857e+06 144 65
162000 1.2871e+08 6.15351e+09 2.65106e+10 3.03079e+07 1.70589e+07 2.13747e+07 1.09309e+07 144 60
163000 1.32231e+08 6.12974e+09 2.36053e+10 3.00818e+07 1.43114e+07 2.70292e+07 1.59427e+07 153 51
164000 1.33626e+08 6.08887e+09 2.16846e+10 2.86086e+07 1.30228e+07 2.57864e+07 1.4979e+07 159 56
165000 1.26215e+08 6.09732e+09 2.65403e+10 2.91531e+07 1.54828e+07 2.33435e+07 1.18586e+07 142 54
166000 1.19609e+08 6.13537e+09 2.08268e+10 2.72367e+07 1.44195e+07 2.27876e+07 1.25539e+07 142 58
167000 1.21204e+08 6.16656e+09 1.64124e+10 2.83688e+07 1.53281e+07 2.54532e+07 1.37117e+07 144 53
168000 1.21839e+08 6.17794e+09 1.56103e+10 3.43482e+07 1.91411e+07 2.55633e+07 1.5139e+07 138 54
169000 1.19611e+08 6.2e+09 1.38707e+10 2.92474e+07 1.82543e+07 2.26999e+07 1.19835e+07 134 58
170000 1.17675e+08 6.23837e+09 2.49348e+10 3.61349e+07 2.51268e+07 2.05782e+07 9.13667e+06 129 61
171000 1.20338e+08 6.25561e+09 2.54246e+10 3.19509e+07 1.88867e+07 2.36488e+07 1.3466e+07 127 59
172000 1.20634e+08 6.27256e+09 2.98959e+10 3.1238e+07 1.7567e+07 2.47e+07 1.2396e+07 126 56
173000 1.21001e+08 6.30232e+09 2.56459e+10 4.22229e+07 3.01113e+07 2.9556e+07 1.77393e+07 124 47
174000 1.22484e+08 6.31254e+09 1.47467e+10 3.46082e+07 1.93843e+07 2.90845e+07 1.79131e+07 128 54
175000 1.21323e+08 6.32433e+09 2.3952e+10 3.34344e+07 1.92074e+07 2.87198e+07 1.78493e+07 124 56
176000 1.16197e+08 6.37002e+09 3.23209e+10 2.95576e+07 1.64397e+07 3.0129e+07 1.96585e+07 116 54
177000 1.14569e+08 6.42329e+09 3.0273e+10 3.9056e+07 2.69877e+07 2.95302e+07 1.88886e+07 109 53
178000 1.14148e+08 6.46796e+09 2.91187e+10 3.33387e+07 2.15891e+07 2.9775e+07 1.80173e+07 104 50
179000 1.10124e+08 6.5206e+09 3.77362e+10 3.13518e+07 1.92605e+07 3.001e+07 1.68042e+07 106 51
180000 1.06955e+08 6.58398e+09 4.65108e+10 3.13388e+07 1.89171e+07 2.6887e+07 1.48548e+07 102 53
181000 1.03265e+08 6.67921e+09 6.0346e+10 3.40475e+07 2.07403e+07 2.66557e+07 1.46703e+07 95 51
182000 1.03287e+08 6.77729e+09 4.89913e+10 3.2366e+07 2.02385e+07 2.76768e+07 1.66903e+07 99 48
183000 1.03566e+08 6.87767e+09 3.50077e+10 3.12178e+07 2.05703e+07 2.9428e+07 1.71947e+07 104 45
184000 1.02762e+08 6.96747e+09 3.07747e+10 3.32731e+07 2.26634e+07 2.73345e+07 1.67697e+07 102 46
185000 1.08277e+08 7.04208e+09 3.257e+10 4.41269e+07 3.24763e+07 2.84436e+07 1.79756e+07 104 40
186000 1.29103e+08 7.01502e+09 3.59981e+10 6.00604e+07 3.81251e+07 2.80411e+07 1.7066e+07 98 44
187000 1.47896e+08 6.8648e+09 4.37623e+10 5.96903e+07 3.62313e+07 2.58775e+07 1.27877e+07 105 46
188000 1.36177e+08 6.82056e+09 4.03654e+10 3.65076e+07 1.74726e+07 2.61138e+07 1.41e+07 131 46
189000 1.25088e+08 6.83598e+09 3.6873e+10 4.95009e+07 2.4907e+07 2.63386e+07 1.40293e+07 120 47
190000 1.2861e+08 6.83911e+09 2.12292e+10 3.96197e+07 2.15366e+07 2.85201e+07 1.57166e+07 121 49
191000 1.50146e+08 6.70296e+09 1.92695e+10 4.54242e+07 2.13375e+07 2.78646e+07 1.37037e+07 129 51
192000 1.32737e+08 6.69025e+09 2.42011e+10 3.03399e+07 1.68568e+07 3.19226e+07 1.67859e+07 129 49
193000 1.27796e+08 6.68527e+09 2.92494e+10 3.36246e+07 1.8468e+07 4.53113e+07 2.94728e+07 128 53
194000 1.4396e+08 6.57401e+09 2.73713e+10 3.71932e+07 1.64199e+07 3.25358e+07 1.73605e+07 133 55
195000 1.37477e+08 6.52346e+09 2.4726e+10 3.16982e+07 1.44546e+07 2.83286e+07 1.54627e+07 141 54
196000 1.32023e+08 6.52764e+09 2.60612e+10 3.57182e+07 1.84771e+07 2.39873e+07 1.20124e+07 126 56
197000 1.26085e+08 6.53079e+09 2.62034e+10 3.74457e+07 1.68725e+07 2.64702e+07 1.48549e+07 136 50
198000 1.19068e+08 6.56112e+09 3.1076e+10 3.6434e+07 2.34868e+07 2.77416e+07 1.44408e+07 123 49
199000 1.25929e+08 6.55934e+09 3.17223e+10 3.79277e+07 2.26537e+07 2.95835e+07 1.57046e+07 118 50
200000 1.45461e+08 6.4528e+09 2.73136e+10 3.82974e+07 2.00197e+07 3.05182e+07 1.39059e+07 130 61
201000 1.59345e+08 6.30334e+09 3.23557e+10 4.41082e+07 2.63748e+07 3.19294e+07 1.37258e+07 123 62
202000 1.5887e+08 6.16799e+09 2.25306e+10 3.64345e+07 1.88135e+07 4.16066e+07 2.60124e+07 135 54
203000 1.42275e+08 6.09971e+09 2.34762e+10 2.83134e+07 1.40012e+07 3.24528e+07 1.60254e+07 141 65
204000 1.32164e+08 6.08104e+09 2.03749e+10 2.69776e+07 1.45655e+07 3.69791e+07 1.70841e+07 130 62
205000 1.26558e+08 6.07648e+09 2.02895e+10 2.79858e+07 1.71132e+07 2.60121e+07 1.12851e+07 125 79
206000 1.24647e+08 6.07961e+09 2.283e+10 2.98656e+07 1.55108e+07 2.3357e+07 1.09543e+07 127 72
207000 1.23099e+08 6.0855e+09 1.9775e+10 3.0044e+07 1.44851e+07 2.58027e+07 1.35933e+07 125 72
208000 1.16451e+08 6.12258e+09 2.53173e+10 2.78327e+07 1.46596e+07 2.44167e+07 1.3764e+07 121 71
209000 1.1196e+08 6.18642e+09 2.84309e+10 2.65801e+07 1.49883e+07 2.78387e+07 1.64344e+07 118 64
210000 1.11918e+08 6.24727e+09 1.849e+10 2.49955e+07 1.41076e+07 4.2453e+07 2.0736e+07 116 72
211000 1.10488e+08 6.30889e+09 2.72407e+10 2.72089e+07 1.6644e+07 3.2628e+07 1.75168e+07 106 71
212000 1.08982e+08 6.37686e+09 2.10805e+10 2.57694e+07 1.56363e+07 3.42586e+07 1.99831e+07 102 65
213000 1.04752e+08 6.44831e+09 2.9613e+10 2.67438e+07 1.58157e+07 2.65343e+07 1.27886e+07 93 82
214000 1.07299e+08 6.50877e+09 2.91887e+10 4.64253e+07 3.38738e+07 2.59851e+07 1.23502e+07 88 86
215000 1.11901e+08 6.53831e+09 2.37396e+10 2.99395e+07 1.58987e+07 2.45708e+07 1.19829e+07 97 87
216000 1.17542e+08 6.55159e+09 1.8639e+10 3.58164e+07 2.42658e+07 2.22312e+07 1.01779e+07 99 87
217000 1.19737e+08 6.56263e+09 2.5992e+10 3.30323e+07 1.80933e+07 2.6852e+07 1.42234e+07 101 75
218000 1.21883e+08 6.55713e+09 2.083e+10 3.71862e+07 2.34631e+07 2.27501e+07 1.03983e+07 112 91
219000 1.25058e+08 6.55965e+09 2.30381e+10 3.23574e+07 1.77146e+07 2.56514e+07 1.33595e+07 111 80
220000 1.22239e+08 6.56683e+09 3.06611e+10 3.2847e+07 1.78339e+07 2.3483e+07 1.15174e+07 105 83
221000 1.21527e+08 6.57754e+09 3.0905e+10 3.04676e+07 1.59382e+07 3.01542e+07 1.6883e+07 104 77
222000 1.2546e+08 6.57613e+09 3.55498e+10 3.34877e+07 1.908e+07 3.22835e+07 1.43271e+07 95 81
223000 1.26865e+08 6.55407e+09 2.97832e+10 2.87333e+07 1.5788e+07 3.48643e+07 1.9624e+07 101 82
224000 1.23121e+08 6.54374e+09 2.90018e+10 3.31986e+07 1.8442e+07 2.49551e+07 1.17635e+07 101 90
225000 1.25875e+08 6.52514e+09 3.19566e+10 3.49554e+07 1.71474e+07 2.33588e+07 1.24643e+07 103 90
226000 1.30376e+08 6.49559e+09 2.07753e+10 4.18867e+07 2.14934e+07 2.88685e+07 1.57352e+07 105 96
227000 1.33622e+08 6.46184e+09 2.83253e+10 4.05216e+07 2.12027e+07 2.55536e+07 1.32202e+07 90 93
228000 1.31941e+08 6.42707e+09 1.83137e+10 3.0962e+07 1.66647e+07 2.66512e+07 1.39067e+07 105 97
229000 1.28541e+08 6.40493e+09 1.83517e+10 3.21744e+07 2.10973e+07 2.83371e+07 1.64911e+07 96 102
230000 1.44415e+08 6.29108e+09 1.13728e+10 3.98402e+07 2.13435e+07 2.74068e+07 1.28682e+07 102 114
231000 1.52128e+08 6.14936e+09 2.17836e+10 3.65858e+07 1.79217e+07 2.92335e+07 1.38028e+07 100 108
232000 1.45816e+08 6.06569e+09 9.29734e+09 3.10011e+07 1.70075e+07 2.59126e+07 1.15678e+07 110 112
233000 1.33047e+08 6.02549e+09 9.88085e+09 2.63755e+07 1.24503e+07 2.56564e+07 1.08456e+07 117 120
234000 1.25279e+08 6.02862e+09 1.30001e+10 2.39302e+07 1.10413e+07 2.3281e+07 1.16263e+07 120 110
235000 1.18879e+08 6.06763e+09 1.60595e+10 2.52555e+07 1.35816e+07 2.16733e+07 9.86761e+06 106 115
236000 1.11123e+08 6.12482e+09 2.12861e+10 2.42355e+07 1.31689e+07 2.3392e+07 1.17225e+07 99 103
237000 1.07546e+08 6.19863e+09 2.41521e+10 2.46027e+07 1.43476e+07 2.44695e+07 1.32455e+07 92 103
238000 1.0968e+08 6.25584e+09 2.47849e+10 2.58302e+07 1.3528e+07 2.48145e+07 1.36179e+07 89 113
239000 1.17553e+08 6.28057e+09 2.9609e+10 2.91738e+07 1.67364e+07 2.58162e+07 1.33173e+07 81 114
240000 1.20743e+08 6.28398e+09 2.93873e+10 3.29153e+07 2.01026e+07 2.62038e+07 1.37592e+07 75 119
241000 1.23155e+08 6.28212e+09 1.59891e+10 3.09528e+07 2.00492e+07 2.65572e+07 1.42492e+07 78 120
242000 1.21078e+08 6.29452e+09 1.86786e+10 2.88678e+07 1.81384e+07 4.4616e+07 3.10877e+07 80 118
243000 1.18729e+08 6.30546e+09 2.44166e+10 3.02015e+07 1.86869e+07 2.76757e+07 1.57768e+07 78 108
244000 1.19544e+08 6.32165e+09 2.41222e+10 3.30208e+07 2.06523e+07 2.79842e+07 1.59055e+07 75 106
245000 1.17943e+08 6.33836e+09 3.10634e+10 3.19251e+07 1.87579e+07 2.60112e+07 1.46731e+07 74 111
246000 1.18559e+08 6.35905e+09 2.29392e+10 3.36936e+07 2.22762e+07 2.75242e+07 1.54775e+07 74 104
247000 1.16065e+08 6.38202e+09 1.77448e+10 2.84587e+07 1.51924e+07 2.89909e+07 1.87245e+07 84 114
248000 1.15482e+08 6.41668e+09 1.35482e+10 2.86781e+07 1.72111e+07 2.46254e+07 1.29984e+07 82 114
249000 1.10888e+08 6.46108e+09 2.11806e+10 3.14605e+07 1.96445e+07 3.29404e+07 2.13527e+07 86 104
250000 1.12178e+08 6.50082e+09 1.71332e+10 2.92432e+07 1.70565e+07 2.68259e+07 1.44318e+07 88 97
251000 1.19881e+08 6.51538e+09 1.93877e+10 3.25272e+07 1.81885e+07 2.60871e+07 1.32784e+07 89 105
252000 1.25986e+08 6.49174e+09 2.62505e+10 3.22966e+07 1.68519e+07 3.08897e+07 2.03785e+07 86 105
253000 1.28739e+08 6.45948e+09 2.56361e+10 2.98387e+07 1.55485e+07 2.91758e+07 1.60936e+07 92 109
254000 1.36156e+08 6.40231e+09 2.29891e+10 4.09165e+07 2.23722e+07 3.2914e+07 1.95819e+07 87 109
255000 1.29791e+08 6.36437e+09 2.60809e+10 3.78168e+07 2.263e+07 2.80248e+07 1.40544e+07 78 109
256000 1.17358e+08 6.39711e+09 3.3342e+10 2.75954e+07 1.52109e+07 2.65137e+07 1.35595e+07 71 113
257000 1.11649e+08 6.45791e+09 2.38211e+10 2.73112e+07 1.57087e+07 2.49898e+07 1.26975e+07 72 119
258000 1.08192e+08 6.51931e+09 2.27672e+10 2.7441e+07 1.68756e+07 2.62974e+07 1.46566e+07 69 113
259000 1.06512e+08 6.57522e+09 2.95483e+10 2.65015e+07 1.61957e+07 2.61534e+07 1.48128e+07 71 116
260000 1.19275e+08 6.58987e+09 2.07191e+10 3.6477e+07 2.34872e+07 2.91544e+07 1.4718e+07 66 126
261000 1.31994e+08 6.51852e+09 2.93322e+10 5.93497e+07 4.26303e+07 3.21241e+07 1.46465e+07 63 125
262000 1.34856e+08 6.45556e+09 1.64996e+10 3.07354e+07 1.58994e+07 2.85105e+07 1.25922e+07 73 132
263000 1.25448e+08 6.45692e+09 1.95983e+10 3.07906e+07 1.71168e+07 2.65519e+07 1.31099e+07 67 129
264000 1.17208e+08 6.48957e+09 2.15315e+10 3.07741e+07 1.76691e+07 2.71881e+07 1.58068e+07 62 120
265000 1.13705e+08 6.52415e+09 1.82173e+10 3.07588e+07 1.77906e+07 3.96315e+07 1.81112e+07 65 127
266000 1.15923e+08 6.54718e+09 2.72462e+10 3.41374e+07 2.32833e+07 3.41719e+07 1.83653e+07 56 120
267000 1.18341e+08 6.55267e+09 3.0523e+10 3.4718e+07 2.39992e+07 2.72776e+07 1.37496e+07 53 132
268000 1.18897e+08 6.55423e+09 3.08426e+10 3.85717e+07 2.4267e+07 2.49666e+07 1.19526e+07 55 133
269000 1.25304e+08 6.54243e+09 2.50449e+10 4.40991e+07 2.58101e+07 2.39506e+07 1.19097e+07 60 136
270000 1.28138e+08 6.51325e+09 3.15574e+10 4.20048e+07 2.27188e+07 2.43726e+07 1.21191e+07 72 123
271000 1.31028e+08 6.47092e+09 2.19838e+10 3.64713e+07 1.54143e+07 2.81956e+07 1.66979e+07 77 126
272000 1.28706e+08 6.44519e+09 2.35733e+10 3.44363e+07 1.83623e+07 2.78355e+07 1.33804e+07 69 123
273000 1.24635e+08 6.43764e+09 2.37318e+10 2.81244e+07 1.54702e+07 2.87474e+07 1.49627e+07 71 124
274000 1.18937e+08 6.44848e+09 3.20804e+10 2.98844e+07 1.75127e+07 4.05172e+07 2.55896e+07 63 118
275000 1.19244e+08 6.45848e+09 2.8256e+10 3.13103e+07 1.90513e+07 2.82295e+07 1.48052e+07 56 129
276000 1.16517e+08 6.46912e+09 2.89046e+10 4.41106e+07 3.17203e+07 2.48143e+07 1.29837e+07 56 141
277000 1.21413e+08 6.4682e+09 3.10867e+10 3.68549e+07 2.50854e+07 2.77725e+07 1.23448e+07 55 139
278000 1.31663e+08 6.42218e+09 1.94654e+10 3.7234e+07 2.47276e+07 3.04768e+07 1.53196e+07 51 133
279000 1.20351e+08 6.42607e+09 3.14498e+10 2.95502e+07 1.87874e+07 2.89818e+07 1.63799e+07 61 128
280000 1.17876e+08 6.45191e+09 2.31562e+10 2.91186e+07 1.84176e+07 2.55236e+07 1.35797e+07 66 130
281000 1.19008e+08 6.46796e+09 2.63356e+10 8.3656e+07 5.78726e+07 2.7257e+07 1.48141e+07 58 132
282000 1.19177e+08 6.46871e+09 3.66091e+10 3.57784e+07 2.00391e+07 2.62978e+07 1.51379e+07 56 130
283000 1.25981e+08 6.45421e+09 2.27794e+10 9.24834e+07 7.96463e+07 2.50665e+07 1.43025e+07 46 154
284000 1.28822e+08 6.40771e+09 2.59139e+10 3.67935e+07 2.24716e+07 2.74237e+07 1.3264e+07 53 150
285000 1.24266e+08 6.39037e+09 2.57708e+10 3.24522e+07 2.02112e+07 2.72076e+07 1.35597e+07 53 142
286000 1.21553e+08 6.39877e+09 2.58386e+10 3.01548e+07 1.80757e+07 2.81395e+07 1.42467e+07 51 140
287000 1.21127e+08 6.41421e+09 2.94681e+10 3.45837e+07 2.30133e+07 2.98591e+07 1.52338e+07 43 135
288000 1.16033e+08 6.43389e+09 2.70785e+10 3.21082e+07 1.99128e+07 2.62843e+07 1.2669e+07 42 143
289000 1.06247e+08 6.49171e+09 3.05664e+10 2.34852e+07 1.08734e+07 2.3492e+07 1.16863e+07 47 152
290000 1.02546e+08 6.57819e+09 2.11657e+10 2.76708e+07 1.40415e+07 2.40249e+07 1.36083e+07 43 145
291000 9.86015e+07 6.68031e+09 2.10039e+10 2.62745e+07 1.50784e+07 2.41925e+07 1.43276e+07 41 138
292000 9.36978e+07 6.79794e+09 3.52549e+10 2.9649e+07 1.67876e+07 2.26129e+07 1.15078e+07 34 142
293000 9.79923e+07 6.90327e+09 2.1825e+10 2.98672e+07 1.65427e+07 2.55002e+07 1.50231e+07 35 142
294000 1.07806e+08 6.96768e+09 2.00518e+10 3.82993e+07 2.70229e+07 3.36379e+07 1.92554e+07 28 126
295000 1.1967e+08 6.95051e+09 2.02837e+10 3.17215e+07 2.17225e+07 3.44452e+07 1.7997e+07 32 135
296000 1.17307e+08 6.93982e+09 2.99568e+10 3.24858e+07 2.27079e+07 2.8858e+07 1.42013e+07 32 148
297000 1.21778e+08 6.93007e+09 2.25696e+10 4.76477e+07 3.74e+07 3.02635e+07 1.62355e+07 30 145
298000 1.3566e+08 6.84778e+09 1.55094e+10 5.36719e+07 3.40298e+07 3.1374e+07 1.61346e+07 39 152
299000 1.47001e+08 6.70185e+09 1.66641e+10 4.81335e+07 2.36474e+07 2.96231e+07 1.38662e+07 47 159
300000 1.54069e+08 6.54871e+09 1.31251e+10 5.7378e+07 2.82251e+07 2.63199e+07 1.12704e+07 56 171
301000 1.60063e+08 6.3707e+09 1.90028e+10 4.72616e+07 1.69892e+07 2.49941e+07 1.31561e+07 63 154
302000 1.33813e+08 6.35284e+09 2.55353e+10 3.28938e+07 1.57039e+07 2.48681e+07 1.40205e+07 56 154
303000 1.1868e+08 6.4068e+09 2.58693e+10 4.93964e+07 2.02147e+07 2.59154e+07 1.54205e+07 56 143
304000 1.12816e+08 6.44922e+09 1.79521e+10 2.19865e+07 1.15291e+07 2.70008e+07 1.67893e+07 59 143
305000 1.18506e+08 6.45861e+09 1.34034e+10 2.68692e+07 1.47577e+07 3.02758e+07 1.74605e+07 54 141
306000 1.28452e+08 6.40204e+09 2.09365e+10 3.06807e+07 1.77081e+07 3.14681e+07 1.53446e+07 57 148
307000 1.29797e+08 6.34646e+09 1.99487e+10 2.2015e+07 9.59529e+06 3.01156e+07 1.51174e+07 55 153
308000 1.21907e+08 6.35847e+09 2.78841e+10 2.39682e+07 1.43813e+07 3.6549e+07 1.88885e+07 46 153
309000 1.17042e+08 6.38439e+09 1.99408e+10 2.39341e+07 1.57512e+07 2.73968e+07 1.40109e+07 45 153
310000 1.09413e+08 6.43613e+09 3.15568e+10 2.51336e+07 1.68317e+07 2.78302e+07 1.45688e+07 37 143
311000 1.07178e+08 6.49589e+09 2.24884e+10 2.57614e+07 1.33924e+07 2.50478e+07 1.30314e+07 38 157
312000 1.08513e+08 6.55264e+09 1.33613e+10 2.47645e+07 1.34909e+07 2.65292e+07 1.42717e+07 39 154
313000 1.13924e+08 6.58216e+09 1.33541e+10 2.51101e+07 1.45204e+07 2.94828e+07 1.53571e+07 38 149
314000 1.11447e+08 6.59766e+09 2.18463e+10 3.48354e+07 2.64487e+07 2.44332e+07 1.23079e+07 32 163
315000 1.11709e+08 6.62438e+09 2.5918e+10 4.45832e+07 2.59779e+07 2.23109e+07 1.09187e+07 32 164
316000 1.15891e+08 6.64942e+09 2.66516e+10 4.6166e+07 2.41597e+07 2.32912e+07 1.30219e+07 35 158
317000 1.1779e+08 6.65025e+09 2.97526e+10 3.70303e+07 1.78222e+07 2.59022e+07 1.32548e+07 42 152
318000 1.17526e+08 6.64386e+09 1.77926e+10 2.84545e+07 1.473e+07 2.48428e+07 1.24977e+07 45 165
319000 1.15125e+08 6.66375e+09 1.25256e+10 2.17414e+07 9.33879e+06 2.42542e+07 1.29032e+07 47 172
320000 1.13537e+08 6.70279e+09 1.94118e+10 2.73898e+07 1.57066e+07 2.9272e+07 1.53649e+07 38 162
321000 1.16733e+08 6.71833e+09 1.1475e+10 2.89097e+07 1.52577e+07 2.49535e+07 1.23308e+07 40 172
322000 1.22074e+08 6.71965e+09 1.07983e+10 3.41161e+07 2.46828e+07 2.7517e+07 1.52525e+07 40 158
323000 1.29781e+08 6.66253e+09 1.4989e+10 4.10631e+07 2.21257e+07 2.6722e+07 1.39218e+07 44 175
324000 1.5422e+08 6.50872e+09 1.23925e+10 7.60448e+07 4.57447e+07 2.99179e+07 1.57437e+07 44 169
325000 1.57168e+08 6.33996e+09 1.18522e+10 4.86811e+07 2.386e+07 2.84313e+07 1.42404e+07 46 169
326000 1.44687e+08 6.24381e+09 1.4029e+10 3.46392e+07 1.56042e+07 2.61491e+07 1.21247e+07 53 171
327000 1.34175e+08 6.19805e+09 1.54872e+10 3.55207e+07 2.06807e+07 2.33351e+07 1.07318e+07 46 187
328000 1.32076e+08 6.17438e+09 1.32131e+10 3.05399e+07 1.71819e+07 2.68515e+07 1.42735e+07 48 168
329000 1.30142e+08 6.14431e+09 7.3618e+09 3.34521e+07 2.01496e+07 2.93292e+07 1.66847e+07 45 181
330000 1.24869e+08 6.1288e+09 1.64109e+10 3.10017e+07 1.69689e+07 2.62938e+07 1.47397e+07 49 165
331000 1.2347e+08 6.1183e+09 1.81143e+10 3.72989e+07 1.8711e+07 2.59315e+07 1.51955e+07 45 162
332000 1.18438e+08 6.12458e+09 1.99772e+10 2.95427e+07 1.47596e+07 2.28747e+07 1.25822e+07 49 169
333000 1.15459e+08 6.17074e+09 2.09718e+10 2.07111e+07 9.81127e+06 2.73251e+07 1.65649e+07 58 152
334000 1.11554e+08 6.20648e+09 2.10425e+10 1.70853e+07 7.17544e+06 2.60886e+07 1.4733e+07 59 157
335000 1.11995e+08 6.25406e+09 2.61962e+10 2.13596e+07 1.238e+07 2.64165e+07 1.52184e+07 48 151
336000 1.10507e+08 6.29158e+09 2.25493e+10 2.24084e+07 1.25215e+07 2.55635e+07 1.41281e+07 45 160
337000 1.11841e+08 6.32961e+09 1.29947e+10 2.44369e+07 1.3192e+07 2.65001e+07 1.49388e+07 42 157
338000 1.08541e+08 6.37188e+09 2.00877e+10 2.19886e+07 1.08791e+07 2.78151e+07 1.64919e+07 44 162
339000 1.11055e+08 6.42557e+09 1.49977e+10 2.46605e+07 1.2151e+07 2.77888e+07 1.71676e+07 40 167
340000 1.10299e+08 6.46649e+09 2.20633e+10 4.90439e+07 3.63956e+07 2.69039e+07 1.52532e+07 31 168
341000 1.12495e+08 6.508e+09 2.06508e+10 3.46174e+07 2.3911e+07 3.32951e+07 2.16793e+07 33 149
342000 1.13839e+08 6.53405e+09 1.96292e+10 2.91651e+07 1.87094e+07 2.72977e+07 1.52572e+07 37 153
343000 1.14939e+08 6.54655e+09 2.26875e+10 2.97193e+07 1.86307e+07 2.67425e+07 1.35697e+07 36 156
344000 1.14833e+08 6.55624e+09 2.12597e+10 3.01135e+07 2.02602e+07 2.531e+07 1.34363e+07 39 169
345000 1.13741e+08 6.58137e+09 2.15517e+10 2.8954e+07 1.4657e+07 2.40637e+07 1.24315e+07 41 168
346000 1.15353e+08 6.60976e+09 2.13687e+10 8.54722e+07 6.90872e+07 2.63521e+07 1.38186e+07 33 164
347000 1.1614e+08 6.62856e+09 2.54575e+10 3.66152e+07 2.17535e+07 2.6645e+07 1.53194e+07 35 156
348000 1.19778e+08 6.62941e+09 1.81965e+10 3.75876e+07 2.18916e+07 2.54895e+07 1.35497e+07 38 162
349000 1.21687e+08 6.62587e+09 1.68358e+10 3.44746e+07 1.76162e+07 2.53151e+07 1.3201e+07 42 164
350000 1.21476e+08 6.62576e+09 2.86666e+10 4.19229e+07 2.59698e+07 2.82852e+07 1.55524e+07 30 148
351000 1.23443e+08 6.60171e+09 2.57456e+10 3.60916e+07 2.44445e+07 2.91067e+07 1.48653e+07 35 160
352000 1.29324e+08 6.55439e+09 2.22607e+10 3.1636e+07 1.53573e+07 3.266e+07 1.78385e+07 36 165
353000 1.29379e+08 6.51448e+09 1.77439e+10 3.44815e+07 2.064e+07 2.92093e+07 1.63469e+07 35 164
354000 1.25325e+08 6.4868e+09 1.61366e+10 2.83962e+07 1.83399e+07 2.78769e+07 1.472e+07 34 169
355000 1.22415e+08 6.48364e+09 2.01097e+10 2.87625e+07 1.68019e+07 3.26267e+07 1.96406e+07 32 171
356000 1.19127e+08 6.49193e+09 2.31703e+10 2.84412e+07 1.70295e+07 2.80892e+07 1.51369e+07 28 160
357000 1.13818e+08 6.51098e+09 2.54112e+10 2.30099e+07 1.30002e+07 3.39335e+07 1.75216e+07 29 164
358000 1.17146e+08 6.52607e+09 2.75684e+10 1.98975e+07 9.88285e+06 3.21635e+07 1.64704e+07 33 161
359000 1.20343e+08 6.52069e+09 2.30503e+10 2.44923e+07 1.48887e+07 3.01712e+07 1.50811e+07 28 165
360000 1.17639e+08 6.5274e+09 1.85565e+10 2.47744e+07 1.44902e+07 2.88432e+07 1.55752e+07 27 175
361000 1.21709e+08 6.50913e+09 1.63031e+10 2.43432e+07 1.49828e+07 2.77885e+07 1.18125e+07 28 189
362000 1.20863e+08 6.48813e+09 1.21965e+10 3.05254e+07 2.05154e+07 2.55119e+07 1.18134e+07 22 193
363000 1.11882e+08 6.53432e+09 1.3641e+10 3.38838e+07 2.87251e+07 2.13875e+07 1.02526e+07 19 199
364000 1.04101e+08 6.59914e+09 2.09319e+10 3.12893e+07 2.32906e+07 2.0703e+07 9.27463e+06 23 196
365000 1.07273e+08 6.66865e+09 9.99387e+09 3.8081e+07 2.81278e+07 2.19433e+07 1.14835e+07 24 185
366000 1.09675e+08 6.70853e+09 1.52783e+10 5.76501e+07 3.99423e+07 2.28646e+07 1.11947e+07 31 179
367000 1.16076e+08 6.71224e+09 2.43228e+10 5.03128e+07 2.65628e+07 2.29272e+07 1.19709e+07 30 176
368000 1.2517e+08 6.68643e+09 1.51255e+10 4.96362e+07 2.59533e+07 2.34827e+07 1.2021e+07 34 192
369000 1.32299e+08 6.64972e+09 1.65918e+10 4.13954e+07 1.91026e+07 2.78055e+07 1.58156e+07 35 172
370000 1.38043e+08 6.56265e+09 1.61552e+10 3.38811e+07 1.56747e+07 3.24521e+07 1.86811e+07 35 167
371000 1.44654e+08 6.45678e+09 2.22921e+10 2.73293e+07 1.27932e+07 3.39373e+07 1.76948e+07 37 171
372000 1.49606e+08 6.31735e+09 1.78235e+10 2.44351e+07 1.28653e+07 3.41507e+07 1.73391e+07 38 180
373000 1.4857e+08 6.18887e+09 1.19799e+10 3.43699e+07 2.46506e+07 3.12983e+07 1.62949e+07 37 184
374000 1.35576e+08 6.12525e+09 1.42923e+10 2.27667e+07 1.05742e+07 2.72455e+07 1.37359e+07 36 192
375000 1.23585e+08 6.12445e+09 1.95796e+10 2.39018e+07 1.29209e+07 2.5171e+07 1.2473e+07 33 191
376000 1.1567e+08 6.15605e+09 2.26266e+10 2.67181e+07 1.7748e+07 2.78616e+07 1.58879e+07 31 187
377000 1.12385e+08 6.20632e+09 1.68213e+10 2.44865e+07 1.40423e+07 2.23769e+07 1.04034e+07 32 186
378000 1.11885e+08 6.26275e+09 1.63587e+10 2.49818e+07 1.13568e+07 2.34633e+07 1.35867e+07 36 179
379000 1.11046e+08 6.30558e+09 3.45014e+10 3.70782e+07 1.9171e+07 2.60238e+07 1.38479e+07 31 159
380000 1.11425e+08 6.34911e+09 3.5409e+10 3.172e+07 1.34989e+07 2.57967e+07 1.4628e+07 33 157
381000 1.10521e+08 6.39851e+09 3.1475e+10 2.87137e+07 1.10004e+07 2.81224e+07 1.63015e+07 30 147
382000 1.10253e+08 6.45548e+09 2.59904e+10 3.04903e+07 1.64897e+07 3.24013e+07 1.94278e+07 26 145
383000 1.06035e+08 6.51151e+09 2.71628e+10 2.94616e+07 1.69568e+07 2.84735e+07 1.56172e+07 23 144
384000 1.03575e+08 6.58453e+09 2.41155e+10 2.65387e+07 1.66322e+07 3.42443e+07 2.16855e+07 29 146
385000 1.00874e+08 6.66761e+09 2.80176e+10 4.18209e+07 2.64766e+07 2.68054e+07 1.45043e+07 27 147
386000 1.03683e+08 6.73288e+09 2.4934e+10 3.07178e+07 1.93665e+07 3.152e+07 1.74334e+07 27 156
387000 1.11369e+08 6.75483e+09 1.56606e+10 3.89709e+07 2.42632e+07 2.80073e+07 1.56126e+07 23 159
388000 1.20561e+08 6.74307e+09 8.24053e+09 3.43802e+07 2.28788e+07 2.90471e+07 1.64226e+07 25 166
389000 1.19208e+08 6.72331e+09 1.41935e+10 3.37759e+07 1.96151e+07 3.01727e+07 1.75238e+07 25 178
390000 1.17072e+08 6.72664e+09 2.09155e+10 3.15836e+07 1.90994e+07 2.5536e+07 1.42924e+07 27 183
391000 1.22488e+08 6.7091e+09 1.64377e+10 3.53106e+07 2.27026e+07 2.67135e+07 1.40966e+07 29 177
392000 1.32105e+08 6.65683e+09 1.55993e+10 3.61102e+07 2.03617e+07 2.96223e+07 1.59297e+07 31 176
393000 1.38936e+08 6.56762e+09 2.3983e+10 5.72183e+07 3.85713e+07 3.75564e+07 2.25228e+07 21 185
394000 1.46017e+08 6.4591e+09 1.35839e+10 5.00202e+07 3.21701e+07 3.2582e+07 1.70881e+07 22 184
395000 1.43991e+08 6.34051e+09 1.16633e+10 3.63331e+07 2.15736e+07 3.14305e+07 1.39357e+07 30 191
396000 1.32694e+08 6.2786e+09 1.61938e+10 2.42853e+07 1.11779e+07 2.54824e+07 1.16413e+07 32 195
397000 1.22045e+08 6.29553e+09 1.78118e+10 2.55792e+07 1.43033e+07 2.47678e+07 1.24171e+07 30 194
398000 1.1659e+08 6.32297e+09 2.26047e+10 2.32383e+07 1.19154e+07 2.32813e+07 1.1433e+07 27 198
399000 1.15042e+08 6.35616e+09 1.92263e+10 2.63656e+07 1.50931e+07 2.60492e+07 1.44324e+07 24 181
400000 1.1277e+08 6.3851e+09 1.62433e+10 3.09469e+07 1.95046e+07 2.75603e+07 1.62086e+07 19 183
401000 1.1492e+08 6.39652e+09 1.66822e+10 2.53764e+07 1.50975e+07 2.67156e+07 1.21387e+07 24 188
402000 1.24637e+08 6.37042e+09 1.0864e+10 2.53501e+07 1.51911e+07 2.67749e+07 1.3179e+07 22 201
403000 1.25763e+08 6.33476e+09 8.7684e+09 2.45396e+07 1.47084e+07 2.56263e+07 1.17325e+07 23 204
404000 1.22526e+08 6.31888e+09 8.5086e+09 4.76724e+07 3.97818e+07 2.41384e+07 1.10929e+07 22 203
405000 1.18465e+08 6.32706e+09 8.84301e+09 3.14371e+07 1.91442e+07 2.33374e+07 1.11291e+07 23 197
406000 1.14686e+08 6.35843e+09 1.11191e+10 2.99758e+07 1.66679e+07 2.6613e+07 1.37468e+07 24 184
407000 1.12114e+08 6.39456e+09 1.2164e+10 3.38419e+07 2.33143e+07 2.21977e+07 1.10378e+07 21 196
408000 1.0842e+08 6.44042e+09 1.96391e+10 2.88724e+07 1.79457e+07 3.12659e+07 1.44163e+07 21 194
409000 1.10073e+08 6.48762e+09 1.81398e+10 5.11956e+07 4.45344e+07 2.34672e+07 1.21591e+07 17 189
410000 1.12345e+08 6.51341e+09 2.34932e+10 3.35591e+07 2.08586e+07 2.85111e+07 1.53135e+07 21 192
411000 1.1891e+08 6.50958e+09 2.16693e+10 4.83216e+07 2.76239e+07 2.52403e+07 1.41244e+07 21 183
412000 1.24481e+08 6.48053e+09 3.29599e+10 4.3828e+07 1.39255e+07 2.46943e+07 1.32184e+07 25 193
413000 1.24205e+08 6.45956e+09 4.10257e+10 3.10155e+07 7.24581e+06 2.65451e+07 1.45554e+07 30 175
414000 1.2171e+08 6.45575e+09 4.26622e+10 2.96809e+07 8.97085e+06 3.44445e+07 2.02184e+07 24 178
415000 1.22451e+08 6.4509e+09 2.33443e+10 2.56797e+07 1.42753e+07 3.09295e+07 1.675e+07 25 176
416000 1.19939e+08 6.45773e+09 2.00516e+10 2.13261e+07 1.0219e+07 2.71844e+07 1.50805e+07 22 183
417000 1.14249e+08 6.4714e+09 2.15445e+10 2.22292e+07 1.34325e+07 2.61753e+07 1.29688e+07 21 186
418000 1.16437e+08 6.4974e+09 1.2191e+10 2.51553e+07 1.79875e+07 2.88554e+07 1.68569e+07 25 181
419000 1.163e+08 6.51131e+09 1.96863e+10 3.5421e+07 2.63575e+07 2.49291e+07 1.363e+07 26 174
420000 1.17734e+08 6.52451e+09 2.59634e+10 5.85062e+07 3.19393e+07 2.50674e+07 1.39961e+07 24 175
421000 1.19358e+08 6.52501e+09 2.27053e+10 4.56187e+07 2.50108e+07 2.96425e+07 1.80315e+07 28 171
422000 1.21869e+08 6.51038e+09 2.19036e+10 7.39511e+07 4.32121e+07 2.54663e+07 1.27428e+07 27 186
423000 1.25903e+08 6.48479e+09 1.55405e+10 4.13762e+07 1.61634e+07 2.45947e+07 1.28424e+07 35 180
424000 1.21042e+08 6.47936e+09 2.4009e+10 3.08065e+07 1.14609e+07 2.62006e+07 1.34078e+07 33 170
425000 1.17116e+08 6.5012e+09 2.40728e+10 2.86373e+07 1.39366e+07 2.80651e+07 1.53297e+07 27 162
426000 1.14514e+08 6.53039e+09 2.27782e+10 1.87453e+07 7.54714e+06 2.6887e+07 1.38182e+07 30 173
427000 1.10827e+08 6.57298e+09 2.22002e+10 1.95981e+07 1.1008e+07 2.55961e+07 1.229e+07 27 175
428000 1.0745e+08 6.62443e+09 2.37195e+10 1.7913e+07 9.10022e+06 2.47374e+07 1.24896e+07 27 175
429000 1.04825e+08 6.68166e+09 2.29776e+10 1.46282e+07 7.23007e+06 2.58413e+07 1.32047e+07 23 177
430000 1.11878e+08 6.71729e+09 1.41897e+10 1.69188e+07 9.51969e+06 3.18399e+07 1.86924e+07 18 185
431000 1.18294e+08 6.71059e+09 1.49482e+10 1.99415e+07 1.3597e+07 3.00496e+07 1.6902e+07 16 181
432000 1.27873e+08 6.65755e+09 1.67316e+10 2.03491e+07 1.20833e+07 3.10962e+07 1.59503e+07 14 188
433000 1.38452e+08 6.56591e+09 1.12093e+10 6.05363e+07 5.46841e+07 3.49294e+07 1.89606e+07 12 200
434000 1.35281e+08 6.48269e+09 9.40048e+09 2.61708e+07 2.04175e+07 2.86408e+07 1.35748e+07 14 210
435000 1.30083e+08 6.43914e+09 6.90325e+09 2.45831e+07 1.42531e+07 2.59351e+07 1.32598e+07 16 213
436000 1.26054e+08 6.40877e+09 1.26385e+10 3.50667e+07 2.56176e+07 2.42462e+07 1.17941e+07 13 221
437000 1.27743e+08 6.37236e+09 1.20491e+10 3.53377e+07 2.0018e+07 2.71307e+07 1.40375e+07 14 205
438000 1.34062e+08 6.29876e+09 9.11125e+09 2.96324e+07 1.68882e+07 2.63024e+07 1.15941e+07 17 221
439000 1.29534e+08 6.24651e+09 5.47662e+09 3.11482e+07 1.95079e+07 2.37207e+07 1.1024e+07 17 226
440000 1.20139e+08 6.25127e+09 6.31537e+09 3.00394e+07 1.76092e+07 2.06096e+07 9.17048e+06 17 235
441000 1.14262e+08 6.29128e+09 1.36782e+10 3.68162e+07 2.19952e+07 2.61507e+07 1.48676e+07 14 219
442000 1.11579e+08 6.34083e+09 1.47798e+10 3.99255e+07 2.90262e+07 2.42539e+07 1.34791e+07 15 217
443000 1.1014e+08 6.38832e+09 1.72006e+10 5.21756e+07 4.57564e+07 2.53443e+07 1.33663e+07 11 198
444000 1.13881e+08 6.43369e+09 1.99834e+10 5.70166e+07 4.48583e+07 2.63622e+07 1.56151e+07 13 182
445000 1.17504e+08 6.43114e+09 2.10575e+10 4.64212e+07 2.75624e+07 3.04086e+07 1.57169e+07 14 181
446000 1.23832e+08 6.40952e+09 1.27362e+10 5.88763e+07 5.2964e+07 2.65787e+07 1.30192e+07 11 194
447000 1.20309e+08 6.40168e+09 1.1605e+10 3.63482e+07 2.09634e+07 2.61322e+07 1.33078e+07 14 194
448000 1.17249e+08 6.42795e+09 2.19046e+10 3.14424e+07 2.24307e+07 2.67459e+07 1.51698e+07 14 174
449000 1.11579e+08 6.46009e+09 2.93348e+10 2.55329e+07 1.71118e+07 2.7642e+07 1.57187e+07 14 167
450000 1.09556e+08 6.49912e+09 2.47428e+10 2.4244e+07 1.47615e+07 2.70352e+07 1.56264e+07 15 177
451000 1.07778e+08 6.53868e+09 2.3601e+10 2.66626e+07 1.62896e+07 2.51421e+07 1.36014e+07 12 191
452000 1.14315e+08 6.56813e+09 1.63704e+10 3.86651e+07 3.24281e+07 2.68279e+07 1.45115e+07 10 185
453000 1.14592e+08 6.5735e+09 3.29985e+10 3.44246e+07 2.64026e+07 2.69108e+07 1.30935e+07 9 185
454000 1.14971e+08 6.59036e+09 3.78372e+10 3.95879e+07 2.35073e+07 3.31238e+07 1.74619e+07 7 181
455000 1.1524e+08 6.60199e+09 3.09277e+10 3.27717e+07 1.63859e+07 2.82163e+07 1.56076e+07 8 183
456000 1.13158e+08 6.62399e+09 2.38965e+10 3.77006e+07 2.21671e+07 2.81516e+07 1.55704e+07 7 187
457000 1.15511e+08 6.64279e+09 1.76049e+10 3.58085e+07 2.08572e+07 2.87097e+07 1.42761e+07 7 192
458000 1.19178e+08 6.63091e+09 9.30963e+09 2.39609e+07 1.14446e+07 2.7196e+07 1.40252e+07 10 201
459000 1.20933e+08 6.63411e+09 1.4307e+10 2.21583e+07 1.09488e+07 2.88608e+07 1.6077e+07 10 195
460000 1.14981e+08 6.64363e+09 3.28936e+10 2.2164e+07 1.16929e+07 2.7894e+07 1.54033e+07 8 183
461000 1.18253e+08 6.65067e+09 3.4881e+10 3.71894e+07 2.71656e+07 3.23851e+07 1.81951e+07 6 178
462000 1.25924e+08 6.61192e+09 2.82509e+10 2.10778e+07 1.11491e+07 3.09926e+07 1.65792e+07 8 188
463000 1.30098e+08 6.55507e+09 2.07355e+10 2.45744e+07 1.07208e+07 3.18662e+07 1.75733e+07 7 201
464000 1.35862e+08 6.48573e+09 1.66148e+10 3.70228e+07 2.85492e+07 3.50035e+07 2.02907e+07 5 199
465000 1.37609e+08 6.38947e+09 3.00346e+10 3.98768e+07 2.95193e+07 3.5429e+07 1.79507e+07 3 191
466000 1.33501e+08 6.33346e+09 2.30385e+10 3.76276e+07 2.89057e+07 3.03634e+07 1.70712e+07 3 191
467000 1.2189e+08 6.33277e+09 1.8158e+10 2.00526e+07 1.33132e+07 2.65029e+07 1.42264e+07 5 203
468000 1.15673e+08 6.36254e+09 2.13555e+10 4.26988e+07 3.67776e+07 2.90894e+07 1.73902e+07 5 188
469000 1.14032e+08 6.37331e+09 1.29558e+10 2.43489e+07 1.71633e+07 2.70883e+07 1.55319e+07 4 194
470000 1.13769e+08 6.38776e+09 1.86918e+10 2.47624e+07 1.23812e+07 3.10985e+07 1.83946e+07 4 195
471000 1.16331e+08 6.39946e+09 1.77831e+10 2.31197e+07 1.15599e+07 2.99502e+07 1.6098e+07 2 198
472000 1.16674e+08 6.40208e+09 1.59924e+10 2.82758e+07 1.41379e+07 2.66555e+07 1.41329e+07 2 204
473000 1.15996e+08 6.40729e+09 1.72153e+10 2.70935e+07 1.35467e+07 2.40571e+07 1.181e+07 2 220
474000 1.12929e+08 6.42826e+09 1.68641e+10 2.59525e+07 1.29762e+07 2.40403e+07 1.16758e+07 2 215
475000 1.08229e+08 6.47166e+09 1.54797e+10 2.51269e+07 1.25634e+07 2.21364e+07 1.01922e+07 2 221
476000 1.07053e+08 6.53589e+09 9.32171e+09 2.43849e+07 1.21925e+07 2.41858e+07 1.28616e+07 2 208
477000 1.04927e+08 6.5968e+09 1.3811e+10 1.19865e+07 2.99662e+06 2.23969e+07 1.1906e+07 4 211
478000 1.07627e+08 6.64391e+09 7.69712e+09 1.85111e+07 6.17036e+06 2.50952e+07 1.39999e+07 3 206
479000 1.13625e+08 6.67238e+09 1.41478e+10 3.19189e+08 1.59594e+08 2.68094e+07 1.50388e+07 2 209
480000 1.20385e+08 6.64792e+09 1.25603e+10 7.53398e+07 7.53398e+07 2.88042e+07 1.59525e+07 1 213
481000 1.2593e+08 6.61537e+09 1.42101e+10 3.54952e+07 1.77476e+07 2.77475e+07 1.38832e+07 2 210
482000 1.27041e+08 6.57046e+09 7.66421e+09 3.26827e+07 1.63414e+07 2.73627e+07 1.37611e+07 2 213
483000 1.24138e+08 6.5481e+09 8.62649e+09 2.95899e+07 1.4795e+07 3.29341e+07 1.6436e+07 2 219
484000 1.18297e+08 6.5493e+09 1.49794e+10 2.66527e+07 1.33263e+07 2.36888e+07 1.14729e+07 2 225
485000 1.14799e+08 6.57468e+09 1.73275e+10 1.21299e+07 3.03248e+06 2.67198e+07 1.32159e+07 4 217
486000 1.12088e+08 6.59429e+09 9.66574e+09 1.7263e+07 5.75432e+06 2.30827e+07 1.13742e+07 3 224
487000 1.14476e+08 6.61009e+09 1.06018e+10 1.5967e+07 5.32235e+06 2.52074e+07 1.28289e+07 3 223
488000 1.22104e+08 6.58889e+09 5.95674e+09 6.56074e+07 6.56074e+07 2.67151e+07 1.39577e+07 1 232
489000 1.26518e+08 6.55733e+09 5.79393e+09 6.83887e+07 6.83887e+07 2.75027e+07 1.51023e+07 1 218
490000 1.30898e+08 6.50655e+09 9.33634e+09 6.24727e+07 6.24727e+07 3.14697e+07 1.84933e+07 1 219
491000 1.34984e+08 6.42797e+09 1.19524e+10 2.83024e+07 1.41512e+07 3.05928e+07 1.78234e+07 2 223
492000 1.29336e+08 6.38146e+09 1.17567e+10 5.98591e+07 5.98591e+07 2.45935e+07 1.18369e+07 1 233
493000 1.21913e+08 6.3852e+09 1.04491e+10 6.31235e+07 6.31235e+07 2.55275e+07 1.4134e+07 1 215
494000 1.1607e+08 6.40666e+09 1.30921e+10 7.02519e+07 7.02519e+07 2.60604e+07 1.29175e+07 1 215
494517 1.14922e+08 6.42023e+09 1.36814e+10 0 0 2.63736e+07 1.52545e+07 0 217
