0 1.27534e+08 5.8036e+09 2.4e+09 2.4e+07 1.2e+07 2.4e+07 1.2e+07 190 10
1000 1.24782e+08 5.80577e+09 5.65478e+09 2.36492e+07 1.17736e+07 2.92394e+07 1.77575e+07 219 9
2000 1.24649e+08 5.82446e+09 1.1889e+10 2.55204e+07 1.37282e+07 2.02863e+07 9.43651e+06 206 11
3000 1.26568e+08 5.83663e+09 9.10298e+09 2.7871e+07 1.61333e+07 1.62116e+07 7.05385e+06 193 12
4000 1.25808e+08 5.84247e+09 8.61585e+09 3.0001e+07 1.6658e+07 2.06279e+07 1.20588e+07 191 10
5000 1.26542e+08 5.85423e+09 1.18196e+10 2.85021e+07 1.67522e+07 1.58817e+07 6.73254e+06 187 13
6000 1.23672e+08 5.86502e+09 1.9112e+10 3.01889e+07 1.79264e+07 1.4479e+07 5.58315e+06 187 14
7000 1.24056e+08 5.89166e+09 2.75923e+10 3.06746e+07 1.82923e+07 1.98111e+07 1.04655e+07 168 12
8000 1.23779e+08 5.90635e+09 2.43453e+10 3.16443e+07 1.98409e+07 2.37662e+07 1.10457e+07 162 11
9000 1.21099e+08 5.92677e+09 2.11364e+10 2.84158e+07 1.59347e+07 2.31144e+07 9.88952e+06 175 12
10000 1.18937e+08 5.96719e+09 2.77326e+10 3.08416e+07 1.88484e+07 2.60163e+07 1.2129e+07 156 11
11000 1.18476e+08 6.01127e+09 2.42951e+10 3.15025e+07 2.05844e+07 2.21615e+07 9.18947e+06 159 13
12000 1.17733e+08 6.04838e+09 2.58296e+10 3.02072e+07 1.84675e+07 2.02831e+07 7.16938e+06 161 16
13000 1.16266e+08 6.08675e+09 2.53655e+10 3.09504e+07 1.9402e+07 1.82363e+07 5.57901e+06 161 18
14000 1.15956e+08 6.13411e+09 3.10049e+10 3.41708e+07 2.06617e+07 2.23041e+07 8.69887e+06 151 15
15000 1.17135e+08 6.18252e+09 3.96334e+10 4.21619e+07 3.08144e+07 2.8052e+07 1.12708e+07 131 13
16000 1.1722e+08 6.2115e+09 4.13396e+10 3.34665e+07 2.01261e+07 2.5356e+07 1.17536e+07 144 14
17000 1.21393e+08 6.23405e+09 3.95452e+10 3.46802e+07 2.14461e+07 3.69694e+07 2.03355e+07 149 10
18000 1.26731e+08 6.22843e+09 3.27439e+10 3.75304e+07 2.4578e+07 3.59135e+07 2.54871e+07 143 10
19000 1.29943e+08 6.21509e+09 2.87256e+10 3.85686e+07 2.52098e+07 3.27656e+07 2.33879e+07 146 10
20000 1.25627e+08 6.21433e+09 3.12473e+10 3.43835e+07 2.07345e+07 2.61624e+07 1.59764e+07 149 12
21000 1.22163e+08 6.24527e+09 2.97306e+10 3.56487e+07 2.32183e+07 2.12868e+07 9.59831e+06 140 14
22000 1.21464e+08 6.27206e+09 2.06391e+10 3.41021e+07 2.18727e+07 2.13186e+07 1.13546e+07 153 11
23000 1.20939e+08 6.28967e+09 2.17871e+10 3.65082e+07 2.40759e+07 1.97607e+07 9.0782e+06 155 9
24000 1.23757e+08 6.30137e+09 1.88302e+10 4.60331e+07 3.22366e+07 2.21263e+07 1.26067e+07 160 9
25000 1.25799e+08 6.3027e+09 1.39425e+10 3.40319e+07 2.0809e+07 2.30586e+07 1.01576e+07 162 7
26000 1.2513e+08 6.30305e+09 1.96788e+10 3.22652e+07 1.83513e+07 2.14569e+07 1.04334e+07 168 8
27000 1.36189e+08 6.26822e+09 2.07453e+10 3.97585e+07 2.34483e+07 4.51207e+07 3.95407e+07 157 4
28000 1.43276e+08 6.1903e+09 1.70782e+10 3.96665e+07 2.34951e+07 3.68457e+07 2.56774e+07 163 5
29000 1.39699e+08 6.12849e+09 2.44807e+10 3.34278e+07 1.89756e+07 3.7561e+07 2.9404e+07 172 7
30000 1.3558e+08 6.11798e+09 2.12526e+10 3.55808e+07 2.18137e+07 3.41903e+07 2.65466e+07 160 7
31000 1.32052e+08 6.0997e+09 2.55153e+10 3.76353e+07 2.55137e+07 2.76308e+07 1.98068e+07 163 9
32000 1.38018e+08 6.03244e+09 2.34191e+10 3.5188e+07 1.91041e+07 2.24646e+07 1.28649e+07 187 9
33000 1.31684e+08 6.00389e+09 2.71583e+10 2.94758e+07 1.49116e+07 2.07761e+07 8.94813e+06 181 10
34000 1.26562e+08 6.03863e+09 2.48006e+10 3.22195e+07 2.01444e+07 2.19662e+07 1.27485e+07 166 9
35000 1.21102e+08 6.07832e+09 2.43699e+10 3.02438e+07 1.92188e+07 2.26095e+07 1.05302e+07 168 9
36000 1.14925e+08 6.13438e+09 4.33682e+10 3.50127e+07 2.31192e+07 3.8116e+07 2.49242e+07 151 5
37000 1.10852e+08 6.20673e+09 4.35154e+10 3.12578e+07 2.04443e+07 2.49275e+07 1.2903e+07 148 8
38000 1.10079e+08 6.2888e+09 3.62065e+10 3.58904e+07 2.46175e+07 2.52746e+07 1.79712e+07 139 8
39000 1.06093e+08 6.36956e+09 3.50632e+10 3.27481e+07 2.13843e+07 2.20422e+07 1.20349e+07 136 9
40000 1.09085e+08 6.43871e+09 2.87037e+10 3.44682e+07 2.37144e+07 2.58533e+07 1.7318e+07 141 6
41000 1.1796e+08 6.45712e+09 3.2946e+10 3.56683e+07 2.13431e+07 2.22979e+07 1.01735e+07 154 7
42000 1.30824e+08 6.41851e+09 4.13214e+10 4.02572e+07 2.31836e+07 2.46134e+07 1.13736e+07 151 7
43000 1.40055e+08 6.34773e+09 3.33118e+10 4.14725e+07 2.34517e+07 3.26219e+07 2.18801e+07 156 7
44000 1.44051e+08 6.27104e+09 3.53131e+10 4.0566e+07 2.14626e+07 2.67397e+07 1.51375e+07 150 9
45000 1.36479e+08 6.23179e+09 3.22067e+10 3.2981e+07 1.66854e+07 4.45927e+07 2.45024e+07 168 8
46000 1.23915e+08 6.26983e+09 2.72078e+10 3.23658e+07 2.10237e+07 2.89069e+07 1.52097e+07 159 9
47000 1.15942e+08 6.31536e+09 2.47638e+10 2.94449e+07 1.71489e+07 2.27146e+07 8.90414e+06 167 11
48000 1.2107e+08 6.33646e+09 1.95222e+10 3.2042e+07 1.75678e+07 1.78312e+07 5.48734e+06 168 13
49000 1.22357e+08 6.34963e+09 2.32112e+10 3.06788e+07 1.82677e+07 2.4991e+07 1.05015e+07 167 10
50000 1.25483e+08 6.35871e+09 2.26601e+10 3.25381e+07 1.94262e+07 2.96828e+07 1.33054e+07 166 9
51000 1.3084e+08 6.33296e+09 2.11281e+10 3.42418e+07 1.89457e+07 3.29855e+07 1.77895e+07 167 8
52000 1.33878e+08 6.30071e+09 2.25175e+10 3.45696e+07 2.02971e+07 2.70803e+07 1.21412e+07 164 9
53000 1.3338e+08 6.27858e+09 2.87264e+10 4.33229e+07 2.91909e+07 2.0348e+07 7.38379e+06 156 12
54000 1.34715e+08 6.23469e+09 2.38952e+10 3.71694e+07 2.14056e+07 3.03456e+07 1.78471e+07 172 8
55000 1.30953e+08 6.22553e+09 2.65461e+10 3.33974e+07 1.81987e+07 2.82314e+07 1.65877e+07 163 8
56000 1.22138e+08 6.26145e+09 2.53074e+10 3.15443e+07 1.78877e+07 2.24327e+07 1.02766e+07 158 9
57000 1.1566e+08 6.30461e+09 1.74334e+10 2.70377e+07 1.40307e+07 1.85896e+07 8.52081e+06 178 11
58000 1.09765e+08 6.37081e+09 1.42417e+10 3.82968e+07 2.0079e+07 1.58031e+07 8.97472e+06 183 13
59000 1.04168e+08 6.45949e+09 2.71788e+10 2.41259e+07 1.36066e+07 2.60536e+07 1.85226e+07 175 11
60000 1.10888e+08 6.53432e+09 3.29845e+10 3.8635e+07 2.29145e+07 3.53541e+07 1.96214e+07 154 15
61000 1.36286e+08 6.46206e+09 2.54749e+10 3.36073e+07 1.70924e+07 4.90476e+07 2.12076e+07 172 15
62000 1.48167e+08 6.3643e+09 2.33623e+10 3.94177e+07 2.08547e+07 3.68595e+07 1.30245e+07 165 16
63000 1.44019e+08 6.29734e+09 1.85077e+10 3.73846e+07 2.00988e+07 2.52723e+07 1.20299e+07 169 19
64000 1.28594e+08 6.30168e+09 2.9341e+10 3.04661e+07 1.58906e+07 2.6078e+07 1.39288e+07 161 19
65000 1.19656e+08 6.34812e+09 3.12502e+10 3.16063e+07 1.9059e+07 4.14854e+07 2.47191e+07 147 16
66000 1.14416e+08 6.40872e+09 2.28318e+10 3.06443e+07 1.74825e+07 4.58691e+07 2.58888e+07 144 17
67000 1.08588e+08 6.4864e+09 1.80934e+10 2.58821e+07 1.52474e+07 3.43321e+07 1.80077e+07 154 20
68000 1.01401e+08 6.58836e+09 3.82032e+10 2.83883e+07 1.67442e+07 5.45935e+07 2.21977e+07 141 15
69000 1.19574e+08 6.61947e+09 2.88275e+10 3.79702e+07 1.97645e+07 3.54005e+07 2.53469e+07 141 13
70000 1.22865e+08 6.60772e+09 3.47077e+10 3.4113e+07 1.80345e+07 2.97375e+07 1.91915e+07 142 11
71000 1.10209e+08 6.67108e+09 3.91872e+10 2.88951e+07 1.51507e+07 2.61056e+07 1.29611e+07 153 11
72000 1.08779e+08 6.76719e+09 2.99647e+10 3.09391e+07 1.92108e+07 2.31923e+07 1.16781e+07 145 11
73000 1.1253e+08 6.83273e+09 3.11775e+10 3.84483e+07 2.45026e+07 1.8358e+07 8.11329e+06 133 12
74000 1.18855e+08 6.86537e+09 2.42653e+10 3.72446e+07 2.24364e+07 1.48866e+07 6.22226e+06 140 13
75000 1.16775e+08 6.89895e+09 2.43628e+10 3.49074e+07 2.17786e+07 1.49967e+07 6.57009e+06 144 12
76000 1.17794e+08 6.92445e+09 3.50429e+10 4.00963e+07 2.40218e+07 1.59066e+07 7.21752e+06 145 11
77000 1.23398e+08 6.92754e+09 2.78728e+10 3.67849e+07 2.15448e+07 1.405e+07 6.38404e+06 148 11
78000 1.33719e+08 6.90331e+09 2.82785e+10 4.31673e+07 2.54071e+07 1.96693e+07 1.19898e+07 143 9
79000 1.64911e+08 6.70664e+09 1.98065e+10 4.67603e+07 2.45659e+07 2.2661e+07 1.48199e+07 168 9
80000 1.82372e+08 6.45021e+09 3.44844e+10 4.4385e+07 2.17411e+07 3.42707e+07 2.74408e+07 185 7
81000 1.85108e+08 6.21249e+09 2.82409e+10 4.99904e+07 2.83631e+07 9.35425e+07 8.22964e+07 183 8
82000 1.86676e+08 5.96663e+09 2.35495e+10 4.00902e+07 1.87972e+07 3.71781e+07 2.31043e+07 200 7
83000 1.77672e+08 5.77585e+09 1.4731e+10 3.47524e+07 1.74878e+07 2.87677e+07 1.59802e+07 203 11
84000 1.62408e+08 5.66407e+09 2.07109e+10 3.35202e+07 1.76545e+07 3.80976e+07 3.09524e+07 195 9
85000 1.49267e+08 5.59671e+09 1.83534e+10 3.14011e+07 1.77192e+07 3.91016e+07 2.33868e+07 190 9
86000 1.31799e+08 5.58691e+09 2.04967e+10 2.67544e+07 1.37183e+07 2.68779e+07 1.20424e+07 192 13
87000 1.16306e+08 5.64297e+09 2.70061e+10 2.4829e+07 1.31983e+07 2.99797e+07 1.55952e+07 179 12
88000 1.11652e+08 5.73466e+09 2.21696e+10 2.89389e+07 1.71422e+07 3.37022e+07 2.1935e+07 172 11
89000 1.0924e+08 5.82499e+09 2.41026e+10 2.9425e+07 1.87313e+07 3.32497e+07 2.12736e+07 156 12
90000 1.11018e+08 5.91037e+09 2.17547e+10 3.13723e+07 2.07254e+07 3.48546e+07 2.27752e+07 155 9
91000 1.0768e+08 5.98278e+09 3.19588e+10 2.96779e+07 1.84442e+07 3.08142e+07 1.54071e+07 147 8
92000 1.06225e+08 6.07001e+09 3.31834e+10 3.37737e+07 2.20746e+07 2.59364e+07 1.29682e+07 139 8
93000 1.058e+08 6.16724e+09 3.25755e+10 3.38886e+07 2.33462e+07 1.70495e+07 7.69776e+06 131 12
94000 1.0321e+08 6.26058e+09 4.34583e+10 3.59647e+07 2.40068e+07 3.93039e+07 1.79912e+07 122 10
95000 1.05826e+08 6.34123e+09 3.90832e+10 3.85079e+07 2.56412e+07 2.1352e+07 9.88685e+06 121 9
96000 1.0741e+08 6.41378e+09 3.15505e+10 4.26988e+07 3.01552e+07 2.09379e+07 9.79982e+06 134 9
97000 1.05168e+08 6.48878e+09 3.44666e+10 3.12442e+07 1.94349e+07 2.12966e+07 1.3115e+07 142 9
98000 1.08533e+08 6.57056e+09 4.04401e+10 3.53184e+07 2.43854e+07 2.89557e+08 2.78112e+08 130 8
99000 1.13472e+08 6.61626e+09 4.47208e+10 4.33003e+07 2.88558e+07 2.86794e+07 1.68157e+07 133 8
100000 1.24661e+08 6.61206e+09 3.93607e+10 4.17678e+07 2.56882e+07 2.37962e+07 1.35401e+07 132 10
101000 1.28254e+08 6.59124e+09 4.5779e+10 3.70935e+07 2.05191e+07 3.21327e+07 2.40009e+07 142 9
102000 1.28621e+08 6.56958e+09 3.8499e+10 3.66449e+07 2.00449e+07 3.83362e+07 3.12188e+07 158 7
103000 1.27435e+08 6.5613e+09 3.64698e+10 3.70467e+07 2.13766e+07 2.74143e+07 1.37071e+07 145 10
104000 1.25451e+08 6.57028e+09 3.57071e+10 3.35419e+07 1.74127e+07 2.61524e+07 1.30762e+07 157 10
105000 1.256e+08 6.57575e+09 3.17484e+10 3.96077e+07 2.37128e+07 2.51093e+07 1.37843e+07 151 11
106000 1.18459e+08 6.60974e+09 3.41954e+10 3.21871e+07 1.88472e+07 1.96819e+07 9.77716e+06 148 14
107000 1.09784e+08 6.68297e+09 2.29099e+10 2.69029e+07 1.43779e+07 1.85086e+07 6.35321e+06 163 15
108000 1.06484e+08 6.77008e+09 2.36174e+10 2.93746e+07 1.76629e+07 1.9867e+07 7.32661e+06 153 14
109000 1.10313e+08 6.84192e+09 2.29838e+10 2.77008e+07 1.54086e+07 2.7024e+07 1.61187e+07 163 12
110000 1.08021e+08 6.90839e+09 3.04399e+10 3.30891e+07 1.88565e+07 3.39935e+07 2.27902e+07 162 10
111000 1.09747e+08 6.9736e+09 5.14645e+10 3.25348e+07 1.91358e+07 3.5424e+07 2.00194e+07 144 9
112000 1.18789e+08 6.99656e+09 4.78711e+10 3.5784e+07 1.84152e+07 2.33613e+07 1.12299e+07 148 13
113000 1.25134e+08 7.01008e+09 4.31511e+10 3.83468e+07 2.09115e+07 2.43584e+07 1.4126e+07 134 14
114000 1.25005e+08 7.00984e+09 3.91052e+10 3.86969e+07 2.18572e+07 2.88542e+07 1.65462e+07 142 13
115000 1.3798e+08 6.95589e+09 3.29622e+10 5.38029e+07 2.82783e+07 4.2965e+07 3.33583e+07 142 11
116000 1.60205e+08 6.79611e+09 2.91186e+10 4.55198e+07 2.35832e+07 3.84051e+07 2.09206e+07 155 13
117000 1.59537e+08 6.65048e+09 2.16539e+10 3.94397e+07 1.95517e+07 3.51885e+07 1.96286e+07 163 13
118000 1.37005e+08 6.63751e+09 1.87557e+10 3.31383e+07 1.96839e+07 2.34052e+07 1.06293e+07 154 19
119000 1.23101e+08 6.67417e+09 1.52614e+10 3.03436e+07 1.93742e+07 3.0952e+07 2.11404e+07 164 13
120000 1.24103e+08 6.66995e+09 4.11256e+10 3.48846e+07 2.15829e+07 2.98065e+07 1.73057e+07 163 11
121000 1.64734e+08 6.48498e+09 3.51982e+10 4.75128e+07 2.24893e+07 3.21829e+07 1.94428e+07 165 11
122000 1.59076e+08 6.33887e+09 2.95547e+10 3.61553e+07 1.8273e+07 2.78552e+07 1.76742e+07 161 17
123000 1.29765e+08 6.35179e+09 3.07441e+10 2.74677e+07 1.44598e+07 3.18256e+07 2.10872e+07 174 16
124000 1.20845e+08 6.3946e+09 2.94427e+10 2.77652e+07 1.6015e+07 2.82149e+07 1.58261e+07 175 16
125000 1.26224e+08 6.39402e+09 2.78679e+10 3.19755e+07 1.85108e+07 3.6699e+07 2.25014e+07 168 14
126000 1.40162e+08 6.33224e+09 3.69684e+10 3.51457e+07 1.87266e+07 4.31934e+07 2.23513e+07 158 15
127000 1.58002e+08 6.16934e+09 3.15988e+10 4.62718e+07 2.65187e+07 3.43864e+07 1.34492e+07 174 20
128000 1.42364e+08 6.12236e+09 2.91447e+10 3.63094e+07 2.19074e+07 3.24776e+07 1.38986e+07 167 19
129000 1.40079e+08 6.0721e+09 4.1607e+10 3.56656e+07 1.54048e+07 2.77455e+07 1.20541e+07 172 18
130000 1.28884e+08 6.08253e+09 4.19364e+10 2.90584e+07 1.49625e+07 2.50359e+07 1.2977e+07 160 18
131000 1.14661e+08 6.16071e+09 3.70698e+10 3.02489e+07 1.77115e+07 2.4089e+07 1.09644e+07 147 15
132000 1.11749e+08 6.2449e+09 2.8896e+10 3.29818e+07 1.81824e+07 4.00312e+07 3.42701e+07 142 18
133000 1.13395e+08 6.30232e+09 2.54089e+10 3.0086e+07 1.87419e+07 4.72116e+07 2.19244e+07 140 21
134000 1.14253e+08 6.35982e+09 2.90926e+10 3.40721e+07 2.14676e+07 4.26595e+07 1.98969e+07 125 20
135000 1.079e+08 6.42688e+09 3.02228e+10 3.18013e+07 1.97932e+07 3.55586e+07 1.75043e+07 125 19
136000 1.05069e+08 6.51594e+09 2.50264e+10 3.21094e+07 1.92518e+07 2.50421e+07 1.31705e+07 128 20
137000 1.11036e+08 6.573e+09 2.09051e+10 3.48475e+07 2.05174e+07 2.36709e+07 1.5771e+07 133 18
138000 1.15132e+08 6.61105e+09 2.0664e+10 3.73928e+07 2.36888e+07 2.75737e+07 2.14911e+07 130 15
139000 1.11395e+08 6.67182e+09 1.97116e+10 3.66744e+07 2.43188e+07 2.22204e+07 1.54832e+07 133 17
140000 1.09667e+08 6.73601e+09 2.67985e+10 3.28386e+07 2.03602e+07 2.00217e+07 1.08504e+07 142 20
141000 1.15069e+08 6.78552e+09 3.02103e+10 3.67334e+07 2.33789e+07 3.4436e+07 2.54367e+07 131 16
142000 1.22696e+08 6.79121e+09 2.3651e+10 3.76985e+07 2.18073e+07 3.95022e+07 2.54083e+07 131 17
143000 1.24846e+08 6.7747e+09 2.46916e+10 3.53378e+07 1.92322e+07 3.96787e+07 2.84624e+07 140 20
144000 1.35193e+08 6.7218e+09 2.50261e+10 3.86684e+07 1.96224e+07 4.65324e+07 3.41321e+07 141 19
145000 1.4709e+08 6.62761e+09 1.79327e+10 4.19516e+07 1.98315e+07 3.85537e+07 2.68706e+07 148 22
146000 1.4276e+08 6.52081e+09 3.51627e+10 3.17119e+07 1.47277e+07 3.21582e+07 1.97934e+07 158 28
147000 1.26404e+08 6.51886e+09 4.41881e+10 2.88391e+07 1.62787e+07 2.97151e+07 1.37493e+07 159 33
148000 1.40646e+08 6.46168e+09 2.7149e+10 3.53491e+07 2.06096e+07 4.08071e+07 2.31966e+07 160 28
149000 1.48983e+08 6.36161e+09 2.36476e+10 3.63995e+07 1.9909e+07 4.2973e+07 3.01519e+07 152 29
150000 1.39108e+08 6.32008e+09 1.80346e+10 3.06311e+07 1.7374e+07 2.97588e+07 1.45209e+07 160 33
151000 1.27101e+08 6.33545e+09 1.88129e+10 3.87437e+07 2.18401e+07 2.98873e+07 1.74507e+07 153 32
152000 1.20376e+08 6.36733e+09 1.92683e+10 2.8042e+07 1.71604e+07 4.38503e+07 3.24935e+07 156 33
153000 1.24276e+08 6.37994e+09 2.69754e+10 3.20888e+07 1.8126e+07 2.93641e+07 1.85938e+07 149 32
154000 1.31368e+08 6.34438e+09 2.80916e+10 3.49708e+07 1.84811e+07 3.4938e+07 2.50603e+07 147 28
155000 1.35889e+08 6.28502e+09 2.78391e+10 3.18845e+07 1.48054e+07 3.34515e+07 2.13993e+07 154 33
156000 1.33289e+08 6.25135e+09 2.98708e+10 2.98928e+07 1.45852e+07 4.29155e+07 3.14133e+07 152 35
157000 1.39439e+08 6.18829e+09 3.28985e+10 2.84705e+07 1.28588e+07 5.71091e+07 2.50472e+07 148 38
158000 1.33763e+08 6.14016e+09 3.45645e+10 2.56531e+07 1.36355e+07 7.19047e+07 4.4203e+07 140 44
159000 1.17557e+08 6.18869e+09 3.43323e+10 2.56274e+07 1.47976e+07 3.27765e+07 1.60189e+07 131 51
160000 1.06821e+08 6.2757e+09 3.83083e+10 2.74831e+07 1.73339e+07 2.79902e+07 1.26597e+07 114 56
161000 1.05019e+08 6.3674e+09 2.82299e+10 2.53009e+07 1.44717e+07 2.90245e+07 1.54149e+07 121 54
162000 1.01127e+08 6.46453e+09 3.15562e+10 3.05497e+07 2.11151e+07 2.53949e+07 1.23618e+07 114 58
163000 1.03572e+08 6.55324e+09 2.57682e+10 3.04087e+07 1.99414e+07 2.39006e+07 1.2914e+07 112 59
164000 1.10846e+08 6.61203e+09 2.13209e+10 3.64446e+07 2.60217e+07 2.34774e+07 1.45477e+07 110 61
165000 1.21491e+08 6.61546e+09 2.1215e+10 3.76132e+07 2.45935e+07 2.95758e+07 1.42239e+07 113 65
166000 1.40157e+08 6.52452e+09 2.26347e+10 4.81006e+07 3.20044e+07 3.13177e+07 1.22521e+07 109 66
167000 1.44337e+08 6.42955e+09 2.48318e+10 3.90785e+07 2.20909e+07 2.37895e+07 9.61103e+06 121 69
168000 1.39907e+08 6.37723e+09 1.62951e+10 3.47203e+07 1.9497e+07 2.41016e+07 1.25083e+07 133 62
169000 1.33483e+08 6.346e+09 2.95777e+10 5.34114e+07 2.56068e+07 2.47566e+07 1.37538e+07 134 56
170000 1.34208e+08 6.31396e+09 2.24551e+10 3.88495e+07 2.3201e+07 2.32919e+07 1.30466e+07 127 64
171000 1.31866e+08 6.28448e+09 2.82073e+10 3.29128e+07 1.85653e+07 2.75431e+07 1.43907e+07 128 61
172000 1.30505e+08 6.27124e+09 2.99388e+10 3.23704e+07 1.95648e+07 3.48236e+07 1.9159e+07 123 62
173000 1.25619e+08 6.26252e+09 2.51212e+10 2.89702e+07 1.63598e+07 2.63443e+07 1.17886e+07 132 63
174000 1.1928e+08 6.29037e+09 3.47802e+10 2.96594e+07 1.54046e+07 3.2534e+07 1.85319e+07 126 56
175000 1.13164e+08 6.34979e+09 3.37876e+10 3.11359e+07 1.88087e+07 2.63596e+07 1.57766e+07 112 54
176000 1.11705e+08 6.40232e+09 2.94089e+10 3.10136e+07 1.72197e+07 2.88781e+07 1.78173e+07 116 57
177000 1.22892e+08 6.39189e+09 2.51483e+10 2.75291e+07 1.37084e+07 3.3029e+07 1.07619e+07 126 78
178000 1.16526e+08 6.41795e+09 2.22303e+10 2.62787e+07 1.3182e+07 2.3697e+07 9.90106e+06 119 77
179000 1.05938e+08 6.51381e+09 3.18149e+10 2.82813e+07 1.72551e+07 2.66488e+07 1.36802e+07 104 79
180000 1.04459e+08 6.59852e+09 2.67373e+10 2.69145e+07 1.55621e+07 2.70861e+07 1.52177e+07 102 73
181000 1.11804e+08 6.65174e+09 1.89371e+10 2.92146e+07 1.82628e+07 3.10528e+07 1.61488e+07 94 80
182000 1.18974e+08 6.66203e+09 1.76724e+10 2.84595e+07 1.84096e+07 3.26848e+07 1.50646e+07 104 85
183000 1.19447e+08 6.66462e+09 2.47758e+10 2.69412e+07 1.70408e+07 3.17211e+07 1.6481e+07 95 84
184000 1.1919e+08 6.67108e+09 2.79055e+10 2.85118e+07 1.79737e+07 3.31422e+07 1.69445e+07 94 90
185000 1.26928e+08 6.64394e+09 2.69476e+10 3.74027e+07 2.65561e+07 3.23173e+07 1.47902e+07 87 92
186000 1.29063e+08 6.61036e+09 3.12045e+10 3.89065e+07 2.4985e+07 2.85021e+07 1.37744e+07 83 96
187000 1.36371e+08 6.54885e+09 2.50265e+10 4.1604e+07 2.4888e+07 2.17372e+07 7.92481e+06 93 114
188000 1.42214e+08 6.46372e+09 3.41214e+10 4.2054e+07 2.41858e+07 2.54981e+07 1.05706e+07 97 102
189000 1.49402e+08 6.36158e+09 1.86578e+10 4.63418e+07 2.57527e+07 2.21796e+07 9.81657e+06 102 98
190000 1.45186e+08 6.26611e+09 1.63324e+10 3.90078e+07 1.77162e+07 2.98989e+07 1.59691e+07 109 99
191000 1.27051e+08 6.26417e+09 1.57675e+10 3.06892e+07 1.74877e+07 3.00934e+07 2.03973e+07 120 91
192000 1.15035e+08 6.32757e+09 3.15586e+10 2.54077e+07 1.47e+07 6.31081e+07 2.21307e+07 112 87
193000 1.09172e+08 6.40354e+09 4.2948e+10 2.71387e+07 1.65846e+07 2.90285e+07 1.63662e+07 104 71
194000 1.12684e+08 6.45815e+09 2.33261e+10 2.93654e+07 1.73455e+07 3.01273e+07 1.73081e+07 103 73
195000 1.1405e+08 6.48481e+09 2.32747e+10 3.08374e+07 1.6373e+07 2.31265e+07 1.11722e+07 99 88
196000 1.12981e+08 6.51712e+09 2.58184e+10 2.8259e+07 1.72711e+07 2.25813e+07 1.11384e+07 102 92
197000 1.1585e+08 6.54745e+09 2.64764e+10 3.22112e+07 1.98385e+07 2.40674e+07 1.16527e+07 99 91
198000 1.20255e+08 6.55735e+09 1.71627e+10 3.10126e+07 1.881e+07 2.80521e+07 1.31933e+07 105 92
199000 1.20901e+08 6.57198e+09 1.82784e+10 3.17111e+07 2.08889e+07 2.45207e+07 1.29573e+07 100 91
200000 1.23267e+08 6.57725e+09 2.34606e+10 3.32334e+07 1.95377e+07 3.28378e+07 1.7922e+07 106 80
201000 1.29073e+08 6.56025e+09 2.21897e+10 3.399e+07 1.86083e+07 2.74313e+07 1.62331e+07 109 78
202000 1.26028e+08 6.5505e+09 2.28303e+10 3.16798e+07 1.64185e+07 2.72595e+07 1.49061e+07 107 80
203000 1.20139e+08 6.57003e+09 2.18236e+10 2.88827e+07 1.6185e+07 3.50905e+07 1.78273e+07 100 85
204000 1.15192e+08 6.60677e+09 2.68643e+10 2.98676e+07 1.82181e+07 3.00445e+07 1.61287e+07 87 95
205000 1.12436e+08 6.65693e+09 3.36139e+10 3.30074e+07 2.22094e+07 2.39799e+07 1.20354e+07 89 93
206000 1.1598e+08 6.69752e+09 3.50951e+10 4.31237e+07 2.92406e+07 2.62201e+07 1.52678e+07 81 90
207000 1.36135e+08 6.61104e+09 4.34328e+10 4.71433e+07 2.38114e+07 3.28877e+07 1.65978e+07 80 93
208000 1.51999e+08 6.4706e+09 2.4727e+10 4.10233e+07 2.48074e+07 3.24821e+07 1.376e+07 78 119
209000 1.36471e+08 6.4117e+09 2.72474e+10 3.07683e+07 1.74268e+07 3.33646e+07 1.75994e+07 90 109
210000 1.20334e+08 6.43355e+09 3.31739e+10 2.966e+07 1.76079e+07 2.28179e+07 1.02246e+07 92 108
211000 1.2066e+08 6.47146e+09 2.38224e+10 3.3854e+07 2.17343e+07 2.45225e+07 1.25499e+07 92 99
212000 1.27705e+08 6.44269e+09 3.79544e+10 4.6701e+07 2.23938e+07 2.63104e+07 1.31377e+07 94 90
213000 1.38269e+08 6.37009e+09 3.02666e+10 4.20186e+07 2.13826e+07 2.62465e+07 1.31483e+07 91 90
214000 1.29463e+08 6.35903e+09 1.51279e+10 3.08491e+07 1.69771e+07 2.95661e+07 1.75998e+07 101 92
215000 1.22331e+08 6.37553e+09 5.9084e+09 2.64786e+07 1.43041e+07 2.66382e+07 1.52127e+07 103 102
216000 1.21355e+08 6.37793e+09 9.02271e+09 2.56274e+07 1.44402e+07 3.28706e+07 1.4972e+07 104 109
217000 1.25326e+08 6.35706e+09 1.06571e+10 2.61381e+07 1.38414e+07 2.82796e+07 1.24023e+07 102 112
218000 1.26134e+08 6.34186e+09 1.27581e+10 2.6976e+07 1.59694e+07 2.85006e+07 1.27356e+07 98 107
219000 1.26473e+08 6.32941e+09 2.51049e+10 3.02188e+07 1.93046e+07 3.36758e+07 1.42759e+07 80 109
220000 1.2778e+08 6.31926e+09 2.08523e+10 5.04417e+07 3.85291e+07 3.15268e+07 1.65643e+07 75 109
221000 1.20197e+08 6.33473e+09 2.26854e+10 3.48332e+07 2.28428e+07 2.24803e+07 1.10863e+07 74 122
222000 1.20981e+08 6.34921e+09 1.83251e+10 3.3217e+07 1.89832e+07 2.4428e+07 1.14192e+07 80 117
223000 1.24457e+08 6.33067e+09 2.34049e+10 3.77772e+07 2.26565e+07 2.53401e+07 1.25825e+07 75 111
224000 1.27504e+08 6.31395e+09 2.27469e+10 3.56814e+07 1.97685e+07 2.63716e+07 1.37896e+07 80 109
225000 1.27629e+08 6.29139e+09 1.71368e+10 3.89097e+07 2.47477e+07 2.51901e+07 1.15798e+07 81 111
226000 1.2916e+08 6.27669e+09 1.22415e+10 3.928e+07 2.63445e+07 3.59033e+07 2.36843e+07 83 111
227000 1.2517e+08 6.26736e+09 1.76775e+10 3.18217e+07 1.77884e+07 2.71735e+07 1.52886e+07 87 101
228000 1.15612e+08 6.28506e+09 2.66995e+10 2.71564e+07 1.42857e+07 2.6465e+07 1.45662e+07 91 100
229000 1.14437e+08 6.31347e+09 1.87624e+10 2.67586e+07 1.40803e+07 2.42161e+07 1.10072e+07 88 119
230000 1.17563e+08 6.32964e+09 1.35374e+10 2.53766e+07 1.42584e+07 2.38607e+07 1.07424e+07 93 123
231000 1.18842e+08 6.34862e+09 2.10849e+10 2.95433e+07 1.51485e+07 2.4989e+07 1.28715e+07 87 116
232000 1.25801e+08 6.33306e+09 2.34457e+10 3.40307e+07 1.71424e+07 2.81494e+07 1.46446e+07 84 111
233000 1.33913e+08 6.28934e+09 1.52265e+10 3.33214e+07 1.77294e+07 2.71047e+07 1.27162e+07 85 117
234000 1.21621e+08 6.28381e+09 3.1567e+10 2.82019e+07 1.38319e+07 2.53862e+07 1.26694e+07 86 112
235000 1.14224e+08 6.32601e+09 3.24274e+10 2.89499e+07 1.5924e+07 3.73612e+07 1.74141e+07 84 122
236000 1.1085e+08 6.38299e+09 2.84752e+10 2.84139e+07 1.44761e+07 2.20898e+07 1.02095e+07 79 122
237000 1.118e+08 6.44889e+09 2.23933e+10 3.17937e+07 2.11998e+07 2.41672e+07 1.3479e+07 73 109
238000 1.05948e+08 6.51382e+09 3.01742e+10 3.43474e+07 2.14286e+07 2.13789e+07 9.88944e+06 70 120
239000 1.06877e+08 6.58802e+09 3.82907e+10 3.75314e+07 2.61358e+07 3.26441e+07 2.15762e+07 60 108
240000 1.12503e+08 6.62316e+09 3.18961e+10 3.75627e+07 2.20465e+07 2.41587e+07 1.29053e+07 65 114
241000 1.17185e+08 6.65434e+09 2.62534e+10 3.47194e+07 1.85016e+07 2.82113e+07 1.66086e+07 68 107
242000 1.17928e+08 6.67043e+09 2.08807e+10 3.15728e+07 1.94249e+07 2.99536e+07 1.72618e+07 72 104
243000 1.19201e+08 6.67972e+09 2.18845e+10 3.12568e+07 1.92708e+07 2.99789e+07 1.54016e+07 68 108
244000 1.19413e+08 6.69183e+09 1.87913e+10 2.99673e+07 1.79336e+07 3.75071e+07 2.41852e+07 73 107
245000 1.20592e+08 6.69637e+09 1.4313e+10 3.39299e+07 2.04984e+07 3.05276e+07 1.80846e+07 64 112
246000 1.29742e+08 6.66274e+09 1.30911e+10 4.25685e+07 2.43901e+07 3.15655e+07 1.74486e+07 61 117
247000 1.39427e+08 6.56508e+09 1.72666e+10 3.77203e+07 1.78039e+07 3.28896e+07 1.88558e+07 72 114
248000 1.35537e+08 6.50844e+09 1.94903e+10 3.96128e+07 2.53324e+07 3.26129e+07 1.91328e+07 79 113
249000 1.37232e+08 6.44776e+09 2.48694e+10 1.07438e+08 9.00842e+07 7.43737e+07 6.15385e+07 77 119
250000 1.55437e+08 6.28803e+09 2.3936e+10 4.99413e+07 2.52007e+07 3.19381e+07 1.92295e+07 76 113
251000 1.53772e+08 6.15404e+09 2.17326e+10 4.0163e+07 1.93577e+07 3.11088e+07 1.84478e+07 77 115
252000 1.3795e+08 6.10979e+09 2.32425e+10 3.08915e+07 1.75238e+07 3.16792e+07 1.83015e+07 79 115
253000 1.26445e+08 6.09862e+09 2.21977e+10 3.04677e+07 2.01576e+07 2.61867e+07 1.34826e+07 78 127
254000 1.20875e+08 6.10324e+09 2.09573e+10 3.15889e+07 1.76688e+07 2.48476e+07 1.33695e+07 74 132
255000 1.12196e+08 6.14337e+09 2.24957e+10 2.88966e+07 1.5681e+07 2.26423e+07 1.13046e+07 65 134
256000 1.04413e+08 6.23208e+09 2.92059e+10 2.45805e+07 1.28385e+07 2.3057e+07 1.25064e+07 62 132
257000 9.95483e+07 6.33934e+09 3.20955e+10 2.1345e+07 1.07902e+07 2.8272e+07 1.64226e+07 66 125
258000 9.90592e+07 6.44101e+09 2.2371e+10 2.27117e+07 1.2877e+07 2.63774e+07 1.43747e+07 67 119
259000 1.01453e+08 6.52949e+09 1.16492e+10 2.2193e+07 1.30937e+07 2.70639e+07 1.60264e+07 63 122
260000 1.04048e+08 6.59902e+09 1.81951e+10 2.43781e+07 1.55792e+07 2.6669e+07 1.43566e+07 63 122
261000 1.07547e+08 6.64947e+09 2.84299e+10 2.9817e+07 2.01657e+07 3.41304e+07 1.99653e+07 55 118
262000 1.15989e+08 6.67498e+09 2.25279e+10 4.10794e+07 3.29467e+07 2.91878e+07 1.51499e+07 46 124
263000 1.24716e+08 6.6483e+09 1.35907e+10 4.54256e+07 3.43394e+07 2.73581e+07 1.33683e+07 53 133
264000 1.33311e+08 6.57286e+09 1.61196e+10 4.50749e+07 2.41348e+07 2.55e+07 1.24839e+07 60 136
265000 1.2947e+08 6.52399e+09 2.16639e+10 4.0859e+07 2.2975e+07 2.28662e+07 1.03096e+07 58 147
266000 1.28641e+08 6.50392e+09 2.13697e+10 3.40911e+07 2.08226e+07 2.60622e+07 1.29304e+07 68 136
267000 1.24904e+08 6.48164e+09 2.36415e+10 2.8575e+07 1.55409e+07 3.3175e+07 1.97523e+07 74 140
268000 1.23203e+08 6.47618e+09 1.41637e+10 2.7167e+07 1.52987e+07 2.4601e+07 1.22912e+07 72 144
269000 1.18272e+08 6.49846e+09 2.52415e+10 2.57361e+07 1.53373e+07 2.81881e+07 1.6466e+07 68 127
270000 1.17697e+08 6.51194e+09 2.76118e+10 2.40197e+07 1.23015e+07 2.70191e+07 1.37978e+07 72 136
271000 1.20683e+08 6.5227e+09 2.63643e+10 2.39707e+07 1.28777e+07 2.9893e+07 1.66491e+07 74 123
272000 1.20303e+08 6.53026e+09 2.4323e+10 2.45449e+07 1.27209e+07 2.99946e+07 1.64801e+07 67 125
273000 1.20087e+08 6.55893e+09 3.38347e+10 3.35248e+07 2.23431e+07 2.91912e+07 1.60956e+07 53 121
274000 1.17352e+08 6.56542e+09 5.2525e+10 3.92397e+07 2.34028e+07 2.8983e+07 1.49201e+07 60 116
275000 1.38294e+08 6.4887e+09 3.72485e+10 4.88935e+07 2.31848e+07 2.99595e+07 1.40931e+07 61 123
276000 1.36677e+08 6.42958e+09 3.604e+10 3.92307e+07 1.83027e+07 2.96558e+07 1.40005e+07 58 127
277000 1.2567e+08 6.42029e+09 3.62539e+10 3.60692e+07 1.97411e+07 2.78327e+07 1.39469e+07 57 124
278000 1.12728e+08 6.45927e+09 4.02697e+10 2.66234e+07 1.27761e+07 2.59894e+07 1.27318e+07 62 126
279000 1.06964e+08 6.53294e+09 2.86655e+10 2.3547e+07 1.38107e+07 2.59386e+07 1.39772e+07 66 125
280000 1.02949e+08 6.61643e+09 3.18994e+10 2.52386e+07 1.69494e+07 2.28037e+07 1.09353e+07 61 133
281000 1.07761e+08 6.67412e+09 2.88366e+10 2.8586e+07 1.63884e+07 2.67146e+07 1.3501e+07 60 128
282000 1.23326e+08 6.65248e+09 2.64476e+10 3.6081e+07 1.71704e+07 2.95567e+07 1.34361e+07 57 131
283000 1.31038e+08 6.59788e+09 2.21657e+10 3.87256e+07 1.8215e+07 2.91175e+07 1.48603e+07 57 129
284000 1.28394e+08 6.57607e+09 1.69179e+10 3.79851e+07 2.13925e+07 3.10516e+07 1.78705e+07 53 136
285000 1.2119e+08 6.57001e+09 1.61554e+10 2.94025e+07 1.76528e+07 2.65357e+07 1.36707e+07 56 150
286000 1.18065e+08 6.58721e+09 1.12565e+10 2.74803e+07 1.67405e+07 2.61821e+07 1.40004e+07 53 148
287000 1.17374e+08 6.59895e+09 9.03e+09 3.82384e+07 2.90496e+07 2.59147e+07 1.41408e+07 56 150
288000 1.18191e+08 6.59996e+09 1.14837e+10 2.69632e+07 1.72811e+07 2.5941e+07 1.43406e+07 57 154
289000 1.22165e+08 6.58745e+09 2.2405e+10 5.68657e+07 2.63042e+07 3.80792e+07 1.39325e+07 52 156
290000 1.3084e+08 6.53965e+09 1.75679e+10 4.93307e+07 3.79453e+07 2.55479e+07 1.24055e+07 44 159
291000 1.36557e+08 6.48008e+09 1.40819e+10 3.60708e+07 1.66295e+07 4.21541e+07 2.27202e+07 51 146
292000 1.34108e+08 6.41662e+09 1.80764e+10 3.24394e+07 1.47582e+07 2.88408e+07 1.44362e+07 46 158
293000 1.27239e+08 6.39569e+09 1.56146e+10 2.84698e+07 1.56145e+07 2.64113e+07 1.35999e+07 51 165
294000 1.18749e+08 6.41827e+09 3.03572e+10 2.66889e+07 1.45017e+07 2.62023e+07 1.46371e+07 44 153
295000 1.24198e+08 6.40712e+09 2.92904e+10 3.19209e+07 2.06514e+07 2.99868e+07 1.51008e+07 44 156
296000 1.37321e+08 6.31895e+09 2.71819e+10 4.05149e+07 2.05584e+07 2.81885e+07 1.28811e+07 42 168
297000 1.32859e+08 6.26033e+09 2.19191e+10 3.95743e+07 2.1581e+07 2.28107e+07 1.08973e+07 45 177
298000 1.22068e+08 6.27396e+09 1.89793e+10 3.3311e+07 1.9683e+07 2.22863e+07 1.11632e+07 48 168
299000 1.13617e+08 6.31785e+09 2.19059e+10 3.23029e+07 1.8532e+07 2.3855e+07 1.40246e+07 46 161
300000 1.09494e+08 6.37516e+09 2.06513e+10 3.54792e+07 2.11655e+07 2.19353e+07 1.23143e+07 42 159
301000 1.11851e+08 6.42094e+09 1.76956e+10 3.15788e+07 1.96293e+07 2.38156e+07 1.27528e+07 48 158
302000 1.1391e+08 6.44109e+09 2.54693e+10 2.88376e+07 1.79279e+07 2.67302e+07 1.27745e+07 48 161
303000 1.18262e+08 6.46094e+09 2.17376e+10 3.39393e+07 2.01862e+07 2.83715e+07 1.62276e+07 47 144
304000 1.18939e+08 6.4602e+09 1.83133e+10 3.9288e+07 2.30666e+07 2.55669e+07 1.33841e+07 41 154
305000 1.19409e+08 6.45636e+09 2.53014e+10 4.15966e+07 2.15475e+07 2.31872e+07 1.20239e+07 40 164
306000 1.17743e+08 6.46176e+09 3.52231e+10 3.47278e+07 1.60987e+07 2.45708e+07 1.27043e+07 44 158
307000 1.2226e+08 6.46253e+09 2.6694e+10 3.06701e+07 1.42225e+07 2.74172e+07 1.46194e+07 44 156
308000 1.20456e+08 6.46308e+09 3.25135e+10 3.02971e+07 1.74431e+07 2.95487e+07 1.71117e+07 47 151
309000 1.20416e+08 6.47088e+09 3.09547e+10 3.26117e+07 1.65981e+07 2.81559e+07 1.5635e+07 43 145
310000 1.2147e+08 6.4621e+09 2.83191e+10 4.03584e+07 1.9773e+07 2.81414e+07 1.57539e+07 44 149
311000 1.34699e+08 6.4005e+09 1.93577e+10 4.6097e+07 1.85149e+07 2.59015e+07 1.37531e+07 48 159
312000 1.28052e+08 6.35847e+09 1.45688e+10 3.22972e+07 1.6326e+07 2.44513e+07 1.23944e+07 50 164
313000 1.23553e+08 6.36291e+09 6.80062e+09 2.69378e+07 1.48067e+07 2.45925e+07 1.31462e+07 59 164
314000 1.19226e+08 6.37367e+09 1.63364e+10 3.39354e+07 2.30832e+07 2.47743e+07 1.25973e+07 51 159
315000 1.15546e+08 6.38053e+09 2.12863e+10 2.98317e+07 1.59394e+07 2.36054e+07 1.15048e+07 51 157
316000 1.20379e+08 6.40081e+09 1.66186e+10 3.27043e+07 1.74581e+07 3.16183e+07 1.75556e+07 48 150
317000 1.2106e+08 6.39292e+09 1.76934e+10 3.27735e+07 1.55429e+07 2.4973e+07 1.22139e+07 50 158
318000 1.23643e+08 6.38039e+09 1.27184e+10 2.98691e+07 1.32963e+07 3.13843e+07 1.75629e+07 57 152
319000 1.19595e+08 6.38048e+09 2.06275e+10 3.38203e+07 1.90344e+07 3.86727e+07 2.69709e+07 50 158
320000 1.18688e+08 6.3973e+09 1.36859e+10 2.97247e+07 1.45131e+07 2.36736e+07 1.25928e+07 56 159
321000 1.15406e+08 6.42434e+09 1.42505e+10 2.8632e+07 1.48786e+07 2.2786e+07 1.16812e+07 53 164
322000 1.09205e+08 6.47151e+09 2.25665e+10 2.65249e+07 1.50265e+07 2.24614e+07 1.09161e+07 52 154
323000 1.06613e+08 6.54319e+09 2.04456e+10 2.53087e+07 1.51452e+07 2.33451e+07 1.1739e+07 52 151
324000 1.04102e+08 6.61194e+09 2.48488e+10 2.77619e+07 1.60531e+07 2.54106e+07 1.26937e+07 48 160
325000 1.06272e+08 6.6851e+09 2.27398e+10 3.05058e+07 2.03289e+07 2.27523e+07 1.19886e+07 42 157
326000 1.07093e+08 6.74408e+09 2.30076e+10 3.35075e+07 2.33565e+07 2.32418e+07 1.21504e+07 43 157
327000 1.105e+08 6.78215e+09 2.29732e+10 4.97529e+07 4.0003e+07 2.52392e+07 1.43627e+07 36 154
328000 1.13595e+08 6.80051e+09 3.13587e+10 3.64667e+07 2.66343e+07 3.09867e+07 1.74511e+07 36 155
329000 1.27738e+08 6.75288e+09 2.78239e+10 4.97732e+07 3.24063e+07 2.90691e+07 1.43924e+07 36 156
330000 1.43704e+08 6.64027e+09 1.75775e+10 4.25945e+07 2.33849e+07 2.91143e+07 1.52998e+07 49 160
331000 1.45978e+08 6.52906e+09 1.43442e+10 3.89168e+07 2.5133e+07 2.848e+07 1.42042e+07 52 166
332000 1.50096e+08 6.39166e+09 1.49307e+10 4.52941e+07 2.33536e+07 2.76349e+07 1.30386e+07 52 168
333000 1.50319e+08 6.27642e+09 1.30508e+10 4.61726e+07 2.36583e+07 2.91874e+07 1.55283e+07 56 166
334000 1.5192e+08 6.14239e+09 1.24e+10 3.69185e+07 1.4824e+07 2.7575e+07 1.47017e+07 66 154
335000 1.36797e+08 6.09491e+09 1.86869e+10 2.59297e+07 1.17966e+07 2.55577e+07 1.43329e+07 68 163
336000 1.29942e+08 6.07865e+09 1.48435e+10 2.66962e+07 1.31414e+07 2.70311e+07 1.43302e+07 63 158
337000 1.24132e+08 6.07726e+09 1.43234e+10 2.66518e+07 1.53102e+07 3.64261e+07 1.92032e+07 58 147
338000 1.15979e+08 6.11361e+09 2.31931e+10 2.33752e+07 1.19915e+07 2.69757e+07 1.48283e+07 58 140
339000 1.09732e+08 6.16601e+09 2.31957e+10 2.37383e+07 1.25023e+07 2.44195e+07 1.31556e+07 53 147
340000 1.08637e+08 6.22562e+09 1.42662e+10 2.57644e+07 1.57461e+07 2.41229e+07 1.28147e+07 52 148
341000 1.08508e+08 6.29059e+09 2.17694e+10 3.1983e+07 2.21727e+07 3.03553e+07 1.96459e+07 44 135
342000 1.09757e+08 6.34937e+09 2.61089e+10 5.14936e+07 3.87702e+07 2.72692e+07 1.59939e+07 42 130
343000 1.09364e+08 6.40229e+09 2.61796e+10 3.8243e+07 2.51837e+07 2.7602e+07 1.62101e+07 39 126
344000 1.04622e+08 6.46079e+09 3.14988e+10 3.05845e+07 1.72619e+07 2.68494e+07 1.52932e+07 40 134
345000 9.73662e+07 6.55749e+09 4.83696e+10 2.77372e+07 1.54726e+07 2.53025e+07 1.47676e+07 41 126
346000 9.6645e+07 6.65878e+09 4.16867e+10 3.09639e+07 1.82083e+07 2.4695e+07 1.35407e+07 42 130
347000 1.01788e+08 6.73127e+09 3.58693e+10 3.97872e+07 1.81543e+07 2.51308e+07 1.29939e+07 44 126
348000 1.09024e+08 6.79229e+09 2.4265e+10 3.71716e+07 1.79879e+07 2.70274e+07 1.57403e+07 42 130
349000 1.04926e+08 6.86805e+09 3.00968e+10 2.85296e+07 1.62092e+07 3.21654e+07 2.00664e+07 38 123
350000 1.04543e+08 6.93448e+09 3.03783e+10 3.61038e+07 2.82531e+07 2.95242e+07 1.77659e+07 37 124
351000 1.03658e+08 6.97952e+09 3.99494e+10 2.62178e+07 1.79033e+07 2.85442e+07 1.50613e+07 39 131
352000 1.14882e+08 6.99319e+09 2.6585e+10 3.23224e+07 1.95596e+07 3.0792e+07 1.70178e+07 38 140
353000 1.25872e+08 6.96033e+09 2.80172e+10 3.81915e+07 1.98077e+07 3.28865e+07 1.73065e+07 36 141
354000 1.32084e+08 6.90509e+09 2.71362e+10 3.46175e+07 1.92751e+07 3.65961e+07 2.06156e+07 38 140
355000 1.33425e+08 6.81752e+09 3.97474e+10 3.68204e+07 2.32225e+07 3.47164e+07 1.74743e+07 40 146
356000 1.39177e+08 6.72175e+09 2.8416e+10 3.45224e+07 2.14004e+07 3.00328e+07 1.32832e+07 40 167
357000 1.37277e+08 6.66769e+09 2.35197e+10 3.19764e+07 1.90727e+07 3.22767e+07 1.67627e+07 39 155
358000 1.33436e+08 6.61586e+09 2.13995e+10 3.96371e+07 2.57949e+07 3.07819e+07 1.59109e+07 41 160
359000 1.34887e+08 6.55882e+09 2.10342e+10 4.19016e+07 2.19076e+07 2.98111e+07 1.41318e+07 41 163
360000 1.3503e+08 6.48451e+09 1.86644e+10 3.53373e+07 1.78535e+07 2.70736e+07 1.43737e+07 48 170
361000 1.31739e+08 6.44236e+09 2.47925e+10 3.45736e+07 1.85031e+07 2.63617e+07 1.24617e+07 40 172
362000 1.25891e+08 6.43897e+09 3.38015e+10 4.15869e+07 2.49417e+07 2.80129e+07 1.49404e+07 27 159
363000 1.26774e+08 6.42239e+09 2.93257e+10 4.62028e+07 2.63727e+07 2.99436e+07 1.64215e+07 30 165
364000 1.31791e+08 6.37267e+09 2.2702e+10 4.72689e+07 2.60295e+07 2.98002e+07 1.58794e+07 35 162
365000 1.28216e+08 6.34249e+09 3.06111e+10 4.68474e+07 2.35996e+07 3.05813e+07 1.72826e+07 34 156
366000 1.31453e+08 6.28966e+09 2.60803e+10 4.12135e+07 1.53024e+07 3.14631e+07 1.54735e+07 38 171
367000 1.22558e+08 6.28258e+09 3.24136e+10 2.78173e+07 1.33172e+07 2.59318e+07 1.2686e+07 39 165
368000 1.12704e+08 6.32373e+09 3.04356e+10 2.44944e+07 1.33724e+07 3.0854e+07 1.79689e+07 40 155
369000 1.0851e+08 6.39683e+09 1.69331e+10 2.41104e+07 1.29839e+07 2.583e+07 1.34944e+07 39 154
370000 1.00637e+08 6.48307e+09 1.57985e+10 2.42693e+07 1.25919e+07 2.14725e+07 1.09081e+07 35 168
371000 9.90075e+07 6.58707e+09 1.98467e+10 2.54729e+07 1.40838e+07 2.38121e+07 1.27327e+07 36 147
372000 9.86769e+07 6.67061e+09 2.22359e+10 2.65138e+07 1.67064e+07 2.46917e+07 1.38213e+07 32 156
373000 1.07395e+08 6.72025e+09 1.93637e+10 2.21933e+07 1.11534e+07 2.77135e+07 1.38952e+07 36 159
374000 1.13557e+08 6.74717e+09 2.6103e+10 2.86049e+07 1.77957e+07 2.97137e+07 1.52237e+07 28 145
375000 1.12321e+08 6.7725e+09 2.47375e+10 2.69038e+07 1.66393e+07 2.92174e+07 1.34774e+07 28 150
376000 1.14344e+08 6.80435e+09 1.71025e+10 3.14858e+07 2.42451e+07 3.18748e+07 1.79058e+07 24 148
377000 1.13855e+08 6.82857e+09 1.13316e+10 2.64885e+07 1.75443e+07 2.78796e+07 1.54012e+07 28 161
378000 1.14491e+08 6.84775e+09 1.19637e+10 2.63088e+07 1.79874e+07 2.90309e+07 1.69113e+07 25 159
379000 1.12378e+08 6.85212e+09 1.86202e+10 2.44414e+07 1.47522e+07 2.64593e+07 1.4647e+07 27 174
380000 1.14546e+08 6.85696e+09 3.31088e+10 2.30715e+07 1.15637e+07 3.12469e+07 1.81076e+07 29 175
381000 1.23587e+08 6.83433e+09 3.62784e+10 2.55256e+07 1.58598e+07 3.06594e+07 1.5506e+07 28 176
382000 1.33031e+08 6.76083e+09 3.80554e+10 2.60901e+07 1.57037e+07 3.95723e+07 1.89557e+07 29 167
383000 1.34343e+08 6.69682e+09 2.17922e+10 3.69872e+07 2.52927e+07 2.86262e+07 1.40281e+07 30 182
384000 1.29087e+08 6.6651e+09 1.98675e+10 3.54614e+07 2.37617e+07 2.77247e+07 1.48741e+07 25 178
385000 1.26275e+08 6.63166e+09 2.07129e+10 4.00713e+07 2.77173e+07 2.88964e+07 1.50253e+07 25 196
386000 1.29119e+08 6.58313e+09 2.01246e+10 3.31882e+07 2.09202e+07 2.69472e+07 1.1919e+07 29 188
387000 1.32721e+08 6.53023e+09 1.55657e+10 4.53054e+07 2.89788e+07 2.63638e+07 1.29426e+07 30 182
388000 1.33027e+08 6.47788e+09 1.22103e+10 4.28913e+07 2.50358e+07 2.34723e+07 1.03372e+07 33 196
389000 1.23819e+08 6.47256e+09 2.07053e+10 3.26304e+07 1.78179e+07 2.23661e+07 1.09972e+07 34 192
390000 1.17924e+08 6.49007e+09 1.80503e+10 4.05713e+07 2.10757e+07 2.19349e+07 1.13317e+07 36 183
391000 1.24583e+08 6.47045e+09 1.09563e+10 4.5578e+07 1.73693e+07 2.10743e+07 1.11386e+07 44 185
392000 1.2682e+08 6.43456e+09 7.55319e+09 4.32451e+07 1.59723e+07 2.03402e+07 1.04101e+07 44 195
393000 1.2653e+08 6.41441e+09 5.7604e+09 2.6457e+07 9.20333e+06 2.37319e+07 1.27648e+07 54 182
394000 1.22809e+08 6.39936e+09 1.05363e+10 3.19259e+07 1.5043e+07 2.39997e+07 1.15037e+07 50 187
395000 1.33335e+08 6.34235e+09 1.87771e+10 4.39606e+07 1.40415e+07 2.49769e+07 1.1871e+07 50 180
396000 1.37695e+08 6.26245e+09 1.25102e+10 2.36751e+07 7.46758e+06 2.55364e+07 1.24391e+07 63 175
397000 1.20292e+08 6.27223e+09 1.27053e+10 1.65967e+07 7.05101e+06 2.34177e+07 1.15056e+07 59 181
398000 1.13591e+08 6.32123e+09 1.60054e+10 1.74075e+07 1.0359e+07 2.42359e+07 1.19691e+07 47 183
399000 1.11543e+08 6.37332e+09 1.74893e+10 1.72622e+07 1.07659e+07 2.72618e+07 1.48575e+07 44 170
400000 1.11423e+08 6.4163e+09 2.1421e+10 1.82905e+07 1.08203e+07 2.69912e+07 1.51114e+07 41 163
401000 1.11591e+08 6.45184e+09 2.47153e+10 2.06781e+07 1.06713e+07 2.65715e+07 1.40381e+07 37 162
402000 1.11502e+08 6.48151e+09 2.50437e+10 2.39254e+07 1.65362e+07 2.58065e+07 1.41573e+07 29 173
403000 1.1167e+08 6.51046e+09 2.25746e+10 2.57615e+07 1.70493e+07 2.46403e+07 1.21961e+07 28 183
404000 1.13837e+08 6.53163e+09 1.64298e+10 2.08923e+07 1.06207e+07 2.4748e+07 1.25191e+07 31 185
405000 1.13594e+08 6.55953e+09 2.39102e+10 2.4125e+07 1.49051e+07 2.52483e+07 1.22538e+07 25 179
406000 1.13767e+08 6.59497e+09 2.24428e+10 2.86955e+07 1.96499e+07 2.80948e+07 1.47135e+07 22 169
407000 1.11448e+08 6.63327e+09 2.25886e+10 2.63196e+07 1.33242e+07 2.56029e+07 1.27424e+07 20 176
408000 1.11138e+08 6.67466e+09 1.67922e+10 2.65817e+07 1.51578e+07 2.60499e+07 1.43245e+07 24 172
409000 1.15317e+08 6.70435e+09 1.72253e+10 3.59637e+07 2.51069e+07 2.76888e+07 1.50603e+07 21 167
410000 1.20092e+08 6.67876e+09 3.05985e+10 4.23605e+07 3.18265e+07 3.1045e+07 1.54013e+07 18 167
411000 1.18436e+08 6.66531e+09 1.97868e+10 3.2548e+07 1.73384e+07 2.55024e+07 1.24007e+07 23 181
412000 1.14882e+08 6.69262e+09 2.47301e+10 3.55333e+07 2.07801e+07 2.43886e+07 1.19113e+07 22 196
413000 1.15274e+08 6.73411e+09 2.06987e+10 6.13911e+07 4.51693e+07 2.62523e+07 1.37356e+07 20 177
414000 1.13773e+08 6.7679e+09 1.53468e+10 3.06906e+07 1.55143e+07 2.64484e+07 1.50558e+07 22 171
415000 1.05645e+08 6.81796e+09 2.75962e+10 2.50042e+07 1.18428e+07 2.30723e+07 1.13047e+07 25 179
416000 1.04987e+08 6.88021e+09 2.25626e+10 2.51933e+07 1.25908e+07 3.00339e+07 1.74835e+07 24 171
417000 1.10974e+08 6.92538e+09 2.29846e+10 3.94516e+07 3.21861e+07 2.80728e+07 1.53538e+07 18 162
418000 1.20087e+08 6.91678e+09 1.49118e+10 4.41414e+07 3.34655e+07 2.96305e+07 1.59689e+07 20 165
419000 1.28316e+08 6.86387e+09 1.97561e+10 5.53491e+07 3.3214e+07 3.44692e+07 2.03674e+07 20 168
420000 1.3923e+08 6.76225e+09 2.53355e+10 6.38404e+07 3.39124e+07 3.04661e+07 1.57001e+07 22 171
421000 1.47393e+08 6.63418e+09 2.91422e+10 6.75229e+07 4.86418e+07 3.07624e+07 1.61456e+07 29 177
422000 1.52417e+08 6.47584e+09 2.68721e+10 4.4911e+07 1.19593e+07 2.83837e+07 1.4722e+07 35 189
423000 1.43749e+08 6.37706e+09 2.88695e+10 3.0551e+07 1.17926e+07 2.89027e+07 1.36005e+07 30 190
424000 1.30631e+08 6.34095e+09 2.70815e+10 1.92036e+07 7.39536e+06 2.68939e+07 1.30868e+07 34 184
425000 1.20209e+08 6.35313e+09 2.66182e+10 1.81101e+07 7.58267e+06 2.7106e+07 1.40256e+07 30 180
426000 1.18909e+08 6.37039e+09 1.81209e+10 2.9595e+07 2.02736e+07 2.69139e+07 1.39291e+07 27 192
427000 1.1758e+08 6.37487e+09 1.65228e+10 2.2421e+07 1.28915e+07 2.42079e+07 1.1632e+07 22 198
428000 1.18904e+08 6.39052e+09 1.00529e+10 1.86191e+07 1.0873e+07 2.80199e+07 1.57901e+07 25 195
429000 1.2275e+08 6.36821e+09 5.57814e+09 1.82338e+07 1.00929e+07 2.77408e+07 1.41356e+07 24 196
430000 1.20939e+08 6.34251e+09 1.24585e+10 1.84958e+07 1.22896e+07 2.46184e+07 1.05237e+07 23 204
431000 1.18198e+08 6.36277e+09 1.2206e+10 6.72417e+07 3.49395e+07 2.50129e+07 1.22934e+07 22 198
432000 1.13968e+08 6.38677e+09 1.99556e+10 2.61021e+07 1.821e+07 2.4654e+07 1.21364e+07 18 186
433000 1.1394e+08 6.41213e+09 2.11202e+10 2.75424e+07 1.3989e+07 2.54697e+07 1.28197e+07 20 187
434000 1.13458e+08 6.43599e+09 2.34087e+10 3.45849e+07 1.84598e+07 2.50216e+07 1.20737e+07 19 182
435000 1.14421e+08 6.4766e+09 2.20625e+10 7.47936e+07 5.75005e+07 2.59537e+07 1.41736e+07 19 175
436000 1.11227e+08 6.51574e+09 1.74396e+10 3.5734e+07 1.93794e+07 2.73988e+07 1.41956e+07 18 175
437000 1.08028e+08 6.57396e+09 1.85781e+10 3.47144e+07 2.39457e+07 2.62886e+07 1.45829e+07 18 168
438000 1.05036e+08 6.62835e+09 1.92225e+10 3.74188e+07 2.9593e+07 2.31539e+07 1.21469e+07 17 181
439000 1.10124e+08 6.65998e+09 2.11272e+10 3.03928e+07 1.82021e+07 2.53372e+07 1.30196e+07 20 182
440000 1.15983e+08 6.6645e+09 2.84427e+10 4.36046e+07 3.26656e+07 2.82916e+07 1.36104e+07 15 180
441000 1.2418e+08 6.65108e+09 2.77113e+10 5.40272e+07 4.41367e+07 2.85245e+07 1.52593e+07 20 168
442000 1.28514e+08 6.60309e+09 1.74542e+10 4.72504e+07 2.33511e+07 2.76985e+07 1.53954e+07 24 172
443000 1.268e+08 6.57932e+09 1.37619e+10 4.02773e+07 2.18233e+07 2.693e+07 1.46077e+07 23 182
444000 1.25139e+08 6.54901e+09 1.95993e+10 3.09854e+07 1.3105e+07 2.59822e+07 1.3028e+07 25 192
445000 1.29334e+08 6.50363e+09 1.52123e+10 3.47819e+07 1.70137e+07 3.82884e+07 1.63026e+07 26 185
446000 1.28507e+08 6.45974e+09 1.51205e+10 4.22737e+07 2.5656e+07 2.68517e+07 1.30179e+07 22 186
447000 1.25778e+08 6.43211e+09 1.61319e+10 3.52653e+07 2.20437e+07 2.77873e+07 1.43757e+07 25 183
448000 1.25454e+08 6.39469e+09 7.97867e+09 2.53428e+07 1.24156e+07 4.23951e+07 1.39534e+07 32 203
449000 1.28068e+08 6.34919e+09 7.79505e+09 2.28478e+07 1.06461e+07 2.6171e+07 1.32632e+07 33 199
450000 1.28027e+08 6.31726e+09 1.3835e+10 2.7555e+07 1.58631e+07 2.58378e+07 1.3284e+07 28 195
451000 1.21306e+08 6.31107e+09 1.83344e+10 2.0082e+07 8.60362e+06 2.37113e+07 1.17089e+07 34 203
452000 1.20447e+08 6.32211e+09 1.98815e+10 2.3321e+07 1.23013e+07 2.58041e+07 1.39877e+07 29 194
453000 1.18149e+08 6.32826e+09 3.12895e+10 2.58553e+07 1.24254e+07 3.05828e+07 1.69458e+07 27 179
454000 1.18473e+08 6.3401e+09 1.95766e+10 2.67547e+07 1.49776e+07 2.50593e+07 1.3188e+07 26 188
455000 1.13743e+08 6.36868e+09 2.02249e+10 3.20646e+07 2.22581e+07 2.4172e+07 1.23285e+07 24 196
456000 1.10619e+08 6.41296e+09 2.46739e+10 3.08569e+07 1.71872e+07 2.45015e+07 1.23625e+07 22 181
457000 1.11861e+08 6.46106e+09 2.25634e+10 3.78757e+07 2.56749e+07 2.4837e+07 1.28231e+07 20 177
458000 1.05907e+08 6.50953e+09 2.61005e+10 3.03118e+07 1.79668e+07 2.23436e+07 1.0763e+07 19 190
459000 1.02868e+08 6.58023e+09 2.57165e+10 2.82054e+07 1.60318e+07 2.21971e+07 1.053e+07 20 186
460000 1.03564e+08 6.65589e+09 1.91791e+10 3.08398e+07 1.722e+07 2.2362e+07 1.15115e+07 19 188
461000 1.02411e+08 6.72713e+09 1.92378e+10 3.25785e+07 1.9735e+07 2.21741e+07 1.04281e+07 19 186
462000 1.02212e+08 6.80185e+09 2.20294e+10 3.24003e+07 1.831e+07 2.35046e+07 1.26491e+07 19 177
463000 1.1039e+08 6.84761e+09 2.16486e+10 3.94198e+07 2.71058e+07 2.91543e+07 1.53354e+07 16 164
464000 1.18526e+08 6.83594e+09 1.64868e+10 2.66951e+07 1.69002e+07 2.7696e+07 1.4655e+07 22 178
465000 1.18414e+08 6.83799e+09 2.04128e+10 2.44881e+07 1.3213e+07 2.85493e+07 1.72487e+07 23 180
466000 1.24532e+08 6.81972e+09 2.76027e+10 3.33293e+07 2.29205e+07 3.07648e+07 1.62478e+07 15 184
467000 1.32116e+08 6.75008e+09 2.50728e+10 2.97523e+07 1.76388e+07 3.12824e+07 1.50745e+07 16 186
468000 1.36065e+08 6.66221e+09 2.8343e+10 3.07484e+07 1.73321e+07 3.35438e+07 1.76464e+07 14 175
469000 1.40082e+08 6.56702e+09 2.28008e+10 2.98745e+07 1.65219e+07 3.17937e+07 1.6585e+07 12 197
470000 1.40219e+08 6.45765e+09 1.96449e+10 1.96024e+07 7.14904e+06 2.92916e+07 1.37627e+07 15 212
471000 1.35225e+08 6.38852e+09 2.82444e+10 2.0985e+07 7.55314e+06 3.28486e+07 1.54604e+07 15 208
472000 1.29514e+08 6.35705e+09 1.68099e+10 2.36728e+07 1.03643e+07 2.58282e+07 1.28635e+07 13 214
473000 1.24602e+08 6.35191e+09 1.74231e+10 4.13002e+07 3.3738e+07 2.58751e+07 1.39514e+07 8 210
474000 1.2294e+08 6.33602e+09 3.11314e+10 2.49172e+07 1.3805e+07 2.83959e+07 1.38032e+07 12 195
475000 1.23436e+08 6.3375e+09 2.56195e+10 4.20691e+07 3.0653e+07 2.75104e+07 1.44749e+07 8 196
476000 1.18847e+08 6.35142e+09 1.95814e+10 3.50682e+07 2.86226e+07 2.74175e+07 1.60181e+07 9 188
477000 1.1603e+08 6.36463e+09 1.81623e+10 3.64474e+07 2.78596e+07 2.63591e+07 1.47388e+07 9 196
478000 1.16966e+08 6.39235e+09 1.93189e+10 3.6331e+07 2.7765e+07 2.89797e+07 1.74971e+07 10 179
479000 1.15374e+08 6.41431e+09 2.4704e+10 3.52136e+07 1.64107e+07 2.79098e+07 1.55656e+07 10 176
480000 1.1823e+08 6.42807e+09 2.41847e+10 2.53397e+08 2.2232e+08 3.44125e+07 2.19935e+07 9 159
481000 1.15815e+08 6.42771e+09 3.27005e+10 4.19151e+07 1.6874e+07 2.92226e+07 1.64023e+07 7 173
482000 1.1737e+08 6.42521e+09 3.64964e+10 3.40441e+07 1.40354e+07 2.99537e+07 1.59405e+07 7 178
483000 1.17945e+08 6.42445e+09 2.66463e+10 2.98321e+07 1.70046e+07 3.13107e+07 1.76003e+07 10 184
484000 1.14696e+08 6.44453e+09 1.69183e+10 3.08446e+07 1.42812e+07 2.60266e+07 1.33416e+07 9 191
485000 1.12752e+08 6.47176e+09 1.19616e+10 3.49205e+07 2.56806e+07 2.60606e+07 1.40623e+07 7 188
486000 1.12672e+08 6.49722e+09 1.18617e+10 3.30914e+07 1.93872e+07 2.54128e+07 1.36893e+07 7 196
487000 1.11152e+08 6.52276e+09 1.32306e+10 3.60101e+07 2.90506e+07 2.59987e+07 1.41412e+07 4 191
488000 1.10135e+08 6.56256e+09 1.77119e+10 2.91322e+07 1.45661e+07 2.58195e+07 1.47054e+07 4 196
489000 1.11696e+08 6.60809e+09 2.45581e+10 3.83405e+07 2.89148e+07 3.14367e+07 2.02593e+07 3 190
490000 1.12573e+08 6.62969e+09 2.65042e+10 2.83343e+07 1.41672e+07 2.7799e+07 1.61622e+07 4 185
491000 1.14047e+08 6.64398e+09 2.271e+10 1.53702e+07 5.59871e+06 3.234e+07 2.05466e+07 6 190
492000 1.17544e+08 6.64779e+09 1.51369e+10 1.39545e+07 5.00985e+06 3.01601e+07 1.76116e+07 6 180
493000 1.18854e+08 6.64427e+09 1.29037e+10 1.28738e+07 4.57206e+06 2.71629e+07 1.44972e+07 6 201
494000 1.18296e+08 6.63271e+09 1.66622e+10 1.81711e+07 7.06858e+06 2.82117e+07 1.52442e+07 5 195
495000 1.24152e+08 6.60742e+09 1.77736e+10 2.76011e+07 1.38006e+07 3.08518e+07 1.66767e+07 4 203
496000 1.26675e+08 6.56177e+09 2.32543e+10 2.85682e+07 1.42841e+07 2.96296e+07 1.51587e+07 4 197
497000 1.25767e+08 6.51925e+09 1.14955e+10 2.60362e+07 1.7532e+07 2.64355e+07 1.30609e+07 6 212
498000 1.21103e+08 6.51117e+09 1.1724e+10 2.90247e+07 2.01669e+07 2.41234e+07 1.21126e+07 5 226
499000 1.21363e+08 6.49272e+09 1.27508e+10 5.51893e+07 2.75946e+07 2.37126e+07 1.13096e+07 4 233
500000 1.22759e+08 6.45733e+09 1.49099e+10 6.80398e+07 3.40199e+07 2.47822e+07 1.22533e+07 4 227
501000 1.26145e+08 6.42438e+09 1.83319e+10 3.51204e+07 1.11261e+07 2.52889e+07 1.3066e+07 7 223
502000 1.2961e+08 6.3728e+09 1.21336e+10 2.57395e+07 8.07186e+06 2.50611e+07 1.23554e+07 7 233
503000 1.25309e+08 6.35523e+09 1.42494e+10 2.02497e+07 5.61692e+06 2.83066e+07 1.6549e+07 7 217
504000 1.13134e+08 6.36888e+09 2.74697e+10 3.12004e+07 1.56002e+07 2.18207e+07 1.02984e+07 4 225
505000 1.10274e+08 6.41435e+09 2.38983e+10 3.51139e+07 2.72e+07 2.26163e+07 1.12755e+07 3 218
506000 1.16895e+08 6.44578e+09 8.55586e+09 2.13931e+07 1.06966e+07 2.56858e+07 1.43522e+07 4 209
507000 1.19003e+08 6.45004e+09 1.46091e+10 1.82419e+07 9.12097e+06 2.738e+07 1.50159e+07 4 202
508000 1.19697e+08 6.44048e+09 9.35946e+09 1.62182e+07 8.10909e+06 2.72853e+07 1.5453e+07 4 202
509000 1.16944e+08 6.43796e+09 9.88851e+09 1.49813e+07 7.49064e+06 2.43067e+07 1.20441e+07 4 217
510000 1.13471e+08 6.45447e+09 1.72098e+10 2.5648e+07 1.84858e+07 2.37886e+07 1.15653e+07 3 210
511000 1.13984e+08 6.48522e+09 1.49065e+10 1.49654e+07 8.55065e+06 2.72649e+07 1.53111e+07 5 194
512000 1.14673e+08 6.50507e+09 1.53661e+10 2.09083e+07 1.22481e+07 2.6721e+07 1.46599e+07 4 215
513000 1.1509e+08 6.51975e+09 2.57125e+10 1.90161e+07 7.74019e+06 2.70055e+07 1.52965e+07 5 195
514000 1.17712e+08 6.51838e+09 2.68211e+10 2.08157e+07 8.61059e+06 2.97558e+07 1.68641e+07 5 188
515000 1.29269e+08 6.47134e+09 1.23487e+10 2.22266e+07 9.29417e+06 3.15515e+07 1.69644e+07 5 213
516000 1.30436e+08 6.40923e+09 9.59629e+09 4.62661e+07 3.49513e+07 2.66887e+07 1.34816e+07 3 218
517000 1.24468e+08 6.39296e+09 1.24256e+10 2.28521e+07 8.66365e+06 2.68868e+07 1.48129e+07 6 202
518000 1.19293e+08 6.37855e+09 1.42727e+10 2.82551e+07 1.87413e+07 2.37604e+07 1.17302e+07 5 224
519000 1.16176e+08 6.3909e+09 1.70799e+10 2.79232e+07 1.16897e+07 2.40209e+07 1.19771e+07 5 213
520000 1.17161e+08 6.41982e+09 1.38402e+10 3.41128e+07 1.70564e+07 2.62893e+07 1.45672e+07 4 206
521000 1.18197e+08 6.43622e+09 1.58657e+10 3.38574e+07 1.69287e+07 2.73035e+07 1.56981e+07 4 191
522000 1.17925e+08 6.43822e+09 1.86244e+10 2.03115e+07 8.04632e+06 2.9886e+07 1.83253e+07 6 197
523000 1.18275e+08 6.43053e+09 1.60017e+10 2.19016e+07 9.0431e+06 2.60593e+07 1.34623e+07 6 205
524000 1.17088e+08 6.42908e+09 1.84572e+10 4.75668e+07 4.11985e+07 2.60702e+07 1.33228e+07 5 202
525000 1.15966e+08 6.44479e+09 1.83482e+10 2.09262e+07 6.97542e+06 3.31724e+07 1.49474e+07 3 202
526000 1.15606e+08 6.4703e+09 1.70839e+10 2.25242e+07 7.50807e+06 2.96039e+07 1.80856e+07 3 201
527000 1.14533e+08 6.49445e+09 9.79492e+09 3.55882e+07 1.77941e+07 2.49134e+07 1.39493e+07 2 207
528000 1.10912e+08 6.52923e+09 9.30185e+09 1.56996e+07 3.92489e+06 2.51577e+07 1.46969e+07 4 206
529000 1.08764e+08 6.56054e+09 1.40449e+10 1.37643e+07 3.44107e+06 2.48249e+07 1.34995e+07 4 201
530000 1.11445e+08 6.58293e+09 1.74555e+10 1.90707e+07 6.3569e+06 2.56043e+07 1.3331e+07 3 205
531000 1.15284e+08 6.59715e+09 1.514e+10 2.99546e+07 1.49773e+07 2.46204e+07 1.27461e+07 2 210
532000 1.14652e+08 6.60684e+09 2.09415e+10 2.65733e+07 1.32867e+07 2.46227e+07 1.22845e+07 2 213
533000 1.17855e+08 6.61358e+09 2.18077e+10 6.70755e+07 6.70755e+07 2.70015e+07 1.38943e+07 1 206
534000 1.19879e+08 6.61311e+09 2.34656e+10 5.91475e+07 5.91475e+07 3.10374e+07 1.85567e+07 1 194
535000 1.18931e+08 6.62217e+09 3.26905e+10 5.9073e+07 5.9073e+07 3.02887e+07 1.78806e+07 1 177
535259 1.19511e+08 6.62401e+09 3.24125e+10 0 0 2.96378e+07 1.73236e+07 0 183
