0 1.27534e+08 5.8036e+09 2.4e+09 2.4e+07 1.2e+07 2.4e+07 1.2e+07 190 10
1000 1.25834e+08 5.81172e+09 1.41416e+10 2.77561e+07 1.57174e+07 2.32738e+07 1.09296e+07 188 11
2000 1.26707e+08 5.82303e+09 1.59727e+10 2.88303e+07 1.65292e+07 2.21254e+07 1.24952e+07 189 11
3000 1.25498e+08 5.83287e+09 2.04375e+10 3.05411e+07 1.87877e+07 2.68805e+07 1.9078e+07 177 9
4000 1.24728e+08 5.84098e+09 1.70812e+10 2.91298e+07 1.73523e+07 1.91243e+07 8.81535e+06 179 12
5000 1.26347e+08 5.85861e+09 1.02684e+10 3.053e+07 1.91033e+07 2.24748e+07 1.36143e+07 176 10
6000 1.21044e+08 5.88001e+09 2.63262e+10 3.36306e+07 2.12296e+07 2.39276e+07 1.47617e+07 178 8
7000 1.21399e+08 5.9137e+09 2.43726e+10 3.13898e+07 1.99272e+07 3.18372e+07 1.24011e+07 164 10
8000 1.217e+08 5.94221e+09 1.63676e+10 3.01805e+07 1.91351e+07 3.1272e+07 2.37577e+07 169 7
9000 1.18566e+08 5.97473e+09 2.55412e+10 3.21844e+07 2.06582e+07 2.49144e+07 1.48734e+07 164 9
10000 1.17094e+08 6.01972e+09 3.56324e+10 3.27208e+07 2.14716e+07 2.65462e+07 1.63122e+07 149 10
11000 1.19754e+08 6.05097e+09 2.72128e+10 3.12961e+07 1.97927e+07 2.96684e+07 2.09869e+07 161 10
12000 1.2152e+08 6.07357e+09 2.06215e+10 3.85173e+07 2.37548e+07 2.68456e+07 1.63727e+07 158 13
13000 1.24107e+08 6.07967e+09 1.63457e+10 4.1456e+07 2.93533e+07 3.55064e+07 1.92929e+07 161 11
14000 1.24864e+08 6.08438e+09 1.9899e+10 3.06976e+07 1.87376e+07 2.71235e+07 9.63522e+06 163 14
15000 1.22567e+08 6.09974e+09 2.8201e+10 4.03023e+07 2.81443e+07 2.86714e+07 1.08009e+07 161 13
16000 1.24355e+08 6.1076e+09 2.25104e+10 3.29825e+07 2.14148e+07 2.83862e+07 1.37621e+07 156 12
17000 1.20991e+08 6.13098e+09 4.21069e+10 3.94341e+07 2.62161e+07 2.25212e+07 7.73228e+06 138 12
18000 1.1953e+08 6.15613e+09 4.23465e+10 3.65325e+07 2.29837e+07 2.40945e+07 1.20167e+07 151 14
19000 1.20218e+08 6.18617e+09 4.67148e+10 3.39572e+07 1.99093e+07 3.51088e+07 2.42482e+07 147 11
20000 1.24302e+08 6.19963e+09 3.03822e+10 3.50543e+07 2.19171e+07 4.284e+07 3.35617e+07 144 11
21000 1.20819e+08 6.2162e+09 3.11141e+10 3.08468e+07 1.83041e+07 3.40189e+07 2.31319e+07 156 13
22000 1.14419e+08 6.26914e+09 4.1921e+10 3.08944e+07 1.83717e+07 2.9539e+07 1.36464e+07 150 11
23000 1.11355e+08 6.3351e+09 3.67516e+10 3.6673e+07 2.02873e+07 4.07484e+07 2.59035e+07 153 9
24000 1.12561e+08 6.39108e+09 3.67434e+10 3.13318e+07 1.84351e+07 3.63072e+07 2.89667e+07 151 11
25000 1.2119e+08 6.40477e+09 2.97354e+10 3.31935e+07 1.86104e+07 2.84619e+07 1.35714e+07 157 13
26000 1.30126e+08 6.37732e+09 2.64494e+10 3.74016e+07 2.14711e+07 3.25006e+07 2.31599e+07 158 13
27000 1.3025e+08 6.35395e+09 2.77317e+10 3.18297e+07 1.71577e+07 3.56523e+07 2.42088e+07 168 14
28000 1.29074e+08 6.34967e+09 2.30334e+10 3.5852e+07 1.99776e+07 5.49924e+07 4.34379e+07 162 15
29000 1.21722e+08 6.35751e+09 2.69548e+10 3.4266e+07 2.11065e+07 4.87828e+07 2.23804e+07 158 20
30000 1.18929e+08 6.40329e+09 2.14655e+10 2.83444e+07 1.70671e+07 4.71308e+07 2.39284e+07 149 20
31000 1.1431e+08 6.45324e+09 2.10522e+10 3.34582e+07 1.88e+07 2.88767e+07 1.31952e+07 156 29
32000 1.13576e+08 6.49782e+09 3.02451e+10 2.88132e+07 1.62965e+07 2.66679e+07 1.25777e+07 149 31
33000 1.22808e+08 6.51292e+09 1.83779e+10 3.168e+07 1.82868e+07 2.86493e+07 1.44791e+07 151 29
34000 1.24643e+08 6.51066e+09 1.97619e+10 3.12517e+07 1.76377e+07 3.8529e+07 2.44366e+07 151 32
35000 1.26955e+08 6.4988e+09 2.48986e+10 3.33537e+07 1.94834e+07 3.2181e+07 1.26626e+07 142 32
36000 1.31482e+08 6.47998e+09 2.51612e+10 3.71083e+07 2.2765e+07 3.77138e+07 1.74399e+07 141 30
37000 1.30803e+08 6.45567e+09 2.68693e+10 3.56815e+07 2.3067e+07 3.16176e+07 1.37551e+07 142 33
38000 1.32486e+08 6.4233e+09 3.10395e+10 3.32257e+07 1.97881e+07 4.18396e+07 2.20559e+07 147 33
39000 1.50556e+08 6.31242e+09 2.24584e+10 3.9599e+07 2.21185e+07 4.24495e+07 2.05953e+07 150 32
40000 1.53291e+08 6.17397e+09 3.55361e+10 3.88085e+07 1.90193e+07 2.58272e+07 1.05418e+07 149 35
41000 1.40332e+08 6.14019e+09 2.21164e+10 3.02343e+07 1.51728e+07 2.28348e+07 1.25728e+07 173 33
42000 1.32275e+08 6.11985e+09 2.9004e+10 3.19263e+07 1.54241e+07 2.14401e+07 1.08929e+07 165 32
43000 1.22442e+08 6.14369e+09 2.92604e+10 2.89173e+07 1.53675e+07 2.2901e+07 1.16589e+07 155 28
44000 1.14293e+08 6.20614e+09 2.41457e+10 2.95815e+07 1.75196e+07 1.92158e+07 1.1392e+07 143 34
45000 1.09481e+08 6.27929e+09 4.13666e+10 2.92123e+07 1.70484e+07 1.85554e+07 9.88941e+06 145 32
46000 1.16954e+08 6.32794e+09 3.36221e+10 3.38084e+07 1.99826e+07 1.92531e+07 1.02636e+07 141 31
47000 1.27162e+08 6.32198e+09 2.4845e+10 3.71133e+07 2.12624e+07 2.27491e+07 1.37773e+07 141 26
48000 1.33391e+08 6.28209e+09 3.09423e+10 3.83243e+07 2.24922e+07 2.46088e+07 1.38881e+07 141 28
49000 1.34299e+08 6.23737e+09 3.83141e+10 4.12914e+07 2.35606e+07 2.58162e+07 1.61962e+07 140 29
50000 1.40824e+08 6.16661e+09 3.03344e+10 3.68289e+07 1.824e+07 2.49906e+07 1.40345e+07 148 31
51000 1.33332e+08 6.16094e+09 2.1819e+10 3.32186e+07 1.93671e+07 2.86448e+07 1.56588e+07 142 33
52000 1.16116e+08 6.19936e+09 3.43689e+10 4.84705e+07 3.6512e+07 2.62326e+07 1.21154e+07 142 34
53000 1.13254e+08 6.25698e+09 2.36194e+10 2.78615e+07 1.62035e+07 2.75751e+07 1.64026e+07 143 34
54000 1.11388e+08 6.32487e+09 2.45935e+10 2.96501e+07 1.85913e+07 2.31633e+07 1.13217e+07 134 41
55000 1.11993e+08 6.38388e+09 3.1879e+10 3.73428e+07 2.42023e+07 2.60618e+07 1.49892e+07 124 38
56000 1.19285e+08 6.41699e+09 3.51499e+10 4.00775e+07 2.54849e+07 2.47649e+07 1.15378e+07 111 40
57000 1.21596e+08 6.4201e+09 3.81615e+10 3.82277e+07 2.36607e+07 2.52471e+07 1.20668e+07 118 41
58000 1.27347e+08 6.40177e+09 3.22231e+10 3.70642e+07 2.00998e+07 3.10002e+07 1.84258e+07 128 37
59000 1.28563e+08 6.37445e+09 2.76459e+10 4.42895e+07 2.97192e+07 3.01963e+07 1.54524e+07 136 38
60000 1.30556e+08 6.35588e+09 3.20105e+10 3.68457e+07 2.10429e+07 3.17298e+07 1.60587e+07 131 43
61000 1.3248e+08 6.34102e+09 2.6045e+10 3.7555e+07 2.24008e+07 2.83429e+07 1.42056e+07 121 44
62000 1.20821e+08 6.35771e+09 3.03365e+10 3.36339e+07 2.1489e+07 2.53909e+07 1.19403e+07 120 46
63000 1.21451e+08 6.38472e+09 2.71301e+10 3.5708e+07 2.35251e+07 2.97272e+07 1.55539e+07 119 43
64000 1.23645e+08 6.38331e+09 3.26327e+10 3.74181e+07 2.35652e+07 3.16263e+07 1.7678e+07 125 44
65000 1.28132e+08 6.35549e+09 2.27155e+10 3.5319e+07 2.16959e+07 2.21783e+07 8.70385e+06 131 54
66000 1.3675e+08 6.30486e+09 1.58592e+10 3.73131e+07 2.27196e+07 2.33056e+07 1.27801e+07 136 52
67000 1.44508e+08 6.2298e+09 2.4907e+10 4.92363e+07 3.43311e+07 2.47465e+07 1.27829e+07 129 51
68000 1.56821e+08 6.08096e+09 3.08821e+10 4.34041e+07 2.267e+07 2.66291e+07 1.38176e+07 138 51
69000 1.51249e+08 5.97002e+09 2.9534e+10 3.50708e+07 1.79068e+07 3.09749e+07 1.60921e+07 141 46
70000 1.37553e+08 5.9464e+09 2.89819e+10 3.48741e+07 2.11797e+07 2.74181e+07 1.27738e+07 128 53
71000 1.26733e+08 5.95208e+09 2.01776e+10 3.14519e+07 1.97572e+07 2.80746e+07 1.48368e+07 130 44
72000 1.14583e+08 6.00708e+09 3.48741e+10 2.87965e+07 1.75095e+07 2.21182e+07 1.16819e+07 131 47
73000 1.08257e+08 6.0917e+09 3.60752e+10 3.11197e+07 2.10395e+07 2.13939e+07 1.0168e+07 120 48
74000 1.0621e+08 6.17075e+09 2.50498e+10 2.82381e+07 1.7225e+07 1.90817e+07 8.85395e+06 130 54
75000 1.06961e+08 6.25376e+09 2.4592e+10 3.00946e+07 1.9776e+07 2.18767e+07 1.11255e+07 125 50
76000 1.14413e+08 6.29687e+09 2.60434e+10 3.62493e+07 2.35935e+07 3.04998e+07 1.96726e+07 117 45
77000 1.23772e+08 6.29157e+09 2.90853e+10 3.39654e+07 2.14806e+07 4.07e+07 1.98795e+07 124 40
78000 1.26848e+08 6.28237e+09 2.57942e+10 4.04537e+07 2.65117e+07 3.23406e+07 1.74324e+07 122 47
79000 1.24149e+08 6.29349e+09 2.10594e+10 3.41242e+07 1.98785e+07 2.96434e+07 1.7405e+07 122 44
80000 1.21679e+08 6.31275e+09 2.12931e+10 3.37644e+07 1.96098e+07 2.67213e+07 1.62478e+07 122 48
81000 1.15008e+08 6.35031e+09 3.14805e+10 3.2516e+07 1.9677e+07 2.49073e+07 1.34638e+07 122 44
82000 1.09357e+08 6.42107e+09 4.08184e+10 3.75966e+07 2.48046e+07 2.95692e+07 1.89504e+07 115 36
83000 1.11932e+08 6.48995e+09 3.96917e+10 3.7143e+07 2.48576e+07 2.62375e+07 1.60897e+07 106 39
84000 1.08883e+08 6.54562e+09 4.5931e+10 3.49607e+07 2.23052e+07 2.64551e+07 1.65833e+07 109 40
85000 1.15765e+08 6.59184e+09 3.05906e+10 3.83466e+07 2.5551e+07 3.19904e+07 2.3337e+07 106 38
86000 1.21554e+08 6.5915e+09 2.86687e+10 3.67135e+07 2.29326e+07 3.48681e+07 1.96079e+07 113 42
87000 1.27768e+08 6.56012e+09 3.14933e+10 3.61269e+07 2.27792e+07 3.70934e+07 1.61897e+07 111 46
88000 1.28153e+08 6.52863e+09 2.56731e+10 3.62483e+07 2.30432e+07 3.62387e+07 1.70391e+07 125 46
89000 1.26871e+08 6.51438e+09 3.04083e+10 3.42166e+07 1.93496e+07 2.8657e+07 1.36116e+07 130 48
90000 1.30662e+08 6.479e+09 3.08627e+10 3.4893e+07 1.77393e+07 2.31533e+07 1.02834e+07 137 54
91000 1.27631e+08 6.47874e+09 4.31398e+10 3.26024e+07 1.87446e+07 2.94594e+07 1.86508e+07 131 48
92000 1.2368e+08 6.48213e+09 5.25926e+10 3.50356e+07 1.98929e+07 3.2548e+07 1.70604e+07 119 50
93000 1.28047e+08 6.47555e+09 5.12611e+10 3.27167e+07 1.95231e+07 5.69365e+07 3.44279e+07 124 47
94000 1.32128e+08 6.42901e+09 4.0002e+10 3.55124e+07 1.96751e+07 3.39551e+07 1.48971e+07 118 51
95000 1.33888e+08 6.39831e+09 2.4856e+10 3.88696e+07 1.99492e+07 2.4558e+07 1.21346e+07 123 62
96000 1.2296e+08 6.41807e+09 2.59073e+10 3.12767e+07 1.7839e+07 3.22902e+07 2.14523e+07 121 59
97000 1.16252e+08 6.46395e+09 3.79966e+10 4.00714e+07 2.73758e+07 2.60085e+07 1.41545e+07 113 56
98000 1.1566e+08 6.50952e+09 3.36816e+10 3.17524e+07 1.82319e+07 3.15072e+07 1.903e+07 109 61
99000 1.10562e+08 6.55632e+09 4.26489e+10 2.82758e+07 1.55122e+07 2.86661e+07 1.41644e+07 110 61
100000 1.04255e+08 6.63054e+09 5.44173e+10 2.73538e+07 1.48418e+07 2.74263e+07 1.15702e+07 108 60
101000 1.0437e+08 6.71717e+09 4.47397e+10 2.99413e+07 1.62679e+07 2.50425e+07 1.03407e+07 105 63
102000 1.05714e+08 6.7987e+09 4.18507e+10 3.04155e+07 1.61353e+07 2.70314e+07 1.42739e+07 101 57
103000 1.13235e+08 6.83796e+09 4.18528e+10 3.75745e+07 1.72114e+07 2.27883e+07 1.08305e+07 109 60
104000 1.13815e+08 6.87126e+09 4.53671e+10 3.68873e+07 2.0343e+07 2.10551e+07 9.48543e+06 96 59
105000 1.04228e+08 6.99306e+09 3.71264e+10 3.36293e+07 2.18506e+07 4.95359e+07 2.06254e+07 94 55
106000 9.69006e+07 7.11558e+09 2.91287e+10 3.10821e+07 2.02424e+07 2.22822e+07 1.14304e+07 99 53
107000 9.6124e+07 7.23564e+09 2.23239e+10 3.20451e+07 2.12524e+07 1.76195e+07 8.33157e+06 107 64
108000 1.03399e+08 7.32078e+09 3.24365e+10 4.13727e+07 2.68732e+07 1.73772e+07 8.00918e+06 94 61
109000 1.27854e+08 7.27626e+09 3.04327e+10 5.30234e+07 2.78971e+07 2.13762e+07 1.17498e+07 101 54
110000 1.37551e+08 7.1976e+09 3.12579e+10 4.40364e+07 2.42303e+07 2.35202e+07 1.38191e+07 105 55
111000 1.45633e+08 7.11621e+09 2.12304e+10 4.5524e+07 2.73032e+07 2.68644e+07 1.53148e+07 120 57
112000 1.8062e+08 6.85702e+09 2.09645e+10 5.60103e+07 2.46086e+07 3.16118e+07 1.89161e+07 135 56
113000 2.00338e+08 6.49646e+09 2.6834e+10 4.973e+07 1.89347e+07 3.18527e+07 1.54122e+07 150 66
114000 1.80426e+08 6.25805e+09 3.01258e+10 3.19623e+07 1.40312e+07 3.69275e+07 1.76039e+07 153 65
115000 1.54922e+08 6.1703e+09 2.98527e+10 2.74641e+07 1.45203e+07 3.71638e+07 1.76479e+07 156 70
116000 1.46815e+08 6.11211e+09 1.4731e+10 2.92927e+07 1.63788e+07 3.0692e+07 1.35132e+07 140 76
117000 1.3302e+08 6.08515e+09 2.52825e+10 2.7792e+07 1.54161e+07 2.51112e+07 9.75859e+06 133 78
118000 1.29367e+08 6.08402e+09 2.29362e+10 3.03768e+07 1.41739e+07 2.42351e+07 1.06268e+07 135 75
119000 1.35308e+08 6.03883e+09 2.03865e+10 3.285e+07 1.58547e+07 2.77327e+07 1.48256e+07 127 71
120000 1.1426e+08 6.10828e+09 2.37394e+10 2.31627e+07 1.29814e+07 2.19913e+07 1.15829e+07 131 72
121000 1.04193e+08 6.21427e+09 1.83715e+10 2.38634e+07 1.4862e+07 2.2628e+07 1.2882e+07 122 71
122000 1.09277e+08 6.28848e+09 1.96787e+10 2.8651e+07 1.61093e+07 4.2315e+07 2.01408e+07 116 72
123000 1.25186e+08 6.26097e+09 1.69944e+10 3.18074e+07 1.59608e+07 2.97454e+07 1.41069e+07 114 79
124000 1.26988e+08 6.2569e+09 1.26773e+10 2.93467e+07 1.68224e+07 3.0958e+07 1.53192e+07 113 77
125000 1.19585e+08 6.27254e+09 1.50502e+10 3.09651e+07 1.76772e+07 2.68913e+07 1.31548e+07 102 77
126000 1.18499e+08 6.30889e+09 2.03011e+10 3.24348e+07 1.82188e+07 2.79683e+07 1.60818e+07 104 69
127000 1.15238e+08 6.33916e+09 2.01284e+10 2.96697e+07 1.64467e+07 2.32846e+07 1.21958e+07 101 90
128000 1.12107e+08 6.39434e+09 1.88592e+10 2.6617e+07 1.45437e+07 3.3053e+07 2.19501e+07 105 77
129000 1.09226e+08 6.44755e+09 2.07584e+10 2.5984e+07 1.61197e+07 2.74785e+07 1.45416e+07 101 80
130000 1.10091e+08 6.5192e+09 2.00391e+10 4.07292e+07 2.65079e+07 2.89425e+07 1.53759e+07 96 82
131000 1.10515e+08 6.56658e+09 2.37882e+10 3.23363e+07 2.26378e+07 2.77513e+07 1.46447e+07 94 72
132000 1.20905e+08 6.56667e+09 2.40943e+10 3.73499e+07 2.13159e+07 2.57117e+07 1.40031e+07 100 80
133000 1.34273e+08 6.49982e+09 3.28644e+10 4.04529e+07 2.0949e+07 2.75455e+07 1.65536e+07 109 70
134000 1.38693e+08 6.43184e+09 2.63206e+10 3.74575e+07 1.80921e+07 2.75825e+07 1.59662e+07 111 71
135000 1.31762e+08 6.42092e+09 1.82772e+10 3.3517e+07 1.8403e+07 2.69099e+07 1.53699e+07 108 78
136000 1.23755e+08 6.4195e+09 2.10262e+10 3.11688e+07 1.78234e+07 2.59068e+07 1.42378e+07 109 77
137000 1.20699e+08 6.4282e+09 1.60271e+10 2.85649e+07 1.52406e+07 2.52467e+07 1.36355e+07 117 81
138000 1.17604e+08 6.45407e+09 2.09548e+10 3.11511e+07 1.92703e+07 2.31811e+07 1.14585e+07 108 78
139000 1.16248e+08 6.48983e+09 2.68628e+10 2.86642e+07 1.49391e+07 2.48687e+07 1.39811e+07 117 75
140000 1.1799e+08 6.50562e+09 1.66721e+10 2.81493e+07 1.41363e+07 2.46692e+07 1.2811e+07 121 79
141000 1.21668e+08 6.51838e+09 9.53928e+09 2.85227e+07 1.50226e+07 2.68415e+07 1.52753e+07 120 77
142000 1.18022e+08 6.53115e+09 2.73511e+10 2.84227e+07 1.46392e+07 2.5191e+07 1.17042e+07 106 85
143000 1.15359e+08 6.56935e+09 2.83492e+10 3.05434e+07 1.78688e+07 2.47027e+07 1.22274e+07 101 86
144000 1.14583e+08 6.59549e+09 2.25893e+10 2.7785e+07 1.56897e+07 2.19063e+07 1.01505e+07 108 96
145000 1.22988e+08 6.60558e+09 1.67367e+10 3.20867e+07 1.79501e+07 2.48428e+07 1.24235e+07 103 93
146000 1.33061e+08 6.57371e+09 1.40593e+10 3.5129e+07 1.74523e+07 2.55971e+07 1.31893e+07 110 91
147000 1.32101e+08 6.54456e+09 1.92867e+10 3.53783e+07 1.97206e+07 2.77125e+07 1.51899e+07 98 80
148000 1.22316e+08 6.56674e+09 1.91917e+10 3.3031e+07 2.12877e+07 2.72907e+07 1.5344e+07 92 82
149000 1.25709e+08 6.55743e+09 2.23986e+10 3.75592e+07 2.06491e+07 2.77253e+07 1.54353e+07 97 81
150000 1.30797e+08 6.50535e+09 1.79619e+10 3.30653e+07 1.88433e+07 2.77312e+07 1.35343e+07 100 91
151000 1.29819e+08 6.47392e+09 1.50135e+10 3.04395e+07 1.69303e+07 2.81086e+07 1.33854e+07 109 91
152000 1.27531e+08 6.45923e+09 1.09442e+10 3.38662e+07 2.03365e+07 2.60466e+07 1.34653e+07 108 94
153000 1.17029e+08 6.48754e+09 2.0575e+10 2.39826e+07 1.14955e+07 2.57754e+07 1.38292e+07 110 92
154000 1.103e+08 6.55127e+09 2.02612e+10 2.35157e+07 1.20767e+07 2.59486e+07 1.45741e+07 105 94
155000 1.11915e+08 6.60657e+09 1.80556e+10 2.77104e+07 1.7514e+07 2.79403e+07 1.62002e+07 97 91
156000 1.2388e+08 6.61071e+09 1.6531e+10 3.75319e+07 2.71163e+07 3.44309e+07 1.74274e+07 94 93
157000 1.5267e+08 6.45901e+09 1.63521e+10 5.46932e+07 2.45632e+07 3.38304e+07 1.54568e+07 100 92
158000 1.56136e+08 6.28733e+09 1.51329e+10 3.43437e+07 1.65538e+07 2.80158e+07 1.37359e+07 105 100
159000 1.29855e+08 6.27641e+09 2.81522e+10 2.94233e+07 1.55023e+07 2.14909e+07 9.11193e+06 99 112
160000 1.1868e+08 6.31412e+09 2.65657e+10 2.95308e+07 1.81615e+07 2.22685e+07 1.11328e+07 98 101
161000 1.20172e+08 6.33928e+09 1.58997e+10 2.94093e+07 1.81091e+07 2.22794e+07 1.13974e+07 105 103
162000 1.19734e+08 6.34887e+09 3.0401e+10 3.13079e+07 1.99052e+07 2.42697e+07 1.26246e+07 97 101
163000 1.29555e+08 6.32042e+09 2.45728e+10 3.44462e+07 1.95831e+07 2.74405e+07 1.48323e+07 96 105
164000 1.41107e+08 6.23902e+09 1.70472e+10 3.80608e+07 1.93765e+07 2.57586e+07 1.36971e+07 102 107
165000 1.46729e+08 6.12725e+09 1.31698e+10 3.69679e+07 1.76345e+07 2.58415e+07 1.32431e+07 108 102
166000 1.37211e+08 6.06331e+09 1.89296e+10 3.0647e+07 1.5567e+07 2.34277e+07 1.0792e+07 108 107
167000 1.23874e+08 6.07406e+09 2.34159e+10 2.57663e+07 1.41914e+07 2.4029e+07 1.19926e+07 105 111
168000 1.20586e+08 6.11512e+09 2.3316e+10 2.71952e+07 1.56776e+07 3.58338e+07 1.53467e+07 98 118
169000 1.18244e+08 6.1462e+09 1.77423e+10 2.84469e+07 1.71303e+07 2.29547e+07 1.22354e+07 95 113
170000 1.13837e+08 6.19276e+09 2.84617e+10 2.87943e+07 1.65757e+07 2.3505e+07 1.2249e+07 88 103
171000 1.117e+08 6.25768e+09 2.73259e+10 2.79583e+07 1.64995e+07 2.61791e+07 1.47244e+07 86 96
172000 1.06037e+08 6.33729e+09 3.76029e+10 3.45327e+07 2.41961e+07 2.52505e+07 1.33842e+07 78 90
173000 1.05559e+08 6.41221e+09 2.38146e+10 2.97395e+07 1.89276e+07 2.46083e+07 1.32795e+07 78 96
174000 1.04116e+08 6.49082e+09 2.16707e+10 3.41188e+07 2.37536e+07 2.60304e+07 1.43784e+07 83 98
175000 1.05875e+08 6.56286e+09 2.72082e+10 2.95795e+07 2.00334e+07 3.26446e+07 2.14204e+07 71 95
176000 1.05044e+08 6.62656e+09 3.62593e+10 2.88847e+07 1.86859e+07 2.93247e+07 1.5743e+07 74 96
177000 1.04967e+08 6.68731e+09 3.89757e+10 3.05262e+07 1.92899e+07 3.35352e+07 1.94953e+07 77 93
178000 1.13149e+08 6.72408e+09 2.60326e+10 3.59404e+07 2.46653e+07 2.56666e+07 1.34122e+07 80 97
179000 1.29981e+08 6.68446e+09 1.99035e+10 4.69945e+07 2.85697e+07 3.17422e+07 1.65734e+07 83 96
180000 1.43229e+08 6.5795e+09 1.43578e+10 4.2673e+07 2.27408e+07 2.3302e+07 1.21504e+07 97 110
181000 1.42642e+08 6.48663e+09 2.96945e+10 4.16053e+07 2.32813e+07 3.12723e+07 2.13172e+07 94 101
182000 1.32091e+08 6.45433e+09 3.34529e+10 3.61325e+07 2.20569e+07 2.53479e+07 1.45214e+07 97 100
183000 1.2414e+08 6.45494e+09 3.75611e+10 2.93937e+07 1.66428e+07 3.30957e+07 1.93432e+07 92 95
184000 1.27578e+08 6.45304e+09 2.5779e+10 2.98887e+07 1.77224e+07 4.85374e+07 2.88772e+07 94 102
185000 1.24812e+08 6.44216e+09 4.0528e+10 2.70118e+07 1.41102e+07 3.29053e+07 1.97585e+07 88 98
186000 1.26452e+08 6.42249e+09 4.4705e+10 3.29746e+07 2.05234e+07 3.34516e+07 1.76766e+07 78 104
187000 1.36703e+08 6.35678e+09 3.12102e+10 3.59722e+07 2.11388e+07 3.41406e+07 1.57647e+07 81 104
188000 1.4046e+08 6.26986e+09 3.61648e+10 4.23274e+07 2.62577e+07 3.15737e+07 1.40319e+07 82 107
189000 1.30259e+08 6.25585e+09 2.92037e+10 3.02358e+07 1.76819e+07 3.22051e+07 1.8432e+07 81 107
190000 1.1967e+08 6.28667e+09 2.2196e+10 3.75449e+07 2.74938e+07 2.58838e+07 1.3715e+07 80 104
191000 1.21497e+08 6.30259e+09 1.70459e+10 3.84579e+07 2.45587e+07 3.10468e+07 1.4348e+07 83 109
192000 1.30792e+08 6.26869e+09 2.34269e+10 4.64988e+07 2.49589e+07 2.30592e+07 1.30807e+07 84 98
193000 1.28771e+08 6.23802e+09 1.80017e+10 3.56549e+07 2.13764e+07 2.15964e+07 1.18358e+07 94 100
194000 1.16616e+08 6.27403e+09 1.77325e+10 4.22735e+07 2.45033e+07 2.16303e+07 1.22475e+07 97 100
195000 1.1541e+08 6.32004e+09 1.48586e+10 3.07102e+07 2.00564e+07 2.30437e+07 1.3246e+07 102 95
196000 1.27459e+08 6.29736e+09 1.76726e+10 3.98765e+07 2.20108e+07 2.60096e+07 1.47802e+07 97 90
197000 1.32064e+08 6.23979e+09 1.63596e+10 3.47071e+07 1.78604e+07 2.51379e+07 1.42593e+07 100 95
198000 1.28884e+08 6.23209e+09 1.54222e+10 3.20832e+07 1.85362e+07 2.5887e+07 1.42696e+07 101 98
199000 1.2196e+08 6.23978e+09 1.84557e+10 2.81091e+07 1.56815e+07 2.41224e+07 1.13497e+07 106 98
200000 1.1699e+08 6.27874e+09 1.96606e+10 2.93065e+07 1.6477e+07 2.51458e+07 1.33548e+07 102 93
201000 1.11707e+08 6.32742e+09 2.31588e+10 2.98446e+07 1.83952e+07 2.55793e+07 1.27731e+07 92 93
202000 1.10632e+08 6.38143e+09 1.86115e+10 2.51696e+07 1.35945e+07 3.6098e+07 2.06671e+07 97 89
203000 1.11144e+08 6.42654e+09 1.61981e+10 2.68096e+07 1.55516e+07 2.59762e+07 1.4356e+07 93 102
204000 1.11947e+08 6.4523e+09 2.21955e+10 2.47058e+07 1.25824e+07 2.73316e+07 1.43302e+07 95 106
205000 1.1451e+08 6.46964e+09 3.91696e+10 2.69522e+07 1.37357e+07 2.66394e+07 1.19569e+07 87 107
206000 1.15107e+08 6.50183e+09 3.04289e+10 2.65627e+07 1.44555e+07 2.63178e+07 1.3532e+07 89 106
207000 1.1218e+08 6.54961e+09 2.94558e+10 3.36083e+07 2.07317e+07 2.84521e+07 1.57488e+07 86 112
208000 1.12135e+08 6.59688e+09 2.78942e+10 2.56279e+07 1.3898e+07 2.6464e+07 1.25709e+07 83 113
209000 1.15687e+08 6.62543e+09 2.12589e+10 2.82365e+07 1.72151e+07 2.89484e+07 1.37448e+07 77 111
210000 1.22184e+08 6.6162e+09 1.45434e+10 3.22168e+07 2.04988e+07 2.83463e+07 1.27427e+07 72 121
211000 1.26367e+08 6.59257e+09 9.8715e+09 3.29903e+07 2.0099e+07 2.52167e+07 1.11624e+07 74 135
212000 1.27203e+08 6.56994e+09 1.28162e+10 3.35051e+07 2.10969e+07 2.65074e+07 1.33494e+07 73 129
213000 1.29886e+08 6.5363e+09 2.79296e+10 4.25078e+07 2.66999e+07 2.86079e+07 1.55584e+07 65 120
214000 1.43388e+08 6.43962e+09 1.76267e+10 3.82659e+07 1.72316e+07 4.30641e+07 2.55778e+07 73 123
215000 1.37394e+08 6.35865e+09 2.0961e+10 3.06915e+07 1.49719e+07 3.34443e+07 1.92928e+07 77 129
216000 1.32298e+08 6.32771e+09 2.28758e+10 3.68385e+07 2.51562e+07 2.92681e+07 1.60718e+07 71 130
217000 1.29307e+08 6.29587e+09 1.47078e+10 6.61474e+07 5.52142e+07 2.54484e+07 1.25817e+07 71 141
218000 1.27741e+08 6.27831e+09 1.06459e+10 3.38657e+07 1.99544e+07 2.78073e+07 1.41941e+07 75 137
219000 1.22464e+08 6.27435e+09 1.61184e+10 3.42484e+07 1.9691e+07 2.33227e+07 1.2402e+07 66 132
220000 1.17344e+08 6.30801e+09 1.92651e+10 3.14895e+07 1.68507e+07 2.33799e+07 1.23915e+07 65 136
221000 1.24442e+08 6.30382e+09 1.29892e+10 4.14497e+07 2.46058e+07 2.34467e+07 1.24046e+07 68 137
222000 1.37286e+08 6.21793e+09 1.53229e+10 4.5607e+07 2.1352e+07 2.39167e+07 1.27507e+07 72 128
223000 1.30168e+08 6.18122e+09 1.14619e+10 3.14823e+07 1.55987e+07 2.46563e+07 1.44819e+07 80 125
224000 1.17649e+08 6.21608e+09 2.2526e+10 2.63614e+07 1.47337e+07 2.74798e+07 1.72018e+07 80 127
225000 1.13494e+08 6.26568e+09 1.95866e+10 2.29123e+07 1.22439e+07 2.48052e+07 1.29541e+07 80 131
226000 1.14385e+08 6.29391e+09 2.11808e+10 2.60596e+07 1.54959e+07 2.61506e+07 1.31342e+07 70 131
227000 1.20061e+08 6.30161e+09 1.69885e+10 3.30237e+07 2.16516e+07 2.41443e+07 1.08319e+07 60 145
228000 1.22928e+08 6.29449e+09 2.40164e+10 3.06126e+07 1.64079e+07 2.78438e+07 1.33961e+07 66 140
229000 1.22648e+08 6.28603e+09 3.04862e+10 3.14891e+07 1.84226e+07 2.4718e+07 1.11911e+07 62 140
230000 1.22048e+08 6.29603e+09 3.10471e+10 2.97738e+07 1.50962e+07 2.73455e+07 1.31972e+07 62 135
231000 1.16803e+08 6.3118e+09 3.09265e+10 2.86673e+07 1.54588e+07 2.7127e+07 1.2203e+07 63 137
232000 1.14468e+08 6.35205e+09 3.11719e+10 3.25952e+07 2.14654e+07 2.91325e+07 1.65175e+07 56 124
233000 1.14094e+08 6.40162e+09 3.41039e+10 2.91258e+07 1.80539e+07 3.77524e+07 2.61972e+07 52 120
234000 1.1159e+08 6.44186e+09 4.45205e+10 2.7072e+07 1.46892e+07 5.54622e+07 4.29965e+07 59 114
235000 1.16106e+08 6.45938e+09 2.60129e+10 2.98221e+07 1.89583e+07 3.37579e+07 1.96293e+07 57 111
236000 1.17222e+08 6.47301e+09 1.45058e+10 2.76158e+07 1.36886e+07 2.84484e+07 1.64681e+07 64 125
237000 1.12495e+08 6.50524e+09 3.59926e+10 3.70379e+07 2.21842e+07 2.72699e+07 1.48817e+07 53 112
238000 1.14763e+08 6.54718e+09 2.79978e+10 3.83489e+07 2.19325e+07 2.89977e+07 1.64285e+07 58 111
239000 1.16703e+08 6.5696e+09 2.2385e+10 3.14061e+07 1.75208e+07 3.02133e+07 1.6773e+07 63 109
240000 1.18114e+08 6.59647e+09 2.83728e+10 4.86739e+07 2.88328e+07 3.46619e+07 2.07271e+07 57 101
241000 1.15771e+08 6.60826e+09 3.57789e+10 3.05329e+07 1.56555e+07 3.26946e+07 1.93069e+07 59 108
242000 1.17851e+08 6.63033e+09 2.65677e+10 3.69331e+07 1.95703e+07 3.50468e+07 2.22584e+07 60 117
243000 1.20476e+08 6.63189e+09 1.60492e+10 3.47725e+07 1.9635e+07 2.68625e+07 1.48593e+07 69 117
244000 1.21107e+08 6.62224e+09 2.63329e+10 3.7137e+07 1.97149e+07 2.65341e+07 1.50848e+07 73 112
245000 1.22711e+08 6.6107e+09 2.80926e+10 3.5467e+07 1.84129e+07 4.0759e+07 3.051e+07 73 110
246000 1.28024e+08 6.59086e+09 1.95368e+10 3.49075e+07 1.76598e+07 3.42948e+07 2.36614e+07 72 117
247000 1.3509e+08 6.52329e+09 1.45957e+10 3.9014e+07 2.05902e+07 2.86046e+07 1.44633e+07 69 125
248000 1.34638e+08 6.46334e+09 1.91887e+10 3.19508e+07 1.60977e+07 3.05653e+07 1.60764e+07 77 117
249000 1.30243e+08 6.43064e+09 2.0034e+10 3.1859e+07 1.60819e+07 3.01842e+07 1.67924e+07 72 117
250000 1.25698e+08 6.40896e+09 1.90196e+10 3.59887e+07 2.23782e+07 2.9876e+07 1.74597e+07 76 122
251000 1.2524e+08 6.39902e+09 3.1549e+10 3.55329e+07 1.97379e+07 2.45987e+07 1.29104e+07 71 128
252000 1.3404e+08 6.36112e+09 2.96198e+10 4.62714e+07 2.36843e+07 2.76906e+07 1.61112e+07 69 119
253000 1.33054e+08 6.30357e+09 2.42334e+10 3.74331e+07 1.76476e+07 2.54935e+07 1.34901e+07 73 121
254000 1.21807e+08 6.31099e+09 1.62968e+10 3.05593e+07 1.61225e+07 2.83799e+07 1.67325e+07 79 126
255000 1.14074e+08 6.35038e+09 1.87797e+10 2.56962e+07 1.2044e+07 2.27151e+07 1.22049e+07 78 132
256000 1.06549e+08 6.41835e+09 1.94627e+10 2.32823e+07 1.20675e+07 2.17472e+07 1.10278e+07 74 137
257000 1.0707e+08 6.49568e+09 1.16569e+10 2.52959e+07 1.48664e+07 2.47592e+07 1.36348e+07 72 132
258000 1.13245e+08 6.52588e+09 1.98017e+10 2.50265e+07 1.59689e+07 2.89545e+07 1.60684e+07 66 131
259000 1.27617e+08 6.48279e+09 2.18875e+10 3.62305e+07 2.16469e+07 3.1163e+07 1.54528e+07 62 133
260000 1.372e+08 6.40672e+09 1.15997e+10 3.39456e+07 1.83171e+07 2.91448e+07 1.44758e+07 68 134
261000 1.33257e+08 6.35922e+09 1.90537e+10 2.916e+07 1.77045e+07 3.19139e+07 1.67884e+07 65 131
262000 1.29806e+08 6.32783e+09 1.9382e+10 3.10948e+07 1.98e+07 2.69537e+07 1.29875e+07 59 147
263000 1.28937e+08 6.29982e+09 1.59656e+10 3.65016e+07 2.56822e+07 2.72367e+07 1.33952e+07 52 150
264000 1.27601e+08 6.26999e+09 1.21222e+10 3.84492e+07 2.47709e+07 2.51928e+07 1.26921e+07 54 148
265000 1.26203e+08 6.24917e+09 1.6156e+10 4.95269e+07 3.32835e+07 2.56731e+07 1.41877e+07 57 142
266000 1.2571e+08 6.23495e+09 1.80652e+10 3.84101e+07 2.30483e+07 2.55273e+07 1.3596e+07 58 140
267000 1.23022e+08 6.21954e+09 1.38364e+10 3.54001e+07 2.24366e+07 3.00448e+07 1.77254e+07 54 161
268000 1.18873e+08 6.2285e+09 2.27161e+10 3.03207e+07 1.81362e+07 2.2797e+07 1.02004e+07 61 153
269000 1.18754e+08 6.25496e+09 2.08649e+10 3.57245e+07 2.29632e+07 2.44502e+07 1.24286e+07 54 144
270000 1.14816e+08 6.28102e+09 1.90965e+10 2.70294e+07 1.31482e+07 2.81515e+07 1.43955e+07 61 153
271000 1.10328e+08 6.33538e+09 1.8525e+10 2.40047e+07 1.30947e+07 2.53389e+07 1.38128e+07 65 148
272000 1.0602e+08 6.4034e+09 2.84258e+10 3.16494e+07 2.13156e+07 2.46777e+07 1.33752e+07 58 132
273000 1.06206e+08 6.47791e+09 2.36726e+10 2.70638e+07 1.6779e+07 2.57573e+07 1.39752e+07 57 130
274000 1.11509e+08 6.51188e+09 2.86575e+10 4.18937e+07 2.37112e+07 2.4852e+07 1.36512e+07 44 143
275000 1.22041e+08 6.4991e+09 2.60208e+10 5.53173e+07 3.4905e+07 2.54895e+07 1.39876e+07 52 140
276000 1.20763e+08 6.50631e+09 2.41273e+10 3.32764e+07 1.88802e+07 2.78475e+07 1.53889e+07 56 129
277000 1.20881e+08 6.52381e+09 1.89261e+10 3.72613e+07 2.42735e+07 2.87707e+07 1.60243e+07 54 125
278000 1.20205e+08 6.52622e+09 1.56385e+10 3.37347e+07 2.25397e+07 3.55291e+07 1.96606e+07 56 128
279000 1.15083e+08 6.54525e+09 3.68178e+10 3.227e+07 1.99638e+07 2.86847e+07 1.62007e+07 52 122
280000 1.22167e+08 6.53768e+09 3.2898e+10 4.91773e+07 3.35045e+07 2.96953e+07 1.63021e+07 53 126
281000 1.35841e+08 6.46012e+09 2.96325e+10 4.39749e+07 2.47091e+07 3.73748e+07 2.02841e+07 54 131
282000 1.428e+08 6.36051e+09 2.2735e+10 4.19864e+07 2.38588e+07 3.2085e+07 1.76257e+07 51 143
283000 1.41147e+08 6.26976e+09 1.54558e+10 3.69025e+07 2.28669e+07 2.80516e+07 1.34129e+07 57 147
284000 1.35329e+08 6.21753e+09 2.14413e+10 3.87654e+07 2.56331e+07 3.23675e+07 1.76819e+07 53 142
285000 1.30564e+08 6.17781e+09 2.71653e+10 3.70067e+07 2.43506e+07 2.62251e+07 1.34329e+07 55 148
286000 1.28308e+08 6.1619e+09 2.93906e+10 3.64103e+07 2.17721e+07 2.77027e+07 1.54087e+07 51 146
287000 1.25923e+08 6.14518e+09 2.50063e+10 3.32228e+07 1.89778e+07 2.82571e+07 1.49631e+07 49 152
288000 1.21889e+08 6.14728e+09 2.64307e+10 2.73641e+07 1.28148e+07 2.9239e+07 1.5595e+07 57 137
289000 1.16292e+08 6.17346e+09 3.13962e+10 3.28853e+07 1.67592e+07 2.71027e+07 1.44025e+07 47 138
290000 1.12263e+08 6.22103e+09 2.52699e+10 2.9855e+07 1.5709e+07 2.59517e+07 1.56168e+07 46 143
291000 1.08741e+08 6.28251e+09 1.89942e+10 2.85755e+07 1.54769e+07 2.39249e+07 1.33243e+07 47 142
292000 1.02724e+08 6.35768e+09 2.08177e+10 2.64537e+07 1.42487e+07 2.14293e+07 1.08356e+07 47 154
293000 1.00994e+08 6.446e+09 1.72186e+10 3.03057e+07 1.86881e+07 2.16206e+07 1.14317e+07 46 148
294000 1.02489e+08 6.52895e+09 1.26466e+10 3.65838e+07 2.63773e+07 2.33799e+07 1.30164e+07 40 143
295000 1.0712e+08 6.5916e+09 9.26983e+09 3.17675e+07 2.15629e+07 2.61227e+07 1.65917e+07 51 127
296000 1.0593e+08 6.64048e+09 2.49024e+10 5.87894e+07 2.56039e+07 2.52956e+07 1.32206e+07 47 129
297000 1.09102e+08 6.68084e+09 1.47265e+10 3.13868e+07 1.98278e+07 2.49141e+07 1.31847e+07 49 140
298000 1.11026e+08 6.7201e+09 1.79141e+10 3.61469e+07 2.60052e+07 2.61216e+07 1.4304e+07 46 132
299000 1.14687e+08 6.74317e+09 2.76424e+10 4.01941e+07 2.20966e+07 2.7519e+07 1.49716e+07 46 132
300000 1.1923e+08 6.74506e+09 3.249e+10 3.81045e+07 1.84757e+07 2.7556e+07 1.66901e+07 46 131
301000 1.20493e+08 6.74561e+09 2.21735e+10 3.37143e+07 1.60612e+07 3.0231e+07 1.80511e+07 47 139
302000 1.23933e+08 6.73732e+09 1.68342e+10 3.42354e+07 1.93125e+07 3.48736e+07 2.03722e+07 45 138
303000 1.25872e+08 6.70426e+09 1.54518e+10 2.9362e+07 1.84166e+07 3.08322e+07 1.64459e+07 50 149
304000 1.28141e+08 6.6562e+09 1.39736e+10 2.85916e+07 1.55654e+07 2.81286e+07 1.37894e+07 48 162
305000 1.31215e+08 6.60058e+09 2.08762e+10 3.34701e+07 2.42093e+07 3.18039e+07 1.63387e+07 45 160
306000 1.45012e+08 6.47662e+09 2.64554e+10 3.81324e+07 2.10213e+07 3.35719e+07 1.48045e+07 45 161
307000 1.56049e+08 6.29909e+09 2.05595e+10 4.18907e+07 2.17002e+07 2.94418e+07 1.2067e+07 44 182
308000 1.44473e+08 6.20106e+09 2.0545e+10 3.37634e+07 1.8017e+07 2.27425e+07 9.40288e+06 51 193
309000 1.26809e+08 6.19005e+09 2.27981e+10 3.74685e+07 1.84814e+07 1.93303e+07 8.81848e+06 44 201
310000 1.17782e+08 6.22637e+09 2.45582e+10 3.56335e+07 1.82271e+07 2.05627e+07 1.00851e+07 43 174
311000 1.13009e+08 6.28951e+09 1.28574e+10 2.8026e+07 1.52952e+07 2.3646e+07 1.25553e+07 50 174
312000 1.11842e+08 6.33588e+09 1.36164e+10 3.50467e+07 2.61655e+07 2.18442e+07 1.15833e+07 44 166
313000 1.13452e+08 6.359e+09 1.64629e+10 3.06905e+07 2.25993e+07 2.42245e+07 1.21989e+07 43 165
314000 1.17523e+08 6.36318e+09 1.71177e+10 2.96092e+07 2.0018e+07 2.42494e+07 1.19917e+07 46 170
315000 1.22344e+08 6.34809e+09 1.8836e+10 3.5544e+07 1.85925e+07 2.75504e+07 1.32733e+07 42 184
316000 1.24774e+08 6.3279e+09 1.99719e+10 3.7539e+07 2.16033e+07 2.75063e+07 1.59095e+07 42 177
317000 1.2156e+08 6.33501e+09 3.08014e+10 5.54451e+07 2.88128e+07 2.869e+07 1.64686e+07 46 157
318000 1.21031e+08 6.34603e+09 2.1364e+10 3.10352e+07 2.07303e+07 2.6023e+07 1.30293e+07 48 158
319000 1.20299e+08 6.35495e+09 2.23216e+10 1.26731e+08 7.0504e+07 2.68319e+07 1.41547e+07 45 150
320000 1.19252e+08 6.35339e+09 2.33975e+10 3.1938e+07 1.87525e+07 2.60613e+07 1.4758e+07 45 152
321000 1.14645e+08 6.37414e+09 2.94836e+10 3.24758e+07 1.74207e+07 2.34464e+07 1.20936e+07 44 158
322000 1.11726e+08 6.42087e+09 2.92954e+10 4.27712e+07 2.64016e+07 2.45962e+07 1.22019e+07 38 162
323000 1.12396e+08 6.46023e+09 2.34363e+10 3.4808e+07 2.36876e+07 2.45918e+07 1.30144e+07 43 149
324000 1.16822e+08 6.47023e+09 1.73888e+10 3.84338e+07 2.31827e+07 2.46741e+07 1.17997e+07 48 156
325000 1.23437e+08 6.45285e+09 1.07886e+10 3.75556e+07 2.30345e+07 2.49232e+07 1.29141e+07 49 158
326000 1.2069e+08 6.44062e+09 1.64578e+10 3.05102e+07 1.54993e+07 2.82525e+07 1.37111e+07 61 158
327000 1.22601e+08 6.44272e+09 2.05933e+10 3.2999e+07 1.81836e+07 2.5172e+07 1.36071e+07 62 147
328000 1.19753e+08 6.44356e+09 2.69064e+10 3.3191e+07 1.86634e+07 2.87031e+07 1.68734e+07 61 144
329000 1.17874e+08 6.45749e+09 2.0037e+10 3.01283e+07 1.46407e+07 2.43971e+07 1.32413e+07 53 157
330000 1.13564e+08 6.49425e+09 2.36055e+10 2.78185e+07 1.42337e+07 2.63056e+07 1.39847e+07 52 147
331000 1.14995e+08 6.5375e+09 1.5367e+10 2.59378e+07 1.36805e+07 2.62123e+07 1.38237e+07 57 140
332000 1.11103e+08 6.57686e+09 2.51766e+10 2.50608e+07 1.41077e+07 2.7637e+07 1.54216e+07 60 132
333000 1.17218e+08 6.60049e+09 1.35202e+10 4.94009e+07 3.76127e+07 2.89493e+07 1.54219e+07 52 144
334000 1.31918e+08 6.54691e+09 7.36828e+09 4.55095e+07 2.18757e+07 2.71452e+07 1.45908e+07 58 147
335000 1.35178e+08 6.46349e+09 1.99036e+10 3.96965e+07 1.93276e+07 3.02919e+07 1.80477e+07 63 141
336000 1.36648e+08 6.39397e+09 1.85587e+10 3.66128e+07 1.66022e+07 3.07687e+07 1.46411e+07 67 154
337000 1.33415e+08 6.34648e+09 2.0919e+10 3.19625e+07 1.55469e+07 2.68042e+07 1.44563e+07 70 140
338000 1.30704e+08 6.31455e+09 1.11966e+10 3.26053e+07 1.55505e+07 2.50203e+07 1.35123e+07 60 154
339000 1.25532e+08 6.30232e+09 1.9536e+10 3.35803e+07 1.95121e+07 2.56563e+07 1.30152e+07 53 153
340000 1.24706e+08 6.30183e+09 1.78122e+10 2.79133e+07 1.43592e+07 2.63976e+07 1.36355e+07 57 150
341000 1.22664e+08 6.30392e+09 3.12967e+10 3.03063e+07 1.77949e+07 3.02224e+07 1.58154e+07 48 135
342000 1.2825e+08 6.27581e+09 2.35444e+10 3.15643e+07 1.99523e+07 3.26834e+07 1.74209e+07 43 143
343000 1.22456e+08 6.25219e+09 3.38155e+10 3.1971e+07 2.12904e+07 2.85206e+07 1.43423e+07 41 142
344000 1.13983e+08 6.28476e+09 3.82711e+10 3.76097e+07 2.59808e+07 2.80744e+07 1.63683e+07 40 137
345000 1.13508e+08 6.33376e+09 3.30204e+10 3.28402e+07 2.08467e+07 3.39484e+07 1.99627e+07 35 139
346000 1.13187e+08 6.37203e+09 2.88471e+10 3.41868e+07 2.39268e+07 3.00636e+07 1.88756e+07 33 143
347000 1.17355e+08 6.38235e+09 2.22138e+10 3.99839e+07 2.69104e+07 2.85068e+07 1.63255e+07 38 144
348000 1.22833e+08 6.35142e+09 2.16453e+10 4.81295e+07 2.4831e+07 2.60538e+07 1.38801e+07 40 149
349000 1.29024e+08 6.31603e+09 1.20072e+10 4.30231e+07 2.31101e+07 2.55718e+07 1.34655e+07 43 156
350000 1.25214e+08 6.30107e+09 1.8286e+10 5.32868e+07 3.66362e+07 2.58005e+07 1.32722e+07 40 152
351000 1.20065e+08 6.29829e+09 2.11484e+10 4.36758e+07 2.80536e+07 2.60494e+07 1.39273e+07 37 145
352000 1.16389e+08 6.31944e+09 2.92085e+10 6.12827e+07 3.07686e+07 2.54115e+07 1.50591e+07 44 146
353000 1.12129e+08 6.356e+09 3.44763e+10 3.2071e+07 1.71656e+07 2.6969e+07 1.60484e+07 43 150
354000 1.11105e+08 6.39533e+09 2.73171e+10 3.62992e+07 2.20006e+07 2.84361e+07 1.78839e+07 43 142
355000 1.14643e+08 6.42054e+09 1.4366e+10 4.01126e+07 3.01782e+07 2.3209e+07 1.2472e+07 48 147
356000 1.18425e+08 6.42769e+09 1.27095e+10 3.80271e+07 1.90427e+07 2.22556e+07 1.22676e+07 55 155
357000 1.17476e+08 6.44043e+09 1.03092e+10 3.12633e+07 1.39576e+07 2.22208e+07 1.30337e+07 60 154
358000 1.16211e+08 6.47488e+09 1.39992e+10 3.12801e+07 1.73995e+07 2.4254e+07 1.38001e+07 55 145
359000 1.14098e+08 6.505e+09 1.83617e+10 2.85194e+07 1.63921e+07 2.59989e+07 1.45808e+07 50 143
360000 1.14127e+08 6.5191e+09 1.75805e+10 2.6029e+07 1.55139e+07 2.93365e+07 1.75989e+07 52 136
361000 1.21259e+08 6.5113e+09 1.18401e+10 2.34056e+07 1.36982e+07 3.85928e+07 1.9117e+07 62 144
362000 1.27594e+08 6.47315e+09 1.71315e+10 2.70104e+07 1.4639e+07 2.92495e+07 1.49976e+07 57 149
363000 1.30117e+08 6.40625e+09 1.87368e+10 2.33826e+07 1.1107e+07 2.81211e+07 1.28515e+07 66 163
364000 1.33566e+08 6.35441e+09 1.78969e+10 2.66055e+07 1.33969e+07 2.76111e+07 1.26537e+07 56 165
365000 1.29128e+08 6.33124e+09 1.73696e+10 2.86981e+07 1.63706e+07 2.96997e+07 1.62815e+07 52 158
366000 1.2396e+08 6.32491e+09 1.6935e+10 3.3371e+07 2.05122e+07 2.90397e+07 1.52764e+07 45 163
367000 1.27679e+08 6.30748e+09 8.7858e+09 3.64152e+07 2.34925e+07 2.50179e+07 1.39777e+07 46 170
368000 1.30484e+08 6.26409e+09 8.86767e+09 3.3991e+07 1.92835e+07 2.51633e+07 1.24547e+07 52 168
369000 1.25793e+08 6.23679e+09 2.39771e+10 3.19305e+07 1.60781e+07 2.39501e+07 1.13951e+07 51 164
370000 1.22111e+08 6.25009e+09 2.89252e+10 3.16066e+07 1.48404e+07 2.81272e+07 1.62711e+07 50 150
371000 1.15198e+08 6.28346e+09 3.63489e+10 3.04325e+07 1.66177e+07 2.67522e+07 1.43821e+07 44 140
372000 1.10786e+08 6.32726e+09 3.20575e+10 2.79715e+07 1.47261e+07 2.79891e+07 1.60792e+07 47 138
373000 1.09948e+08 6.3772e+09 2.22036e+10 2.88421e+07 1.85061e+07 2.46918e+07 1.3448e+07 45 148
374000 1.09825e+08 6.42467e+09 2.50268e+10 2.29137e+07 1.09666e+07 2.76611e+07 1.4952e+07 50 143
375000 1.12141e+08 6.4484e+09 3.32613e+10 2.63267e+07 1.36513e+07 2.85161e+07 1.40153e+07 44 143
376000 1.12912e+08 6.47635e+09 2.22922e+10 2.68322e+07 1.50527e+07 2.47372e+07 1.22237e+07 44 161
377000 1.09312e+08 6.53242e+09 1.66439e+10 3.09076e+07 1.85668e+07 2.22258e+07 1.12059e+07 42 163
378000 1.11233e+08 6.58398e+09 1.29908e+10 3.64181e+07 2.10745e+07 2.32568e+07 1.25522e+07 42 161
379000 1.17064e+08 6.59149e+09 1.13555e+10 4.21773e+07 2.51572e+07 2.49489e+07 1.41768e+07 41 151
380000 1.21985e+08 6.58194e+09 1.51219e+10 3.43874e+07 1.88973e+07 2.74146e+07 1.55015e+07 46 155
381000 1.24834e+08 6.54726e+09 1.41871e+10 3.27345e+07 1.86496e+07 2.67253e+07 1.33386e+07 45 166
382000 1.27008e+08 6.50722e+09 1.74842e+10 3.1217e+07 2.02366e+07 2.60738e+07 1.23741e+07 48 169
383000 1.28785e+08 6.46047e+09 1.24047e+10 2.89439e+07 1.51626e+07 2.55145e+07 1.23675e+07 50 177
384000 1.3353e+08 6.41928e+09 8.39553e+09 3.24298e+07 1.92468e+07 2.97728e+07 1.6293e+07 46 173
385000 1.33035e+08 6.36102e+09 7.05267e+09 2.8644e+07 1.67084e+07 2.90738e+07 1.33912e+07 45 176
386000 1.26479e+08 6.3282e+09 1.66335e+10 2.61562e+07 1.65107e+07 2.68884e+07 1.1709e+07 46 176
387000 1.21909e+08 6.33295e+09 7.36897e+09 2.48309e+07 1.55345e+07 2.37737e+07 1.17457e+07 44 184
388000 1.15673e+08 6.36208e+09 1.20274e+10 2.41039e+07 1.5614e+07 2.26408e+07 1.0914e+07 46 179
389000 1.13979e+08 6.39355e+09 1.35591e+10 2.72194e+07 1.50885e+07 2.28108e+07 1.20677e+07 47 172
390000 1.25206e+08 6.37486e+09 1.36393e+10 5.09477e+07 2.82506e+07 2.33137e+07 1.17628e+07 45 169
391000 1.31633e+08 6.30988e+09 1.33987e+10 4.30579e+07 1.8458e+07 2.35156e+07 1.24041e+07 48 167
392000 1.26243e+08 6.29329e+09 9.38622e+09 2.73538e+07 1.4177e+07 2.43582e+07 1.2954e+07 62 167
393000 1.19002e+08 6.31415e+09 1.64508e+10 2.46622e+07 1.36807e+07 2.4073e+07 1.30054e+07 58 161
394000 1.14221e+08 6.35767e+09 3.08391e+10 2.74193e+07 1.60972e+07 2.57948e+07 1.38818e+07 52 153
395000 1.15844e+08 6.39106e+09 2.46644e+10 2.59401e+07 1.50621e+07 2.80752e+07 1.68042e+07 50 147
396000 1.19335e+08 6.40091e+09 2.84101e+10 3.71255e+07 2.67151e+07 3.10571e+07 1.64467e+07 51 150
397000 1.20226e+08 6.39597e+09 2.65596e+10 2.57187e+07 1.59965e+07 2.78369e+07 1.32404e+07 48 151
398000 1.1648e+08 6.43045e+09 2.4375e+10 2.93264e+07 1.90832e+07 2.70291e+07 1.46348e+07 46 144
399000 1.09723e+08 6.46712e+09 1.97347e+10 2.24361e+07 1.15327e+07 2.45499e+07 1.32583e+07 50 153
400000 1.09073e+08 6.51863e+09 1.40227e+10 2.76626e+07 1.74993e+07 2.57148e+07 1.46715e+07 42 162
401000 1.13559e+08 6.53536e+09 2.04392e+10 2.95396e+07 1.16059e+07 2.61224e+07 1.49051e+07 50 158
402000 1.24564e+08 6.51847e+09 2.20235e+10 3.10605e+07 1.36093e+07 2.96697e+07 1.72091e+07 52 146
403000 1.27458e+08 6.51122e+09 1.59354e+10 2.93441e+07 1.63365e+07 3.38338e+07 1.91065e+07 48 142
404000 1.22739e+08 6.49534e+09 2.60397e+10 2.80893e+07 1.61576e+07 3.36241e+07 1.95452e+07 46 134
405000 1.23576e+08 6.47621e+09 2.05228e+10 2.77413e+07 1.60659e+07 3.23635e+07 2.00462e+07 47 137
406000 1.26121e+08 6.45237e+09 2.35492e+10 2.54051e+07 1.20426e+07 3.43687e+07 2.05826e+07 50 138
407000 1.25814e+08 6.42409e+09 2.40316e+10 2.67927e+07 1.33486e+07 3.5615e+07 2.04068e+07 45 149
408000 1.24682e+08 6.41808e+09 1.60808e+10 2.47798e+07 1.24571e+07 3.36953e+07 1.95824e+07 47 150
409000 1.18903e+08 6.41072e+09 1.35704e+10 2.34882e+07 1.1539e+07 2.7727e+07 1.41962e+07 47 157
410000 1.19632e+08 6.41874e+09 1.23493e+10 2.25471e+07 1.17899e+07 2.79856e+07 1.46442e+07 47 154
411000 1.10297e+08 6.45528e+09 3.2031e+10 2.15909e+07 1.13978e+07 2.47721e+07 1.23592e+07 43 163
412000 1.10273e+08 6.50127e+09 2.02732e+10 2.78164e+07 1.73977e+07 2.27444e+07 1.11361e+07 41 174
413000 1.17467e+08 6.51971e+09 1.95092e+10 3.53787e+07 1.61572e+07 2.45146e+07 1.35357e+07 45 160
414000 1.19976e+08 6.51915e+09 2.31048e+10 3.77583e+07 1.87135e+07 2.90567e+07 1.71621e+07 38 152
415000 1.17929e+08 6.53166e+09 2.61863e+10 2.8335e+07 1.42095e+07 2.79811e+07 1.60938e+07 41 153
416000 1.20587e+08 6.52781e+09 3.03972e+10 3.12457e+07 1.60682e+07 2.93886e+07 1.58024e+07 41 150
417000 1.22857e+08 6.51807e+09 2.43328e+10 2.85386e+07 1.33655e+07 2.71404e+07 1.48671e+07 42 158
418000 1.1544e+08 6.54131e+09 3.57382e+10 2.56868e+07 1.24332e+07 4.58553e+07 3.39704e+07 40 156
419000 1.16766e+08 6.57048e+09 2.28412e+10 2.73656e+07 1.78548e+07 2.70739e+07 1.49751e+07 40 157
420000 1.19036e+08 6.57157e+09 1.86485e+10 3.16671e+07 1.85075e+07 2.79682e+07 1.49107e+07 40 156
421000 1.26058e+08 6.53828e+09 1.76264e+10 3.93671e+07 2.54486e+07 2.82442e+07 1.45378e+07 40 156
422000 1.31717e+08 6.49803e+09 1.32423e+10 3.97917e+07 2.13771e+07 2.76958e+07 1.51358e+07 40 163
423000 1.28192e+08 6.47648e+09 1.348e+10 3.70261e+07 2.24782e+07 2.78329e+07 1.62582e+07 39 153
424000 1.20643e+08 6.47738e+09 1.34535e+10 2.87485e+07 1.53658e+07 2.67507e+07 1.428e+07 46 152
425000 1.17838e+08 6.4978e+09 1.30375e+10 3.02796e+07 1.96236e+07 2.99023e+07 1.81869e+07 44 152
426000 1.15597e+08 6.51506e+09 1.95601e+10 3.4286e+07 2.11674e+07 2.78366e+07 1.58906e+07 39 144
427000 1.20745e+08 6.50542e+09 1.79762e+10 4.6523e+07 3.0901e+07 2.67327e+07 1.46479e+07 41 153
428000 1.31559e+08 6.44641e+09 1.39508e+10 4.32167e+07 2.01493e+07 2.834e+07 1.50165e+07 45 158
429000 1.34866e+08 6.37737e+09 1.39027e+10 3.4825e+07 1.63812e+07 2.67877e+07 1.24552e+07 43 173
430000 1.28503e+08 6.34284e+09 1.91703e+10 3.56171e+07 2.17258e+07 2.71894e+07 1.36188e+07 35 166
431000 1.22501e+08 6.34179e+09 1.9352e+10 2.83269e+07 1.85133e+07 2.84609e+07 1.49897e+07 40 172
432000 1.19274e+08 6.34838e+09 1.64219e+10 2.7304e+07 1.95684e+07 2.90481e+07 1.59688e+07 39 168
433000 1.16532e+08 6.37024e+09 1.86431e+10 2.64546e+07 1.7234e+07 2.50525e+07 1.21778e+07 40 166
434000 1.12477e+08 6.40669e+09 2.4288e+10 3.01029e+07 1.86631e+07 2.46905e+07 1.27804e+07 34 169
435000 1.08483e+08 6.4486e+09 2.0349e+10 2.86729e+07 1.31615e+07 2.32939e+07 1.19152e+07 36 169
436000 1.08806e+08 6.51184e+09 2.10355e+10 3.117e+07 1.62352e+07 2.72424e+07 1.58835e+07 35 151
437000 1.11038e+08 6.55632e+09 1.01789e+10 2.60496e+07 1.36777e+07 2.89239e+07 1.84182e+07 40 156
438000 1.13522e+08 6.58575e+09 1.73454e+10 2.92887e+07 1.65276e+07 2.66332e+07 1.54675e+07 41 154
439000 1.20762e+08 6.56606e+09 2.45089e+10 4.5863e+07 1.63503e+07 2.68834e+07 1.47344e+07 42 154
440000 1.24879e+08 6.54831e+09 1.27973e+10 3.94797e+07 1.76015e+07 2.78885e+07 1.76104e+07 37 161
441000 1.15235e+08 6.58285e+09 2.68682e+10 2.67564e+07 1.31956e+07 2.70127e+07 1.55439e+07 39 156
442000 1.17837e+08 6.59526e+09 1.35432e+10 2.26739e+07 1.14658e+07 3.34606e+07 2.04681e+07 41 149
443000 1.22311e+08 6.58246e+09 9.5713e+09 2.29355e+07 1.13191e+07 3.36372e+07 2.04098e+07 40 144
444000 1.23388e+08 6.55393e+09 1.43038e+10 4.93272e+07 3.95356e+07 2.9171e+07 1.50069e+07 33 167
445000 1.28572e+08 6.51072e+09 1.23925e+10 3.79208e+07 2.00767e+07 2.6306e+07 1.28917e+07 36 178
446000 1.32881e+08 6.44048e+09 1.96952e+10 4.11797e+07 1.67908e+07 2.65849e+07 1.35557e+07 39 174
447000 1.3152e+08 6.40919e+09 1.87635e+10 3.79331e+07 2.11073e+07 2.75325e+07 1.51666e+07 35 166
448000 1.23065e+08 6.40133e+09 2.58374e+10 3.0051e+07 1.63867e+07 2.69479e+07 1.41944e+07 42 163
449000 1.18036e+08 6.41317e+09 2.36726e+10 2.63915e+07 1.39103e+07 2.8188e+07 1.48663e+07 40 159
450000 1.17403e+08 6.43286e+09 2.07362e+10 2.78704e+07 1.69149e+07 2.65325e+07 1.28567e+07 41 158
451000 1.17218e+08 6.45084e+09 2.06738e+10 3.53942e+07 1.98323e+07 2.56099e+07 1.29986e+07 36 165
452000 1.15801e+08 6.48258e+09 1.91282e+10 3.80828e+07 2.04142e+07 2.47196e+07 1.30752e+07 33 158
453000 1.0739e+08 6.54752e+09 2.57517e+10 3.20204e+07 1.91279e+07 2.3043e+07 1.17167e+07 34 165
454000 1.04363e+08 6.62291e+09 2.03879e+10 3.1071e+07 1.88659e+07 2.31274e+07 1.2298e+07 34 158
455000 1.01823e+08 6.69904e+09 2.08768e+10 2.71521e+07 1.32364e+07 2.32581e+07 1.17026e+07 38 159
456000 1.03035e+08 6.77136e+09 3.03961e+10 3.02493e+07 1.69405e+07 2.63656e+07 1.48599e+07 29 143
457000 1.07165e+08 6.8095e+09 3.63718e+10 3.61352e+07 2.41621e+07 2.61198e+07 1.35154e+07 27 161
458000 1.2075e+08 6.79987e+09 2.46872e+10 3.67752e+07 1.90479e+07 2.99821e+07 1.71764e+07 28 164
459000 1.22927e+08 6.77334e+09 2.21691e+10 2.66848e+07 1.08001e+07 2.82139e+07 1.39053e+07 33 168
460000 1.21458e+08 6.77351e+09 1.57293e+10 2.10221e+07 8.79442e+06 2.87213e+07 1.4717e+07 31 169
461000 1.17221e+08 6.79562e+09 2.7307e+10 2.29995e+07 1.10594e+07 3.0245e+07 1.74371e+07 24 159
462000 1.20565e+08 6.80355e+09 2.14152e+10 2.06334e+07 1.00465e+07 3.20468e+07 1.83875e+07 25 160
463000 1.2054e+08 6.78031e+09 2.09656e+10 1.87272e+07 9.59264e+06 3e+07 1.60018e+07 26 169
464000 1.18306e+08 6.78881e+09 2.9056e+10 1.99398e+07 1.11642e+07 3.00454e+07 1.69494e+07 26 162
465000 1.21655e+08 6.79217e+09 2.44799e+10 2.40981e+07 1.32105e+07 2.96921e+07 1.65589e+07 21 174
466000 1.22253e+08 6.76997e+09 2.33318e+10 3.09144e+07 2.17501e+07 3.21543e+07 1.81873e+07 18 174
467000 1.20683e+08 6.77136e+09 1.85645e+10 4.2683e+07 3.41631e+07 2.84141e+07 1.65363e+07 16 174
468000 1.30507e+08 6.70914e+09 2.7017e+10 1.12023e+08 4.0891e+07 2.52498e+07 1.33076e+07 21 185
469000 1.47451e+08 6.55485e+09 2.53327e+10 5.80648e+07 1.82294e+07 2.63321e+07 1.31979e+07 34 171
470000 1.30769e+08 6.51815e+09 2.17357e+10 3.70875e+07 1.52204e+07 2.46089e+07 1.18003e+07 31 186
471000 1.22301e+08 6.51608e+09 9.87047e+09 2.40242e+07 1.03854e+07 2.34861e+07 1.03303e+07 34 198
472000 1.17691e+08 6.54117e+09 7.88509e+09 2.4276e+07 1.46736e+07 2.44453e+07 1.24549e+07 33 186
473000 1.14577e+08 6.57404e+09 8.97784e+09 2.18611e+07 1.39233e+07 2.41306e+07 1.20212e+07 35 185
474000 1.1959e+08 6.59081e+09 1.21398e+10 3.00815e+07 1.67066e+07 2.65708e+07 1.454e+07 34 173
475000 1.26703e+08 6.54882e+09 8.40863e+09 3.64668e+07 1.82658e+07 2.87699e+07 1.53067e+07 38 176
476000 1.30638e+08 6.4849e+09 2.84215e+10 3.23266e+07 1.11224e+07 2.91253e+07 1.45684e+07 36 170
477000 1.3688e+08 6.39641e+09 2.56101e+10 2.79475e+07 1.1105e+07 3.03783e+07 1.37028e+07 34 181
478000 1.302e+08 6.35689e+09 1.9674e+10 2.62571e+07 1.25995e+07 2.7494e+07 1.42272e+07 30 188
479000 1.19073e+08 6.37434e+09 2.2366e+10 2.00067e+07 8.66327e+06 2.42318e+07 1.29582e+07 33 194
480000 1.15575e+08 6.40744e+09 2.02597e+10 1.83998e+07 6.59185e+06 2.78667e+07 1.60978e+07 30 183
481000 1.11963e+08 6.43774e+09 2.56472e+10 2.6154e+07 1.16111e+07 2.69057e+07 1.39978e+07 26 176
482000 1.11078e+08 6.46866e+09 2.29965e+10 2.00772e+07 8.94319e+06 2.41511e+07 1.16174e+07 26 190
483000 1.11234e+08 6.51457e+09 1.96551e+10 2.68502e+07 1.4821e+07 2.39665e+07 1.17848e+07 22 188
484000 1.10193e+08 6.55873e+09 1.93851e+10 3.00964e+07 1.94985e+07 2.52183e+07 1.33922e+07 17 193
485000 1.10014e+08 6.58538e+09 2.36251e+10 3.05878e+07 2.24671e+07 2.44628e+07 1.22996e+07 16 197
486000 1.13506e+08 6.60678e+09 2.99914e+10 2.67062e+07 1.73356e+07 2.91527e+07 1.55063e+07 17 173
487000 1.1513e+08 6.619e+09 3.5161e+10 3.25746e+07 1.9158e+07 2.70043e+07 1.36275e+07 18 180
488000 1.19385e+08 6.60931e+09 2.54592e+10 3.94972e+07 2.41018e+07 2.43001e+07 1.07225e+07 18 201
489000 1.2015e+08 6.61807e+09 2.30312e+10 6.70195e+07 4.62301e+07 2.54731e+07 1.21798e+07 16 181
490000 1.16623e+08 6.62904e+09 1.60144e+10 4.21804e+07 3.11492e+07 2.24363e+07 1.128e+07 24 190
491000 1.18699e+08 6.64232e+09 2.18386e+10 5.55788e+07 3.26565e+07 2.66449e+07 1.53115e+07 23 178
492000 1.26823e+08 6.60921e+09 2.37657e+10 6.26225e+07 3.50515e+07 2.54516e+07 1.27755e+07 23 190
493000 1.3167e+08 6.56013e+09 1.5702e+10 4.3661e+07 2.3907e+07 2.75151e+07 1.40964e+07 27 178
494000 1.27962e+08 6.51519e+09 2.35719e+10 3.42453e+07 1.70704e+07 2.80058e+07 1.35233e+07 27 176
495000 1.25758e+08 6.48646e+09 2.25508e+10 2.55146e+07 1.18901e+07 2.84579e+07 1.44163e+07 31 176
496000 1.28047e+08 6.46993e+09 1.79163e+10 3.02882e+07 2.08278e+07 3.21227e+07 1.86163e+07 30 184
497000 1.2646e+08 6.44466e+09 2.23715e+10 4.36403e+07 2.86384e+07 2.62196e+07 1.3088e+07 25 180
498000 1.26643e+08 6.40897e+09 2.31782e+10 4.58944e+07 2.46978e+07 3.33997e+07 1.8207e+07 27 180
499000 1.24104e+08 6.39312e+09 2.70071e+10 3.89645e+07 1.80858e+07 2.42979e+07 1.24213e+07 27 189
500000 1.24624e+08 6.37945e+09 1.89649e+10 3.9081e+07 2.04173e+07 3.19302e+07 1.91834e+07 27 186
501000 1.30994e+08 6.34574e+09 1.28055e+10 4.17935e+07 2.32444e+07 2.78813e+07 1.46802e+07 23 187
502000 1.29718e+08 6.29638e+09 1.65436e+10 2.71197e+07 1.27229e+07 2.78724e+07 1.45409e+07 31 185
503000 1.25995e+08 6.26396e+09 1.80197e+10 2.49293e+07 1.29877e+07 2.89717e+07 1.5774e+07 30 182
504000 1.22443e+08 6.2607e+09 2.76353e+10 2.66407e+07 1.51749e+07 2.81549e+07 1.54575e+07 25 174
505000 1.19839e+08 6.25748e+09 2.13535e+10 2.52531e+07 1.36993e+07 2.66538e+07 1.38901e+07 27 180
506000 1.18589e+08 6.25725e+09 1.60428e+10 2.32282e+07 1.38738e+07 2.50729e+07 1.30794e+07 30 188
507000 1.1693e+08 6.28717e+09 2.47032e+10 3.61925e+07 3.00744e+07 2.50712e+07 1.34968e+07 23 182
508000 1.16105e+08 6.3093e+09 1.92786e+10 3.32863e+07 1.96502e+07 2.59626e+07 1.41718e+07 25 172
509000 1.12991e+08 6.33394e+09 1.94756e+10 4.09738e+07 2.58421e+07 2.42833e+07 1.26232e+07 21 177
510000 1.09935e+08 6.3811e+09 1.70399e+10 3.31237e+07 1.85544e+07 2.34764e+07 1.25803e+07 22 182
511000 1.06845e+08 6.43706e+09 2.09113e+10 3.78459e+07 2.77839e+07 2.33346e+07 1.30223e+07 20 176
512000 1.09949e+08 6.48509e+09 1.2745e+10 3.84886e+07 2.84072e+07 2.36648e+07 1.33795e+07 23 177
513000 1.13011e+08 6.50441e+09 1.58824e+10 3.62904e+07 2.46555e+07 2.33621e+07 1.22543e+07 27 186
514000 1.20536e+08 6.48994e+09 7.46452e+09 3.38413e+07 1.98048e+07 2.58822e+07 1.407e+07 32 185
515000 1.25147e+08 6.46051e+09 9.84855e+09 3.09277e+07 1.71942e+07 2.63679e+07 1.3472e+07 34 182
516000 1.26332e+08 6.4267e+09 1.12141e+10 2.80896e+07 1.47121e+07 2.68918e+07 1.42149e+07 34 182
517000 1.24604e+08 6.40372e+09 1.55204e+10 3.15217e+07 1.83977e+07 2.58392e+07 1.2485e+07 30 185
518000 1.21717e+08 6.3948e+09 1.29248e+10 3.13488e+07 1.86799e+07 2.49109e+07 1.18938e+07 29 184
519000 1.15597e+08 6.4174e+09 2.5324e+10 3.56943e+07 2.23086e+07 2.35944e+07 1.14403e+07 26 179
520000 1.13879e+08 6.44314e+09 2.49071e+10 3.33952e+07 1.99767e+07 2.36287e+07 1.17336e+07 26 185
521000 1.16034e+08 6.46019e+09 1.82779e+10 2.77893e+07 1.46598e+07 2.55757e+07 1.21788e+07 29 194
522000 1.18089e+08 6.4688e+09 1.49364e+10 3.85941e+07 2.55902e+07 2.53157e+07 1.2739e+07 28 186
523000 1.17093e+08 6.47637e+09 1.83424e+10 2.56235e+07 1.44741e+07 2.43814e+07 1.21537e+07 29 189
524000 1.14092e+08 6.48886e+09 2.41792e+10 3.48464e+07 2.455e+07 2.37497e+07 1.13991e+07 23 188
525000 1.15102e+08 6.51649e+09 1.95885e+10 3.35463e+07 2.55151e+07 2.9764e+07 1.44415e+07 24 180
526000 1.14891e+08 6.55018e+09 1.58819e+10 4.60569e+07 3.70847e+07 2.49096e+07 1.26034e+07 25 185
527000 1.16099e+08 6.57787e+09 1.23154e+10 2.96376e+07 2.11206e+07 2.67453e+07 1.43704e+07 24 173
528000 1.17586e+08 6.58068e+09 2.02781e+10 3.04495e+07 1.90908e+07 3.00644e+07 1.62617e+07 25 160
529000 1.20849e+08 6.57535e+09 2.75676e+10 3.71246e+07 2.04807e+07 5.81014e+07 4.50665e+07 27 168
530000 1.23717e+08 6.55479e+09 1.96129e+10 4.18192e+07 2.05144e+07 2.57602e+07 1.29676e+07 30 171
531000 1.25974e+08 6.54457e+09 2.2619e+10 4.80064e+07 2.4861e+07 2.79098e+07 1.63755e+07 35 161
532000 1.31988e+08 6.48762e+09 1.12877e+10 4.22825e+07 1.5055e+07 2.59731e+07 1.50985e+07 44 166
533000 1.20352e+08 6.49597e+09 2.19977e+10 3.08509e+07 1.20261e+07 2.60257e+07 1.50567e+07 36 157
534000 1.09683e+08 6.54917e+09 4.0133e+10 2.11847e+07 1.08343e+07 3.12425e+07 2.06062e+07 36 148
535000 1.05689e+08 6.61738e+09 5.80303e+10 2.27392e+07 1.23253e+07 3.16315e+07 1.97426e+07 33 136
536000 1.14079e+08 6.64055e+09 3.04946e+10 4.62855e+07 3.56844e+07 4.03542e+07 2.64774e+07 33 148
537000 1.17695e+08 6.63881e+09 2.59534e+10 2.66357e+07 1.43978e+07 2.97669e+07 1.58283e+07 29 160
538000 1.17274e+08 6.63833e+09 2.83491e+10 3.01033e+07 1.61931e+07 2.78762e+07 1.49249e+07 27 167
539000 1.18805e+08 6.65107e+09 1.81722e+10 2.90616e+07 1.37245e+07 2.64292e+07 1.46915e+07 29 175
540000 1.21291e+08 6.64372e+09 1.08898e+10 2.86989e+07 1.58988e+07 2.77381e+07 1.46314e+07 28 179
541000 1.24718e+08 6.61124e+09 1.98283e+10 2.22933e+07 9.18268e+06 3.31907e+07 1.90572e+07 26 172
542000 1.26355e+08 6.59104e+09 2.10181e+10 2.23826e+07 1.09359e+07 3.54676e+07 2.22807e+07 22 168
543000 1.21709e+08 6.58937e+09 2.16551e+10 2.40736e+07 1.40307e+07 3.12831e+07 1.75232e+07 19 166
544000 1.22597e+08 6.58655e+09 1.74437e+10 2.73676e+07 1.95571e+07 3.14568e+07 1.82603e+07 16 178
545000 1.26105e+08 6.52648e+09 3.32956e+10 2.46931e+07 1.77528e+07 3.47198e+07 1.89565e+07 14 174
546000 1.22151e+08 6.49798e+09 3.30954e+10 1.87522e+07 9.77769e+06 2.67976e+07 1.29559e+07 16 196
547000 1.26688e+08 6.48221e+09 1.41353e+10 1.87169e+07 9.67758e+06 3.30509e+07 1.78492e+07 15 193
548000 1.32536e+08 6.41502e+09 1.35746e+10 2.27322e+07 1.07208e+07 3.03554e+07 1.48286e+07 16 195
549000 1.28132e+08 6.36516e+09 1.20706e+10 1.9834e+07 8.38044e+06 3.80363e+07 2.49981e+07 15 201
550000 1.22325e+08 6.35791e+09 1.60788e+10 1.95051e+07 7.89211e+06 2.61278e+07 1.40225e+07 13 202
551000 1.16981e+08 6.36999e+09 1.7359e+10 2.90128e+07 1.51575e+07 2.67387e+07 1.49352e+07 10 205
552000 1.16182e+08 6.38816e+09 1.28727e+10 2.97996e+07 1.66733e+07 2.48994e+07 1.41723e+07 11 203
553000 1.14579e+08 6.40387e+09 1.62711e+10 2.26691e+07 9.93683e+06 2.35056e+07 1.2296e+07 14 210
554000 1.12412e+08 6.41947e+09 1.58618e+10 2.03427e+07 7.04048e+06 2.30069e+07 1.13562e+07 15 212
555000 1.12513e+08 6.45484e+09 1.91385e+10 3.03637e+07 2.00823e+07 2.44226e+07 1.29113e+07 11 198
556000 1.08755e+08 6.49782e+09 2.68295e+10 3.49174e+07 2.30681e+07 2.26012e+07 1.08187e+07 10 205
557000 1.09309e+08 6.55879e+09 2.63849e+10 3.06706e+07 1.97688e+07 2.56455e+07 1.29487e+07 11 181
558000 1.06937e+08 6.61521e+09 2.58944e+10 3.13492e+07 2.40971e+07 2.52299e+07 1.28043e+07 11 179
559000 1.06526e+08 6.66679e+09 2.33237e+10 3.699e+07 2.25241e+07 2.69818e+07 1.46814e+07 12 176
560000 1.11326e+08 6.70776e+09 1.72018e+10 4.16546e+07 2.31751e+07 2.75277e+07 1.5467e+07 14 180
561000 1.14475e+08 6.71931e+09 2.03369e+10 3.3762e+07 1.64865e+07 2.71401e+07 1.51177e+07 18 176
562000 1.18219e+08 6.71008e+09 2.7513e+10 2.78928e+07 1.20002e+07 3.15585e+07 1.7174e+07 16 166
563000 1.24741e+08 6.68376e+09 1.9969e+10 2.97652e+07 1.81813e+07 3.20498e+07 1.82688e+07 19 164
564000 1.23113e+08 6.65512e+09 1.40439e+10 3.02348e+07 1.86506e+07 2.79358e+07 1.40536e+07 20 186
565000 1.27476e+08 6.60721e+09 1.30778e+10 3.09465e+07 1.8836e+07 2.72983e+07 1.19238e+07 20 201
566000 1.27263e+08 6.54988e+09 1.87514e+10 3.40141e+07 1.54247e+07 2.60598e+07 1.19881e+07 25 201
567000 1.25815e+08 6.53021e+09 1.49141e+10 3.48581e+07 1.19987e+07 2.37742e+07 1.12949e+07 26 202
568000 1.2494e+08 6.51537e+09 8.2156e+09 5.87991e+07 2.37142e+07 2.32208e+07 1.13344e+07 23 210
569000 1.22511e+08 6.50463e+09 1.52934e+10 2.70801e+07 1.19309e+07 3.34554e+07 1.7129e+07 26 200
570000 1.24108e+08 6.49137e+09 8.86963e+09 2.57289e+07 1.42971e+07 2.53041e+07 1.33905e+07 24 202
571000 1.22431e+08 6.47554e+09 1.0618e+10 2.70307e+07 1.48395e+07 2.49689e+07 1.29861e+07 22 207
572000 1.2699e+08 6.45059e+09 1.08593e+10 3.02641e+07 1.78696e+07 2.64198e+07 1.36309e+07 22 202
573000 1.31202e+08 6.40472e+09 1.75751e+10 3.70283e+07 2.29551e+07 2.78967e+07 1.44337e+07 19 195
574000 1.35767e+08 6.3425e+09 1.91287e+10 3.64566e+07 1.68638e+07 3.18893e+07 1.73453e+07 21 177
575000 1.3819e+08 6.25623e+09 8.36868e+09 3.89052e+07 1.77888e+07 2.96567e+07 1.57881e+07 20 204
576000 1.3316e+08 6.20638e+09 1.19725e+10 3.90374e+07 2.10107e+07 2.77463e+07 1.48556e+07 18 189
577000 1.23006e+08 6.18467e+09 1.22569e+10 2.78953e+07 1.49174e+07 3.14706e+07 1.92431e+07 19 195
578000 1.16899e+08 6.19967e+09 1.73455e+10 2.24792e+07 1.37048e+07 2.49266e+07 1.24248e+07 18 192
579000 1.13053e+08 6.23384e+09 1.87533e+10 2.08766e+07 1.33138e+07 2.48435e+07 1.28812e+07 19 199
580000 1.09939e+08 6.27657e+09 1.79028e+10 6.18489e+07 5.57636e+07 2.33464e+07 1.27907e+07 18 194
581000 1.07089e+08 6.32679e+09 1.54437e+10 2.29176e+07 1.18256e+07 2.20152e+07 1.0678e+07 17 203
582000 1.06728e+08 6.39084e+09 1.28342e+10 3.22464e+07 2.57921e+07 2.31795e+07 1.24241e+07 13 194
583000 1.04254e+08 6.45729e+09 1.89543e+10 2.71824e+07 1.40386e+07 2.35265e+07 1.25507e+07 14 185
584000 1.02523e+08 6.52709e+09 1.91441e+10 3.20686e+07 2.02939e+07 2.32699e+07 1.2377e+07 12 185
585000 1.02687e+08 6.61285e+09 2.50599e+10 3.61018e+07 2.22922e+07 2.41776e+07 1.40734e+07 12 176
586000 1.03609e+08 6.68447e+09 2.04489e+10 5.69529e+07 5.05382e+07 2.3899e+07 1.29383e+07 9 182
587000 1.01968e+08 6.74783e+09 2.6033e+10 5.3924e+07 4.56596e+07 2.40572e+07 1.29774e+07 8 177
588000 1.0072e+08 6.81977e+09 3.12198e+10 4.29588e+07 2.56254e+07 2.62168e+07 1.47736e+07 7 174
589000 1.0616e+08 6.86718e+09 2.2885e+10 3.67061e+07 2.08048e+07 2.73877e+07 1.53202e+07 10 171
590000 1.10659e+08 6.88703e+09 1.80427e+10 2.93773e+07 1.78655e+07 4.07419e+07 2.48168e+07 11 185
591000 1.134e+08 6.91329e+09 1.81662e+10 3.76689e+07 2.88103e+07 2.89227e+07 1.70767e+07 9 176
592000 1.12621e+08 6.93689e+09 2.29784e+10 3.50317e+07 2.12682e+07 2.72314e+07 1.45856e+07 7 184
593000 1.15576e+08 6.94009e+09 3.19607e+10 4.63028e+07 3.77581e+07 3.05412e+07 1.68793e+07 4 176
594000 1.24998e+08 6.903e+09 2.63381e+10 3.1918e+07 2.2138e+07 3.35419e+07 1.86186e+07 5 181
595000 1.30893e+08 6.83957e+09 1.95224e+10 1.71101e+07 6.86815e+06 3.10094e+07 1.62424e+07 8 196
596000 1.29595e+08 6.77848e+09 1.70733e+10 2.84708e+07 2.12763e+07 2.85987e+07 1.32411e+07 5 204
597000 1.30895e+08 6.7235e+09 1.1756e+10 2.48452e+07 1.85259e+07 2.97997e+07 1.56101e+07 5 206
598000 1.30672e+08 6.65763e+09 1.94303e+10 2.12663e+07 1.06332e+07 2.87417e+07 1.38186e+07 6 212
599000 1.37271e+08 6.57376e+09 2.08762e+10 2.85052e+07 2.12907e+07 3.66991e+07 1.50006e+07 5 205
600000 1.35011e+08 6.51388e+09 1.62624e+10 2.06262e+07 1.45314e+07 2.82517e+07 1.33295e+07 8 213
601000 1.30625e+08 6.4614e+09 1.49546e+10 1.79891e+07 1.16543e+07 2.7545e+07 1.30507e+07 10 211
602000 1.23041e+08 6.44889e+09 1.6268e+10 2.50451e+07 1.54333e+07 2.5087e+07 1.20845e+07 9 210
603000 1.16288e+08 6.47698e+09 1.14743e+10 3.55569e+07 2.21041e+07 2.34989e+07 1.19902e+07 8 211
604000 1.10024e+08 6.52403e+09 1.8801e+10 5.82338e+07 4.57726e+07 2.19183e+07 1.07038e+07 6 209
605000 1.07633e+08 6.57865e+09 1.31978e+10 6.61094e+07 4.06952e+07 2.21295e+07 1.18734e+07 5 206
606000 1.0447e+08 6.63494e+09 1.42784e+10 3.8153e+07 1.74166e+07 2.17035e+07 1.12647e+07 7 210
607000 1.13856e+08 6.65477e+09 1.39248e+10 1.34208e+08 6.4845e+07 2.51919e+07 1.48302e+07 8 209
608000 1.34602e+08 6.54669e+09 8.81396e+09 1.15293e+08 2.44738e+07 2.4044e+07 1.27297e+07 10 214
609000 1.29045e+08 6.51928e+09 1.73897e+10 3.08731e+07 1.1505e+07 2.91263e+07 1.73719e+07 15 200
610000 1.23896e+08 6.50075e+09 1.93792e+10 1.90872e+07 9.41363e+06 2.50931e+07 1.24763e+07 15 212
611000 1.22427e+08 6.49123e+09 2.67981e+10 2.17773e+07 1.33737e+07 2.63222e+07 1.36966e+07 12 204
612000 1.21319e+08 6.47409e+09 2.3354e+10 1.85314e+07 8.54039e+06 2.64083e+07 1.23664e+07 12 208
613000 1.20307e+08 6.46271e+09 1.2525e+10 1.5558e+07 7.4298e+06 2.3539e+07 1.1647e+07 12 228
614000 1.20004e+08 6.47366e+09 1.1934e+10 1.41999e+07 6.78651e+06 2.4064e+07 1.15249e+07 13 219
615000 1.18239e+08 6.47326e+09 1.40653e+10 1.96492e+07 1.0405e+07 2.37648e+07 1.17131e+07 10 222
616000 1.17223e+08 6.48187e+09 2.06604e+10 1.83408e+07 1.07528e+07 2.54833e+07 1.19841e+07 10 206
617000 1.17512e+08 6.47735e+09 1.72724e+10 1.89105e+07 1.18421e+07 2.52062e+07 1.21457e+07 11 209
618000 1.23257e+08 6.47312e+09 1.53619e+10 2.29335e+07 1.07757e+07 4.06927e+07 1.93709e+07 11 197
619000 1.23017e+08 6.44113e+09 1.56553e+10 2.68469e+07 2.08439e+07 2.48509e+07 1.1357e+07 12 218
620000 1.18868e+08 6.44211e+09 2.75461e+10 2.68647e+07 1.26188e+07 2.47191e+07 1.20729e+07 12 206
621000 1.20342e+08 6.45346e+09 2.02961e+10 2.27525e+07 9.80093e+06 2.64282e+07 1.38239e+07 12 196
622000 1.20956e+08 6.45106e+09 1.90085e+10 2.7747e+07 1.84775e+07 2.74268e+07 1.60813e+07 9 198
623000 1.20894e+08 6.4425e+09 1.82122e+10 2.11379e+07 1.05472e+07 3.09268e+07 1.8225e+07 9 191
624000 1.20386e+08 6.4329e+09 8.81089e+09 2.30735e+07 1.39842e+07 2.69041e+07 1.49071e+07 11 198
625000 1.19583e+08 6.45068e+09 1.44882e+10 3.54765e+07 2.46391e+07 2.78153e+07 1.59867e+07 8 192
626000 1.13597e+08 6.46631e+09 2.86272e+10 2.97777e+07 1.46175e+07 2.54109e+07 1.29523e+07 10 189
627000 1.10427e+08 6.50554e+09 2.72819e+10 4.11397e+07 3.11349e+07 2.48552e+07 1.34013e+07 8 192
628000 1.11114e+08 6.54206e+09 2.73849e+10 3.56457e+07 2.20712e+07 2.68778e+07 1.42993e+07 9 180
629000 1.17199e+08 6.56191e+09 2.17274e+10 3.17473e+07 2.18793e+07 3.05385e+07 1.7202e+07 10 169
630000 1.17771e+08 6.56041e+09 2.2543e+10 2.90851e+07 1.74062e+07 3.26464e+07 2.02711e+07 10 160
631000 1.21804e+08 6.53918e+09 2.08207e+10 2.46773e+07 1.1414e+07 3.19355e+07 1.84877e+07 11 171
632000 1.24758e+08 6.49948e+09 2.13887e+10 2.14699e+07 1.2004e+07 2.98189e+07 1.57417e+07 12 192
633000 1.31249e+08 6.44577e+09 1.7886e+10 3.20318e+07 2.2444e+07 4.02072e+07 1.94335e+07 9 188
634000 1.31463e+08 6.38872e+09 1.4346e+10 3.4659e+07 2.68243e+07 3.25869e+07 1.6647e+07 8 189
635000 1.2057e+08 6.37746e+09 2.00581e+10 2.88685e+07 1.7141e+07 3.23654e+07 2.01676e+07 8 191
636000 1.15585e+08 6.3987e+09 1.74519e+10 3.43495e+07 1.71748e+07 2.66009e+07 1.54638e+07 6 204
637000 1.15037e+08 6.4218e+09 1.29901e+10 3.58953e+07 2.3258e+07 2.64302e+07 1.55264e+07 6 198
638000 1.13245e+08 6.46044e+09 1.94412e+10 3.62521e+07 1.81261e+07 3.0579e+07 1.97479e+07 6 188
639000 1.11261e+08 6.49136e+09 2.26872e+10 5.30841e+07 4.12084e+07 2.54198e+07 1.40852e+07 4 188
640000 1.11677e+08 6.53578e+09 2.84683e+10 2.48606e+07 1.05746e+07 2.95284e+07 1.78775e+07 6 168
641000 1.1173e+08 6.54871e+09 2.67145e+10 2.33635e+07 1.06724e+07 2.97046e+07 1.82005e+07 6 170
642000 1.15267e+08 6.56841e+09 1.7e+10 3.77576e+07 2.95004e+07 2.93978e+07 1.65586e+07 4 179
643000 1.10776e+08 6.58901e+09 2.88476e+10 3.19516e+07 2.00812e+07 2.79908e+07 1.49203e+07 5 185
644000 1.12525e+08 6.61951e+09 2.56653e+10 3.67728e+07 2.65115e+07 2.59467e+07 1.32179e+07 5 191
645000 1.12732e+08 6.64245e+09 2.28435e+10 5.50229e+07 4.36946e+07 2.58592e+07 1.3133e+07 5 193
646000 1.14816e+08 6.65438e+09 2.38506e+10 5.28503e+07 2.64251e+07 3.09283e+07 1.48431e+07 6 188
647000 1.19264e+08 6.657e+09 1.7059e+10 2.98901e+07 1.00979e+07 3.34056e+07 1.85443e+07 10 183
648000 1.15473e+08 6.66338e+09 1.59413e+10 2.39278e+07 9.49032e+06 2.84056e+07 1.55554e+07 11 197
649000 1.14584e+08 6.69497e+09 1.15842e+10 3.36254e+07 2.01728e+07 2.8497e+07 1.61003e+07 8 189
650000 1.12171e+08 6.71956e+09 1.69778e+10 3.08041e+07 2.16461e+07 2.68335e+07 1.48732e+07 10 181
651000 1.12877e+08 6.73546e+09 1.79732e+10 3.27694e+07 1.69668e+07 3.02966e+07 1.78247e+07 11 185
652000 1.17573e+08 6.73625e+09 1.08052e+10 2.99745e+07 1.39397e+07 2.48958e+07 1.2326e+07 13 208
653000 1.22614e+08 6.7211e+09 1.41745e+10 3.61499e+07 2.38803e+07 2.87935e+07 1.62196e+07 12 193
654000 1.26103e+08 6.67119e+09 1.35977e+10 3.39183e+07 1.42546e+07 2.73471e+07 1.33037e+07 14 201
655000 1.35914e+08 6.58878e+09 1.0117e+10 4.21256e+07 2.0339e+07 3.02201e+07 1.49654e+07 13 201
656000 1.3717e+08 6.51598e+09 5.14374e+09 2.87703e+07 1.24709e+07 2.7607e+07 1.38797e+07 16 212
657000 1.2745e+08 6.47396e+09 8.78982e+09 2.06857e+07 9.02603e+06 2.57196e+07 1.29558e+07 16 208
658000 1.22884e+08 6.45459e+09 1.71992e+10 2.924e+07 1.96444e+07 2.54408e+07 1.26236e+07 15 206
659000 1.26956e+08 6.42421e+09 1.57457e+10 4.64072e+07 2.56822e+07 2.71374e+07 1.38795e+07 15 195
660000 1.28556e+08 6.39358e+09 1.69732e+10 5.38055e+07 2.85873e+07 2.48368e+07 1.29551e+07 10 214
661000 1.20988e+08 6.38964e+09 1.08449e+10 2.93815e+07 1.28804e+07 2.68387e+07 1.3726e+07 13 213
662000 1.122e+08 6.42253e+09 2.12026e+10 2.15611e+07 1.02295e+07 2.75696e+07 1.62454e+07 11 202
663000 1.13909e+08 6.44732e+09 1.52806e+10 2.00978e+07 1.35672e+07 2.44061e+07 1.24426e+07 14 209
664000 1.22884e+08 6.42678e+09 1.39985e+10 2.16548e+07 1.39588e+07 3.07325e+07 1.65611e+07 13 206
665000 1.22688e+08 6.39305e+09 1.69345e+10 2.13193e+07 1.31989e+07 2.45237e+07 1.13932e+07 14 213
666000 1.1659e+08 6.4197e+09 1.38788e+10 2.20273e+07 1.58734e+07 2.30487e+07 1.205e+07 15 220
667000 1.09336e+08 6.46803e+09 3.06731e+10 2.72044e+07 1.84882e+07 2.37119e+07 1.24302e+07 15 193
668000 1.1732e+08 6.48291e+09 2.47747e+10 8.01254e+07 4.15155e+07 2.34047e+07 1.20906e+07 14 197
669000 1.22637e+08 6.45941e+09 1.60255e+10 6.20245e+07 2.51527e+07 2.50246e+07 1.37853e+07 14 187
670000 1.17632e+08 6.47647e+09 2.06645e+10 3.26426e+07 1.3313e+07 2.54703e+07 1.383e+07 16 189
671000 1.15553e+08 6.49329e+09 1.1962e+10 2.64149e+07 1.32671e+07 2.55946e+07 1.28774e+07 16 204
672000 1.13452e+08 6.525e+09 1.76421e+10 2.97575e+07 1.71456e+07 2.56123e+07 1.2715e+07 14 196
673000 1.1273e+08 6.56012e+09 1.25155e+10 3.8031e+07 2.1817e+07 2.79955e+07 1.69699e+07 12 190
674000 1.13341e+08 6.59118e+09 1.25573e+10 3.32988e+07 1.98923e+07 2.5779e+07 1.50253e+07 10 186
675000 1.11267e+08 6.61583e+09 3.42523e+10 3.61269e+07 2.20677e+07 2.65453e+07 1.47368e+07 9 183
676000 1.16713e+08 6.62029e+09 2.25388e+10 3.37562e+07 2.20039e+07 2.68051e+07 1.51859e+07 10 195
677000 1.22044e+08 6.59546e+09 1.95852e+10 2.84523e+07 1.69442e+07 2.79228e+07 1.44356e+07 11 203
678000 1.30897e+08 6.53734e+09 1.44148e+10 2.83092e+07 1.71293e+07 2.97107e+07 1.64538e+07 11 204
679000 1.35914e+08 6.47021e+09 9.11782e+09 3.33729e+07 2.39023e+07 2.97061e+07 1.64657e+07 9 203
680000 1.32527e+08 6.41366e+09 6.93115e+09 2.85556e+07 1.78071e+07 2.72738e+07 1.438e+07 10 211
681000 1.25814e+08 6.39114e+09 1.55744e+10 3.01747e+07 1.94481e+07 2.73337e+07 1.4652e+07 7 203
682000 1.26218e+08 6.36893e+09 1.20701e+10 3.23338e+07 2.06479e+07 3.23425e+07 1.61879e+07 7 206
683000 1.24701e+08 6.33509e+09 8.68675e+09 3.26312e+07 1.86923e+07 2.70427e+07 1.40757e+07 7 205
684000 1.20351e+08 6.32601e+09 1.19195e+10 4.00541e+07 2.98986e+07 2.4443e+07 1.1386e+07 6 213
685000 1.17254e+08 6.34637e+09 1.50495e+10 2.72458e+07 1.39356e+07 2.77841e+07 1.56818e+07 6 201
686000 1.11972e+08 6.37551e+09 2.23752e+10 3.65069e+07 2.43449e+07 2.64681e+07 1.24092e+07 4 211
687000 1.12169e+08 6.41504e+09 1.55364e+10 3.68261e+07 1.8413e+07 2.51004e+07 1.32228e+07 4 201
688000 1.09673e+08 6.45606e+09 2.04681e+10 3.23646e+07 1.61823e+07 2.63754e+07 1.46544e+07 4 199
689000 1.0802e+08 6.50336e+09 1.34465e+10 2.37729e+07 1.59269e+07 2.41774e+07 1.26386e+07 5 200
690000 1.03738e+08 6.56282e+09 1.48745e+10 2.25716e+07 1.596e+07 2.34253e+07 1.18717e+07 5 200
691000 1.0131e+08 6.63968e+09 2.14965e+10 1.50028e+07 8.0128e+06 2.50349e+07 1.38659e+07 4 191
692000 1.08246e+08 6.68939e+09 1.84465e+10 2.45136e+07 1.22568e+07 2.91996e+07 1.77341e+07 2 191
693000 1.16276e+08 6.68941e+09 1.74344e+10 2.68944e+07 1.34472e+07 2.98443e+07 1.60316e+07 2 193
694000 1.15735e+08 6.69443e+09 1.28314e+10 2.4256e+07 1.2128e+07 2.5359e+07 1.30143e+07 2 207
695000 1.12542e+08 6.71963e+09 1.73241e+10 1.80197e+07 6.00656e+06 3.02968e+07 1.65174e+07 3 210
696000 1.15481e+08 6.73048e+09 2.0069e+10 2.88256e+07 1.44128e+07 2.62369e+07 1.37357e+07 2 204
697000 1.19797e+08 6.73255e+09 2.6619e+10 2.67687e+07 1.33843e+07 3.10064e+07 1.79714e+07 2 184
698000 1.2282e+08 6.70557e+09 2.33876e+10 2.66022e+07 1.33011e+07 3.54382e+07 1.82683e+07 2 197
699000 1.24157e+08 6.67502e+09 2.6229e+10 3.23321e+07 1.61661e+07 2.87175e+07 1.46401e+07 2 203
700000 1.30387e+08 6.62575e+09 1.38596e+10 7.30048e+07 7.30048e+07 2.92673e+07 1.51927e+07 1 212
701000 1.30724e+08 6.56742e+09 1.2589e+10 3.17049e+07 1.58525e+07 3.0088e+07 1.69489e+07 2 210
702000 1.26781e+08 6.5142e+09 1.90537e+10 2.90722e+07 1.45361e+07 2.62646e+07 1.26292e+07 2 220
703000 1.27294e+08 6.47731e+09 1.59683e+10 3.00687e+07 1.50343e+07 2.84517e+07 1.51108e+07 2 215
704000 1.2423e+08 6.44894e+09 1.75841e+10 2.57675e+07 1.28837e+07 2.55484e+07 1.29988e+07 2 225
705000 1.21752e+08 6.4371e+09 1.90573e+10 2.94133e+07 1.47066e+07 2.43725e+07 1.26406e+07 2 222
706000 1.16084e+08 6.44036e+09 2.58641e+10 2.61628e+07 1.30814e+07 2.3386e+07 1.16572e+07 2 226
707000 1.17732e+08 6.44672e+09 2.63494e+10 2.35032e+07 1.17516e+07 2.57236e+07 1.29243e+07 2 218
708000 1.23617e+08 6.42894e+09 1.73679e+10 5.46836e+07 5.46836e+07 2.46757e+07 1.15244e+07 1 234
709000 1.22054e+08 6.40097e+09 1.57998e+10 2.56989e+07 1.28494e+07 2.39521e+07 1.07716e+07 2 230
710000 1.19279e+08 6.40724e+09 1.90031e+10 5.54189e+07 5.54189e+07 2.31786e+07 1.09515e+07 1 231
711000 1.14957e+08 6.43148e+09 2.5039e+10 2.57523e+07 1.28762e+07 2.40516e+07 1.1997e+07 2 215
712000 1.12849e+08 6.46655e+09 2.28885e+10 2.41501e+07 1.2075e+07 2.39253e+07 1.22975e+07 2 218
713000 1.11899e+08 6.50062e+09 1.6103e+10 5.52729e+07 5.52729e+07 2.30224e+07 1.21063e+07 1 225
714000 1.09805e+08 6.53562e+09 1.76247e+10 2.62584e+07 1.31292e+07 2.30181e+07 1.25026e+07 2 221
715000 1.09883e+08 6.57546e+09 1.66348e+10 5.8145e+07 5.8145e+07 2.28266e+07 1.18282e+07 1 218
716000 1.11845e+08 6.60747e+09 1.62685e+10 5.5131e+07 5.5131e+07 2.44304e+07 1.26841e+07 1 213
717000 1.14189e+08 6.61667e+09 1.89057e+10 2.62012e+07 1.31006e+07 2.59767e+07 1.39077e+07 2 205
718000 1.20185e+08 6.61073e+09 1.74368e+10 2.5068e+07 1.2534e+07 2.88507e+07 1.46763e+07 2 197
719000 1.23493e+08 6.59021e+09 1.02806e+10 2.41621e+07 1.20811e+07 2.69089e+07 1.3554e+07 2 213
720000 1.20477e+08 6.56584e+09 9.48232e+09 2.35159e+07 1.17579e+07 2.51396e+07 1.22801e+07 2 220
721000 1.21668e+08 6.56869e+09 1.06041e+10 2.94825e+07 1.47412e+07 2.71398e+07 1.42487e+07 2 206
722000 1.18407e+08 6.56149e+09 1.79104e+10 6.54874e+07 6.54874e+07 2.74617e+07 1.51295e+07 1 197
723000 1.21208e+08 6.55005e+09 9.10874e+09 3.08993e+07 1.54497e+07 2.51089e+07 1.30728e+07 2 224
724000 1.21127e+08 6.53229e+09 2.77882e+10 2.88543e+07 1.44271e+07 2.68737e+07 1.3203e+07 2 208
725000 1.3115e+08 6.47053e+09 3.02263e+10 6.33306e+07 6.33306e+07 3.05644e+07 1.5693e+07 1 208
725012 1.31185e+08 6.46997e+09 3.11386e+10 0 0 2.96993e+07 1.46974e+07 0 213
