0 1.27534e+08 5.8036e+09 2.4e+09 2.4e+07 1.2e+07 2.4e+07 1.2e+07 190 10
1000 1.2604e+08 5.80828e+09 9.56263e+09 3.08845e+07 1.84741e+07 1.94427e+07 8.42442e+06 182 12
2000 1.28079e+08 5.81823e+09 1.1118e+10 3.33291e+07 2.11721e+07 1.81965e+07 7.98429e+06 173 12
3000 1.24864e+08 5.82584e+09 1.85125e+10 3.03205e+07 1.92e+07 1.80265e+07 8.02944e+06 181 12
4000 1.24146e+08 5.84147e+09 2.01933e+10 2.97105e+07 1.85773e+07 2.0335e+07 1.15784e+07 175 11
5000 1.22168e+08 5.86581e+09 2.2386e+10 3.02717e+07 1.87501e+07 1.85022e+07 9.79047e+06 174 12
6000 1.20871e+08 5.90029e+09 3.06903e+10 3.22008e+07 1.98912e+07 3.06223e+07 1.97681e+07 159 9
7000 1.19957e+08 5.93587e+09 2.97071e+10 3.2056e+07 1.97807e+07 3.32522e+07 2.0513e+07 156 7
8000 1.19679e+08 5.96957e+09 1.90261e+10 3.14174e+07 1.9304e+07 2.95187e+07 1.93789e+07 162 9
9000 1.19242e+08 6.00738e+09 1.44266e+10 3.12329e+07 1.99143e+07 1.20448e+08 1.10726e+08 162 13
10000 1.15854e+08 6.04813e+09 2.00797e+10 3.05469e+07 1.97192e+07 1.83374e+07 6.92054e+06 156 14
11000 1.14694e+08 6.10191e+09 2.51991e+10 3.11876e+07 1.92901e+07 2.94784e+07 1.65447e+07 154 10
12000 1.15924e+08 6.14662e+09 2.95728e+10 3.42592e+07 2.36442e+07 3.95075e+07 2.8012e+07 141 7
13000 1.12994e+08 6.18327e+09 4.06213e+10 3.41595e+07 2.24087e+07 2.43268e+07 9.68025e+06 152 11
14000 1.21592e+08 6.21412e+09 2.97261e+10 3.42261e+07 2.15908e+07 1.32427e+08 1.15217e+08 153 7
15000 1.29117e+08 6.19802e+09 2.23609e+10 3.55704e+07 2.15946e+07 4.62766e+07 4.10189e+07 154 7
16000 1.32191e+08 6.17104e+09 2.82303e+10 3.51008e+07 2.07904e+07 4.86706e+07 4.3448e+07 158 6
17000 1.30714e+08 6.1577e+09 2.80775e+10 3.50469e+07 2.2228e+07 6.6182e+07 6.19127e+07 158 7
18000 1.25441e+08 6.15882e+09 3.6405e+10 3.19572e+07 1.98391e+07 7.65603e+07 5.45569e+07 156 8
19000 1.23318e+08 6.15757e+09 3.88047e+10 3.08208e+07 1.74967e+07 5.48192e+07 2.48563e+07 157 12
20000 1.26149e+08 6.16338e+09 3.009e+10 3.17481e+07 1.80355e+07 4.65198e+07 2.52316e+07 154 13
21000 1.2201e+08 6.18529e+09 3.94462e+10 3.26722e+07 1.88489e+07 3.42147e+07 1.8737e+07 142 15
22000 1.16163e+08 6.22294e+09 5.17412e+10 3.59672e+07 2.12627e+07 2.64271e+07 1.7067e+07 140 17
23000 1.16898e+08 6.26414e+09 5.62817e+10 3.66362e+07 2.07185e+07 2.25413e+07 1.35911e+07 135 18
24000 1.20954e+08 6.28609e+09 3.59228e+10 3.40592e+07 1.93213e+07 2.48673e+07 1.61295e+07 147 16
25000 1.12889e+08 6.33986e+09 3.67592e+10 2.94882e+07 1.64753e+07 2.26351e+07 1.69277e+07 150 19
26000 1.11424e+08 6.41326e+09 2.83751e+10 2.99647e+07 1.80289e+07 2.33987e+07 1.38791e+07 150 19
27000 1.12293e+08 6.47554e+09 3.35863e+10 3.15305e+07 1.93285e+07 4.23209e+07 3.05725e+07 138 15
28000 1.1467e+08 6.52236e+09 3.302e+10 3.32645e+07 2.0587e+07 4.12196e+07 2.74544e+07 137 16
29000 1.16357e+08 6.55362e+09 3.11917e+10 3.11325e+07 1.874e+07 3.00741e+07 1.70427e+07 145 23
30000 1.13279e+08 6.60176e+09 4.48316e+10 3.2316e+07 1.92888e+07 2.96847e+07 1.63249e+07 136 24
31000 1.19268e+08 6.63063e+09 3.81697e+10 4.11034e+07 2.72387e+07 2.69852e+07 1.56946e+07 135 26
32000 1.27253e+08 6.60735e+09 4.50056e+10 3.69608e+07 1.95265e+07 2.47698e+07 1.2932e+07 133 29
33000 1.39514e+08 6.54465e+09 4.5527e+10 4.45667e+07 2.78069e+07 2.82265e+07 1.39093e+07 137 29
34000 1.49265e+08 6.41769e+09 4.88926e+10 3.9157e+07 1.87375e+07 2.88445e+07 1.21076e+07 147 31
35000 1.40332e+08 6.37318e+09 2.84881e+10 3.42682e+07 1.93675e+07 3.22771e+07 1.56604e+07 146 35
36000 1.32876e+08 6.347e+09 3.54665e+10 3.36205e+07 1.62341e+07 2.96383e+07 1.33384e+07 150 36
37000 1.36131e+08 6.29891e+09 2.92718e+10 4.20178e+07 1.80103e+07 2.75015e+07 1.31259e+07 149 37
38000 1.20342e+08 6.32719e+09 3.46111e+10 2.62628e+07 1.31811e+07 2.54983e+07 1.35389e+07 156 36
39000 1.11144e+08 6.39581e+09 3.1231e+10 2.5638e+07 1.31315e+07 1.96209e+07 9.46412e+06 155 42
40000 1.14046e+08 6.46704e+09 3.36674e+10 3.29145e+07 1.97015e+07 2.52333e+07 1.28498e+07 139 34
41000 1.26469e+08 6.45866e+09 2.76117e+10 3.42764e+07 1.81815e+07 3.37144e+07 2.13078e+07 141 28
42000 1.18647e+08 6.48285e+09 3.41732e+10 2.92563e+07 1.66524e+07 3.0495e+07 1.81396e+07 140 32
43000 1.1449e+08 6.53961e+09 1.99455e+10 2.92315e+07 1.77345e+07 2.79417e+07 1.53127e+07 140 36
44000 1.14908e+08 6.58835e+09 2.62146e+10 2.95956e+07 1.79115e+07 3.1114e+07 2.05958e+07 134 33
45000 1.1335e+08 6.6251e+09 3.48761e+10 3.26718e+07 1.93135e+07 2.7928e+07 1.76049e+07 149 33
46000 1.10758e+08 6.68296e+09 3.02472e+10 2.79183e+07 1.54354e+07 2.64425e+07 1.38532e+07 146 31
47000 1.14114e+08 6.73783e+09 2.85994e+10 3.03752e+07 1.83614e+07 2.79862e+07 1.81082e+07 143 32
48000 1.29099e+08 6.70968e+09 3.4129e+10 5.0412e+07 2.69931e+07 2.61189e+07 1.74373e+07 136 30
49000 1.46907e+08 6.61092e+09 2.06539e+10 4.28637e+07 2.49524e+07 2.69123e+07 1.83261e+07 148 30
50000 1.58148e+08 6.46331e+09 2.62462e+10 4.10781e+07 1.83282e+07 2.68271e+07 1.64794e+07 159 26
51000 1.54548e+08 6.3577e+09 3.48284e+10 3.83023e+07 1.89992e+07 3.81814e+07 2.77674e+07 159 24
52000 1.46271e+08 6.27521e+09 4.49468e+10 3.9077e+07 2.31706e+07 3.45348e+07 2.13508e+07 153 22
53000 1.44626e+08 6.20605e+09 3.46272e+10 3.36471e+07 1.58512e+07 2.84516e+07 1.28068e+07 169 25
54000 1.38839e+08 6.16804e+09 3.53294e+10 3.44586e+07 1.84226e+07 3.08349e+07 1.8844e+07 158 24
55000 1.28218e+08 6.16663e+09 4.51313e+10 3.0738e+07 1.54178e+07 2.61125e+07 1.60393e+07 164 23
56000 1.27629e+08 6.16272e+09 3.61579e+10 3.27937e+07 1.51332e+07 2.64398e+07 1.37064e+07 171 24
57000 1.27336e+08 6.17403e+09 2.11462e+10 2.95688e+07 1.67751e+07 2.5307e+07 1.4181e+07 163 28
58000 1.26627e+08 6.18383e+09 2.14061e+10 3.94712e+07 2.12903e+07 3.22534e+07 1.86186e+07 155 24
59000 1.28846e+08 6.18495e+09 1.76906e+10 3.19256e+07 1.82554e+07 3.09425e+07 1.82137e+07 156 26
60000 1.27001e+08 6.1879e+09 1.898e+10 3.36888e+07 1.92403e+07 3.54327e+07 2.48336e+07 150 24
61000 1.24065e+08 6.19562e+09 1.99142e+10 3.10307e+07 1.70275e+07 3.0183e+07 1.8495e+07 148 27
62000 1.17446e+08 6.22459e+09 2.74629e+10 3.00434e+07 1.66205e+07 2.73794e+07 1.65292e+07 143 28
63000 1.14277e+08 6.27197e+09 2.51833e+10 3.00619e+07 1.66894e+07 1.99894e+07 9.50325e+06 146 32
64000 1.17305e+08 6.30813e+09 2.12677e+10 3.50021e+07 2.17556e+07 1.97348e+07 9.00859e+06 151 33
65000 1.20214e+08 6.32246e+09 2.90263e+10 3.29224e+07 1.91312e+07 2.09847e+07 8.24669e+06 148 31
66000 1.25318e+08 6.31526e+09 2.69854e+10 4.94061e+07 2.26805e+07 2.27024e+07 1.04398e+07 147 29
67000 1.25445e+08 6.32312e+09 2.31852e+10 3.29618e+07 1.74464e+07 2.43371e+07 1.26654e+07 157 28
68000 1.24944e+08 6.32379e+09 2.01929e+10 2.94072e+07 1.53455e+07 2.64462e+07 1.42732e+07 163 24
69000 1.20372e+08 6.34988e+09 2.42746e+10 3.24188e+07 2.05587e+07 2.11028e+07 9.729e+06 161 28
70000 1.21968e+08 6.3823e+09 2.47915e+10 4.0936e+07 2.39161e+07 2.1332e+07 8.7149e+06 156 27
71000 1.32147e+08 6.35301e+09 2.00894e+10 3.34643e+07 1.8537e+07 3.25082e+07 1.90505e+07 160 18
72000 1.34747e+08 6.3176e+09 2.88583e+10 3.55231e+07 2.0543e+07 2.35128e+07 9.06048e+06 153 21
73000 1.32918e+08 6.28821e+09 2.78849e+10 3.4708e+07 2.13452e+07 2.41449e+07 9.59652e+06 154 20
74000 1.38447e+08 6.23835e+09 2.82851e+10 3.84214e+07 2.36177e+07 2.21836e+07 7.96521e+06 164 21
75000 1.45498e+08 6.14298e+09 2.86439e+10 3.7638e+07 1.92938e+07 1.93751e+07 9.78327e+06 164 23
76000 1.43449e+08 6.08341e+09 1.64731e+10 3.39215e+07 1.96003e+07 1.91937e+07 8.68667e+06 167 19
77000 1.33217e+08 6.07458e+09 1.83534e+10 3.2757e+07 1.86089e+07 1.73294e+07 7.85485e+06 162 21
78000 1.25874e+08 6.08413e+09 1.58058e+10 2.96808e+07 1.6768e+07 2.70159e+07 1.73405e+07 171 15
79000 1.22269e+08 6.11201e+09 2.06262e+10 2.79328e+07 1.60185e+07 1.90261e+07 7.45555e+06 175 16
80000 1.13757e+08 6.15787e+09 3.60891e+10 2.74397e+07 1.6065e+07 3.19387e+07 2.49501e+07 166 11
81000 1.15065e+08 6.21156e+09 2.92894e+10 2.73201e+07 1.60803e+07 3.5011e+07 2.05061e+07 176 11
82000 1.14541e+08 6.25109e+09 4.40997e+10 2.96549e+07 1.68674e+07 2.43957e+07 1.15177e+07 163 16
83000 1.17713e+08 6.29432e+09 3.99386e+10 3.23959e+07 2.04514e+07 2.52327e+07 1.17962e+07 152 15
84000 1.21764e+08 6.31781e+09 3.72695e+10 3.47529e+07 2.01372e+07 2.06952e+07 7.32354e+06 151 14
85000 1.275e+08 6.31284e+09 2.80948e+10 3.40461e+07 1.91927e+07 2.4921e+07 1.55173e+07 158 13
86000 1.2625e+08 6.31835e+09 2.84272e+10 3.52559e+07 2.08115e+07 2.64542e+07 1.68431e+07 148 11
87000 1.21121e+08 6.34636e+09 2.75829e+10 3.24882e+07 1.86135e+07 2.04089e+07 1.35689e+07 151 15
88000 1.17546e+08 6.3841e+09 1.57544e+10 2.92267e+07 1.7096e+07 2.00691e+07 1.19533e+07 166 15
89000 1.16944e+08 6.42167e+09 1.79621e+10 2.84232e+07 1.65999e+07 1.65482e+07 6.565e+06 173 16
90000 1.16433e+08 6.46234e+09 2.08904e+10 2.81292e+07 1.54516e+07 2.08148e+07 1.17014e+07 171 13
91000 1.20694e+08 6.49826e+09 2.40704e+10 3.41422e+07 2.13295e+07 2.26428e+07 1.38346e+07 147 10
92000 1.21176e+08 6.51466e+09 3.43044e+10 3.38268e+07 1.84872e+07 4.03204e+07 1.36112e+07 153 13
93000 1.25281e+08 6.51272e+09 2.13167e+10 3.49083e+07 2.07357e+07 1.88053e+07 6.76828e+06 156 12
94000 1.27588e+08 6.50205e+09 2.84692e+10 4.51215e+07 2.57459e+07 2.09985e+07 7.78328e+06 148 11
95000 1.28189e+08 6.47958e+09 3.23439e+10 3.24361e+07 1.78173e+07 1.92689e+07 7.0254e+06 169 12
96000 1.37361e+08 6.44004e+09 3.23563e+10 3.7588e+07 2.02928e+07 1.84946e+07 8.34877e+06 165 16
97000 1.48752e+08 6.33429e+09 3.49257e+10 3.81596e+07 1.97987e+07 3.53968e+07 1.64331e+07 161 17
98000 1.50317e+08 6.24109e+09 2.7663e+10 3.60055e+07 2.09157e+07 5.37935e+07 2.03133e+07 159 19
99000 1.56522e+08 6.1085e+09 3.35921e+10 4.0084e+07 1.90043e+07 3.81787e+07 1.70902e+07 156 25
100000 1.46502e+08 6.02976e+09 1.98301e+10 3.17185e+07 1.69426e+07 3.54222e+07 1.14737e+07 164 24
101000 1.27293e+08 6.05421e+09 2.7163e+10 2.76823e+07 1.4849e+07 3.12198e+07 1.31114e+07 169 22
102000 1.22909e+08 6.07686e+09 2.49867e+10 2.97148e+07 1.70118e+07 3.33196e+07 2.05062e+07 164 19
103000 1.18227e+08 6.11526e+09 2.2921e+10 2.82605e+07 1.66534e+07 2.98139e+07 1.85958e+07 155 22
104000 1.1299e+08 6.17167e+09 2.79717e+10 2.91888e+07 1.82532e+07 2.37301e+07 1.22353e+07 159 22
105000 1.14343e+08 6.23183e+09 2.27335e+10 3.14715e+07 2.11263e+07 2.14077e+07 1.10552e+07 152 25
106000 1.19896e+08 6.26421e+09 1.88659e+10 3.3274e+07 2.19896e+07 2.45505e+07 1.06451e+07 149 23
107000 1.23841e+08 6.26281e+09 3.24763e+10 3.31497e+07 1.94103e+07 3.13817e+07 1.46689e+07 149 17
108000 1.29495e+08 6.24987e+09 4.14588e+10 3.85038e+07 2.31429e+07 3.16514e+07 1.27332e+07 138 16
109000 1.3501e+08 6.21054e+09 3.11401e+10 3.80279e+07 2.24022e+07 2.08551e+07 6.01695e+06 150 20
110000 1.32939e+08 6.18607e+09 2.04675e+10 3.51867e+07 2.05323e+07 1.5461e+07 4.3311e+06 155 20
111000 1.22274e+08 6.20891e+09 2.46307e+10 3.13082e+07 1.76897e+07 1.37613e+07 5.12967e+06 156 18
112000 1.13057e+08 6.26715e+09 2.64919e+10 2.90969e+07 1.67559e+07 1.39227e+07 6.28054e+06 160 16
113000 1.10504e+08 6.35114e+09 2.65796e+10 3.41867e+07 2.25159e+07 1.56274e+07 7.48084e+06 150 15
114000 1.13917e+08 6.3938e+09 3.48301e+10 3.56333e+07 2.2535e+07 1.57199e+07 6.70941e+06 150 14
115000 1.28424e+08 6.36534e+09 3.82448e+10 3.60906e+07 1.83998e+07 1.81714e+07 1.17883e+07 156 15
116000 1.29397e+08 6.34824e+09 4.76674e+10 3.58685e+07 1.94492e+07 1.54749e+07 8.19727e+06 151 16
117000 1.2901e+08 6.3512e+09 3.47529e+10 3.55473e+07 2.31854e+07 2.05692e+07 1.29706e+07 151 15
118000 1.30586e+08 6.33462e+09 3.2238e+10 3.53775e+07 2.03474e+07 2.25493e+07 1.32102e+07 160 15
119000 1.3678e+08 6.27957e+09 3.67888e+10 3.88556e+07 2.29438e+07 1.94352e+07 8.71286e+06 157 18
120000 1.42159e+08 6.21176e+09 2.16465e+10 3.43299e+07 1.95606e+07 2.19006e+07 8.86726e+06 170 17
121000 1.37344e+08 6.16894e+09 2.42208e+10 3.35734e+07 1.90921e+07 2.06917e+07 7.4369e+06 170 19
122000 1.40005e+08 6.1217e+09 3.27863e+10 3.72856e+07 2.17456e+07 2.35107e+07 1.07227e+07 157 18
123000 1.4202e+08 6.05762e+09 1.97191e+10 3.56034e+07 2.08356e+07 1.88451e+07 6.41529e+06 167 26
124000 1.40126e+08 6.01511e+09 1.84003e+10 3.40937e+07 2.08525e+07 2.40861e+07 1.07699e+07 164 21
125000 1.38638e+08 5.9651e+09 2.66718e+10 3.64197e+07 2.268e+07 2.16458e+07 7.8369e+06 163 22
126000 1.41855e+08 5.90203e+09 2.41402e+10 3.94026e+07 2.47854e+07 2.91074e+07 1.32597e+07 175 17
127000 1.37394e+08 5.86065e+09 2.25262e+10 5.23436e+07 2.11268e+07 1.92813e+07 5.75867e+06 169 18
128000 1.26995e+08 5.87116e+09 2.12193e+10 2.95263e+07 1.62532e+07 1.93697e+07 6.28175e+06 170 17
129000 1.21238e+08 5.90794e+09 1.19762e+10 2.98561e+07 1.90311e+07 1.60707e+07 4.75072e+06 176 18
130000 1.17767e+08 5.9559e+09 1.38295e+10 2.81195e+07 1.72699e+07 2.08309e+07 8.10708e+06 171 14
131000 1.18847e+08 6.00231e+09 1.07784e+10 3.3046e+07 2.17424e+07 2.06942e+07 9.48709e+06 162 15
132000 1.19554e+08 6.02365e+09 2.08473e+10 3.34906e+07 2.12116e+07 1.67792e+07 8.86434e+06 152 20
133000 1.28669e+08 6.00852e+09 2.04842e+10 3.45267e+07 1.97925e+07 1.91349e+07 1.00659e+07 157 20
134000 1.28129e+08 5.99448e+09 2.955e+10 3.21608e+07 1.87722e+07 2.33665e+07 9.79465e+06 159 19
135000 1.2364e+08 6.02355e+09 3.31638e+10 3.34621e+07 2.06199e+07 3.02727e+07 1.24116e+07 144 17
136000 1.19222e+08 6.06078e+09 3.46457e+10 3.22377e+07 2.00546e+07 3.39062e+07 1.47462e+07 143 14
137000 1.11755e+08 6.1176e+09 3.88594e+10 3.1101e+07 1.8045e+07 2.57749e+07 1.02667e+07 141 18
138000 1.12646e+08 6.19536e+09 2.90321e+10 3.1975e+07 2.02832e+07 2.46766e+07 1.0309e+07 138 18
139000 1.11148e+08 6.26098e+09 3.20885e+10 4.26457e+07 3.12767e+07 2.59154e+07 1.21441e+07 136 14
140000 1.09607e+08 6.32676e+09 4.32184e+10 5.00255e+07 3.91982e+07 2.5646e+07 1.35662e+07 128 13
141000 1.16163e+08 6.36867e+09 3.31424e+10 3.68908e+07 2.40657e+07 2.31887e+07 1.20642e+07 130 16
142000 1.20602e+08 6.39136e+09 3.70563e+10 4.37562e+07 2.95835e+07 2.40318e+07 1.26836e+07 127 15
143000 1.21833e+08 6.40603e+09 3.80291e+10 4.99182e+07 3.5934e+07 2.72921e+07 1.75338e+07 127 13
144000 1.22081e+08 6.41948e+09 2.69554e+10 3.74209e+07 2.24727e+07 5.88253e+07 3.2415e+07 134 14
145000 1.19717e+08 6.44031e+09 3.22952e+10 4.17235e+07 2.74456e+07 2.64428e+07 1.69753e+07 133 16
146000 1.19753e+08 6.45882e+09 3.36768e+10 3.42022e+07 1.9555e+07 3.15014e+07 2.26282e+07 146 17
147000 1.24621e+08 6.46505e+09 3.174e+10 3.7105e+07 2.48501e+07 5.26551e+07 3.45602e+07 137 21
148000 1.27573e+08 6.44282e+09 3.84043e+10 3.43789e+07 2.21367e+07 4.95595e+07 4.00054e+07 146 17
149000 1.32055e+08 6.39591e+09 3.61623e+10 3.24571e+07 1.64985e+07 3.41925e+07 1.96861e+07 165 21
150000 1.33268e+08 6.35961e+09 3.37643e+10 3.33208e+07 1.75927e+07 3.4827e+07 2.09733e+07 153 20
151000 1.24335e+08 6.36663e+09 3.5963e+10 3.03352e+07 1.6012e+07 2.68274e+07 1.20015e+07 155 23
152000 1.18773e+08 6.3994e+09 2.68421e+10 2.83435e+07 1.49788e+07 2.37997e+07 1.09129e+07 162 25
153000 1.19477e+08 6.43471e+09 2.0032e+10 2.74545e+07 1.51463e+07 2.63842e+07 1.55649e+07 167 27
154000 1.22573e+08 6.45293e+09 2.81973e+10 3.17039e+07 1.74397e+07 3.08503e+07 1.85606e+07 161 19
155000 1.42115e+08 6.3634e+09 1.67327e+10 3.4171e+07 1.6349e+07 2.62566e+07 1.38059e+07 178 20
156000 1.37298e+08 6.3214e+09 1.63461e+10 3.02419e+07 1.62262e+07 1.8349e+07 8.82131e+06 177 30
157000 1.3688e+08 6.28995e+09 1.30412e+10 3.37247e+07 1.89419e+07 1.93036e+07 9.18916e+06 168 25
158000 1.37557e+08 6.22898e+09 2.12229e+10 3.13333e+07 1.63941e+07 2.03141e+07 8.41966e+06 183 19
159000 1.31583e+08 6.21316e+09 1.68122e+10 2.85312e+07 1.53832e+07 2.00743e+07 9.36551e+06 184 19
160000 1.28648e+08 6.21758e+09 9.67491e+09 2.78373e+07 1.54106e+07 1.73999e+07 7.35204e+06 192 23
161000 1.29532e+08 6.20024e+09 2.27627e+10 3.1567e+07 1.78301e+07 2.15913e+07 1.11526e+07 174 22
162000 1.31027e+08 6.17715e+09 3.08528e+10 3.10737e+07 1.79589e+07 3.57081e+07 1.56713e+07 168 19
163000 1.36499e+08 6.14154e+09 2.26907e+10 3.0787e+07 1.76078e+07 9.73036e+07 7.2306e+07 166 23
164000 1.32411e+08 6.12117e+09 3.02353e+10 2.99684e+07 1.61289e+07 4.22082e+07 1.71942e+07 165 18
165000 1.25497e+08 6.13176e+09 2.92753e+10 3.73259e+07 2.4294e+07 2.88473e+07 1.13787e+07 166 21
166000 1.21255e+08 6.1713e+09 2.50671e+10 2.92887e+07 1.70582e+07 3.2117e+07 1.81778e+07 158 20
167000 1.18883e+08 6.21191e+09 3.09716e+10 3.8015e+07 2.5306e+07 2.3803e+07 1.25056e+07 143 20
168000 1.20207e+08 6.22443e+09 5.53812e+10 3.51224e+07 2.08644e+07 2.34898e+07 1.22093e+07 139 20
169000 1.29941e+08 6.21668e+09 4.30296e+10 4.08138e+07 2.55158e+07 2.78663e+07 1.6763e+07 138 18
170000 1.3054e+08 6.18987e+09 4.20832e+10 4.04654e+07 2.4243e+07 2.80596e+07 1.46984e+07 138 16
171000 1.29514e+08 6.19808e+09 2.57804e+10 3.66752e+07 2.27614e+07 2.67768e+07 1.36858e+07 143 16
172000 1.28348e+08 6.19255e+09 2.44477e+10 3.71374e+07 1.98157e+07 2.2201e+07 9.63708e+06 145 19
173000 1.25761e+08 6.19745e+09 2.10564e+10 3.39908e+07 1.83243e+07 2.14025e+07 9.79883e+06 148 21
174000 1.20543e+08 6.23574e+09 2.45785e+10 3.69213e+07 2.24162e+07 2.6753e+07 1.28606e+07 133 17
175000 1.15166e+08 6.28266e+09 2.38823e+10 3.11675e+07 1.85949e+07 2.27354e+07 9.74272e+06 149 18
176000 1.15895e+08 6.31972e+09 2.64735e+10 3.23795e+07 1.97542e+07 2.35144e+07 1.20519e+07 147 14
177000 1.06229e+08 6.38859e+09 4.93604e+10 2.82655e+07 1.64909e+07 2.54829e+07 1.6886e+07 143 13
178000 1.01076e+08 6.51147e+09 5.58131e+10 3.20759e+07 2.16555e+07 2.60327e+07 1.46986e+07 134 14
179000 1.04878e+08 6.602e+09 5.48255e+10 3.6011e+07 2.26535e+07 3.96147e+07 3.22922e+07 128 8
180000 1.14927e+08 6.64392e+09 3.53635e+10 3.62969e+07 2.37444e+07 4.17151e+07 3.05583e+07 137 7
181000 1.19906e+08 6.6478e+09 4.40232e+10 3.53171e+07 2.19637e+07 4.45274e+07 4.08684e+07 144 7
182000 1.29087e+08 6.62925e+09 5.14826e+10 4.13253e+07 2.41852e+07 4.72236e+07 4.37321e+07 146 8
183000 1.47073e+08 6.53562e+09 2.76857e+10 4.06122e+07 2.41018e+07 4.79558e+07 4.14739e+07 154 9
184000 1.53707e+08 6.42226e+09 2.61248e+10 3.79167e+07 2.11522e+07 6.01296e+07 3.70023e+07 167 10
185000 1.63775e+08 6.24825e+09 3.19753e+10 3.99982e+07 2.01849e+07 6.12468e+07 3.36029e+07 170 14
186000 1.68703e+08 6.07102e+09 2.33011e+10 3.52589e+07 1.76436e+07 4.6465e+07 1.89465e+07 183 16
187000 1.50467e+08 5.98282e+09 3.13027e+10 3.1791e+07 1.61364e+07 3.74802e+07 1.84817e+07 176 17
188000 1.36754e+08 5.97525e+09 2.19685e+10 3.23832e+07 2.00565e+07 2.43459e+07 1.12836e+07 161 25
189000 1.25381e+08 5.99846e+09 2.59947e+10 2.92373e+07 1.68342e+07 4.0223e+07 1.82581e+07 167 19
190000 1.20574e+08 6.02593e+09 3.43856e+10 3.22094e+07 1.92098e+07 2.35891e+07 1.10121e+07 162 17
191000 1.17928e+08 6.0692e+09 3.6532e+10 3.08152e+07 1.67011e+07 2.28591e+07 1.11588e+07 163 17
192000 1.156e+08 6.13445e+09 2.67974e+10 2.89904e+07 1.55628e+07 2.54339e+07 1.49296e+07 161 12
193000 1.15818e+08 6.18768e+09 1.72397e+10 3.07106e+07 1.82815e+07 2.20254e+07 1.2914e+07 162 12
194000 1.209e+08 6.19935e+09 1.46896e+10 3.10929e+07 1.66192e+07 2.38295e+07 1.5584e+07 167 11
195000 1.18756e+08 6.23742e+09 2.36911e+10 3.1729e+07 1.91322e+07 2.2089e+07 1.30543e+07 154 13
196000 1.18252e+08 6.28434e+09 2.27591e+10 3.90371e+07 2.23427e+07 2.47173e+07 1.71901e+07 154 12
197000 1.09705e+08 6.3413e+09 4.8475e+10 2.94523e+07 1.84163e+07 3.64407e+07 2.16706e+07 145 11
198000 1.02988e+08 6.434e+09 5.97317e+10 3.34091e+07 2.19588e+07 2.78296e+07 1.11254e+07 140 16
199000 1.0308e+08 6.5295e+09 5.43043e+10 2.8349e+07 1.67577e+07 5.69937e+07 2.02178e+07 143 17
200000 1.04275e+08 6.62294e+09 5.16769e+10 3.04272e+07 1.73899e+07 8.16101e+07 2.758e+07 138 15
201000 1.1187e+08 6.68549e+09 4.08397e+10 3.58671e+07 2.4138e+07 3.33439e+07 1.45545e+07 129 14
202000 1.18059e+08 6.71156e+09 3.35341e+10 3.59059e+07 2.33266e+07 2.83079e+07 1.17858e+07 141 15
203000 1.22633e+08 6.71525e+09 3.28734e+10 3.48217e+07 2.03265e+07 2.6482e+07 1.25429e+07 149 15
204000 1.29463e+08 6.69801e+09 3.59369e+10 3.78729e+07 2.19487e+07 2.27966e+07 9.29978e+06 150 17
205000 1.41932e+08 6.62903e+09 3.58349e+10 4.30935e+07 2.39109e+07 2.18538e+07 8.9162e+06 145 17
206000 1.4577e+08 6.54971e+09 2.74818e+10 4.39964e+07 2.67357e+07 2.206e+07 9.90309e+06 138 17
207000 1.45374e+08 6.4746e+09 3.0029e+10 4.04715e+07 2.25076e+07 2.22089e+07 1.04597e+07 151 16
208000 1.38991e+08 6.42266e+09 1.7895e+10 3.38994e+07 1.82285e+07 2.52511e+07 1.6257e+07 166 21
209000 1.25878e+08 6.43035e+09 1.78785e+10 3.39376e+07 2.07575e+07 1.77806e+07 7.19223e+06 161 18
210000 1.17988e+08 6.48829e+09 1.63386e+10 2.82498e+07 1.59255e+07 1.54213e+07 8.90681e+06 166 23
211000 1.12768e+08 6.54889e+09 1.6652e+10 2.73667e+07 1.55481e+07 1.65745e+07 1.05405e+07 165 19
212000 1.08205e+08 6.63058e+09 1.76067e+10 2.8029e+07 1.77819e+07 1.68377e+07 1.04834e+07 156 20
213000 1.04764e+08 6.72911e+09 2.07339e+10 2.75046e+07 1.69972e+07 2.17504e+07 1.20885e+07 152 17
214000 1.0315e+08 6.8209e+09 2.43379e+10 3.04483e+07 1.98148e+07 2.20969e+07 1.21819e+07 153 15
215000 1.19299e+08 6.84944e+09 1.67301e+10 3.95563e+07 2.54441e+07 2.68797e+07 1.44894e+07 151 15
216000 1.26284e+08 6.82553e+09 2.33675e+10 3.34948e+07 1.82924e+07 2.31777e+07 1.15237e+07 153 18
217000 1.20134e+08 6.84973e+09 3.12088e+10 3.15224e+07 1.78085e+07 2.26266e+07 9.07269e+06 152 20
218000 1.23292e+08 6.85646e+09 3.7192e+10 3.37438e+07 1.81907e+07 2.10285e+07 7.26486e+06 155 24
219000 1.36942e+08 6.81023e+09 3.1575e+10 3.91601e+07 2.1757e+07 2.74195e+07 1.3333e+07 150 20
220000 1.51583e+08 6.68882e+09 3.26918e+10 4.25498e+07 2.25604e+07 3.26188e+07 1.7234e+07 155 17
221000 1.49522e+08 6.59919e+09 3.1078e+10 3.79449e+07 2.16176e+07 2.73966e+07 1.3934e+07 153 18
222000 1.41942e+08 6.55537e+09 1.82143e+10 4.15287e+07 2.57326e+07 1.95265e+07 1.14401e+07 156 24
223000 1.54112e+08 6.41026e+09 3.00206e+10 4.3096e+07 2.43295e+07 2.17801e+07 1.13211e+07 171 22
224000 1.33715e+08 6.40045e+09 2.88218e+10 3.26578e+07 1.92834e+07 2.53777e+07 1.65605e+07 162 24
225000 1.38469e+08 6.36033e+09 2.61607e+10 3.91291e+07 2.13765e+07 2.83971e+07 1.58694e+07 159 27
226000 1.54602e+08 6.22463e+09 1.70699e+10 3.34862e+07 1.85141e+07 4.82578e+07 2.13384e+07 175 28
227000 1.55786e+08 6.08339e+09 2.79032e+10 2.80343e+07 1.50877e+07 7.45791e+07 1.92822e+07 169 35
228000 1.45036e+08 6.00773e+09 2.40177e+10 2.87587e+07 1.63334e+07 3.59248e+07 1.00218e+07 162 39
229000 1.29511e+08 6.00889e+09 3.67508e+10 3.0996e+07 1.70099e+07 2.0165e+07 7.21057e+06 158 46
230000 1.24776e+08 6.02883e+09 3.53421e+10 2.84905e+07 1.43748e+07 3.23601e+07 8.37872e+06 158 43
231000 1.11516e+08 6.11105e+09 3.82899e+10 2.61013e+07 1.44057e+07 1.40402e+07 5.6192e+06 162 35
232000 1.04973e+08 6.2139e+09 3.46649e+10 2.54008e+07 1.32598e+07 1.65127e+07 1.01925e+07 160 29
233000 1.05488e+08 6.30573e+09 1.92828e+10 2.85011e+07 1.59901e+07 1.5387e+07 7.77004e+06 167 28
234000 1.05291e+08 6.40701e+09 2.05737e+10 2.79005e+07 1.63049e+07 1.5343e+07 8.08206e+06 149 24
235000 1.02336e+08 6.50596e+09 2.08399e+10 2.7409e+07 1.51872e+07 1.56693e+07 8.27423e+06 151 23
236000 1.08687e+08 6.58868e+09 1.80617e+10 3.11022e+07 1.92681e+07 2.15577e+07 1.37295e+07 145 19
237000 1.22664e+08 6.58443e+09 1.73041e+10 4.03589e+07 2.35125e+07 2.14155e+07 1.44436e+07 151 20
238000 1.33886e+08 6.53093e+09 1.786e+10 3.84934e+07 2.23015e+07 2.15749e+07 1.29229e+07 161 20
239000 1.38953e+08 6.46702e+09 1.49786e+10 3.46955e+07 1.83009e+07 2.59957e+07 1.73748e+07 172 19
240000 1.4874e+08 6.35182e+09 1.68973e+10 3.35894e+07 1.60286e+07 1.99298e+07 1.03987e+07 179 23
241000 1.51299e+08 6.27138e+09 6.95526e+09 3.47589e+07 1.8268e+07 2.0696e+07 1.22157e+07 180 23
242000 1.4157e+08 6.2033e+09 1.06263e+10 2.94271e+07 1.51807e+07 2.05437e+07 1.03719e+07 194 22
243000 1.32572e+08 6.18703e+09 1.91176e+10 2.76796e+07 1.54269e+07 2.18375e+07 1.22275e+07 189 22
244000 1.23699e+08 6.20043e+09 3.29863e+10 3.06566e+07 1.89781e+07 2.54077e+07 1.57016e+07 179 23
245000 1.24368e+08 6.21863e+09 3.63563e+10 2.64253e+07 1.37297e+07 4.29353e+07 2.69404e+07 176 22
246000 1.33333e+08 6.18643e+09 2.86124e+10 3.2927e+07 2.10845e+07 4.09688e+07 1.6383e+07 161 27
247000 1.32981e+08 6.14924e+09 2.46112e+10 2.65571e+07 1.47607e+07 4.31822e+07 2.27096e+07 182 23
248000 1.28367e+08 6.15158e+09 1.76346e+10 3.09074e+07 1.91275e+07 2.73045e+07 1.1543e+07 178 30
249000 1.27281e+08 6.15444e+09 2.53732e+10 2.94909e+07 1.67466e+07 3.58739e+07 2.36884e+07 167 32
250000 1.25772e+08 6.15409e+09 3.99353e+10 3.65806e+07 2.49366e+07 2.02252e+07 8.42661e+06 152 33
251000 1.29529e+08 6.16631e+09 3.59106e+10 3.73919e+07 2.30292e+07 1.85201e+07 8.1869e+06 143 31
252000 1.38265e+08 6.10865e+09 3.81321e+10 3.83611e+07 2.15393e+07 2.34828e+07 1.23584e+07 145 27
253000 1.29462e+08 6.09336e+09 4.98548e+10 3.52725e+07 2.13415e+07 2.89398e+07 1.68304e+07 141 22
254000 1.22668e+08 6.11822e+09 3.266e+10 3.01709e+07 1.78252e+07 2.74796e+07 1.07777e+07 153 27
255000 1.20539e+08 6.1555e+09 2.13283e+10 3.03872e+07 1.78736e+07 2.63604e+07 1.00808e+07 156 26
256000 1.20665e+08 6.19495e+09 2.22535e+10 3.02069e+07 1.8744e+07 2.79004e+07 1.47673e+07 157 23
257000 1.2157e+08 6.20892e+09 2.31186e+10 3.27718e+07 2.05044e+07 4.4755e+07 3.32402e+07 150 25
258000 1.27138e+08 6.20489e+09 1.71933e+10 3.37494e+07 1.91373e+07 2.15833e+07 1.25313e+07 155 22
259000 1.26672e+08 6.20269e+09 2.03176e+10 3.43385e+07 1.96946e+07 2.06067e+07 1.12477e+07 149 25
260000 1.16816e+08 6.24548e+09 3.31149e+10 3.11467e+07 1.84458e+07 1.9591e+07 9.89478e+06 142 24
261000 1.12104e+08 6.31871e+09 3.03972e+10 3.12344e+07 1.92292e+07 2.56412e+07 1.65339e+07 134 25
262000 1.11945e+08 6.38014e+09 2.43454e+10 3.25872e+07 2.16703e+07 2.39773e+07 1.46705e+07 131 25
263000 1.16213e+08 6.42631e+09 2.22836e+10 3.24697e+07 2.05558e+07 4.98417e+07 4.10157e+07 136 22
264000 1.18325e+08 6.44627e+09 2.33507e+10 3.18596e+07 1.85104e+07 3.35671e+07 2.01112e+07 142 25
265000 1.26348e+08 6.43594e+09 1.94987e+10 3.86397e+07 2.40818e+07 2.73979e+07 1.40071e+07 143 34
266000 1.37348e+08 6.37205e+09 2.11027e+10 3.61616e+07 1.93796e+07 3.10465e+07 1.63977e+07 146 28
267000 1.30956e+08 6.34792e+09 3.31617e+10 3.3845e+07 1.72196e+07 2.6787e+07 1.31976e+07 148 32
268000 1.17111e+08 6.39433e+09 5.0935e+10 2.98565e+07 1.40199e+07 3.18788e+07 1.73882e+07 133 25
269000 1.07706e+08 6.48769e+09 5.07243e+10 3.02296e+07 1.73076e+07 3.81752e+07 2.06619e+07 123 26
270000 1.12474e+08 6.55061e+09 3.5152e+10 3.33894e+07 1.97002e+07 3.59813e+07 1.60117e+07 124 30
271000 1.21575e+08 6.55781e+09 2.84204e+10 3.7164e+07 2.07379e+07 3.53027e+07 2.00776e+07 123 30
272000 1.21876e+08 6.5632e+09 3.10558e+10 3.30621e+07 1.87036e+07 2.93063e+07 1.53947e+07 133 31
273000 1.19599e+08 6.59282e+09 3.04396e+10 3.8376e+07 2.5359e+07 2.65024e+07 1.38759e+07 130 34
274000 1.25801e+08 6.58791e+09 3.23587e+10 4.10292e+07 2.61395e+07 3.05956e+07 1.90334e+07 131 31
275000 1.31618e+08 6.55266e+09 2.85706e+10 3.75515e+07 2.3021e+07 2.96635e+07 1.43216e+07 134 36
276000 1.3902e+08 6.50115e+09 2.33651e+10 4.14663e+07 2.52923e+07 2.84102e+07 1.49986e+07 127 37
277000 1.36726e+08 6.45339e+09 2.92812e+10 3.82183e+07 2.28913e+07 3.02841e+07 1.80231e+07 134 32
278000 1.36179e+08 6.41194e+09 2.12592e+10 4.18602e+07 2.39576e+07 2.97655e+07 1.60639e+07 139 29
279000 1.37748e+08 6.36589e+09 2.97016e+10 3.58245e+07 2.0575e+07 2.83883e+07 1.33079e+07 146 35
280000 1.41885e+08 6.29312e+09 3.68925e+10 3.64897e+07 1.89711e+07 3.2828e+07 1.76827e+07 151 28
281000 1.40349e+08 6.23655e+09 4.66085e+10 4.3691e+07 2.63498e+07 2.23696e+07 8.38873e+06 143 35
282000 1.45245e+08 6.17277e+09 2.83098e+10 3.80782e+07 1.92505e+07 2.51332e+07 9.543e+06 150 33
283000 1.38387e+08 6.12971e+09 3.53104e+10 3.92537e+07 2.39573e+07 2.79501e+07 1.88451e+07 132 27
284000 1.2811e+08 6.14454e+09 2.76387e+10 3.26818e+07 1.93808e+07 2.56754e+07 1.32202e+07 144 28
285000 1.23799e+08 6.16199e+09 3.3612e+10 3.369e+07 2.13881e+07 3.5405e+07 1.86884e+07 135 27
286000 1.24793e+08 6.1565e+09 4.21842e+10 3.32569e+07 2.10609e+07 4.29489e+07 2.01937e+07 137 25
287000 1.27231e+08 6.14246e+09 3.79348e+10 3.27771e+07 1.95032e+07 3.9575e+07 1.64732e+07 142 28
288000 1.25711e+08 6.15208e+09 3.79405e+10 3.34411e+07 2.04997e+07 3.19082e+07 1.43699e+07 138 29
289000 1.24233e+08 6.16845e+09 2.38109e+10 3.24359e+07 1.88878e+07 2.35176e+07 1.00757e+07 148 29
290000 1.18097e+08 6.21256e+09 3.22933e+10 3.48075e+07 2.15037e+07 2.0489e+07 1.21509e+07 141 26
291000 1.06651e+08 6.28427e+09 5.06552e+10 2.96931e+07 1.66112e+07 6.61818e+07 3.43499e+07 138 26
292000 1.13533e+08 6.33976e+09 3.45702e+10 3.27389e+07 1.73882e+07 2.01362e+07 1.04513e+07 147 25
293000 1.20295e+08 6.35463e+09 2.37977e+10 3.13437e+07 1.68148e+07 1.99507e+07 9.77841e+06 147 26
294000 1.16722e+08 6.39245e+09 1.85289e+10 3.04294e+07 1.8859e+07 1.9015e+07 8.81344e+06 151 28
295000 1.17808e+08 6.42379e+09 1.89115e+10 3.02964e+07 1.84327e+07 2.33363e+07 1.34513e+07 157 23
296000 1.19916e+08 6.44262e+09 2.50577e+10 3.01607e+07 1.73183e+07 2.38511e+07 1.38573e+07 162 22
297000 1.13661e+08 6.48767e+09 4.84355e+10 2.87003e+07 1.49027e+07 2.28285e+07 1.3079e+07 148 26
298000 1.13975e+08 6.55535e+09 5.07978e+10 3.64137e+07 2.37659e+07 3.98066e+07 2.73318e+07 136 24
299000 1.24491e+08 6.55541e+09 3.36314e+10 3.45798e+07 2.04477e+07 3.72284e+07 1.7253e+07 145 23
300000 1.37361e+08 6.50575e+09 3.11606e+10 4.21918e+07 2.65458e+07 3.47594e+07 1.48578e+07 139 27
301000 1.34602e+08 6.45892e+09 4.52787e+10 3.77085e+07 2.20006e+07 2.59638e+07 9.60508e+06 134 30
302000 1.34404e+08 6.43731e+09 3.03482e+10 3.74838e+07 2.36043e+07 3.09965e+07 1.78906e+07 137 26
303000 1.35597e+08 6.39309e+09 2.81039e+10 3.68195e+07 1.94548e+07 3.36902e+07 2.39573e+07 147 25
304000 1.40056e+08 6.33212e+09 2.53518e+10 3.87023e+07 1.878e+07 4.03096e+07 2.78394e+07 146 27
305000 1.29551e+08 6.30123e+09 4.26313e+10 3.22322e+07 1.72661e+07 4.8161e+07 2.44628e+07 149 31
306000 1.29504e+08 6.29158e+09 3.02755e+10 3.97298e+07 1.73927e+07 3.76741e+07 1.51859e+07 150 43
307000 1.28433e+08 6.29138e+09 2.86974e+10 3.42857e+07 2.26201e+07 3.69954e+07 1.69787e+07 134 43
308000 1.25543e+08 6.29554e+09 2.72935e+10 3.34652e+07 2.20117e+07 3.39055e+07 1.478e+07 124 45
309000 1.20312e+08 6.3248e+09 1.80711e+10 3.26685e+07 2.17822e+07 2.51918e+07 1.02158e+07 125 47
310000 1.16895e+08 6.36279e+09 2.01005e+10 3.37649e+07 2.05092e+07 2.19439e+07 1.04815e+07 125 45
311000 1.10669e+08 6.427e+09 2.9116e+10 3.40691e+07 2.06979e+07 2.17915e+07 1.2865e+07 122 46
312000 1.09388e+08 6.4992e+09 2.61006e+10 3.20255e+07 2.05075e+07 2.6607e+07 1.73041e+07 116 44
313000 1.08045e+08 6.55559e+09 4.06609e+10 3.16631e+07 2.01792e+07 3.14927e+07 1.58099e+07 110 44
314000 1.11148e+08 6.60513e+09 3.92939e+10 3.93669e+07 2.73694e+07 3.24364e+07 1.50994e+07 121 44
315000 1.17693e+08 6.64131e+09 2.81368e+10 3.69895e+07 2.4723e+07 2.63961e+07 1.22864e+07 115 47
316000 1.27833e+08 6.6184e+09 2.31197e+10 4.18615e+07 2.52135e+07 2.3653e+07 1.13463e+07 121 45
317000 1.32273e+08 6.58959e+09 2.53469e+10 4.39719e+07 2.7409e+07 2.22719e+07 1.10373e+07 120 46
318000 1.28303e+08 6.58345e+09 3.25407e+10 4.05512e+07 2.4647e+07 2.45221e+07 1.53296e+07 112 43
319000 1.37069e+08 6.52873e+09 3.20247e+10 4.51883e+07 2.41552e+07 2.092e+07 1.01657e+07 124 48
320000 1.38798e+08 6.45484e+09 3.26771e+10 3.6623e+07 1.82349e+07 2.10742e+07 9.54832e+06 132 48
321000 1.2434e+08 6.46553e+09 2.77487e+10 3.01951e+07 1.5752e+07 2.27906e+07 1.03664e+07 140 47
322000 1.17e+08 6.51678e+09 2.00566e+10 2.8641e+07 1.61135e+07 2.19469e+07 1.07887e+07 138 50
323000 1.14193e+08 6.57467e+09 2.34347e+10 3.00315e+07 1.82578e+07 2.37771e+07 1.14579e+07 131 48
324000 1.32229e+08 6.53821e+09 2.28599e+10 4.18022e+07 2.08632e+07 2.57662e+07 1.33956e+07 127 48
325000 1.29519e+08 6.50621e+09 2.15211e+10 3.06847e+07 1.72793e+07 2.77759e+07 1.5859e+07 143 47
326000 1.29616e+08 6.48292e+09 2.76836e+10 3.71019e+07 2.01871e+07 2.42697e+07 1.06502e+07 134 49
327000 1.30391e+08 6.44349e+09 4.18956e+10 3.39665e+07 1.75567e+07 2.38532e+07 1.03738e+07 138 47
328000 1.25978e+08 6.44482e+09 3.32359e+10 2.9088e+07 1.50114e+07 1.97825e+07 8.18041e+06 146 55
329000 1.14978e+08 6.4976e+09 4.63235e+10 3.41142e+07 1.88089e+07 1.7422e+07 6.7717e+06 139 56
330000 1.0787e+08 6.57912e+09 4.32267e+10 2.49287e+07 1.33777e+07 1.91523e+07 8.26828e+06 145 55
331000 1.08234e+08 6.66965e+09 3.09779e+10 3.71166e+07 2.16335e+07 2.10742e+07 8.84031e+06 129 51
332000 1.04462e+08 6.76048e+09 3.21241e+10 2.91312e+07 1.67369e+07 2.17368e+07 1.05753e+07 124 49
333000 1.14136e+08 6.81065e+09 3.00791e+10 3.674e+07 2.44764e+07 2.6601e+07 1.58105e+07 119 44
334000 1.36413e+08 6.72684e+09 4.10564e+10 3.91344e+07 1.88562e+07 2.51148e+07 1.44569e+07 132 47
335000 1.49213e+08 6.59298e+09 5.86767e+10 4.31475e+07 1.93407e+07 2.7368e+07 1.64816e+07 136 44
336000 1.66523e+08 6.43075e+09 3.26457e+10 4.27984e+07 2.15391e+07 3.25437e+07 1.83216e+07 148 44
337000 1.58829e+08 6.29727e+09 3.11581e+10 3.39099e+07 1.6176e+07 4.69277e+07 2.89494e+07 154 43
338000 1.53316e+08 6.19093e+09 3.21333e+10 3.23134e+07 1.63175e+07 4.18781e+07 2.03289e+07 139 55
339000 1.38724e+08 6.14147e+09 3.54725e+10 2.75803e+07 1.4507e+07 3.49632e+07 1.53025e+07 140 55
340000 1.23875e+08 6.16114e+09 3.39451e+10 3.01156e+07 1.79291e+07 2.89568e+07 1.33829e+07 139 56
341000 1.20488e+08 6.20503e+09 2.60856e+10 2.96262e+07 1.82205e+07 2.33149e+07 1.02936e+07 129 62
342000 1.18813e+08 6.24297e+09 2.90977e+10 3.25801e+07 1.9045e+07 2.26929e+07 9.67419e+06 120 59
343000 1.21051e+08 6.26343e+09 2.66252e+10 3.56346e+07 2.24554e+07 3.88712e+07 2.67004e+07 123 52
344000 1.21497e+08 6.27305e+09 2.92361e+10 3.47415e+07 1.88531e+07 2.73737e+07 1.48446e+07 118 48
345000 1.20982e+08 6.28662e+09 2.26357e+10 3.22533e+07 1.60618e+07 2.46828e+07 1.29778e+07 130 46
346000 1.17841e+08 6.32768e+09 1.36294e+10 3.54681e+07 2.32243e+07 2.99725e+07 2.1761e+07 131 48
347000 1.1222e+08 6.38226e+09 1.69441e+10 2.61149e+07 1.44013e+07 2.55046e+07 1.45724e+07 145 47
348000 1.1827e+08 6.41678e+09 1.3311e+10 2.84743e+07 1.72503e+07 3.62464e+07 2.53564e+07 140 43
349000 1.33139e+08 6.35647e+09 1.779e+10 3.4102e+07 2.01941e+07 4.54992e+07 2.51096e+07 129 55
350000 1.51028e+08 6.21182e+09 1.13535e+10 4.02226e+07 2.51073e+07 3.49459e+07 1.13365e+07 132 70
351000 1.46081e+08 6.11056e+09 1.21591e+10 3.1751e+07 1.76652e+07 3.26114e+07 1.36932e+07 137 62
352000 1.38643e+08 6.05661e+09 1.51839e+10 3.30104e+07 1.85991e+07 2.34552e+07 9.90903e+06 141 70
353000 1.31232e+08 6.03862e+09 2.10648e+10 2.97442e+07 1.57341e+07 3.90645e+07 1.99484e+07 147 64
354000 1.26131e+08 6.0397e+09 2.27374e+10 3.26966e+07 1.69994e+07 2.14821e+07 1.11275e+07 146 61
355000 1.23903e+08 6.05468e+09 2.05374e+10 3.12605e+07 1.81307e+07 1.91805e+07 8.69398e+06 136 65
356000 1.23301e+08 6.07644e+09 2.26198e+10 3.09088e+07 1.62795e+07 4.05915e+07 1.97101e+07 142 60
357000 1.25305e+08 6.08573e+09 1.95846e+10 3.08402e+07 1.73953e+07 2.38844e+07 1.44111e+07 141 57
358000 1.31086e+08 6.06597e+09 1.85086e+10 3.84465e+07 2.50814e+07 2.22087e+07 1.30578e+07 126 58
359000 1.29581e+08 6.04394e+09 2.53089e+10 3.44193e+07 1.94093e+07 2.22713e+07 1.31968e+07 128 54
360000 1.23805e+08 6.05679e+09 2.67674e+10 3.14165e+07 1.80861e+07 2.27727e+07 1.37894e+07 128 56
361000 1.18525e+08 6.09662e+09 3.21851e+10 3.34052e+07 2.1656e+07 2.81568e+07 1.65179e+07 115 50
362000 1.16211e+08 6.14184e+09 3.57197e+10 3.87727e+07 2.45876e+07 4.87398e+07 1.98582e+07 107 57
363000 1.1588e+08 6.18533e+09 3.68238e+10 5.39226e+07 4.30877e+07 2.66613e+07 1.33428e+07 109 53
364000 1.18009e+08 6.2151e+09 2.74302e+10 3.51097e+07 2.3785e+07 2.6534e+07 1.38197e+07 109 55
365000 1.1839e+08 6.23976e+09 2.57839e+10 4.1172e+07 2.39849e+07 2.75892e+07 1.406e+07 111 54
366000 1.17127e+08 6.27243e+09 2.27188e+10 3.56784e+07 2.25223e+07 2.53285e+07 1.33286e+07 105 60
367000 1.18623e+08 6.29407e+09 1.85921e+10 3.31088e+07 2.19192e+07 3.00767e+07 1.53787e+07 107 59
368000 1.20219e+08 6.30331e+09 3.13372e+10 3.26188e+07 2.05815e+07 3.48737e+07 1.91739e+07 103 60
369000 1.17708e+08 6.31275e+09 3.66806e+10 2.8947e+07 1.66944e+07 3.13676e+07 1.7141e+07 111 59
370000 1.14087e+08 6.35569e+09 4.13213e+10 3.09308e+07 1.94017e+07 3.14551e+07 1.73309e+07 117 58
371000 1.15889e+08 6.38385e+09 4.11499e+10 3.6426e+07 2.3543e+07 3.30218e+07 2.14837e+07 104 59
372000 1.20562e+08 6.39278e+09 4.09208e+10 3.36199e+07 2.14162e+07 3.13227e+07 1.44714e+07 100 66
373000 1.22838e+08 6.37719e+09 4.51937e+10 3.59795e+07 2.16492e+07 3.05863e+07 1.33121e+07 96 73
374000 1.31428e+08 6.35972e+09 2.24075e+10 3.63654e+07 2.19029e+07 3.11306e+07 1.61321e+07 105 70
375000 1.2798e+08 6.3436e+09 2.33938e+10 3.42623e+07 2.02198e+07 2.73411e+07 1.52108e+07 108 69
376000 1.20823e+08 6.34732e+09 4.01562e+10 3.35285e+07 1.69331e+07 2.75286e+07 1.67549e+07 105 66
377000 1.22932e+08 6.3551e+09 2.8951e+10 3.33541e+07 1.71833e+07 2.67218e+07 1.47524e+07 112 69
378000 1.20416e+08 6.36603e+09 2.69096e+10 3.08813e+07 1.5409e+07 2.79718e+07 1.55217e+07 113 68
379000 1.17e+08 6.39555e+09 2.0526e+10 2.79614e+07 1.48508e+07 2.68093e+07 1.57184e+07 117 70
380000 1.17962e+08 6.43098e+09 2.35846e+10 2.89537e+07 1.67297e+07 2.91298e+07 1.53683e+07 112 71
381000 1.1626e+08 6.45444e+09 3.86816e+10 2.88733e+07 1.62107e+07 3.28808e+07 1.92301e+07 104 65
382000 1.20764e+08 6.47484e+09 2.48962e+10 3.03415e+07 1.97377e+07 3.63627e+07 2.13744e+07 102 73
383000 1.26927e+08 6.45758e+09 3.20554e+10 3.70253e+07 2.51298e+07 4.73526e+07 2.90469e+07 89 71
384000 1.30977e+08 6.41395e+09 2.65221e+10 3.77099e+07 2.31259e+07 3.38851e+07 1.72854e+07 94 72
385000 1.3021e+08 6.38561e+09 2.37832e+10 3.50605e+07 1.94543e+07 2.73273e+07 1.41751e+07 96 88
386000 1.27811e+08 6.37169e+09 2.83882e+10 3.55399e+07 1.99716e+07 2.65134e+07 1.37418e+07 94 90
387000 1.2466e+08 6.36735e+09 1.99439e+10 3.33035e+07 1.82229e+07 2.47466e+07 1.15799e+07 97 91
388000 1.19428e+08 6.39745e+09 1.87362e+10 3.19903e+07 1.92781e+07 2.50844e+07 1.37128e+07 94 87
389000 1.1517e+08 6.43744e+09 1.61631e+10 3.75683e+07 2.18799e+07 3.08765e+07 2.11182e+07 94 87
390000 1.11985e+08 6.48463e+09 2.49179e+10 3.53047e+07 2.56885e+07 2.55761e+07 1.43437e+07 83 85
391000 1.18229e+08 6.49078e+09 2.41229e+10 3.59061e+07 2.06785e+07 2.73929e+07 1.6543e+07 92 88
392000 1.34793e+08 6.41918e+09 1.5609e+10 4.1194e+07 2.12022e+07 2.82239e+07 1.6853e+07 98 96
393000 1.5082e+08 6.28202e+09 1.01653e+10 4.16666e+07 2.2321e+07 2.82769e+07 1.27366e+07 109 100
394000 1.41378e+08 6.19906e+09 1.01307e+10 2.90559e+07 1.4195e+07 2.41321e+07 1.10191e+07 119 108
395000 1.25463e+08 6.19615e+09 1.69781e+10 2.59695e+07 1.35178e+07 2.26591e+07 1.0662e+07 116 106
396000 1.20476e+08 6.23816e+09 1.54505e+10 2.36683e+07 1.27586e+07 2.79727e+07 1.60777e+07 121 95
397000 1.16988e+08 6.2628e+09 1.57431e+10 2.10649e+07 1.08481e+07 2.61222e+07 1.30913e+07 123 104
398000 1.20654e+08 6.28781e+09 2.00924e+10 2.73829e+07 1.79077e+07 3.02178e+07 1.55408e+07 103 96
399000 1.23588e+08 6.28349e+09 2.10986e+10 2.64771e+07 1.55605e+07 3.12317e+07 1.53761e+07 101 92
400000 1.24049e+08 6.28139e+09 2.12618e+10 2.83383e+07 1.60487e+07 3.35806e+07 2.04757e+07 103 94
401000 1.26222e+08 6.26253e+09 1.35884e+10 3.73037e+07 2.31087e+07 2.71664e+07 1.52009e+07 98 100
402000 1.26635e+08 6.24516e+09 1.8248e+10 3.26359e+07 1.67913e+07 2.45532e+07 1.30093e+07 94 106
403000 1.22697e+08 6.2477e+09 2.54678e+10 3.00312e+07 1.67306e+07 2.61159e+07 1.45283e+07 97 99
404000 1.22234e+08 6.26243e+09 1.64759e+10 2.7589e+07 1.56222e+07 2.51239e+07 1.34204e+07 105 102
405000 1.19915e+08 6.27572e+09 1.80913e+10 2.84725e+07 1.57439e+07 2.40173e+07 1.3283e+07 102 103
406000 1.1821e+08 6.29597e+09 2.24245e+10 3.02735e+07 1.83173e+07 2.51676e+07 1.24466e+07 91 103
407000 1.15289e+08 6.31823e+09 2.35686e+10 2.83296e+07 1.65604e+07 2.46951e+07 1.24252e+07 91 104
408000 1.18932e+08 6.34564e+09 2.41234e+10 2.89939e+07 1.67729e+07 3.18931e+07 1.90019e+07 85 94
409000 1.21892e+08 6.33717e+09 2.91611e+10 2.77907e+07 1.71173e+07 3.05978e+07 1.57704e+07 82 105
410000 1.22901e+08 6.34566e+09 2.63843e+10 3.1676e+07 1.9934e+07 2.62663e+07 1.24635e+07 86 103
411000 1.24461e+08 6.33707e+09 2.51809e+10 3.32164e+07 1.8055e+07 3.41351e+07 1.70908e+07 91 91
412000 1.21627e+08 6.34389e+09 3.57906e+10 3.48483e+07 2.07646e+07 2.45673e+07 1.26271e+07 86 104
413000 1.19883e+08 6.35966e+09 2.70026e+10 3.34575e+07 2.01698e+07 2.53222e+07 1.40168e+07 84 99
414000 1.17461e+08 6.39524e+09 2.3276e+10 3.07896e+07 1.87765e+07 2.49691e+07 1.41074e+07 89 96
415000 1.11517e+08 6.43449e+09 3.07095e+10 3.08528e+07 1.79044e+07 2.24468e+07 1.1095e+07 87 97
416000 1.15931e+08 6.47291e+09 2.86428e+10 4.3552e+07 2.44009e+07 2.60712e+07 1.51487e+07 85 89
417000 1.24033e+08 6.4608e+09 2.88249e+10 3.81918e+07 2.14302e+07 2.82847e+07 1.46939e+07 82 94
418000 1.27615e+08 6.42555e+09 2.12771e+10 3.37902e+07 1.89599e+07 2.62142e+07 1.08114e+07 91 104
419000 1.23318e+08 6.4263e+09 2.25555e+10 3.37375e+07 1.98856e+07 2.58721e+07 1.24713e+07 86 105
420000 1.17061e+08 6.45758e+09 3.61483e+10 3.26485e+07 1.77776e+07 2.56978e+07 1.26594e+07 79 103
421000 1.17495e+08 6.48762e+09 2.36675e+10 3.32455e+07 2.19789e+07 2.63286e+07 1.42382e+07 79 107
422000 1.18881e+08 6.51814e+09 2.13669e+10 3.22886e+07 2.004e+07 3.02666e+07 1.74259e+07 75 100
423000 1.18406e+08 6.52733e+09 2.5352e+10 3.17251e+07 2.02939e+07 2.99811e+07 1.53392e+07 68 110
424000 1.22277e+08 6.52038e+09 2.077e+10 2.96817e+07 1.98049e+07 3.154e+07 1.46027e+07 71 112
425000 1.21337e+08 6.50874e+09 2.02657e+10 3.14286e+07 2.05398e+07 2.73649e+07 1.17367e+07 71 121
426000 1.23404e+08 6.49763e+09 1.58588e+10 3.89919e+07 2.52861e+07 2.40222e+07 1.10817e+07 70 125
427000 1.25671e+08 6.49356e+09 2.73257e+10 3.82063e+07 2.14536e+07 2.56515e+07 1.36176e+07 75 109
428000 1.18332e+08 6.51154e+09 2.7972e+10 3.51831e+07 2.14213e+07 2.05135e+07 1.00373e+07 76 124
429000 1.11668e+08 6.56272e+09 4.21046e+10 3.84315e+07 2.40999e+07 2.50936e+07 1.4532e+07 68 103
430000 1.17571e+08 6.56889e+09 4.03023e+10 4.00526e+07 2.163e+07 2.29522e+07 1.32092e+07 70 110
431000 1.16393e+08 6.59304e+09 3.93222e+10 3.63718e+07 2.25056e+07 2.42982e+07 1.22675e+07 72 116
432000 1.1535e+08 6.61863e+09 2.87003e+10 2.89727e+07 1.6049e+07 2.62905e+07 1.35234e+07 75 117
433000 1.16656e+08 6.65321e+09 2.86792e+10 3.32528e+07 1.93021e+07 2.65081e+07 1.23205e+07 66 113
434000 1.13955e+08 6.68387e+09 2.59237e+10 3.29422e+07 1.76452e+07 2.50009e+07 1.24198e+07 68 118
435000 1.12504e+08 6.72903e+09 2.63182e+10 3.5389e+07 2.13656e+07 2.92653e+07 1.50762e+07 65 113
436000 1.15693e+08 6.74121e+09 2.46669e+10 3.50238e+07 1.63151e+07 2.47937e+07 1.30008e+07 75 111
437000 1.11975e+08 6.77891e+09 2.81017e+10 3.09969e+07 1.55074e+07 2.52231e+07 1.41154e+07 68 114
438000 1.11856e+08 6.82424e+09 3.48964e+10 3.21045e+07 1.72181e+07 2.71051e+07 1.63166e+07 68 114
439000 1.24463e+08 6.79e+09 2.82161e+10 2.82e+07 1.29208e+07 3.20346e+07 1.57283e+07 78 119
440000 1.30479e+08 6.72787e+09 3.35429e+10 2.71294e+07 1.16184e+07 4.00263e+07 1.91677e+07 76 118
441000 1.27042e+08 6.70318e+09 2.60775e+10 2.77989e+07 1.26705e+07 2.9323e+07 1.37314e+07 72 125
442000 1.2498e+08 6.70459e+09 1.04648e+10 2.87652e+07 1.61561e+07 2.55701e+07 1.27968e+07 69 141
443000 1.18332e+08 6.71198e+09 1.6069e+10 2.57873e+07 1.42679e+07 2.37063e+07 1.16814e+07 69 151
444000 1.22576e+08 6.70355e+09 1.17199e+10 2.97983e+07 1.84017e+07 2.48054e+07 1.14365e+07 69 152
445000 1.33625e+08 6.64734e+09 1.811e+10 3.67432e+07 2.07351e+07 2.49156e+07 1.15907e+07 76 146
446000 1.45163e+08 6.52513e+09 2.28768e+10 4.07224e+07 1.89661e+07 2.63639e+07 1.30171e+07 75 146
447000 1.51552e+08 6.3955e+09 1.33155e+10 3.14308e+07 1.53401e+07 3.48649e+07 1.4835e+07 75 142
448000 1.49032e+08 6.27064e+09 7.04869e+09 3.48559e+07 2.31127e+07 2.7344e+07 1.15042e+07 72 158
449000 1.33276e+08 6.23757e+09 6.32267e+09 2.54477e+07 1.31829e+07 2.4785e+07 1.11776e+07 81 152
450000 1.25813e+08 6.23278e+09 1.27653e+10 3.20407e+07 1.82793e+07 2.18099e+07 9.98591e+06 71 158
451000 1.18327e+08 6.24795e+09 1.64332e+10 2.83405e+07 1.68956e+07 2.17582e+07 9.99865e+06 74 152
452000 1.13161e+08 6.29059e+09 2.8526e+10 3.02933e+07 1.94857e+07 2.07967e+07 1.07291e+07 68 146
453000 1.29444e+08 6.28165e+09 2.93194e+10 6.05128e+07 3.15001e+07 2.10977e+07 1.00705e+07 61 142
454000 1.4009e+08 6.1942e+09 1.32065e+10 4.21858e+07 2.12523e+07 2.32713e+07 1.29402e+07 74 137
455000 1.24023e+08 6.19496e+09 1.7093e+10 3.52741e+07 2.08553e+07 1.95676e+07 9.52012e+06 73 141
456000 1.17373e+08 6.24443e+09 1.87449e+10 3.2073e+07 2.0055e+07 2.2857e+07 1.31406e+07 74 123
457000 1.13805e+08 6.28727e+09 1.61149e+10 3.22092e+07 2.03649e+07 2.34922e+07 1.40782e+07 73 120
458000 1.09528e+08 6.33973e+09 1.89747e+10 3.08207e+07 1.98634e+07 3.12714e+07 2.18156e+07 68 130
459000 1.07585e+08 6.39473e+09 1.6558e+10 2.85623e+07 1.81168e+07 2.14063e+07 1.14825e+07 69 134
460000 1.08556e+08 6.46214e+09 1.89364e+10 2.76685e+07 1.73089e+07 2.30097e+07 1.20244e+07 70 133
461000 1.11942e+08 6.50039e+09 1.8167e+10 2.69329e+07 1.52926e+07 2.73906e+07 1.4501e+07 72 122
462000 1.1684e+08 6.50977e+09 1.70863e+10 2.92347e+07 1.90447e+07 3.16132e+07 1.74024e+07 72 123
463000 1.24957e+08 6.48835e+09 1.27743e+10 2.5121e+07 1.42478e+07 3.05497e+07 1.56273e+07 78 127
464000 1.26319e+08 6.47584e+09 2.04222e+10 2.93339e+07 1.71298e+07 2.89663e+07 1.53205e+07 68 125
465000 1.21453e+08 6.46484e+09 3.21001e+10 3.68564e+07 2.05056e+07 3.10888e+07 1.89588e+07 65 129
466000 1.30163e+08 6.42729e+09 2.99038e+10 3.79229e+07 2.04155e+07 5.39046e+07 3.97057e+07 60 128
467000 1.38208e+08 6.35151e+09 2.2656e+10 3.73119e+07 2.35272e+07 3.18583e+07 1.8032e+07 59 130
468000 1.29242e+08 6.30979e+09 3.32632e+10 3.30239e+07 1.94761e+07 2.91791e+07 1.56406e+07 55 148
469000 1.20647e+08 6.32418e+09 4.08837e+10 3.23963e+07 1.93249e+07 2.76213e+07 1.35362e+07 53 128
470000 1.18078e+08 6.35133e+09 3.5568e+10 3.57895e+07 2.36681e+07 2.70566e+07 1.40884e+07 52 132
471000 1.20029e+08 6.36396e+09 2.19429e+10 3.38823e+07 1.84251e+07 2.60721e+07 1.32347e+07 54 136
472000 1.17813e+08 6.37888e+09 2.4823e+10 3.68433e+07 2.27073e+07 2.57899e+07 1.42736e+07 50 140
473000 1.19712e+08 6.38486e+09 2.95754e+10 3.2888e+07 1.81321e+07 2.79661e+07 1.66293e+07 49 139
474000 1.23618e+08 6.36352e+09 2.23173e+10 2.90781e+07 1.38168e+07 3.13564e+07 1.67101e+07 56 136
475000 1.24069e+08 6.34814e+09 1.8868e+10 2.66732e+07 1.20685e+07 3.02883e+07 1.70689e+07 59 136
476000 1.19094e+08 6.35293e+09 1.54751e+10 2.37871e+07 1.03273e+07 2.67352e+07 1.43094e+07 65 138
477000 1.12089e+08 6.38051e+09 1.94894e+10 2.65616e+07 1.34216e+07 2.2653e+07 1.16756e+07 57 152
478000 1.09312e+08 6.43394e+09 2.43636e+10 2.44186e+07 1.29226e+07 2.27756e+07 1.13329e+07 65 149
479000 1.11941e+08 6.47376e+09 2.03762e+10 2.47708e+07 1.13822e+07 2.48706e+07 1.36585e+07 65 142
480000 1.13546e+08 6.50464e+09 2.23408e+10 2.79795e+07 1.26832e+07 2.31604e+07 1.18977e+07 62 147
481000 1.1571e+08 6.534e+09 1.90016e+10 3.09505e+07 1.56016e+07 2.54783e+07 1.40889e+07 56 137
482000 1.11307e+08 6.56265e+09 2.09964e+10 2.89955e+07 1.50216e+07 2.25554e+07 1.12543e+07 57 147
483000 1.09117e+08 6.62376e+09 3.4972e+10 2.69434e+07 1.44487e+07 2.3794e+07 1.21408e+07 60 137
484000 1.12696e+08 6.67484e+09 3.58148e+10 3.82956e+07 2.42429e+07 2.68589e+07 1.57157e+07 50 128
485000 1.18299e+08 6.68569e+09 2.72308e+10 3.38405e+07 1.75441e+07 2.75524e+07 1.53353e+07 56 134
486000 1.25668e+08 6.66181e+09 1.96673e+10 3.54333e+07 2.4021e+07 3.02366e+07 1.65925e+07 51 140
487000 1.30817e+08 6.59561e+09 1.96964e+10 3.47204e+07 2.23101e+07 2.91363e+07 1.32123e+07 58 154
488000 1.30914e+08 6.54429e+09 2.61161e+10 3.43953e+07 1.8714e+07 2.50866e+07 1.06178e+07 57 163
489000 1.33646e+08 6.49522e+09 2.52756e+10 3.71857e+07 1.85251e+07 2.78571e+07 1.48907e+07 56 146
490000 1.34451e+08 6.43906e+09 1.84582e+10 2.88977e+07 1.32675e+07 3.12816e+07 1.50369e+07 56 152
491000 1.37206e+08 6.36805e+09 2.02326e+10 2.86632e+07 1.61262e+07 3.73356e+07 1.8212e+07 49 154
492000 1.30893e+08 6.32768e+09 2.16019e+10 3.39767e+07 2.44315e+07 3.00648e+07 1.3961e+07 42 156
493000 1.22225e+08 6.33512e+09 3.06474e+10 3.30432e+07 2.19325e+07 2.74966e+07 1.28065e+07 37 152
494000 1.17454e+08 6.36377e+09 2.92224e+10 2.97981e+07 1.86835e+07 2.83158e+07 1.52603e+07 42 144
495000 1.17045e+08 6.38824e+09 2.81611e+10 3.79446e+07 2.4516e+07 2.73126e+07 1.57974e+07 39 136
496000 1.08014e+08 6.42626e+09 4.3295e+10 3.46736e+07 1.70853e+07 2.39529e+07 1.18127e+07 42 141
497000 1.06894e+08 6.49296e+09 4.02562e+10 4.31629e+07 2.42202e+07 2.44512e+07 1.18797e+07 33 137
498000 1.06299e+08 6.56138e+09 2.8035e+10 3.52989e+07 1.91001e+07 2.45842e+07 1.24289e+07 42 135
499000 1.01849e+08 6.6442e+09 4.11947e+10 3.33587e+07 1.935e+07 2.48367e+07 1.30112e+07 39 128
500000 9.82079e+07 6.73874e+09 4.77819e+10 3.13037e+07 1.7669e+07 2.59532e+07 1.4217e+07 35 131
501000 9.92179e+07 6.82901e+09 4.32364e+10 3.0578e+07 1.44758e+07 2.69923e+07 1.53017e+07 37 128
502000 1.06078e+08 6.90088e+09 3.33369e+10 3.24095e+07 1.57734e+07 3.44745e+07 2.12002e+07 38 118
503000 1.04153e+08 6.96143e+09 4.02234e+10 2.91073e+07 1.38158e+07 2.95721e+07 1.47383e+07 41 120
504000 1.03635e+08 7.04061e+09 3.71219e+10 4.26545e+07 3.15151e+07 3.13127e+07 1.79194e+07 37 117
505000 1.09982e+08 7.08785e+09 2.79009e+10 4.53811e+07 3.36754e+07 3.22832e+07 1.90258e+07 33 125
506000 1.237e+08 7.04828e+09 3.13206e+10 4.95055e+07 2.38738e+07 3.39259e+07 2.04673e+07 38 125
507000 1.29372e+08 6.99104e+09 2.74877e+10 3.73828e+07 2.24516e+07 3.73716e+07 1.89913e+07 38 134
508000 1.34091e+08 6.91725e+09 2.95269e+10 2.61006e+07 1.66619e+07 4.17903e+07 2.18444e+07 37 138
509000 1.40873e+08 6.80548e+09 2.82215e+10 2.72226e+07 1.38733e+07 3.68094e+07 1.64943e+07 37 154
510000 1.37236e+08 6.71573e+09 1.94755e+10 2.98583e+07 1.12062e+07 3.04117e+07 1.40361e+07 38 171
511000 1.32799e+08 6.66768e+09 1.3953e+10 2.67084e+07 1.34829e+07 3.13607e+07 1.73183e+07 39 180
512000 1.26737e+08 6.65165e+09 2.14024e+10 3.14418e+07 1.94118e+07 2.75293e+07 1.4668e+07 31 171
513000 1.22693e+08 6.63617e+09 1.96106e+10 3.52607e+07 1.90011e+07 2.54846e+07 1.33058e+07 35 177
514000 1.31322e+08 6.5824e+09 9.68729e+09 4.10961e+07 2.18026e+07 3.02007e+07 1.53652e+07 43 185
515000 1.4427e+08 6.46396e+09 2.2451e+10 5.54792e+07 2.19838e+07 2.6048e+07 1.47091e+07 38 189
516000 1.45419e+08 6.33798e+09 2.79375e+10 3.7707e+07 1.4441e+07 2.72376e+07 1.57546e+07 42 196
517000 1.36202e+08 6.28445e+09 2.67308e+10 2.70139e+07 1.13504e+07 2.50917e+07 1.14492e+07 43 190
518000 1.24611e+08 6.29316e+09 2.88766e+10 2.86686e+07 1.70325e+07 2.52863e+07 1.2332e+07 39 175
519000 1.23001e+08 6.29669e+09 2.21086e+10 2.63977e+07 1.63392e+07 2.63318e+07 1.29447e+07 37 176
520000 1.24543e+08 6.28112e+09 1.83793e+10 6.24471e+07 3.26686e+07 2.84405e+07 1.48385e+07 37 174
521000 1.20235e+08 6.29341e+09 1.4499e+10 2.85461e+07 1.52082e+07 2.50365e+07 1.33034e+07 39 167
522000 1.12318e+08 6.33967e+09 1.22488e+10 3.07477e+07 1.9911e+07 2.43675e+07 1.2899e+07 33 168
523000 1.05981e+08 6.40488e+09 1.39017e+10 2.56786e+07 1.59684e+07 2.25744e+07 1.26289e+07 38 163
524000 1.00641e+08 6.48324e+09 2.25561e+10 2.50135e+07 1.48957e+07 2.16436e+07 1.16842e+07 36 170
525000 1.00716e+08 6.57037e+09 2.20157e+10 2.6868e+07 1.59044e+07 2.15624e+07 1.09453e+07 35 173
526000 1.02024e+08 6.63791e+09 3.16086e+10 2.70339e+07 1.71563e+07 2.37043e+07 1.14655e+07 34 159
527000 1.05243e+08 6.71452e+09 3.17031e+10 2.67513e+07 1.38437e+07 4.27208e+07 3.26401e+07 36 143
528000 1.16134e+08 6.72126e+09 1.76747e+10 3.14906e+07 1.75428e+07 3.02206e+07 1.74938e+07 36 154
529000 1.19558e+08 6.71287e+09 2.25598e+10 3.83024e+07 2.40519e+07 2.7808e+07 1.57007e+07 39 151
530000 1.15593e+08 6.72681e+09 2.27433e+10 2.67864e+07 1.34889e+07 2.57194e+07 1.34981e+07 42 162
531000 1.16464e+08 6.73881e+09 1.86147e+10 2.79023e+07 1.64339e+07 2.68672e+07 1.43919e+07 39 165
532000 1.22032e+08 6.72142e+09 1.44614e+10 2.33969e+07 1.0827e+07 2.88017e+07 1.53579e+07 40 164
533000 1.26948e+08 6.69285e+09 1.55413e+10 2.78463e+07 1.29843e+07 3.08984e+07 1.73786e+07 41 167
534000 1.31225e+08 6.63574e+09 1.40406e+10 2.52741e+07 1.14023e+07 3.72644e+07 2.09614e+07 36 174
535000 1.42624e+08 6.52355e+09 1.23856e+10 2.91441e+07 1.70416e+07 3.12064e+07 1.39816e+07 32 192
536000 1.47241e+08 6.38153e+09 1.03661e+10 2.74193e+07 1.59288e+07 3.36803e+07 1.42002e+07 34 203
537000 1.38518e+08 6.32078e+09 9.28578e+09 3.12636e+07 1.82402e+07 3.29643e+07 1.55381e+07 29 194
538000 1.28331e+08 6.28424e+09 1.32505e+10 3.25933e+07 1.65065e+07 2.50791e+07 1.31619e+07 31 203
539000 1.2767e+08 6.26442e+09 9.11348e+09 2.97962e+07 1.64285e+07 2.50604e+07 1.24146e+07 34 196
540000 1.26007e+08 6.24893e+09 9.50832e+09 2.61993e+07 1.49795e+07 2.64964e+07 1.46271e+07 36 182
541000 1.25841e+08 6.23663e+09 1.23523e+10 3.20117e+07 2.21608e+07 2.6367e+07 1.28857e+07 28 184
542000 1.21165e+08 6.23722e+09 2.01075e+10 2.69429e+07 1.52893e+07 2.56495e+07 1.26291e+07 29 181
543000 1.17344e+08 6.25483e+09 1.79772e+10 3.27582e+07 2.12047e+07 2.59383e+07 1.46701e+07 29 169
544000 1.1268e+08 6.28802e+09 1.85531e+10 2.41451e+07 1.29656e+07 2.98979e+07 1.72795e+07 30 176
545000 1.11367e+08 6.31938e+09 1.81283e+10 2.43607e+07 1.10693e+07 2.33203e+07 1.22442e+07 28 192
546000 1.13908e+08 6.34214e+09 9.31441e+09 2.50622e+07 1.07313e+07 2.30885e+07 1.19875e+07 28 197
547000 1.09877e+08 6.37713e+09 1.06887e+10 2.30638e+07 1.05906e+07 2.25223e+07 1.19133e+07 30 189
548000 1.07128e+08 6.44067e+09 1.02156e+10 2.46295e+07 1.39972e+07 2.30171e+07 1.25851e+07 28 179
549000 1.04772e+08 6.50748e+09 1.21347e+10 2.43977e+07 1.28052e+07 2.65892e+07 1.36409e+07 27 180
550000 1.04469e+08 6.581e+09 1.87289e+10 4.28164e+07 3.44545e+07 3.19903e+07 2.10002e+07 20 177
551000 1.07266e+08 6.62916e+09 1.33384e+10 3.01483e+07 2.19102e+07 2.33777e+07 1.24253e+07 20 187
552000 1.0953e+08 6.6656e+09 1.3303e+10 2.7153e+07 1.65503e+07 2.57951e+07 1.37162e+07 22 180
553000 1.13365e+08 6.68042e+09 1.83521e+10 3.11979e+07 1.96149e+07 2.60845e+07 1.38393e+07 22 183
554000 1.1993e+08 6.6728e+09 1.36358e+10 3.20719e+07 2.09132e+07 2.90372e+07 1.72078e+07 18 196
555000 1.23529e+08 6.65109e+09 1.4525e+10 3.77402e+07 2.80121e+07 2.78974e+07 1.45149e+07 18 188
556000 1.30857e+08 6.60338e+09 2.59881e+10 7.03971e+07 3.74934e+07 3.26244e+07 1.92144e+07 22 177
557000 1.3799e+08 6.50752e+09 4.04107e+10 5.17133e+07 1.98917e+07 2.82615e+07 1.5301e+07 26 176
558000 1.36045e+08 6.45367e+09 2.82455e+10 4.03538e+07 2.29815e+07 2.9608e+07 1.59356e+07 23 179
559000 1.30182e+08 6.41022e+09 4.14103e+10 3.21175e+07 2.06865e+07 2.92437e+07 1.65387e+07 26 166
560000 1.29896e+08 6.37646e+09 3.62193e+10 3.28986e+07 2.38831e+07 3.21978e+07 1.76536e+07 20 161
561000 1.23726e+08 6.36254e+09 3.06586e+10 3.37236e+07 2.02275e+07 2.86328e+07 1.5578e+07 21 171
562000 1.18101e+08 6.38056e+09 2.13891e+10 3.02963e+07 1.37788e+07 2.67754e+07 1.4453e+07 22 172
563000 1.10266e+08 6.42554e+09 2.00493e+10 4.00443e+07 3.03376e+07 2.54404e+07 1.39207e+07 22 175
564000 1.07647e+08 6.48132e+09 1.45045e+10 3.31444e+07 2.13353e+07 2.5226e+07 1.36382e+07 20 178
565000 1.09544e+08 6.52867e+09 1.69142e+10 6.99422e+07 4.81891e+07 2.7155e+07 1.5146e+07 18 165
566000 1.09423e+08 6.56479e+09 1.39175e+10 1.70225e+08 6.27231e+07 2.69105e+07 1.44088e+07 20 167
567000 1.07165e+08 6.63244e+09 1.99784e+10 3.59975e+07 1.94311e+07 2.95541e+07 1.86522e+07 19 162
568000 1.01121e+08 6.70557e+09 3.01909e+10 3.80097e+07 2.45665e+07 2.51586e+07 1.28326e+07 15 162
569000 1.04781e+08 6.78149e+09 2.48753e+10 3.77696e+07 2.92073e+07 2.87265e+07 1.70636e+07 16 150
570000 1.11875e+08 6.81326e+09 1.50328e+10 4.51393e+07 2.71994e+07 2.93683e+07 1.6296e+07 17 154
571000 1.18103e+08 6.79992e+09 1.39446e+10 4.68042e+07 2.29591e+07 2.87004e+07 1.46383e+07 20 165
572000 1.1946e+08 6.78782e+09 1.34151e+10 4.46447e+07 2.36462e+07 2.5276e+07 1.23358e+07 20 179
573000 1.20712e+08 6.78273e+09 1.38189e+10 3.68295e+07 2.30699e+07 2.83383e+07 1.48944e+07 21 177
574000 1.24765e+08 6.74421e+09 2.16414e+10 3.97979e+07 2.04238e+07 2.91271e+07 1.46885e+07 23 173
575000 1.3735e+08 6.6539e+09 1.78461e+10 6.02589e+07 2.71145e+07 2.92931e+07 1.4537e+07 20 183
576000 1.38587e+08 6.56787e+09 1.61935e+10 3.52855e+07 1.87496e+07 3.08411e+07 1.582e+07 26 177
577000 1.28068e+08 6.52738e+09 2.09792e+10 2.7799e+07 1.61965e+07 2.60374e+07 1.22451e+07 26 192
578000 1.1808e+08 6.54371e+09 2.68281e+10 2.90277e+07 1.86812e+07 2.38032e+07 1.19423e+07 25 191
579000 1.19027e+08 6.55461e+09 1.45725e+10 2.79813e+07 1.41241e+07 2.69347e+07 1.46648e+07 30 188
580000 1.22158e+08 6.53806e+09 1.58309e+10 3.73657e+07 2.12047e+07 2.55971e+07 1.37972e+07 28 188
581000 1.24937e+08 6.5064e+09 1.18526e+10 3.81464e+07 2.19693e+07 2.32762e+07 1.06137e+07 27 207
582000 1.26007e+08 6.48496e+09 1.26248e+10 2.79883e+07 1.49527e+07 2.58536e+07 1.38784e+07 32 193
583000 1.29284e+08 6.44429e+09 1.26205e+10 4.11047e+07 2.97301e+07 3.17801e+07 1.79894e+07 28 186
584000 1.38705e+08 6.36162e+09 1.27006e+10 2.3127e+07 1.15415e+07 3.17948e+07 1.69296e+07 25 197
585000 1.38413e+08 6.26945e+09 2.10237e+10 2.6866e+07 1.7057e+07 3.07e+07 1.51829e+07 22 207
586000 1.28904e+08 6.22593e+09 1.66066e+10 3.09406e+07 2.26329e+07 2.41068e+07 1.09252e+07 19 211
587000 1.1797e+08 6.24659e+09 2.59554e+10 2.50212e+07 1.40643e+07 2.5627e+07 1.27636e+07 21 187
588000 1.16452e+08 6.2873e+09 2.12553e+10 2.47373e+07 1.66025e+07 2.68003e+07 1.48801e+07 18 180
589000 1.12807e+08 6.31897e+09 2.15505e+10 2.37335e+07 1.2349e+07 2.60872e+07 1.45298e+07 17 181
590000 1.10325e+08 6.36776e+09 1.78463e+10 2.58877e+07 1.37364e+07 2.49013e+07 1.32556e+07 16 187
591000 1.06124e+08 6.42797e+09 1.69196e+10 2.40704e+07 1.27366e+07 2.59425e+07 1.36264e+07 18 181
592000 1.0096e+08 6.5018e+09 1.94987e+10 1.92607e+07 8.40886e+06 2.33928e+07 1.21539e+07 19 184
593000 9.92275e+07 6.58839e+09 1.89926e+10 2.77324e+07 1.35816e+07 2.33293e+07 1.29629e+07 15 190
594000 1.00839e+08 6.67264e+09 1.95276e+10 4.05097e+07 2.4019e+07 2.46832e+07 1.40478e+07 11 182
595000 1.03784e+08 6.73936e+09 2.43783e+10 3.96551e+07 2.35908e+07 2.41835e+07 1.27985e+07 11 179
596000 1.0317e+08 6.79101e+09 3.20644e+10 4.27857e+07 2.42745e+07 2.59983e+07 1.45656e+07 9 172
597000 1.05159e+08 6.85558e+09 3.105e+10 3.60529e+07 1.98657e+07 2.97562e+07 1.72538e+07 10 177
598000 1.06336e+08 6.89729e+09 3.11507e+10 2.79783e+07 1.57481e+07 2.68521e+07 1.54193e+07 11 176
599000 1.1655e+08 6.89563e+09 2.33345e+10 2.56158e+07 1.07356e+07 2.92491e+07 1.59849e+07 10 188
600000 1.29251e+08 6.82327e+09 1.80853e+10 3.28262e+07 2.11431e+07 3.00204e+07 1.39103e+07 8 212
601000 1.36875e+08 6.72784e+09 1.53288e+10 2.68708e+07 1.25524e+07 3.92759e+07 1.86872e+07 9 203
602000 1.38943e+08 6.63454e+09 1.38517e+10 1.94647e+07 7.72448e+06 2.82881e+07 1.29471e+07 12 217
603000 1.28705e+08 6.58148e+09 2.30104e+10 1.72999e+07 6.90197e+06 2.42663e+07 1.10653e+07 12 229
604000 1.26211e+08 6.56075e+09 1.84433e+10 1.33529e+07 5.41959e+06 2.45893e+07 1.30701e+07 16 230
605000 1.31842e+08 6.49626e+09 1.16637e+10 1.64905e+07 8.45083e+06 2.61528e+07 1.27774e+07 14 234
606000 1.34138e+08 6.40616e+09 1.97999e+10 1.59468e+07 7.56959e+06 2.48646e+07 1.09766e+07 12 244
607000 1.34996e+08 6.33152e+09 1.77254e+10 1.88949e+07 1.05975e+07 2.5306e+07 1.15885e+07 11 245
608000 1.36307e+08 6.26383e+09 1.61609e+10 2.19298e+07 1.26897e+07 2.84708e+07 1.44234e+07 12 229
609000 1.30423e+08 6.22721e+09 1.49751e+10 3.07986e+07 1.53993e+07 2.32522e+07 1.00715e+07 8 241
610000 1.21265e+08 6.2293e+09 1.4565e+10 4.71563e+07 3.52755e+07 2.13235e+07 9.11569e+06 6 240
611000 1.17268e+08 6.2682e+09 8.39181e+09 4.377e+07 3.36631e+07 2.12517e+07 1.01036e+07 7 230
612000 1.11636e+08 6.31784e+09 1.65524e+10 5.3306e+07 4.22868e+07 2.25319e+07 1.19422e+07 6 219
613000 1.1208e+08 6.35495e+09 1.18942e+10 4.62215e+07 2.05613e+07 2.21704e+07 1.20811e+07 12 210
614000 1.14403e+08 6.36749e+09 1.14914e+10 5.44325e+07 2.67666e+07 3.18226e+07 2.15897e+07 12 219
615000 1.14384e+08 6.38746e+09 1.60728e+10 3.40881e+07 1.32257e+07 2.32208e+07 1.26796e+07 13 207
616000 1.14126e+08 6.40428e+09 1.54556e+10 1.99905e+07 6.75891e+06 2.24687e+07 1.18803e+07 16 222
617000 1.15992e+08 6.42187e+09 1.19197e+10 2.82172e+07 1.8663e+07 2.37021e+07 1.15372e+07 14 218
618000 1.17787e+08 6.42923e+09 8.90037e+09 2.90009e+07 2.28992e+07 2.4716e+07 1.27893e+07 11 212
619000 1.15955e+08 6.43909e+09 1.34039e+10 2.66691e+07 1.74955e+07 2.59974e+07 1.31771e+07 12 212
620000 1.15434e+08 6.44626e+09 1.64768e+10 3.00315e+07 1.95991e+07 2.40018e+07 1.15064e+07 10 211
621000 1.1677e+08 6.44846e+09 1.36553e+10 2.68243e+07 1.37223e+07 2.212e+07 1.00515e+07 11 229
622000 1.16568e+08 6.45757e+09 1.52195e+10 2.63153e+07 1.55714e+07 2.32881e+07 1.18286e+07 11 223
623000 1.17383e+08 6.46391e+09 1.5479e+10 2.67665e+07 1.43973e+07 2.51026e+07 1.28106e+07 11 211
624000 1.20616e+08 6.44827e+09 1.22201e+10 2.38813e+07 1.26688e+07 2.45614e+07 1.13668e+07 11 220
625000 1.25094e+08 6.43047e+09 5.89669e+09 1.95185e+07 9.51828e+06 2.84804e+07 1.46672e+07 13 220
626000 1.22003e+08 6.41868e+09 1.1233e+10 1.78291e+07 9.12359e+06 2.46866e+07 1.24252e+07 14 216
627000 1.19694e+08 6.41444e+09 1.17589e+10 1.49982e+07 6.4405e+06 2.45492e+07 1.3218e+07 12 217
628000 1.15694e+08 6.4178e+09 2.30997e+10 1.59595e+07 6.6321e+06 2.41087e+07 1.13529e+07 12 228
629000 1.16484e+08 6.43999e+09 2.71095e+10 2.39132e+07 9.43171e+06 2.591e+07 1.36918e+07 8 203
630000 1.222e+08 6.43782e+09 1.16108e+10 1.98335e+07 1.03121e+07 3.39771e+07 2.23173e+07 12 195
631000 1.22864e+08 6.42299e+09 1.08332e+10 1.91116e+07 9.09811e+06 2.8538e+07 1.48557e+07 10 206
632000 1.22323e+08 6.40309e+09 1.62298e+10 2.02523e+07 1.05554e+07 2.99218e+07 1.70676e+07 10 205
633000 1.23638e+08 6.37173e+09 1.48597e+10 2.00468e+07 8.06007e+06 2.98668e+07 1.48537e+07 11 207
634000 1.23658e+08 6.33714e+09 1.10305e+10 2.12059e+07 8.15409e+06 2.49727e+07 1.176e+07 12 218
635000 1.17636e+08 6.34222e+09 9.83188e+09 2.26057e+07 8.54802e+06 2.23117e+07 1.00305e+07 12 226
636000 1.14418e+08 6.37861e+09 7.22899e+09 1.83641e+07 4.8042e+06 2.16741e+07 1.11818e+07 15 227
637000 1.12116e+08 6.41763e+09 1.26402e+10 3.20473e+07 1.76854e+07 2.31897e+07 1.28657e+07 10 213
638000 1.11404e+08 6.45181e+09 1.2573e+10 2.84002e+07 1.15278e+07 2.28425e+07 1.1573e+07 10 212
639000 1.14305e+08 6.48702e+09 1.36483e+10 3.22338e+07 1.82734e+07 2.48002e+07 1.36445e+07 9 202
640000 1.17274e+08 6.50137e+09 1.69241e+10 7.30645e+07 6.312e+07 2.70338e+07 1.46641e+07 7 191
641000 1.17141e+08 6.49942e+09 2.83761e+10 3.48843e+07 2.51251e+07 2.8456e+07 1.59524e+07 6 184
642000 1.19628e+08 6.48538e+09 2.62094e+10 2.85458e+07 2.1098e+07 2.82916e+07 1.50179e+07 8 190
643000 1.24238e+08 6.46726e+09 1.83863e+10 2.70535e+07 1.64977e+07 2.74408e+07 1.45296e+07 8 202
644000 1.235e+08 6.4489e+09 1.72721e+10 2.77845e+07 1.84828e+07 3.09516e+07 1.66624e+07 9 196
645000 1.20367e+08 6.44277e+09 2.28684e+10 3.08888e+07 1.48708e+07 3.07954e+07 1.75115e+07 9 192
646000 1.19454e+08 6.45062e+09 2.02813e+10 4.69656e+07 4.20176e+07 2.78833e+07 1.53953e+07 5 185
647000 1.18411e+08 6.45991e+09 9.48732e+09 4.06744e+07 3.15803e+07 2.80252e+07 1.58422e+07 6 190
648000 1.1351e+08 6.47953e+09 1.31914e+10 3.36251e+07 2.08706e+07 2.57765e+07 1.51535e+07 7 193
649000 1.06075e+08 6.51957e+09 3.39881e+10 2.74824e+07 1.58796e+07 2.74508e+07 1.49819e+07 9 185
650000 1.11295e+08 6.54985e+09 3.01409e+10 3.17162e+07 1.91407e+07 2.74583e+07 1.48393e+07 6 184
651000 1.20206e+08 6.53233e+09 2.54942e+10 2.42448e+07 1.25152e+07 2.6848e+07 1.2136e+07 8 210
652000 1.23574e+08 6.5115e+09 1.80486e+10 2.95228e+07 1.59076e+07 2.90962e+07 1.5758e+07 7 200
653000 1.19537e+08 6.50664e+09 1.46046e+10 3.21027e+07 1.92216e+07 2.5849e+07 1.21751e+07 6 201
654000 1.16032e+08 6.52845e+09 1.32004e+10 2.78531e+07 1.47474e+07 2.68114e+07 1.42244e+07 7 190
655000 1.10577e+08 6.56177e+09 1.51174e+10 3.17255e+07 2.34216e+07 2.42833e+07 1.28615e+07 6 204
656000 1.10659e+08 6.59967e+09 1.99464e+10 2.24123e+07 1.29395e+07 2.52047e+07 1.33668e+07 9 198
657000 1.13465e+08 6.61715e+09 2.29434e+10 2.90402e+07 1.97804e+07 3.105e+07 1.60409e+07 9 191
658000 1.20372e+08 6.61221e+09 2.20223e+10 4.54836e+07 3.42155e+07 2.81929e+07 1.42872e+07 8 188
659000 1.25088e+08 6.57127e+09 1.71802e+10 4.7862e+07 2.63624e+07 2.84485e+07 1.50521e+07 8 195
660000 1.24943e+08 6.54146e+09 2.13067e+10 4.37883e+07 2.18942e+07 2.91483e+07 1.59659e+07 8 199
661000 1.24829e+08 6.53232e+09 1.70205e+10 3.19904e+07 1.35038e+07 3.00512e+07 1.81467e+07 9 193
662000 1.22894e+08 6.51379e+09 2.53467e+10 2.57873e+07 1.3439e+07 2.9431e+07 1.75863e+07 11 184
663000 1.24886e+08 6.4951e+09 2.79025e+10 2.22101e+07 9.73617e+06 4.20411e+07 2.87593e+07 12 173
664000 1.25081e+08 6.46023e+09 2.14896e+10 2.35808e+07 1.11216e+07 2.9514e+07 1.55955e+07 11 184
665000 1.21974e+08 6.44705e+09 1.14501e+10 2.74981e+07 1.66417e+07 2.71738e+07 1.42881e+07 10 194
666000 1.18993e+08 6.461e+09 5.78088e+09 5.15101e+07 4.074e+07 2.74731e+07 1.61102e+07 12 199
667000 1.14511e+08 6.4709e+09 1.02372e+10 3.22882e+07 2.4743e+07 2.42041e+07 1.26955e+07 10 205
668000 1.16891e+08 6.46749e+09 7.67763e+09 3.31399e+07 2.05806e+07 2.49656e+07 1.22646e+07 8 211
669000 1.15906e+08 6.46039e+09 9.0926e+09 4.02616e+07 3.15059e+07 2.28976e+07 9.64616e+06 7 230
670000 1.16623e+08 6.47434e+09 1.04317e+10 4.47601e+07 3.80404e+07 2.33313e+07 1.12755e+07 8 215
671000 1.14738e+08 6.482e+09 1.2533e+10 2.95041e+07 1.35032e+07 2.45315e+07 1.3219e+07 10 225
672000 1.16119e+08 6.49969e+09 1.42266e+10 2.8656e+07 1.24704e+07 2.43919e+07 1.32375e+07 11 226
673000 1.19074e+08 6.51954e+09 1.60616e+10 3.54278e+07 1.68165e+07 2.46069e+07 1.28039e+07 9 209
674000 1.20704e+08 6.52559e+09 1.19675e+10 2.7914e+07 1.09381e+07 2.79285e+07 1.64036e+07 11 196
675000 1.19928e+08 6.51973e+09 1.89959e+10 3.67853e+07 2.12677e+07 2.67719e+07 1.4854e+07 8 196
676000 1.21968e+08 6.49981e+09 2.63199e+10 3.36786e+07 1.68393e+07 3.10611e+07 1.7474e+07 6 180
677000 1.32722e+08 6.44183e+09 1.63206e+10 2.7027e+07 1.35135e+07 4.32551e+07 2.2167e+07 6 187
678000 1.31117e+08 6.37404e+09 1.25974e+10 1.56715e+07 5.79718e+06 3.04267e+07 1.51161e+07 9 209
679000 1.24106e+08 6.34001e+09 7.90034e+09 1.33839e+07 4.86972e+06 2.60277e+07 1.30937e+07 9 210
680000 1.18494e+08 6.34458e+09 1.01562e+10 5.63257e+07 1.95406e+07 2.39643e+07 1.27384e+07 8 219
681000 1.13458e+08 6.37178e+09 1.95651e+10 3.29077e+07 2.49214e+07 2.26606e+07 1.10366e+07 5 221
682000 1.11705e+08 6.40783e+09 2.40167e+10 2.71732e+07 1.35866e+07 2.98912e+07 1.5569e+07 6 201
683000 1.07023e+08 6.46031e+09 2.94795e+10 3.43519e+07 2.32882e+07 2.3761e+07 1.21404e+07 5 199
684000 1.05324e+08 6.52824e+09 2.6853e+10 4.69822e+07 3.14219e+07 2.44999e+07 1.36971e+07 3 191
685000 1.04811e+08 6.59636e+09 2.36035e+10 3.53623e+07 1.76811e+07 2.44376e+07 1.34595e+07 4 193
686000 1.05475e+08 6.65596e+09 2.4914e+10 3.33648e+07 1.66824e+07 2.67671e+07 1.53108e+07 4 189
687000 1.08003e+08 6.6894e+09 2.9717e+10 3.06942e+07 1.53471e+07 2.71948e+07 1.45042e+07 4 181
688000 1.17398e+08 6.68385e+09 1.95259e+10 3.71582e+07 2.79683e+07 3.07509e+07 1.65369e+07 8 185
689000 1.22243e+08 6.64046e+09 1.38342e+10 2.78696e+07 2.12654e+07 2.59044e+07 1.20496e+07 6 214
690000 1.16587e+08 6.65582e+09 2.57375e+10 3.93547e+07 3.30046e+07 2.53968e+07 1.34654e+07 5 203
691000 1.15386e+08 6.6723e+09 1.88498e+10 4.18255e+07 3.04833e+07 2.47494e+07 1.31526e+07 6 208
692000 1.1585e+08 6.68316e+09 2.57782e+10 4.71378e+07 3.12719e+07 2.55228e+07 1.3927e+07 5 205
693000 1.1779e+08 6.68427e+09 2.33938e+10 4.52398e+07 2.26199e+07 2.77767e+07 1.60016e+07 6 203
694000 1.22989e+08 6.6665e+09 1.70568e+10 4.02895e+07 2.01448e+07 2.78199e+07 1.51877e+07 6 201
695000 1.23956e+08 6.62358e+09 1.91147e+10 3.05608e+07 1.53628e+07 2.51019e+07 1.21315e+07 7 232
696000 1.29186e+08 6.58045e+09 1.43099e+10 5.59245e+07 4.47002e+07 2.54751e+07 1.3017e+07 4 228
697000 1.27434e+08 6.52829e+09 3.26952e+10 8.2732e+07 8.2732e+07 2.58548e+07 1.21811e+07 2 219
698000 1.35701e+08 6.45039e+09 2.64165e+10 2.10361e+08 2.10361e+08 3.06398e+07 1.57041e+07 1 226
699000 1.39281e+08 6.37096e+09 2.64929e+10 8.27542e+07 4.13771e+07 3.93877e+07 1.81167e+07 2 206
700000 1.32775e+08 6.3183e+09 2.12581e+10 7.3522e+07 7.3522e+07 2.87933e+07 1.50164e+07 2 225
701000 1.24696e+08 6.30561e+09 2.03754e+10 5.73137e+07 5.73137e+07 2.59773e+07 1.36987e+07 2 218
702000 1.18428e+08 6.32192e+09 1.58967e+10 4.25326e+07 3.47229e+07 2.46478e+07 1.33386e+07 3 213
703000 1.1678e+08 6.34955e+09 1.53787e+10 5.48258e+07 3.34799e+07 3.2676e+07 2.17569e+07 3 200
704000 1.17512e+08 6.3586e+09 1.10374e+10 1.08066e+08 1.08066e+08 2.5857e+07 1.43992e+07 2 203
705000 1.15029e+08 6.36935e+09 2.23863e+10 1.02697e+08 1.02697e+08 2.3496e+07 1.13021e+07 2 213
706000 1.13444e+08 6.39038e+09 2.03713e+10 3.85619e+07 2.1647e+07 2.53033e+07 1.32966e+07 4 206
707000 1.12628e+08 6.4144e+09 2.289e+10 2.05883e+07 8.82911e+06 2.54553e+07 1.34748e+07 6 196
708000 1.12896e+08 6.4462e+09 2.3694e+10 2.1597e+07 1.32031e+07 2.63777e+07 1.41816e+07 6 197
709000 1.14857e+08 6.46548e+09 1.7287e+10 3.46626e+07 2.79065e+07 2.65712e+07 1.44806e+07 5 194
710000 1.14417e+08 6.48832e+09 1.66703e+10 5.13776e+07 4.66351e+07 3.23696e+07 1.69208e+07 5 196
711000 1.15289e+08 6.50968e+09 1.57403e+10 4.50315e+07 2.32949e+07 2.90094e+07 1.72829e+07 6 181
712000 1.14135e+08 6.53273e+09 2.0172e+10 4.45833e+07 1.79343e+07 2.54734e+07 1.40781e+07 5 196
713000 1.13248e+08 6.56137e+09 2.26886e+10 2.76509e+07 8.6763e+06 2.79005e+07 1.71087e+07 6 184
714000 1.16212e+08 6.56663e+09 1.85921e+10 2.51925e+07 9.68324e+06 2.83167e+07 1.61002e+07 5 189
715000 1.25713e+08 6.53116e+09 1.70249e+10 2.37221e+07 7.90736e+06 3.11286e+07 1.74075e+07 3 192
716000 1.28672e+08 6.48357e+09 1.92944e+10 2.70441e+07 1.35221e+07 3.05279e+07 1.60943e+07 2 189
717000 1.21865e+08 6.47825e+09 2.55542e+10 4.34854e+07 4.34854e+07 2.99762e+07 1.63345e+07 1 182
718000 1.1275e+08 6.50179e+09 3.19794e+10 3.09582e+07 3.09582e+07 2.72877e+07 1.4853e+07 1 180
719000 1.10825e+08 6.5513e+09 2.57324e+10 5.48556e+07 5.48556e+07 3.16393e+07 1.97215e+07 2 176
720000 1.09923e+08 6.60138e+09 1.97534e+10 2.98669e+07 1.821e+07 2.76777e+07 1.61318e+07 3 180
721000 1.10211e+08 6.6431e+09 1.2423e+10 2.4702e+07 1.52424e+07 2.95083e+07 1.75011e+07 3 173
722000 1.11494e+08 6.67011e+09 1.0306e+10 2.43032e+07 1.21516e+07 2.99722e+07 1.90662e+07 2 173
723000 1.09892e+08 6.69222e+09 2.76162e+10 2.59735e+07 1.29868e+07 2.86681e+07 1.60679e+07 2 175
724000 1.15073e+08 6.71296e+09 2.32535e+10 5.11177e+07 5.11177e+07 4.36391e+07 3.01301e+07 1 170
725000 1.20169e+08 6.70137e+09 2.06146e+10 4.43229e+07 4.43229e+07 3.06951e+07 1.78893e+07 1 182
726000 1.23438e+08 6.67081e+09 3.0681e+10 1.98234e+07 9.91168e+06 3.5418e+07 1.95878e+07 2 172
727000 1.28018e+08 6.61322e+09 2.85779e+10 1.83262e+07 9.16308e+06 3.35702e+07 1.60914e+07 2 177
728000 1.28071e+08 6.57839e+09 1.47892e+10 4.4852e+07 4.4852e+07 3.13834e+07 1.66759e+07 1 184
729000 1.18834e+08 6.5714e+09 2.35531e+10 4.71038e+07 4.71038e+07 2.70532e+07 1.33885e+07 1 193
730000 1.13341e+08 6.59903e+09 1.89916e+10 1.68435e+07 1.68435e+07 2.60255e+07 1.42933e+07 1 197
731000 1.10767e+08 6.64056e+09 1.77906e+10 1.97858e+08 1.97858e+08 2.62283e+07 1.50788e+07 1 187
732000 1.15078e+08 6.64504e+09 3.13187e+10 2.28045e+08 5.70112e+07 2.53408e+07 1.47216e+07 4 192
733000 1.18064e+08 6.63032e+09 2.27792e+10 6.56074e+07 8.20093e+06 2.32066e+07 1.14353e+07 8 207
734000 1.12378e+08 6.66864e+09 1.85101e+10 3.45814e+07 5.76356e+06 2.58628e+07 1.41309e+07 6 197
735000 1.10439e+08 6.70593e+09 1.90321e+10 7.656e+06 696000 2.61207e+07 1.39252e+07 11 193
736000 1.17355e+08 6.70922e+09 1.5708e+10 6.88085e+06 982978 3.05903e+07 1.70466e+07 7 196
737000 1.17535e+08 6.69935e+09 2.67442e+10 6.32661e+06 1.26532e+06 2.78833e+07 1.41176e+07 5 195
738000 1.1038e+08 6.73986e+09 3.27977e+10 4.9332e+06 986640 2.66948e+07 1.36374e+07 5 195
739000 1.07042e+08 6.79286e+09 3.10205e+10 6.53673e+06 1.63418e+06 3.09737e+07 1.7251e+07 4 189
740000 1.11332e+08 6.82918e+09 1.95045e+10 5.26691e+06 1.31673e+06 2.69668e+07 1.50773e+07 4 195
741000 1.16264e+08 6.83244e+09 2.11981e+10 4.37447e+06 1.09362e+06 3.0747e+07 1.5518e+07 4 203
742000 1.22566e+08 6.79445e+09 2.04958e+10 3.73868e+06 934670 2.87284e+07 1.40248e+07 4 204
743000 1.2423e+08 6.74823e+09 1.47385e+10 3.33695e+06 834238 3.37246e+07 1.84317e+07 4 222
744000 1.261e+08 6.7324e+09 1.17371e+10 3.15909e+06 789771 2.79784e+07 1.4477e+07 4 206
745000 1.20768e+08 6.72673e+09 1.42137e+10 3.15654e+06 789135 2.82459e+07 1.52795e+07 4 211
746000 1.17698e+08 6.73892e+09 1.15217e+10 3.3956e+06 848899 2.66047e+07 1.51131e+07 4 212
747000 1.1863e+08 6.72528e+09 1.94284e+10 9.10566e+06 3.03522e+06 2.71059e+07 1.36918e+07 3 208
748000 1.31781e+08 6.64975e+09 1.44052e+10 2.25109e+07 1.12555e+07 2.94867e+07 1.47398e+07 2 218
749000 1.36697e+08 6.54488e+09 1.49987e+10 2.58705e+07 1.29353e+07 2.61807e+07 1.15978e+07 2 242
750000 1.4179e+08 6.44791e+09 9.7785e+09 2.42476e+07 1.29982e+07 2.85063e+07 1.31003e+07 3 237
751000 1.43316e+08 6.33543e+09 4.68517e+09 3.71216e+07 1.85608e+07 3.00085e+07 1.43606e+07 2 239
752000 1.28782e+08 6.29614e+09 1.79947e+10 4.08251e+07 2.04125e+07 2.46329e+07 1.2497e+07 2 230
753000 1.23086e+08 6.29296e+09 1.54156e+10 3.86471e+07 2.54756e+07 2.32839e+07 1.14941e+07 4 232
754000 1.23328e+08 6.28081e+09 8.21322e+09 7.40545e+07 3.45782e+07 2.30111e+07 1.15271e+07 5 231
755000 1.25398e+08 6.27013e+09 1.80803e+10 8.38768e+07 2.17611e+07 2.39846e+07 1.27777e+07 7 215
756000 1.24978e+08 6.27235e+09 1.78742e+10 5.01324e+07 1.12344e+07 2.66509e+07 1.65285e+07 8 197
757000 1.18682e+08 6.27764e+09 2.03906e+10 3.3016e+07 1.02957e+07 2.64958e+07 1.50346e+07 7 196
758000 1.13575e+08 6.30492e+09 2.53678e+10 2.28335e+07 7.61118e+06 3.81102e+07 2.60201e+07 6 195
759000 1.10124e+08 6.33527e+09 2.63178e+10 9.86969e+06 2.57676e+06 2.57875e+07 1.39361e+07 9 191
760000 1.08963e+08 6.38224e+09 2.59491e+10 1.17286e+07 9.27106e+06 3.60205e+07 1.72305e+07 7 192
761000 1.10362e+08 6.42606e+09 1.81601e+10 2.49848e+07 1.24924e+07 2.92029e+07 1.69399e+07 4 186
762000 1.10242e+08 6.47014e+09 1.59947e+10 2.86574e+07 2.35934e+07 2.64313e+07 1.41483e+07 3 187
763000 1.09159e+08 6.52459e+09 2.45769e+10 2.55167e+07 2.09485e+07 2.87282e+07 1.73803e+07 3 173
764000 1.05579e+08 6.56948e+09 2.92996e+10 1.70038e+07 8.5019e+06 3.20543e+07 1.7819e+07 4 161
765000 1.05463e+08 6.62909e+09 2.75676e+10 2.27123e+07 1.58566e+07 3.13592e+07 2.00415e+07 3 175
766000 1.03778e+08 6.68533e+09 2.58097e+10 2.05704e+07 1.40473e+07 2.67603e+07 1.43531e+07 3 178
767000 1.03391e+08 6.74668e+09 2.61719e+10 1.47057e+07 7.35285e+06 2.65776e+07 1.49688e+07 4 176
768000 1.01499e+08 6.82005e+09 2.82675e+10 2.17895e+07 1.53018e+07 3.60958e+07 1.81399e+07 3 175
769000 1.00909e+08 6.89257e+09 2.57692e+10 1.64043e+07 1.03138e+07 2.5018e+07 1.40779e+07 5 185
770000 1.0639e+08 6.95914e+09 2.24517e+10 2.56647e+07 1.71e+07 3.6722e+07 2.00273e+07 4 167
771000 1.10751e+08 6.97386e+09 1.8541e+10 2.25949e+07 9.47841e+06 2.8092e+07 1.59091e+07 5 180
772000 1.14691e+08 6.96852e+09 2.18491e+10 2.40222e+07 1.00961e+07 2.89109e+07 1.51087e+07 5 189
773000 1.22917e+08 6.93171e+09 2.08664e+10 3.38666e+07 1.69333e+07 2.9715e+07 1.53793e+07 4 194
774000 1.2539e+08 6.89016e+09 2.56943e+10 3.33156e+07 1.66578e+07 3.0873e+07 1.68968e+07 4 196
775000 1.2484e+08 6.85758e+09 2.613e+10 1.92965e+07 5.61448e+06 3.06134e+07 1.66468e+07 7 211
776000 1.33421e+08 6.79707e+09 1.80895e+10 3.825e+07 2.62018e+07 2.90575e+07 1.47155e+07 4 215
777000 1.39932e+08 6.68404e+09 2.33326e+10 3.69501e+07 1.8475e+07 3.08296e+07 1.48691e+07 4 220
778000 1.39976e+08 6.59279e+09 1.98908e+10 4.57367e+07 3.4587e+07 3.35057e+07 1.60433e+07 3 218
779000 1.31403e+08 6.54495e+09 1.29513e+10 1.96271e+07 7.39622e+06 3.12172e+07 1.51953e+07 6 225
780000 1.2853e+08 6.50578e+09 1.41603e+10 1.69913e+07 6.39226e+06 3.08315e+07 1.49623e+07 6 228
781000 1.39433e+08 6.4142e+09 1.74912e+10 3.85891e+07 2.81611e+07 2.89508e+07 1.25729e+07 3 222
782000 1.27983e+08 6.36558e+09 2.32904e+10 3.1992e+07 1.5996e+07 2.45833e+07 1.14244e+07 2 225
783000 1.16275e+08 6.38788e+09 2.13929e+10 3.20194e+07 1.60097e+07 2.58541e+07 1.41549e+07 2 229
784000 1.1214e+08 6.43292e+09 2.18146e+10 1.91969e+07 6.39896e+06 2.29785e+07 1.16671e+07 3 221
785000 1.13527e+08 6.44862e+09 1.00067e+10 1.88524e+07 6.28414e+06 2.2402e+07 1.14756e+07 3 234
786000 1.15905e+08 6.44901e+09 1.82681e+10 3.13488e+07 1.56744e+07 2.40425e+07 1.17726e+07 2 224
787000 1.21156e+08 6.43665e+09 2.44855e+10 2.87194e+07 1.43597e+07 3.21217e+07 1.58667e+07 2 216
788000 1.27288e+08 6.40046e+09 1.64355e+10 3.19423e+07 1.59711e+07 2.75053e+07 1.3685e+07 2 229
789000 1.23396e+08 6.38671e+09 2.01029e+10 2.83868e+07 1.41934e+07 3.15126e+07 1.71704e+07 2 216
790000 1.14633e+08 6.40817e+09 1.49278e+10 2.51772e+07 1.25886e+07 2.28504e+07 1.16585e+07 2 223
791000 1.06811e+08 6.46352e+09 2.77114e+10 2.25541e+07 1.1277e+07 2.51319e+07 1.38187e+07 2 216
792000 1.07172e+08 6.5244e+09 2.24549e+10 2.06546e+07 1.03273e+07 3.12171e+07 1.4933e+07 2 205
793000 1.09447e+08 6.57293e+09 1.88342e+10 1.07467e+07 4.30113e+06 2.92937e+07 1.77023e+07 4 197
794000 1.10419e+08 6.59975e+09 1.80259e+10 1.92895e+07 1.18718e+07 2.66362e+07 1.4032e+07 3 206
795000 1.09785e+08 6.63519e+09 1.21662e+10 4.83563e+07 4.83563e+07 2.38741e+07 1.15595e+07 2 207
796000 1.07604e+08 6.68957e+09 1.26624e+10 6.24987e+07 5.3689e+07 2.52349e+07 1.29038e+07 3 219
797000 1.08428e+08 6.7335e+09 1.75906e+10 8.853e+07 4.4265e+07 2.30997e+07 1.14839e+07 4 212
798000 1.10802e+08 6.76021e+09 1.70341e+10 6.43253e+07 1.82359e+07 2.81505e+07 1.50557e+07 6 198
799000 1.11251e+08 6.79085e+09 1.43692e+10 3.46907e+07 7.9137e+06 2.57118e+07 1.41782e+07 8 198
800000 1.11766e+08 6.83014e+09 1.87148e+10 5.24138e+07 3.79092e+07 2.98716e+07 1.64068e+07 7 193
801000 1.15174e+08 6.84949e+09 1.66473e+10 2.37492e+07 8.5968e+06 3.46925e+07 1.87273e+07 6 191
802000 1.20582e+08 6.82819e+09 1.75704e+10 2.26382e+07 9.60561e+06 2.88017e+07 1.41908e+07 5 200
803000 1.25481e+08 6.77514e+09 2.29003e+10 1.78991e+07 7.92854e+06 2.82448e+07 1.3327e+07 5 208
804000 1.33436e+08 6.68328e+09 1.45351e+10 1.50208e+07 6.85541e+06 2.97354e+07 1.40568e+07 5 223
805000 1.42036e+08 6.57781e+09 1.3374e+10 1.55317e+07 6.7422e+06 2.86424e+07 1.35096e+07 6 230
806000 1.40137e+08 6.4654e+09 5.15203e+09 1.37745e+07 6.11323e+06 2.46945e+07 1.04392e+07 6 257
807000 1.33527e+08 6.40734e+09 8.40013e+09 1.60496e+07 7.31146e+06 2.39708e+07 1.08331e+07 5 246
808000 1.26694e+08 6.39578e+09 1.27292e+10 2.01131e+07 1.00565e+07 2.50819e+07 1.24321e+07 4 234
809000 1.20613e+08 6.39632e+09 1.21922e+10 1.24046e+07 4.13813e+06 2.38383e+07 1.25382e+07 6 229
810000 1.16357e+08 6.40621e+09 1.01899e+10 2.14653e+07 1.07327e+07 2.31424e+07 1.1957e+07 4 236
811000 1.15629e+08 6.41564e+09 1.38776e+10 2.05595e+07 1.02797e+07 2.38205e+07 1.13224e+07 4 231
812000 1.1871e+08 6.41476e+09 1.70577e+10 3.09866e+07 2.23506e+07 3.14823e+07 1.89985e+07 3 236
813000 1.16409e+08 6.42371e+09 1.5093e+10 2.36321e+07 1.1816e+07 2.27575e+07 1.00157e+07 4 236
814000 1.14289e+08 6.45666e+09 1.58796e+10 2.14788e+07 1.46731e+07 2.18497e+07 1.00935e+07 5 233
815000 1.12463e+08 6.49238e+09 1.71478e+10 1.85972e+07 7.47513e+06 2.48538e+07 1.34409e+07 6 216
816000 1.15492e+08 6.50825e+09 1.0867e+10 2.48436e+07 1.83789e+07 2.58194e+07 1.40803e+07 5 209
817000 1.18391e+08 6.49432e+09 1.18902e+10 2.65686e+07 1.153e+07 2.38288e+07 1.12589e+07 5 226
818000 1.1724e+08 6.49662e+09 1.01365e+10 2.56166e+07 1.106e+07 2.38461e+07 1.14366e+07 5 228
819000 1.20041e+08 6.49184e+09 1.6572e+10 2.42245e+07 1.03624e+07 2.40687e+07 1.239e+07 5 229
820000 1.22742e+08 6.47515e+09 1.52971e+10 1.61366e+07 4.65535e+06 2.58083e+07 1.2978e+07 7 225
821000 1.22601e+08 6.46743e+09 1.04021e+10 1.81798e+07 5.26913e+06 3.90399e+07 1.67097e+07 7 218
822000 1.1941e+08 6.46171e+09 2.07026e+10 2.87167e+07 1.19432e+07 2.67552e+07 1.37582e+07 5 215
823000 1.20482e+08 6.45141e+09 2.24503e+10 4.89212e+07 3.88574e+07 2.53656e+07 1.3242e+07 3 215
824000 1.27242e+08 6.42496e+09 1.43341e+10 4.69902e+07 3.4388e+07 2.80474e+07 1.53313e+07 3 214
825000 1.27612e+08 6.38102e+09 1.82111e+10 3.02293e+07 1.51147e+07 2.6944e+07 1.42463e+07 4 218
826000 1.25247e+08 6.34886e+09 3.23502e+10 2.5929e+07 1.29645e+07 2.7988e+07 1.34138e+07 4 203
827000 1.25275e+08 6.33137e+09 2.27255e+10 1.55032e+07 5.80796e+06 2.79531e+07 1.38511e+07 6 201
828000 1.22935e+08 6.32345e+09 1.60841e+10 1.75554e+07 7.19732e+06 2.65694e+07 1.37786e+07 5 206
829000 1.19129e+08 6.33206e+09 7.01968e+09 2.55563e+07 1.27782e+07 2.63104e+07 1.44645e+07 4 208
830000 1.11923e+08 6.36529e+09 1.66886e+10 2.38165e+07 1.19083e+07 2.63751e+07 1.39672e+07 4 200
831000 1.08556e+08 6.42236e+09 2.29506e+10 2.24497e+07 1.12248e+07 2.61377e+07 1.57931e+07 4 185
832000 1.07941e+08 6.47625e+09 1.39936e+10 2.16688e+07 1.08344e+07 2.97862e+07 1.93183e+07 4 188
833000 1.03164e+08 6.53566e+09 2.27819e+10 3.50897e+07 2.54666e+07 2.40614e+07 1.35209e+07 5 188
834000 1.03893e+08 6.59528e+09 1.99929e+10 2.63526e+07 1.5765e+07 2.36702e+07 1.2459e+07 7 197
835000 1.06303e+08 6.64769e+09 2.17995e+10 3.10705e+07 1.87929e+07 2.63254e+07 1.46467e+07 6 180
836000 1.05395e+08 6.69189e+09 2.55041e+10 3.12878e+07 1.56439e+07 2.5185e+07 1.32674e+07 6 186
837000 1.08759e+08 6.733e+09 1.72415e+10 3.7994e+07 2.6735e+07 2.57143e+07 1.36233e+07 5 192
838000 1.09848e+08 6.75529e+09 2.13223e+10 2.56853e+07 1.78507e+07 2.40676e+07 1.15113e+07 5 211
839000 1.16577e+08 6.75866e+09 1.58919e+10 2.44033e+07 1.0378e+07 2.68448e+07 1.3483e+07 5 203
840000 1.23715e+08 6.73354e+09 1.13549e+10 3.01779e+07 2.19159e+07 2.68746e+07 1.2482e+07 4 210
841000 1.19151e+08 6.71913e+09 2.23221e+10 2.16667e+07 9.3201e+06 2.54413e+07 1.21733e+07 5 208
842000 1.19947e+08 6.7262e+09 2.30451e+10 2.67367e+07 1.96318e+07 2.8018e+07 1.4226e+07 4 194
843000 1.21534e+08 6.70501e+09 1.70312e+10 2.00144e+07 8.54153e+06 2.73106e+07 1.49775e+07 5 210
844000 1.24507e+08 6.66533e+09 1.31395e+10 1.84151e+07 7.7864e+06 2.6666e+07 1.31322e+07 5 220
845000 1.34099e+08 6.5973e+09 1.58135e+10 3.00984e+07 1.50492e+07 3.13312e+07 1.60629e+07 4 202
846000 1.38462e+08 6.4953e+09 1.33829e+10 3.03124e+07 1.51562e+07 2.77779e+07 1.27049e+07 4 228
847000 1.33329e+08 6.43452e+09 2.07024e+10 4.32757e+07 3.68372e+07 3.49909e+07 1.92019e+07 3 206
848000 1.26976e+08 6.39778e+09 1.73621e+10 3.83057e+07 3.19323e+07 2.45264e+07 1.14224e+07 4 226
849000 1.18799e+08 6.40013e+09 1.41999e+10 3.49926e+07 2.51459e+07 2.3017e+07 1.07482e+07 3 228
850000 1.13172e+08 6.43811e+09 1.42734e+10 3.24915e+07 1.62457e+07 2.72669e+07 1.32333e+07 2 220
851000 1.09552e+08 6.48195e+09 8.31068e+09 7.62585e+07 7.62585e+07 2.21718e+07 1.23383e+07 1 222
852000 1.08023e+08 6.53464e+09 1.62117e+10 7.95341e+07 7.95341e+07 2.33038e+07 1.32082e+07 1 212
853000 1.10464e+08 6.57853e+09 1.93925e+10 7.08604e+07 7.08604e+07 3.09252e+07 1.90584e+07 1 200
854000 1.09739e+08 6.59065e+09 2.70892e+10 3.08246e+07 1.54123e+07 2.31689e+07 1.19388e+07 2 221
855000 1.15185e+08 6.59985e+09 2.61218e+10 6.33535e+07 6.33535e+07 2.44333e+07 1.14351e+07 1 223
855011 1.15351e+08 6.60104e+09 2.69283e+10 0 0 2.5411e+07 1.17098e+07 0 224
