0 1.27534e+08 5.8036e+09 2.4e+09 2.4e+07 1.2e+07 2.4e+07 1.2e+07 190 10
1000 1.26147e+08 5.80427e+09 4.42254e+09 2.52107e+07 1.32055e+07 2.84274e+07 1.75258e+07 207 9
2000 1.25087e+08 5.81515e+09 1.00562e+10 2.71322e+07 1.55693e+07 2.78419e+07 1.3921e+07 208 8
3000 1.26834e+08 5.83347e+09 1.48563e+10 3.00859e+07 1.85298e+07 3.19177e+07 2.03278e+07 186 7
4000 1.2481e+08 5.85596e+09 3.62775e+10 3.2137e+07 2.04857e+07 2.87377e+07 1.86172e+07 163 6
5000 1.25396e+08 5.86729e+09 3.05201e+10 3.15701e+07 1.94451e+07 3.18072e+07 2.34177e+07 166 7
6000 1.23432e+08 5.87952e+09 2.83978e+10 3.79593e+07 2.58439e+07 3.1475e+07 1.89312e+07 166 7
7000 1.23081e+08 5.90064e+09 2.10915e+10 3.1357e+07 1.91202e+07 3.20085e+07 1.93462e+07 166 7
8000 1.19194e+08 5.92962e+09 2.39451e+10 3.66281e+07 2.06277e+07 2.48251e+07 1.4998e+07 163 6
9000 1.1804e+08 5.97321e+09 2.49614e+10 3.18504e+07 2.02437e+07 2.58061e+07 1.546e+07 159 6
10000 1.17185e+08 6.01391e+09 2.63512e+10 3.13116e+07 1.95161e+07 2.94591e+07 1.96787e+07 157 5
11000 1.1404e+08 6.05652e+09 3.12663e+10 2.90526e+07 1.71068e+07 2.87728e+07 1.93508e+07 164 5
12000 1.12593e+08 6.11204e+09 3.5607e+10 3.05595e+07 1.84272e+07 1.96827e+07 1.05649e+07 159 5
13000 1.19389e+08 6.15159e+09 2.09188e+10 3.00156e+07 1.77952e+07 2.22857e+07 1.71368e+07 174 5
14000 1.20596e+08 6.17591e+09 2.39726e+10 3.37035e+07 2.10578e+07 2.89965e+07 1.87339e+07 159 5
15000 1.22093e+08 6.19261e+09 2.07778e+10 3.6413e+07 2.42284e+07 2.67641e+07 1.33821e+07 159 4
16000 1.2002e+08 6.2206e+09 3.01329e+10 3.50011e+07 2.14244e+07 2.66829e+07 1.33414e+07 149 4
17000 1.24656e+08 6.2369e+09 1.6562e+10 3.42954e+07 2.26371e+07 3.74115e+07 3.08852e+07 156 5
18000 1.22872e+08 6.23889e+09 1.93455e+10 3.0832e+07 1.85415e+07 3.38846e+07 2.1582e+07 171 5
19000 1.27652e+08 6.23079e+09 2.61489e+10 3.65534e+07 2.2768e+07 2.48644e+07 1.24322e+07 159 6
20000 1.41034e+08 6.16195e+09 1.34035e+10 3.61754e+07 1.9813e+07 4.21613e+07 2.8134e+07 176 5
21000 1.46893e+08 6.07024e+09 1.26242e+10 3.48937e+07 1.86314e+07 2.89332e+07 2.1011e+07 181 5
22000 1.39311e+08 6.01399e+09 2.25261e+10 3.28369e+07 1.69504e+07 2.15976e+07 1.07988e+07 177 6
23000 1.38788e+08 5.99319e+09 1.28613e+10 3.51337e+07 2.14027e+07 2.12799e+07 1.064e+07 171 6
24000 1.38521e+08 5.94489e+09 1.20503e+10 4.33179e+07 2.50246e+07 1.95432e+07 9.7716e+06 179 6
25000 1.41152e+08 5.88091e+09 1.27287e+10 3.45614e+07 1.93738e+07 1.38615e+07 5.51124e+06 182 8
26000 1.33338e+08 5.85904e+09 1.70578e+10 2.96125e+07 1.65992e+07 1.63777e+07 7.01344e+06 184 7
27000 1.26574e+08 5.88098e+09 1.71807e+10 3.24816e+07 2.0449e+07 2.52277e+07 1.86443e+07 170 8
28000 1.22694e+08 5.91083e+09 2.21882e+10 3.26874e+07 2.07234e+07 2.14628e+07 1.22264e+07 163 9
29000 1.21396e+08 5.93767e+09 2.14309e+10 3.12406e+07 1.87062e+07 2.6083e+07 1.53875e+07 162 8
30000 1.16802e+08 5.98012e+09 2.71314e+10 3.00809e+07 1.80629e+07 2.76528e+07 1.82549e+07 161 8
31000 1.15408e+08 6.03728e+09 2.41864e+10 3.06896e+07 1.96097e+07 2.71072e+07 1.44504e+07 152 9
32000 1.12944e+08 6.10811e+09 3.88165e+10 3.61915e+07 2.52812e+07 2.95403e+07 1.33613e+07 127 10
33000 1.12636e+08 6.16828e+09 4.18121e+10 3.55314e+07 2.38033e+07 3.02278e+07 1.35e+07 136 10
34000 1.14518e+08 6.20377e+09 4.15749e+10 3.35128e+07 1.8589e+07 3.40814e+07 2.31359e+07 140 11
35000 1.10517e+08 6.26492e+09 4.64538e+10 3.50283e+07 2.06401e+07 2.65803e+07 1.07894e+07 125 12
36000 1.01105e+08 6.36343e+09 5.32771e+10 3.66554e+07 1.93975e+07 3.72245e+07 2.13094e+07 127 10
37000 9.76742e+07 6.48965e+09 5.09776e+10 3.08386e+07 1.74591e+07 3.32695e+07 2.47093e+07 124 12
38000 9.98069e+07 6.60337e+09 3.46773e+10 3.2913e+07 2.11613e+07 3.02238e+07 1.9954e+07 129 12
39000 1.02148e+08 6.69766e+09 2.67899e+10 3.28705e+07 2.04478e+07 2.68431e+07 1.6128e+07 128 14
40000 1.01927e+08 6.78843e+09 2.9288e+10 3.11275e+07 1.88634e+07 2.07746e+07 1.04429e+07 137 15
41000 1.03123e+08 6.87391e+09 2.77779e+10 3.17037e+07 1.9229e+07 2.02375e+07 1.00095e+07 140 15
42000 1.12375e+08 6.92501e+09 2.01331e+10 3.38041e+07 2.03603e+07 3.29973e+07 1.99656e+07 143 11
43000 1.20397e+08 6.92928e+09 2.0822e+10 3.39532e+07 1.88484e+07 3.2742e+07 1.94964e+07 152 11
44000 1.23623e+08 6.91532e+09 3.21505e+10 3.37563e+07 1.81378e+07 3.73925e+07 2.71838e+07 152 10
45000 1.28284e+08 6.89865e+09 2.99872e+10 3.43279e+07 1.94124e+07 3.11985e+07 1.85667e+07 161 13
46000 1.34938e+08 6.84582e+09 3.47203e+10 3.59093e+07 1.8492e+07 2.76771e+07 1.29132e+07 161 16
47000 1.4688e+08 6.75926e+09 3.00123e+10 3.87126e+07 2.10653e+07 4.91717e+07 3.59111e+07 162 13
48000 1.48927e+08 6.65408e+09 3.47917e+10 3.6578e+07 1.87512e+07 1.00868e+08 3.82754e+07 163 18
49000 1.56642e+08 6.52951e+09 3.33967e+10 4.12685e+07 2.48609e+07 4.00611e+07 1.54248e+07 165 18
50000 1.66011e+08 6.35101e+09 4.13968e+10 6.12825e+07 3.93016e+07 2.79767e+07 1.05953e+07 155 22
51000 1.70132e+08 6.17596e+09 1.93595e+10 3.95099e+07 1.98945e+07 1.77753e+07 6.47902e+06 166 27
52000 1.41093e+08 6.13389e+09 2.48366e+10 2.99121e+07 1.67497e+07 1.68272e+07 7.69803e+06 173 25
53000 1.24446e+08 6.16851e+09 2.36721e+10 2.66112e+07 1.60965e+07 2.21106e+07 1.43859e+07 181 19
54000 1.22429e+08 6.19358e+09 1.59232e+10 2.83924e+07 1.72763e+07 3.29239e+07 1.7557e+07 177 17
55000 1.32129e+08 6.16034e+09 1.70922e+10 3.27358e+07 1.87934e+07 2.67145e+07 1.51819e+07 177 18
56000 1.49515e+08 6.04065e+09 2.73635e+10 3.37259e+07 1.56352e+07 2.59206e+07 1.10409e+07 182 24
57000 1.5544e+08 5.93108e+09 1.83254e+10 3.24084e+07 1.653e+07 5.6138e+07 2.1274e+07 176 22
58000 1.36705e+08 5.90008e+09 3.40245e+10 2.80996e+07 1.56733e+07 4.37523e+07 1.77346e+07 166 21
59000 1.22357e+08 5.94903e+09 3.07115e+10 2.92122e+07 1.84478e+07 3.2309e+07 1.48076e+07 150 22
60000 1.19934e+08 6.00012e+09 2.08925e+10 3.13142e+07 2.02292e+07 2.47419e+07 1.21697e+07 157 23
61000 1.30302e+08 5.9885e+09 2.06414e+10 3.87932e+07 2.40436e+07 2.15276e+07 1.11148e+07 139 20
62000 1.23326e+08 6.00209e+09 2.25227e+10 3.26071e+07 1.93208e+07 1.8771e+07 7.73184e+06 148 21
63000 1.11943e+08 6.05662e+09 3.69592e+10 3.08841e+07 1.80701e+07 1.6374e+07 6.92132e+06 141 21
64000 1.10107e+08 6.13297e+09 3.09284e+10 3.17012e+07 1.94744e+07 3.20553e+07 1.3183e+07 143 19
65000 1.10611e+08 6.20646e+09 2.8639e+10 3.55295e+07 2.49903e+07 1.41555e+07 6.22674e+06 130 22
66000 1.12542e+08 6.26027e+09 2.77775e+10 3.53262e+07 2.34755e+07 1.56641e+07 6.87707e+06 139 19
67000 1.17399e+08 6.28981e+09 2.74477e+10 3.65252e+07 2.11564e+07 1.96856e+07 8.83355e+06 139 16
68000 1.13732e+08 6.33073e+09 2.70701e+10 3.49944e+07 1.84648e+07 1.59783e+07 5.98652e+06 142 20
69000 1.08017e+08 6.41172e+09 3.08056e+10 3.06214e+07 1.83193e+07 1.73681e+07 7.21202e+06 140 19
70000 1.07321e+08 6.49658e+09 2.86839e+10 3.03259e+07 1.97885e+07 1.89666e+07 9.52821e+06 146 17
71000 1.10464e+08 6.55741e+09 3.29689e+10 3.34141e+07 2.1976e+07 2.1529e+07 1.14543e+07 141 14
72000 1.23258e+08 6.54811e+09 2.80509e+10 3.81053e+07 2.34127e+07 2.33782e+07 1.36385e+07 148 11
73000 1.37228e+08 6.49662e+09 3.08818e+10 4.36291e+07 2.67579e+07 1.86545e+07 8.37076e+06 141 16
74000 1.48384e+08 6.40516e+09 2.1789e+10 4.59476e+07 2.87956e+07 2.75043e+07 1.50915e+07 145 11
75000 1.52084e+08 6.28489e+09 2.73087e+10 4.38351e+07 2.48286e+07 2.59785e+07 1.13768e+07 152 12
76000 1.43006e+08 6.22045e+09 2.94885e+10 3.56704e+07 1.98294e+07 3.08833e+07 1.84774e+07 154 12
77000 1.24095e+08 6.23942e+09 4.22833e+10 2.98859e+07 1.61848e+07 4.02158e+07 2.81969e+07 158 9
78000 1.18529e+08 6.28438e+09 4.10605e+10 3.14114e+07 1.96205e+07 6.02561e+07 3.7758e+07 152 8
79000 1.22986e+08 6.2791e+09 3.9111e+10 2.99591e+07 1.62695e+07 6.70549e+07 3.1346e+07 161 13
80000 1.29303e+08 6.25206e+09 3.88232e+10 3.4091e+07 1.94214e+07 3.83438e+07 1.24957e+07 149 18
81000 1.29905e+08 6.22918e+09 4.46413e+10 3.48213e+07 1.79734e+07 2.64459e+07 9.60536e+06 155 15
82000 1.30289e+08 6.21153e+09 3.99947e+10 3.26785e+07 1.69439e+07 2.06252e+07 1.00126e+07 164 16
83000 1.26486e+08 6.22094e+09 2.29611e+10 2.94997e+07 1.65231e+07 1.77178e+07 7.51091e+06 176 18
84000 1.23454e+08 6.23799e+09 2.68428e+10 2.9813e+07 1.62478e+07 4.68665e+07 4.0379e+07 173 16
85000 1.29881e+08 6.22615e+09 2.07692e+10 3.13653e+07 1.70155e+07 3.70066e+07 1.74416e+07 168 16
86000 1.30257e+08 6.21729e+09 1.77335e+10 3.06363e+07 1.77436e+07 4.19246e+07 2.06395e+07 168 17
87000 1.26368e+08 6.2302e+09 1.82527e+10 3.26905e+07 2.15087e+07 5.89611e+07 3.73567e+07 162 14
88000 1.2227e+08 6.24696e+09 2.98134e+10 3.3429e+07 2.10429e+07 2.96633e+07 1.42184e+07 160 15
89000 1.25362e+08 6.25119e+09 2.65638e+10 3.29187e+07 1.81458e+07 2.16588e+07 1.11413e+07 160 16
90000 1.2862e+08 6.24954e+09 2.36955e+10 3.55517e+07 2.01699e+07 1.90094e+07 9.31787e+06 151 16
91000 1.28821e+08 6.24953e+09 1.44002e+10 3.46987e+07 2.14519e+07 2.05767e+07 1.2434e+07 149 14
92000 1.20954e+08 6.27264e+09 3.31115e+10 3.65771e+07 2.11467e+07 1.94237e+07 1.04539e+07 146 14
93000 1.20814e+08 6.29918e+09 3.41231e+10 3.41954e+07 1.88582e+07 1.98253e+07 1.00722e+07 146 12
94000 1.19758e+08 6.32917e+09 2.78389e+10 3.46695e+07 1.99484e+07 1.72707e+07 7.85491e+06 145 14
95000 1.20044e+08 6.36469e+09 2.66676e+10 4.58314e+07 3.02154e+07 2.01321e+07 9.04687e+06 150 14
96000 1.18667e+08 6.38901e+09 2.45014e+10 3.12819e+07 1.8009e+07 3.29371e+07 2.24053e+07 157 10
97000 1.16187e+08 6.43462e+09 2.30363e+10 3.0922e+07 1.86269e+07 2.326e+07 1.45716e+07 153 15
98000 1.11e+08 6.49276e+09 3.09716e+10 4.92076e+07 2.33407e+07 2.17098e+07 1.09661e+07 149 16
99000 1.15621e+08 6.52856e+09 2.75359e+10 3.16531e+07 1.80514e+07 2.82314e+07 2.17249e+07 154 13
100000 1.19153e+08 6.54163e+09 3.65595e+10 3.29107e+07 1.88859e+07 2.28462e+07 1.14783e+07 150 17
101000 1.2418e+08 6.5599e+09 3.14702e+10 3.43525e+07 1.88709e+07 2.60913e+07 1.44726e+07 155 16
102000 1.39965e+08 6.4827e+09 2.26302e+10 3.63996e+07 1.89053e+07 3.54387e+07 2.4445e+07 167 17
103000 1.54413e+08 6.35215e+09 1.87577e+10 3.61561e+07 1.72284e+07 4.39451e+07 1.96504e+07 174 21
104000 1.51587e+08 6.24306e+09 3.29113e+10 3.67827e+07 2.11046e+07 4.48885e+07 1.94437e+07 164 20
105000 1.4416e+08 6.1801e+09 1.74697e+10 3.27546e+07 1.77881e+07 3.04065e+07 1.38099e+07 170 27
106000 1.42952e+08 6.11639e+09 7.48444e+09 3.57237e+07 2.09613e+07 3.13242e+07 1.72874e+07 181 22
107000 1.40733e+08 6.06779e+09 1.20148e+10 3.288e+07 1.91459e+07 2.31614e+07 1.01946e+07 172 28
108000 1.31166e+08 6.05959e+09 1.02731e+10 2.97552e+07 1.76108e+07 2.40512e+07 1.24139e+07 170 28
109000 1.16863e+08 6.10488e+09 3.06121e+10 2.74126e+07 1.61235e+07 2.76705e+07 1.20115e+07 156 23
110000 1.11698e+08 6.17361e+09 3.69868e+10 3.15467e+07 2.06283e+07 6.20261e+07 4.74781e+07 156 22
111000 1.14694e+08 6.22357e+09 3.30848e+10 3.04705e+07 1.85056e+07 2.15043e+07 8.66933e+06 152 27
112000 1.25213e+08 6.22954e+09 2.00821e+10 3.47182e+07 2.03457e+07 2.00552e+07 9.21357e+06 154 26
113000 1.2805e+08 6.20908e+09 2.29606e+10 3.20685e+07 1.69061e+07 1.4756e+07 6.04859e+06 161 32
114000 1.26603e+08 6.22305e+09 2.64099e+10 4.5669e+07 2.0977e+07 1.81432e+07 1.0558e+07 150 26
115000 1.26333e+08 6.21796e+09 2.16283e+10 3.47707e+07 1.97135e+07 1.48697e+07 6.93177e+06 151 28
116000 1.2292e+08 6.22991e+09 3.64559e+10 3.29324e+07 1.86423e+07 1.58875e+07 7.6959e+06 145 27
117000 1.19416e+08 6.26582e+09 3.29529e+10 3.65664e+07 2.27244e+07 2.08505e+07 1.16868e+07 137 25
118000 1.18239e+08 6.30394e+09 4.42978e+10 3.53324e+07 2.20526e+07 3.18672e+07 2.11959e+07 133 21
119000 1.17221e+08 6.3439e+09 3.45084e+10 3.23327e+07 1.97114e+07 2.64256e+07 1.54144e+07 142 22
120000 1.21221e+08 6.36364e+09 3.66656e+10 3.88478e+07 2.35036e+07 2.63741e+07 1.39592e+07 137 24
121000 1.41063e+08 6.27818e+09 2.76593e+10 3.77433e+07 1.76069e+07 3.05192e+07 1.8446e+07 155 23
122000 1.3962e+08 6.22976e+09 1.87148e+10 3.25997e+07 1.76873e+07 2.72553e+07 1.46046e+07 161 24
123000 1.27434e+08 6.23308e+09 2.06444e+10 3.05881e+07 1.73985e+07 2.46182e+07 1.35628e+07 156 26
124000 1.19475e+08 6.26806e+09 2.39723e+10 3.06872e+07 1.88683e+07 2.2606e+07 1.25754e+07 149 28
125000 1.19167e+08 6.29818e+09 2.53422e+10 2.90908e+07 1.61509e+07 2.65103e+07 1.5677e+07 160 24
126000 1.26567e+08 6.30174e+09 1.83019e+10 3.31223e+07 1.88955e+07 2.906e+07 1.89253e+07 160 25
127000 1.27908e+08 6.29586e+09 3.11116e+10 4.26495e+07 2.38864e+07 2.97509e+07 1.68779e+07 140 28
128000 1.27758e+08 6.2904e+09 4.09753e+10 4.82433e+07 3.19377e+07 7.01036e+07 3.67149e+07 134 29
129000 1.30368e+08 6.26895e+09 3.45526e+10 3.66914e+07 2.07927e+07 4.28954e+07 2.17603e+07 127 30
130000 1.30954e+08 6.23769e+09 2.77178e+10 3.21557e+07 1.97974e+07 4.07666e+07 1.79793e+07 135 34
131000 1.21002e+08 6.25503e+09 3.44654e+10 2.8606e+07 1.59664e+07 2.9989e+07 1.19903e+07 138 42
132000 1.19316e+08 6.28658e+09 2.59631e+10 3.72916e+07 2.06159e+07 3.38918e+07 1.50597e+07 136 38
133000 1.23838e+08 6.30305e+09 2.46616e+10 3.71305e+07 2.3641e+07 4.69607e+07 2.03656e+07 119 35
134000 1.26137e+08 6.30861e+09 1.63489e+10 3.68303e+07 2.25767e+07 2.71825e+07 1.33789e+07 122 40
135000 1.19328e+08 6.33251e+09 1.82905e+10 3.44909e+07 2.04843e+07 2.7963e+07 1.44297e+07 124 43
136000 1.16285e+08 6.38226e+09 2.31373e+10 3.56798e+07 2.2197e+07 4.05521e+07 1.72006e+07 120 41
137000 1.127e+08 6.42614e+09 3.12614e+10 3.33993e+07 2.012e+07 2.73702e+07 1.88244e+07 126 38
138000 1.21068e+08 6.43964e+09 2.86857e+10 3.66859e+07 2.18458e+07 3.02886e+07 1.65572e+07 126 36
139000 1.30207e+08 6.4039e+09 2.40244e+10 4.01679e+07 2.50528e+07 2.89728e+07 1.18157e+07 125 40
140000 1.31431e+08 6.36857e+09 2.37262e+10 3.38184e+07 1.88751e+07 2.94803e+07 1.47763e+07 141 37
141000 1.2921e+08 6.34491e+09 3.21487e+10 3.08875e+07 1.57512e+07 2.40497e+07 1.11869e+07 153 38
142000 1.26879e+08 6.34079e+09 4.38515e+10 3.64793e+07 2.15696e+07 3.07728e+07 1.79804e+07 127 35
143000 1.33655e+08 6.31591e+09 4.1379e+10 3.45146e+07 1.84795e+07 4.42965e+07 2.17289e+07 132 37
144000 1.34894e+08 6.263e+09 3.43679e+10 3.15289e+07 1.79085e+07 4.55384e+07 2.24242e+07 135 37
145000 1.29416e+08 6.25217e+09 3.27701e+10 3.37772e+07 2.29465e+07 3.4202e+07 1.35944e+07 130 42
146000 1.3011e+08 6.23649e+09 2.84587e+10 3.65977e+07 2.23943e+07 2.97111e+07 1.49666e+07 122 47
147000 1.33338e+08 6.20301e+09 3.17384e+10 3.8365e+07 2.2916e+07 2.79929e+07 1.16421e+07 126 43
148000 1.37725e+08 6.15385e+09 2.16259e+10 3.60172e+07 2.05002e+07 3.07262e+07 1.40735e+07 136 43
149000 1.37137e+08 6.11143e+09 2.21011e+10 3.64892e+07 2.03822e+07 2.92286e+07 1.38642e+07 130 44
150000 1.33205e+08 6.0873e+09 1.47683e+10 3.41444e+07 1.97172e+07 3.28082e+07 1.59956e+07 133 45
151000 1.23439e+08 6.09267e+09 1.93157e+10 3.20761e+07 1.90211e+07 2.33384e+07 1.19938e+07 131 48
152000 1.20436e+08 6.12796e+09 2.31186e+10 3.145e+07 1.7964e+07 2.82038e+07 1.72542e+07 128 43
153000 1.19085e+08 6.15551e+09 1.78625e+10 3.36642e+07 2.15826e+07 2.67147e+07 1.5137e+07 130 45
154000 1.1989e+08 6.17306e+09 1.60682e+10 3.24267e+07 1.96192e+07 2.64657e+07 1.42057e+07 129 46
155000 1.22737e+08 6.18135e+09 1.82966e+10 3.56238e+07 2.19598e+07 2.57029e+07 1.43283e+07 119 49
156000 1.19579e+08 6.18672e+09 2.20451e+10 3.14694e+07 1.77295e+07 2.58914e+07 1.58865e+07 126 51
157000 1.17134e+08 6.21511e+09 2.50338e+10 2.89455e+07 1.63678e+07 3.01864e+07 1.66538e+07 133 50
158000 1.16615e+08 6.24602e+09 3.24906e+10 2.72646e+07 1.59513e+07 4.20673e+07 2.25436e+07 127 42
159000 1.21826e+08 6.2548e+09 1.86704e+10 2.75749e+07 1.67217e+07 3.5514e+07 1.78902e+07 133 55
160000 1.28831e+08 6.23488e+09 2.58829e+10 3.55943e+07 1.9946e+07 3.72783e+07 1.67263e+07 125 61
161000 1.32937e+08 6.18385e+09 3.01124e+10 5.1808e+07 2.2362e+07 2.61328e+07 1.37775e+07 118 66
162000 1.24366e+08 6.18744e+09 3.36879e+10 3.06064e+07 1.6586e+07 2.65576e+07 1.43576e+07 122 61
163000 1.23452e+08 6.21314e+09 2.22312e+10 3.32129e+07 2.02364e+07 2.72945e+07 1.57592e+07 124 57
164000 1.21886e+08 6.22683e+09 2.20297e+10 4.35096e+07 2.44728e+07 2.64504e+07 1.52638e+07 118 59
165000 1.19292e+08 6.25144e+09 2.72386e+10 3.62976e+07 2.32007e+07 2.65004e+07 1.40516e+07 115 58
166000 1.15226e+08 6.30212e+09 3.03911e+10 3.22549e+07 1.78572e+07 2.71438e+07 1.62517e+07 107 60
167000 1.10293e+08 6.36946e+09 2.71666e+10 2.98558e+07 1.67442e+07 3.11515e+07 2.03163e+07 108 52
168000 1.06732e+08 6.45329e+09 2.68456e+10 3.13633e+07 1.90697e+07 2.81372e+07 1.83757e+07 103 55
169000 1.05069e+08 6.53201e+09 2.70397e+10 2.95929e+07 1.74213e+07 2.49276e+07 1.46316e+07 110 54
170000 1.0611e+08 6.60555e+09 3.73798e+10 3.40741e+07 2.05553e+07 2.36525e+07 1.12716e+07 100 58
171000 1.08572e+08 6.66955e+09 4.79285e+10 3.48835e+07 2.16308e+07 3.22291e+07 1.82617e+07 94 50
172000 1.09839e+08 6.71657e+09 4.53302e+10 3.49349e+07 2.17974e+07 3.14636e+07 1.67704e+07 99 49
173000 1.1428e+08 6.75396e+09 4.12265e+10 3.49223e+07 2.01064e+07 2.79572e+07 1.55034e+07 103 59
174000 1.19907e+08 6.76871e+09 3.9592e+10 4.13962e+07 2.23021e+07 2.9625e+07 1.55878e+07 102 54
175000 1.17835e+08 6.78757e+09 3.91195e+10 3.75857e+07 2.18616e+07 2.64019e+07 1.31401e+07 98 58
176000 1.23312e+08 6.8044e+09 2.76196e+10 4.40544e+07 2.95965e+07 2.73281e+07 1.54545e+07 99 62
177000 1.38564e+08 6.74333e+09 2.66959e+10 5.06212e+07 3.079e+07 3.41222e+07 1.91778e+07 103 64
178000 1.44237e+08 6.64616e+09 1.80644e+10 4.12245e+07 2.22174e+07 2.7695e+07 1.38709e+07 107 71
179000 1.33251e+08 6.61605e+09 1.57234e+10 3.10448e+07 1.6426e+07 3.18253e+07 1.68401e+07 121 66
180000 1.32323e+08 6.58899e+09 1.76413e+10 3.99201e+07 2.34198e+07 3.98032e+07 2.09345e+07 109 71
181000 1.32959e+08 6.54726e+09 2.18635e+10 3.50168e+07 1.95608e+07 3.33236e+07 1.75236e+07 103 71
182000 1.25323e+08 6.53004e+09 2.70759e+10 3.17559e+07 1.77065e+07 3.1331e+07 1.64872e+07 114 76
183000 1.28377e+08 6.51921e+09 2.12257e+10 3.56016e+07 1.95457e+07 4.28536e+07 2.99775e+07 103 87
184000 1.32579e+08 6.47741e+09 2.11349e+10 3.71799e+07 1.93504e+07 2.27759e+07 1.16724e+07 108 93
185000 1.26098e+08 6.46764e+09 2.18042e+10 2.81401e+07 1.34191e+07 2.98034e+07 1.95317e+07 115 80
186000 1.33264e+08 6.42559e+09 1.68566e+10 2.77159e+07 1.45813e+07 3.995e+07 1.93062e+07 111 82
187000 1.4026e+08 6.34023e+09 1.80027e+10 3.15659e+07 1.91926e+07 3.94329e+07 2.05512e+07 96 96
188000 1.36269e+08 6.28213e+09 2.29646e+10 3.20392e+07 2.08278e+07 3.23149e+07 1.26202e+07 99 97
189000 1.24446e+08 6.27249e+09 2.14734e+10 2.70415e+07 1.65801e+07 2.42692e+07 1.05612e+07 100 109
190000 1.18826e+08 6.29348e+09 1.82559e+10 2.65236e+07 1.46018e+07 2.47977e+07 1.02868e+07 99 110
191000 1.19543e+08 6.32308e+09 1.76231e+10 3.38014e+07 2.3464e+07 2.4735e+07 9.74544e+06 94 104
192000 1.18547e+08 6.34487e+09 2.3915e+10 3.58057e+07 2.11548e+07 2.29435e+07 1.25135e+07 84 103
193000 1.20123e+08 6.36349e+09 3.40677e+10 4.40498e+07 3.00005e+07 2.34366e+07 1.37537e+07 77 97
194000 1.15635e+08 6.38993e+09 4.22966e+10 5.26858e+07 3.74333e+07 2.99742e+07 1.6807e+07 83 90
195000 1.1987e+08 6.41362e+09 4.02133e+10 4.25548e+07 2.53865e+07 2.72062e+07 1.4804e+07 81 86
196000 1.23393e+08 6.40495e+09 4.26159e+10 3.39569e+07 1.60159e+07 3.49159e+07 2.19219e+07 90 85
197000 1.18811e+08 6.4294e+09 3.36372e+10 2.9687e+07 1.49771e+07 2.99559e+07 1.66278e+07 88 87
198000 1.09722e+08 6.49113e+09 3.95316e+10 3.18672e+07 2.05155e+07 2.86407e+07 1.59096e+07 86 86
199000 1.02639e+08 6.56455e+09 5.03185e+10 3.24829e+07 1.7364e+07 2.69821e+07 1.58106e+07 88 86
200000 9.77267e+07 6.66628e+09 5.64076e+10 2.80781e+07 1.60573e+07 2.41597e+07 1.20352e+07 84 88
201000 9.49775e+07 6.78809e+09 6.13247e+10 3.05715e+07 1.77068e+07 2.25405e+07 1.1241e+07 74 88
202000 9.6116e+07 6.89848e+09 4.91163e+10 3.05995e+07 1.87863e+07 2.11251e+07 9.76931e+06 77 92
203000 1.05216e+08 6.99101e+09 2.451e+10 3.93997e+07 2.99014e+07 2.39038e+07 1.30228e+07 75 82
204000 1.175e+08 7.00801e+09 2.21535e+10 5.08319e+07 3.75935e+07 2.17247e+07 1.13489e+07 76 88
205000 1.36557e+08 6.92965e+09 2.85969e+10 5.44389e+07 2.72995e+07 2.3772e+07 1.36114e+07 91 84
206000 1.43545e+08 6.83959e+09 3.1966e+10 5.15505e+07 2.75836e+07 2.81382e+07 1.8416e+07 85 76
207000 1.417e+08 6.76651e+09 2.70177e+10 4.07398e+07 2.25919e+07 7.07184e+07 5.93067e+07 103 80
208000 1.33578e+08 6.71187e+09 3.49913e+10 3.69687e+07 2.03291e+07 2.91187e+07 1.59244e+07 98 80
209000 1.37259e+08 6.64547e+09 3.01064e+10 3.88177e+07 1.96451e+07 3.08317e+07 1.74593e+07 98 90
210000 1.48709e+08 6.5256e+09 1.6416e+10 3.15426e+07 1.35252e+07 3.42649e+07 1.99901e+07 111 98
211000 1.42974e+08 6.4547e+09 1.30326e+10 2.82993e+07 1.45779e+07 4.1238e+07 1.96022e+07 111 93
212000 1.3845e+08 6.39791e+09 1.66506e+10 2.92096e+07 1.60472e+07 3.05675e+07 1.43008e+07 102 102
213000 1.37048e+08 6.35636e+09 1.23537e+10 2.70755e+07 1.39807e+07 3.31957e+07 1.76498e+07 111 98
214000 1.36909e+08 6.29273e+09 1.84032e+10 3.04594e+07 1.69454e+07 3.47802e+07 1.85703e+07 110 95
215000 1.58757e+08 6.12034e+09 2.0984e+10 4.5333e+07 2.21913e+07 2.83761e+07 1.33699e+07 110 106
216000 1.53908e+08 5.98525e+09 1.96832e+10 3.19467e+07 1.36339e+07 2.75914e+07 1.33177e+07 122 101
217000 1.39094e+08 5.93724e+09 1.07201e+10 2.68646e+07 1.24583e+07 2.44914e+07 1.24098e+07 121 107
218000 1.24205e+08 5.96005e+09 1.44355e+10 2.48219e+07 1.38725e+07 2.34256e+07 1.17308e+07 111 106
219000 1.16078e+08 6.02134e+09 1.72565e+10 2.55259e+07 1.61845e+07 2.42225e+07 1.26316e+07 99 102
220000 1.11513e+08 6.09164e+09 1.11187e+10 2.49624e+07 1.60464e+07 2.47854e+07 1.42097e+07 99 99
221000 1.06702e+08 6.16839e+09 1.33188e+10 2.59921e+07 1.68476e+07 2.29598e+07 1.22562e+07 89 103
222000 1.00951e+08 6.25175e+09 2.37615e+10 2.33374e+07 1.32812e+07 2.59833e+07 1.37202e+07 90 102
223000 1.02033e+08 6.3383e+09 2.87335e+10 2.57198e+07 1.45598e+07 2.52252e+07 1.52831e+07 88 96
224000 1.03598e+08 6.40598e+09 4.86323e+10 2.92803e+07 1.89078e+07 2.62888e+07 1.52944e+07 75 92
225000 1.08119e+08 6.46317e+09 4.59157e+10 2.87481e+07 1.6223e+07 2.73749e+07 1.56735e+07 78 103
226000 1.15483e+08 6.49351e+09 3.02011e+10 3.22315e+07 1.82833e+07 2.96135e+07 1.76842e+07 78 95
227000 1.20109e+08 6.50933e+09 2.41158e+10 3.94777e+07 2.80551e+07 3.24228e+07 1.85404e+07 66 105
228000 1.23154e+08 6.49863e+09 2.97679e+10 3.60447e+07 2.29954e+07 3.25342e+07 1.91088e+07 70 102
229000 1.31315e+08 6.44063e+09 2.88847e+10 3.48529e+07 2.14837e+07 3.72217e+07 2.08131e+07 69 114
230000 1.35791e+08 6.36525e+09 2.26775e+10 3.40497e+07 1.98306e+07 3.07813e+07 1.30923e+07 68 124
231000 1.25607e+08 6.34916e+09 2.82149e+10 3.48832e+07 2.26495e+07 2.45758e+07 1.09889e+07 71 132
232000 1.18378e+08 6.37597e+09 1.93835e+10 3.19351e+07 2.05914e+07 2.25254e+07 1.10681e+07 69 134
233000 1.1432e+08 6.4055e+09 2.60788e+10 3.60556e+07 2.13298e+07 2.23787e+07 1.19029e+07 66 140
234000 1.19162e+08 6.4156e+09 2.28633e+10 3.76399e+07 2.19694e+07 2.09462e+07 1.00702e+07 67 142
235000 1.2241e+08 6.41384e+09 2.75759e+10 3.47072e+07 1.9007e+07 2.5968e+07 1.27234e+07 67 129
236000 1.24707e+08 6.40059e+09 1.71297e+10 2.55366e+07 1.26284e+07 2.94657e+07 1.59101e+07 79 133
237000 1.25816e+08 6.3816e+09 1.82127e+10 2.55644e+07 1.49539e+07 3.0276e+07 1.78236e+07 77 133
238000 1.2895e+08 6.35324e+09 2.40895e+10 3.1118e+07 1.88655e+07 2.87666e+07 1.5332e+07 67 141
239000 1.3021e+08 6.3128e+09 2.70274e+10 3.46956e+07 2.04366e+07 2.73243e+07 1.33649e+07 57 144
240000 1.28421e+08 6.29031e+09 2.68746e+10 2.76101e+07 1.49372e+07 3.02169e+07 1.67606e+07 65 131
241000 1.22781e+08 6.29126e+09 2.7057e+10 2.49069e+07 1.31016e+07 2.97637e+07 1.58037e+07 67 132
242000 1.20298e+08 6.31371e+09 2.05252e+10 2.48673e+07 1.4304e+07 2.85878e+07 1.56325e+07 63 134
243000 1.16569e+08 6.33126e+09 2.33339e+10 2.59e+07 1.56621e+07 2.59458e+07 1.33113e+07 55 147
244000 1.14357e+08 6.35875e+09 2.95654e+10 3.11222e+07 2.0017e+07 2.49309e+07 1.22316e+07 50 143
245000 1.13467e+08 6.39752e+09 3.33074e+10 6.8567e+07 5.60882e+07 2.7387e+07 1.45695e+07 49 130
246000 1.11015e+08 6.43718e+09 3.12527e+10 3.28993e+07 1.68077e+07 2.46164e+07 1.21338e+07 46 142
247000 1.10896e+08 6.48763e+09 2.51656e+10 3.73841e+07 2.43522e+07 2.55972e+07 1.29855e+07 42 141
248000 1.08837e+08 6.52625e+09 2.20289e+10 3.16943e+07 1.88787e+07 2.2825e+07 1.03025e+07 48 153
249000 1.1341e+08 6.56641e+09 1.85464e+10 3.30619e+07 2.20964e+07 2.52953e+07 1.38125e+07 47 145
250000 1.17413e+08 6.58914e+09 1.48425e+10 3.73472e+07 2.49906e+07 2.92943e+07 1.8616e+07 47 131
251000 1.19558e+08 6.57756e+09 2.57294e+10 4.22328e+07 2.699e+07 2.76779e+07 1.46994e+07 44 150
252000 1.19956e+08 6.56748e+09 3.26583e+10 3.39991e+07 1.98141e+07 2.6514e+07 1.22006e+07 44 148
253000 1.18774e+08 6.58022e+09 3.5013e+10 3.79409e+07 2.34558e+07 2.74885e+07 1.43592e+07 43 141
254000 1.1715e+08 6.59866e+09 3.42735e+10 3.7239e+07 2.27166e+07 2.81447e+07 1.49053e+07 42 134
255000 1.11872e+08 6.63134e+09 3.26606e+10 2.90628e+07 1.46794e+07 2.36366e+07 1.10382e+07 50 145
256000 1.05209e+08 6.69775e+09 3.40098e+10 3.13058e+07 1.92133e+07 2.09873e+07 9.70664e+06 46 151
257000 1.04503e+08 6.78285e+09 3.3e+10 3.16768e+07 1.88242e+07 2.38106e+07 1.21882e+07 47 136
258000 1.08963e+08 6.84041e+09 3.40961e+10 4.17591e+07 2.50666e+07 2.39834e+07 1.26597e+07 44 136
259000 1.09963e+08 6.8756e+09 3.6378e+10 3.98123e+07 2.05707e+07 2.66946e+07 1.58687e+07 47 129
260000 1.08616e+08 6.93486e+09 2.74559e+10 5.61097e+07 4.09219e+07 2.33706e+07 1.27728e+07 47 134
261000 1.09205e+08 6.98893e+09 1.95884e+10 3.95319e+07 2.51654e+07 2.49108e+07 1.42281e+07 56 132
262000 1.13128e+08 7.00369e+09 2.27277e+10 3.57372e+07 1.80013e+07 2.58649e+07 1.44264e+07 55 132
263000 1.22894e+08 6.98389e+09 1.3859e+10 3.64385e+07 1.9705e+07 2.4617e+07 1.31042e+07 56 152
264000 1.25351e+08 6.95782e+09 1.10306e+10 3.51887e+07 1.99178e+07 2.46241e+07 1.17643e+07 59 151
265000 1.35912e+08 6.88901e+09 1.37353e+10 5.16103e+07 2.34418e+07 3.1455e+07 1.41846e+07 60 148
266000 1.44733e+08 6.77951e+09 1.25355e+10 3.95694e+07 2.10108e+07 2.76112e+07 1.53781e+07 67 147
267000 1.6029e+08 6.62099e+09 1.6033e+10 6.11785e+07 2.83549e+07 3.22847e+07 1.7104e+07 64 143
268000 1.65523e+08 6.40349e+09 2.20016e+10 4.41162e+07 1.81455e+07 2.7582e+07 1.3281e+07 74 151
269000 1.50605e+08 6.31759e+09 3.10064e+10 3.9339e+07 1.65722e+07 2.80011e+07 1.5594e+07 70 134
270000 1.34454e+08 6.28553e+09 2.4701e+10 3.14312e+07 1.34045e+07 2.71649e+07 1.55015e+07 77 136
271000 1.30783e+08 6.26715e+09 2.69722e+10 3.08372e+07 1.32324e+07 2.72103e+07 1.55682e+07 74 128
272000 1.22159e+08 6.27653e+09 2.9527e+10 3.09925e+07 1.73106e+07 2.62153e+07 1.43562e+07 61 132
273000 1.15485e+08 6.31427e+09 2.6394e+10 2.91706e+07 1.54555e+07 3.45361e+07 2.39965e+07 61 128
274000 1.14077e+08 6.36716e+09 2.05135e+10 2.59986e+07 1.3055e+07 2.61541e+07 1.58032e+07 66 129
275000 1.11939e+08 6.4085e+09 2.24746e+10 2.65393e+07 1.74939e+07 2.80843e+07 1.56294e+07 63 126
276000 1.14651e+08 6.44743e+09 2.41097e+10 2.71968e+07 1.89378e+07 3.04562e+07 1.61678e+07 58 121
277000 1.13886e+08 6.47364e+09 1.24697e+10 2.91881e+07 1.87322e+07 2.66136e+07 1.3999e+07 58 137
278000 1.13563e+08 6.50474e+09 1.61097e+10 3.67489e+07 2.21225e+07 2.91164e+07 1.63656e+07 52 130
279000 1.16496e+08 6.51745e+09 2.35321e+10 3.90488e+07 1.90503e+07 2.38998e+07 1.15801e+07 54 131
280000 1.06596e+08 6.56807e+09 3.29474e+10 3.41714e+07 1.91566e+07 2.17597e+07 9.86126e+06 50 135
281000 1.04834e+08 6.65413e+09 2.39229e+10 3.06572e+07 1.85473e+07 2.33366e+07 1.26034e+07 55 132
282000 1.0804e+08 6.71282e+09 2.99445e+10 3.84515e+07 2.11228e+07 2.35429e+07 1.35424e+07 53 129
283000 1.1853e+08 6.71245e+09 2.87279e+10 4.3371e+07 2.1424e+07 2.28434e+07 1.16508e+07 61 130
284000 1.22222e+08 6.70827e+09 3.80806e+10 4.25085e+07 2.26983e+07 2.59726e+07 1.49822e+07 54 122
285000 1.19172e+08 6.72247e+09 4.76285e+10 4.26191e+07 2.60004e+07 2.92641e+07 1.67526e+07 51 112
286000 1.22282e+08 6.73339e+09 4.46059e+10 5.10681e+07 3.68478e+07 3.4653e+07 2.19361e+07 47 111
287000 1.28613e+08 6.70696e+09 2.86035e+10 3.6136e+07 2.53305e+07 3.47462e+07 2.07898e+07 50 122
288000 1.31844e+08 6.64259e+09 5.02363e+10 4.18952e+07 3.21777e+07 3.99862e+07 2.15059e+07 44 124
289000 1.43355e+08 6.51742e+09 4.81873e+10 4.04092e+07 2.68135e+07 4.02712e+07 1.8037e+07 43 133
290000 1.30085e+08 6.472e+09 5.73044e+10 4.11366e+07 2.39045e+07 3.15769e+07 1.52921e+07 43 146
291000 1.27206e+08 6.46122e+09 4.76811e+10 5.16566e+07 3.37163e+07 2.40702e+07 1.22202e+07 45 138
292000 1.20874e+08 6.47296e+09 4.74498e+10 4.51628e+07 2.80399e+07 2.21446e+07 1.03635e+07 45 147
293000 1.16782e+08 6.51758e+09 3.88523e+10 3.81127e+07 2.45623e+07 2.47113e+07 1.33566e+07 56 125
294000 1.21812e+08 6.53324e+09 3.10342e+10 4.17958e+07 2.3758e+07 2.66161e+07 1.64994e+07 58 119
295000 1.25487e+08 6.514e+09 3.74921e+10 4.29344e+07 2.11452e+07 2.56178e+07 1.43639e+07 58 130
296000 1.29277e+08 6.47743e+09 3.85007e+10 4.43545e+07 2.515e+07 2.96002e+07 1.74264e+07 57 124
297000 1.25744e+08 6.45184e+09 3.82741e+10 3.23329e+07 1.42e+07 2.80439e+07 1.53289e+07 63 126
298000 1.23289e+08 6.44882e+09 2.1921e+10 2.52231e+07 1.17239e+07 3.02711e+07 1.76946e+07 66 130
299000 1.17141e+08 6.47124e+09 2.91294e+10 2.29823e+07 1.08519e+07 3.22333e+07 1.8972e+07 63 128
300000 1.13451e+08 6.49435e+09 3.09512e+10 2.84571e+07 1.75663e+07 2.86463e+07 1.43488e+07 63 134
301000 1.13955e+08 6.52769e+09 2.10344e+10 2.05758e+07 9.79384e+06 3.02749e+07 1.58232e+07 60 138
302000 1.11084e+08 6.57754e+09 2.10533e+10 3.96097e+07 2.09599e+07 3.20733e+07 1.77123e+07 54 135
303000 1.11696e+08 6.6246e+09 1.68949e+10 2.86789e+07 1.98012e+07 2.8886e+07 1.52831e+07 44 138
304000 1.1039e+08 6.67359e+09 1.79326e+10 5.28545e+07 3.09255e+07 2.53147e+07 1.23018e+07 46 152
305000 1.08245e+08 6.72356e+09 1.56953e+10 3.05681e+07 2.07759e+07 2.65942e+07 1.39151e+07 40 138
306000 1.09282e+08 6.77391e+09 2.06047e+10 4.66169e+07 3.16449e+07 2.57497e+07 1.27752e+07 37 145
307000 1.2169e+08 6.75652e+09 2.06784e+10 5.35919e+07 2.61131e+07 2.71344e+07 1.68637e+07 36 147
308000 1.26353e+08 6.73087e+09 2.37999e+10 5.34401e+07 3.49147e+07 2.68503e+07 1.49289e+07 38 150
309000 1.29511e+08 6.68781e+09 2.3012e+10 4.68565e+07 2.02032e+07 2.84998e+07 1.77446e+07 45 149
310000 1.25397e+08 6.64982e+09 3.85047e+10 3.74094e+07 1.37059e+07 3.53647e+07 1.99126e+07 49 136
311000 1.21957e+08 6.65628e+09 2.88305e+10 3.23472e+07 1.63752e+07 2.8182e+07 1.4852e+07 45 144
312000 1.19419e+08 6.6564e+09 2.16269e+10 2.67739e+07 1.43125e+07 3.06934e+07 1.70729e+07 48 158
313000 1.19278e+08 6.66927e+09 2.61229e+10 2.83973e+07 1.67487e+07 2.8857e+07 1.30898e+07 45 156
314000 1.16483e+08 6.68344e+09 2.76897e+10 3.06278e+07 1.61932e+07 2.65808e+07 1.27381e+07 42 150
315000 1.1349e+08 6.71433e+09 2.57926e+10 3.93238e+07 2.22668e+07 2.48959e+07 1.24644e+07 35 156
316000 1.11646e+08 6.77438e+09 2.46988e+10 3.72154e+07 2.40326e+07 3.07462e+07 1.5071e+07 32 155
317000 1.0504e+08 6.84406e+09 2.66574e+10 3.15458e+07 2.20745e+07 2.49908e+07 1.39851e+07 35 147
318000 1.06153e+08 6.91155e+09 2.329e+10 2.98591e+07 1.8538e+07 2.73997e+07 1.6063e+07 33 143
319000 1.13177e+08 6.93915e+09 2.14153e+10 3.0913e+07 2.03087e+07 3.12631e+07 1.77155e+07 34 143
320000 1.24035e+08 6.90532e+09 1.73664e+10 3.38565e+07 2.00154e+07 3.88089e+07 1.91927e+07 34 147
321000 1.28832e+08 6.86208e+09 2.01385e+10 3.78327e+07 1.92616e+07 3.04703e+07 1.45739e+07 29 156
322000 1.24034e+08 6.8351e+09 2.53159e+10 3.42713e+07 1.65762e+07 2.83484e+07 1.30883e+07 34 157
323000 1.20365e+08 6.84396e+09 2.1012e+10 4.13446e+07 1.68649e+07 2.55071e+07 1.20338e+07 38 158
324000 1.26246e+08 6.82853e+09 1.56636e+10 5.89892e+07 2.62227e+07 3.16326e+07 2.01925e+07 42 153
325000 1.4878e+08 6.67362e+09 1.11687e+10 5.2213e+07 1.63058e+07 2.7771e+07 1.71184e+07 48 159
326000 1.28916e+08 6.63996e+09 1.93585e+10 4.01096e+07 1.79575e+07 2.25662e+07 1.25556e+07 52 159
327000 1.23632e+08 6.63535e+09 2.85207e+10 3.56662e+07 1.44857e+07 2.40183e+07 1.35436e+07 56 148
328000 1.25312e+08 6.61142e+09 1.4534e+10 3.75362e+07 1.6018e+07 2.19329e+07 1.0696e+07 62 171
329000 1.39087e+08 6.53435e+09 1.02173e+10 3.55174e+07 1.2948e+07 2.50834e+07 1.43154e+07 66 160
330000 1.32761e+08 6.48619e+09 1.59849e+10 2.61762e+07 9.64466e+06 2.77337e+07 1.48078e+07 70 151
331000 1.34149e+08 6.44255e+09 1.97217e+10 2.75271e+07 1.13973e+07 3.2397e+07 1.69293e+07 60 157
332000 1.39515e+08 6.36525e+09 9.22359e+09 1.96756e+07 7.20264e+06 3.21737e+07 1.78494e+07 64 161
333000 1.33967e+08 6.31156e+09 1.72634e+10 1.92755e+07 8.8157e+06 3.17881e+07 1.76165e+07 52 158
334000 1.28465e+08 6.27431e+09 1.90874e+10 1.83431e+07 8.32896e+06 2.99734e+07 1.50522e+07 48 173
335000 1.28803e+08 6.23686e+09 1.81332e+10 1.89002e+07 9.26606e+06 3.09754e+07 1.65021e+07 43 175
336000 1.2288e+08 6.21855e+09 1.78795e+10 1.82244e+07 9.40697e+06 2.6873e+07 1.29661e+07 43 185
337000 1.1942e+08 6.24243e+09 1.65596e+10 2.08332e+07 1.34787e+07 2.49727e+07 1.23801e+07 35 186
338000 1.13837e+08 6.28195e+09 2.07933e+10 2.09012e+07 1.16307e+07 2.65122e+07 1.37944e+07 30 174
339000 1.0967e+08 6.33504e+09 1.70202e+10 2.01091e+07 1.22654e+07 2.8771e+07 1.59992e+07 30 171
340000 1.06321e+08 6.39672e+09 1.52851e+10 2.5768e+07 1.86834e+07 2.97854e+07 1.35118e+07 26 182
341000 1.07303e+08 6.45953e+09 1.27339e+10 3.16614e+07 2.1146e+07 3.14045e+07 1.52696e+07 23 174
342000 1.08155e+08 6.51301e+09 1.045e+10 3.17156e+07 2.22331e+07 2.94991e+07 1.82558e+07 22 165
343000 1.04853e+08 6.56835e+09 1.83691e+10 3.47762e+07 2.67177e+07 2.44658e+07 1.26057e+07 20 173
344000 1.06586e+08 6.63205e+09 1.39252e+10 3.13293e+07 2.03652e+07 2.45178e+07 1.34153e+07 26 166
345000 1.07437e+08 6.69103e+09 1.01607e+10 3.34993e+07 2.077e+07 2.49073e+07 1.47114e+07 27 159
346000 1.03275e+08 6.74876e+09 2.35941e+10 4.22607e+07 3.07219e+07 2.26952e+07 1.19465e+07 22 166
347000 1.05551e+08 6.81223e+09 2.6827e+10 3.28898e+07 1.8612e+07 2.50344e+07 1.37467e+07 30 157
348000 1.09406e+08 6.84535e+09 2.44819e+10 3.79943e+07 2.63378e+07 2.83401e+07 1.64409e+07 28 162
349000 1.21602e+08 6.84388e+09 2.43593e+10 4.88471e+07 3.57895e+07 3.31444e+07 2.01085e+07 29 157
350000 1.41325e+08 6.71488e+09 1.64552e+10 4.54591e+07 2.13341e+07 3.02461e+07 1.50072e+07 39 167
351000 1.38161e+08 6.63422e+09 2.14601e+10 3.53147e+07 1.5443e+07 3.12753e+07 1.67771e+07 43 157
352000 1.32825e+08 6.60715e+09 1.46982e+10 3.45943e+07 1.58053e+07 3.92447e+07 2.59786e+07 46 154
353000 1.34601e+08 6.53801e+09 1.49873e+10 4.17555e+07 1.74171e+07 2.82855e+07 1.65742e+07 47 157
354000 1.33344e+08 6.47541e+09 2.36182e+10 3.3709e+07 1.31675e+07 2.75423e+07 1.50534e+07 46 167
355000 1.31419e+08 6.42721e+09 1.94043e+10 2.33745e+07 8.46289e+06 2.86665e+07 1.50777e+07 51 170
356000 1.31988e+08 6.39089e+09 2.32667e+10 2.56475e+07 1.32044e+07 2.95337e+07 1.44591e+07 43 164
357000 1.24688e+08 6.37424e+09 1.81573e+10 2.45763e+07 1.36897e+07 2.59323e+07 1.24815e+07 40 173
358000 1.15503e+08 6.40878e+09 1.28598e+10 2.69525e+07 1.76509e+07 2.25349e+07 1.19657e+07 36 186
359000 1.10936e+08 6.44783e+09 1.94748e+10 2.91813e+07 1.95207e+07 2.27195e+07 1.16046e+07 36 178
360000 1.16069e+08 6.45976e+09 2.04967e+10 3.70305e+07 1.66039e+07 2.31896e+07 1.15996e+07 41 174
361000 1.18996e+08 6.46255e+09 2.06483e+10 3.20329e+07 1.43454e+07 3.00902e+07 1.50543e+07 41 167
362000 1.12499e+08 6.50655e+09 2.59202e+10 2.43223e+07 1.26951e+07 2.40813e+07 1.26185e+07 45 165
363000 1.11291e+08 6.55071e+09 2.71507e+10 3.28242e+07 2.37905e+07 2.76906e+07 1.34678e+07 39 166
364000 1.23722e+08 6.54148e+09 1.22106e+10 4.01452e+07 2.08759e+07 2.61282e+07 1.46414e+07 42 165
365000 1.31007e+08 6.48608e+09 1.48577e+10 3.85295e+07 1.83787e+07 2.83315e+07 1.57672e+07 41 161
366000 1.28883e+08 6.44816e+09 2.52818e+10 2.95781e+07 1.55698e+07 3.17569e+07 1.77024e+07 43 165
367000 1.22757e+08 6.44591e+09 1.94493e+10 2.80198e+07 1.72625e+07 2.48065e+07 1.15945e+07 41 175
368000 1.17068e+08 6.48012e+09 2.10964e+10 2.69635e+07 1.55088e+07 2.67119e+07 1.49824e+07 36 157
369000 1.11093e+08 6.53072e+09 3.78796e+10 4.26973e+07 3.15852e+07 2.68487e+07 1.55609e+07 27 152
370000 1.1972e+08 6.54284e+09 3.01695e+10 5.92985e+07 3.51639e+07 2.77989e+07 1.58898e+07 29 144
371000 1.25584e+08 6.51873e+09 2.65718e+10 5.2316e+07 2.60467e+07 2.84778e+07 1.6595e+07 29 148
372000 1.17384e+08 6.53139e+09 2.38139e+10 4.55215e+07 3.05311e+07 2.67716e+07 1.56776e+07 29 156
373000 1.1259e+08 6.56867e+09 1.85542e+10 2.65299e+07 1.40447e+07 2.6791e+07 1.68163e+07 33 158
374000 1.0889e+08 6.60796e+09 1.90238e+10 2.34307e+07 1.25334e+07 2.66959e+07 1.65525e+07 36 158
375000 1.14143e+08 6.62371e+09 2.38687e+10 3.3818e+07 1.89243e+07 2.97741e+07 1.8685e+07 29 159
376000 1.20357e+08 6.60841e+09 2.19755e+10 3.73939e+07 1.98399e+07 2.799e+07 1.40879e+07 27 166
377000 1.2825e+08 6.57848e+09 1.24068e+10 2.51979e+07 1.23334e+07 3.14193e+07 1.79777e+07 36 163
378000 1.25993e+08 6.53941e+09 2.57146e+10 2.4524e+07 1.55128e+07 3.04379e+07 1.64215e+07 34 165
379000 1.32384e+08 6.47702e+09 2.03413e+10 3.19307e+07 2.21731e+07 2.9931e+07 1.30733e+07 34 184
380000 1.33718e+08 6.4076e+09 2.28284e+10 3.71504e+07 2.65761e+07 2.62148e+07 1.14634e+07 30 182
381000 1.259e+08 6.39491e+09 1.79295e+10 3.18604e+07 1.73716e+07 2.58628e+07 1.3083e+07 33 170
382000 1.18226e+08 6.41083e+09 2.609e+10 3.32593e+07 1.95505e+07 2.97231e+07 1.60216e+07 31 154
383000 1.16627e+08 6.42684e+09 2.50046e+10 2.54176e+07 1.19081e+07 2.42069e+07 1.30511e+07 38 183
384000 1.20575e+08 6.41204e+09 1.76621e+10 2.87167e+07 1.6949e+07 2.50798e+07 1.29762e+07 33 191
385000 1.23564e+08 6.38865e+09 1.87653e+10 2.72098e+07 1.62985e+07 2.46266e+07 1.02859e+07 33 194
386000 1.20515e+08 6.39771e+09 1.72841e+10 2.78156e+07 1.68871e+07 2.81301e+07 1.49485e+07 32 175
387000 1.11106e+08 6.44007e+09 1.21968e+10 2.89558e+07 2.22975e+07 2.31636e+07 1.09729e+07 29 179
388000 1.03487e+08 6.51587e+09 1.59284e+10 2.84525e+07 1.9967e+07 2.42248e+07 1.15788e+07 26 177
389000 1.01995e+08 6.60677e+09 1.71519e+10 3.12498e+07 2.32675e+07 2.1065e+07 1.06233e+07 25 183
390000 1.0652e+08 6.6762e+09 1.36078e+10 3.74227e+07 2.82819e+07 3.46624e+07 1.88737e+07 23 167
391000 1.14271e+08 6.69681e+09 1.44324e+10 4.53608e+07 3.69111e+07 2.65414e+07 1.41118e+07 23 167
392000 1.17447e+08 6.68723e+09 3.22278e+10 4.33301e+07 2.66493e+07 2.96803e+07 1.57827e+07 22 153
393000 1.2068e+08 6.68442e+09 3.12826e+10 9.83112e+07 8.37199e+07 2.71026e+07 1.41577e+07 26 170
394000 1.26974e+08 6.64614e+09 2.54162e+10 5.85037e+07 2.68598e+07 2.7902e+07 1.42839e+07 27 165
395000 1.31748e+08 6.57953e+09 2.2568e+10 4.3414e+07 1.44458e+07 2.65705e+07 1.39379e+07 33 170
396000 1.25105e+08 6.57367e+09 1.08207e+10 2.99146e+07 1.53877e+07 2.62322e+07 1.31865e+07 30 180
397000 1.19085e+08 6.57767e+09 1.10883e+10 2.50338e+07 1.45322e+07 2.62514e+07 1.37396e+07 28 180
398000 1.1432e+08 6.59598e+09 1.48419e+10 1.95682e+07 1.19759e+07 2.44406e+07 1.19858e+07 29 188
399000 1.11004e+08 6.64801e+09 2.0979e+10 2.3583e+07 1.67775e+07 2.74615e+07 1.55218e+07 21 180
400000 1.11439e+08 6.68182e+09 1.27586e+10 2.57923e+07 1.71712e+07 2.52276e+07 1.41202e+07 19 188
401000 1.18055e+08 6.67796e+09 6.7022e+09 2.89083e+07 2.18463e+07 2.60817e+07 1.31655e+07 21 196
402000 1.29019e+08 6.61817e+09 1.34493e+10 4.64791e+07 3.338e+07 3.0491e+07 1.64651e+07 17 189
403000 1.39533e+08 6.50489e+09 1.58824e+10 3.68176e+07 1.90383e+07 3.09893e+07 1.37747e+07 21 199
404000 1.44843e+08 6.39087e+09 1.37515e+10 2.83694e+07 1.37597e+07 4.43264e+07 1.52338e+07 22 209
405000 1.37762e+08 6.32222e+09 1.46131e+10 2.93982e+07 1.97744e+07 2.95714e+07 1.53374e+07 17 210
406000 1.287e+08 6.29836e+09 1.1394e+10 2.72927e+07 1.98716e+07 2.48067e+07 1.18175e+07 16 213
407000 1.20528e+08 6.29896e+09 1.53337e+10 2.78417e+07 2.01051e+07 2.40792e+07 1.20088e+07 13 209
408000 1.15201e+08 6.32156e+09 1.53606e+10 2.44043e+07 1.72131e+07 2.35738e+07 1.16362e+07 16 204
409000 1.12703e+08 6.35873e+09 1.13251e+10 4.35693e+07 3.74329e+07 2.22652e+07 1.13918e+07 10 209
410000 1.11939e+08 6.39555e+09 1.49209e+10 3.5054e+07 1.96865e+07 2.79032e+07 1.61373e+07 13 200
411000 1.16141e+08 6.40186e+09 2.13798e+10 3.67349e+07 2.51427e+07 3.29053e+07 1.9937e+07 15 188
412000 1.19432e+08 6.40531e+09 1.97691e+10 4.57723e+07 3.28743e+07 2.47869e+07 1.17751e+07 12 200
413000 1.1701e+08 6.41562e+09 2.00919e+10 3.87728e+07 2.29818e+07 2.81319e+07 1.50132e+07 13 191
414000 1.20452e+08 6.41074e+09 1.39629e+10 4.23971e+07 2.7791e+07 3.00284e+07 1.79689e+07 12 191
415000 1.24537e+08 6.38227e+09 1.40312e+10 3.58053e+07 2.08779e+07 2.67966e+07 1.41776e+07 12 202
416000 1.26669e+08 6.35618e+09 1.64851e+10 5.02306e+07 3.74844e+07 2.6835e+07 1.37067e+07 9 197
417000 1.22089e+08 6.35886e+09 2.08037e+10 4.6098e+07 3.83884e+07 2.90322e+07 1.65885e+07 10 181
418000 1.15896e+08 6.36936e+09 1.53315e+10 3.57569e+07 2.54071e+07 2.65882e+07 1.47917e+07 13 185
419000 1.11653e+08 6.39795e+09 1.67213e+10 4.02799e+07 2.99893e+07 2.57722e+07 1.40684e+07 10 190
420000 1.15682e+08 6.42351e+09 9.74553e+09 3.03579e+07 1.91248e+07 2.97148e+07 1.80906e+07 12 182
421000 1.15648e+08 6.43205e+09 1.48008e+10 2.69137e+07 1.77413e+07 2.78448e+07 1.51977e+07 11 186
422000 1.11841e+08 6.45075e+09 2.02567e+10 2.55123e+07 1.6835e+07 2.64441e+07 1.41829e+07 10 186
423000 1.09342e+08 6.4873e+09 1.66336e+10 2.20472e+07 1.2439e+07 2.5506e+07 1.36756e+07 8 205
424000 1.09553e+08 6.52044e+09 1.65499e+10 3.7999e+07 3.29822e+07 2.85906e+07 1.5081e+07 6 207
425000 1.15185e+08 6.54055e+09 9.64114e+09 4.20677e+07 3.73072e+07 2.51472e+07 1.38939e+07 6 207
426000 1.21041e+08 6.52387e+09 1.09301e+10 5.12753e+07 4.44267e+07 3.11147e+07 1.6564e+07 8 198
427000 1.24209e+08 6.48741e+09 1.94411e+10 3.1302e+07 2.35727e+07 2.7488e+07 1.44874e+07 9 199
428000 1.25105e+08 6.46429e+09 2.37439e+10 3.35055e+07 1.87564e+07 2.98138e+07 1.64187e+07 10 190
429000 1.21657e+08 6.45012e+09 2.10688e+10 4.52919e+07 3.12621e+07 2.53267e+07 1.24587e+07 8 208
430000 1.17473e+08 6.45463e+09 1.55037e+10 4.01506e+07 2.37263e+07 2.44366e+07 1.26458e+07 9 205
431000 1.12174e+08 6.48692e+09 1.74468e+10 3.95187e+07 2.27934e+07 2.30061e+07 1.14313e+07 9 204
432000 1.1004e+08 6.53838e+09 2.09372e+10 3.83481e+07 2.42514e+07 2.69461e+07 1.5638e+07 9 182
433000 1.09507e+08 6.58161e+09 1.82063e+10 3.59072e+07 2.18102e+07 2.71842e+07 1.4448e+07 10 193
434000 1.10289e+08 6.62027e+09 2.82311e+10 4.6524e+07 2.55716e+07 2.40459e+07 1.28185e+07 12 191
435000 1.15317e+08 6.63862e+09 2.08095e+10 4.74825e+07 1.73436e+07 3.18415e+07 1.66006e+07 13 183
436000 1.20523e+08 6.64012e+09 1.85993e+10 3.60192e+07 1.37644e+07 3.66243e+07 2.4661e+07 14 173
437000 1.21971e+08 6.61986e+09 1.79122e+10 2.67056e+07 1.13411e+07 2.88811e+07 1.43483e+07 13 182
438000 1.18575e+08 6.61087e+09 2.60705e+10 2.25826e+07 9.58585e+06 2.89341e+07 1.4767e+07 11 181
439000 1.24291e+08 6.60168e+09 2.04887e+10 2.39365e+07 1.47713e+07 2.98741e+07 1.63342e+07 10 187
440000 1.23536e+08 6.56632e+09 2.17469e+10 2.73985e+07 2.18234e+07 2.79547e+07 1.42612e+07 10 194
441000 1.18477e+08 6.55714e+09 3.03921e+10 2.55014e+07 1.95747e+07 2.7294e+07 1.3956e+07 8 188
442000 1.18238e+08 6.56207e+09 2.61728e+10 1.70667e+07 8.7341e+06 2.89213e+07 1.58047e+07 6 197
443000 1.21282e+08 6.54618e+09 7.98493e+09 1.7847e+07 8.62495e+06 2.52553e+07 1.26303e+07 6 220
444000 1.18533e+08 6.53789e+09 7.89629e+09 2.06559e+07 1.03279e+07 2.35478e+07 1.16417e+07 6 226
445000 1.20103e+08 6.55935e+09 9.05986e+09 2.84977e+07 2.14677e+07 2.62033e+07 1.41105e+07 5 201
446000 1.17378e+08 6.56879e+09 1.0832e+10 2.68068e+07 1.27841e+07 2.89492e+07 1.7809e+07 6 200
447000 1.15817e+08 6.58021e+09 1.71917e+10 2.69269e+07 1.29594e+07 2.84945e+07 1.62226e+07 6 185
448000 1.17575e+08 6.57334e+09 1.36371e+10 4.52394e+07 3.53187e+07 2.85353e+07 1.59149e+07 4 205
449000 1.21522e+08 6.55875e+09 1.29611e+10 4.85569e+07 3.82493e+07 2.79531e+07 1.53769e+07 4 199
450000 1.23786e+08 6.53937e+09 8.73374e+09 5.1767e+07 5.1767e+07 2.7077e+07 1.47966e+07 4 203
451000 1.19662e+08 6.53276e+09 2.02602e+10 5.29345e+07 5.29345e+07 2.78538e+07 1.4339e+07 3 194
452000 1.18976e+08 6.52769e+09 3.15093e+10 7.56358e+07 7.56358e+07 3.07288e+07 1.71209e+07 2 184
453000 1.19624e+08 6.51883e+09 1.98902e+10 6.34361e+07 4.64152e+07 2.63943e+07 1.33129e+07 3 202
454000 1.15732e+08 6.53958e+09 1.23892e+10 4.75624e+07 2.37812e+07 2.40206e+07 1.28243e+07 4 211
455000 1.10288e+08 6.58531e+09 1.28443e+10 2.9413e+07 9.78239e+06 2.54525e+07 1.45008e+07 6 199
456000 1.05526e+08 6.64353e+09 1.8516e+10 2.53806e+07 8.33785e+06 2.74735e+07 1.56832e+07 6 185
457000 1.04117e+08 6.71965e+09 2.37217e+10 2.54523e+07 1.47985e+07 2.80881e+07 1.75659e+07 6 179
458000 1.14988e+08 6.72618e+09 2.11724e+10 2.65771e+07 1.82193e+07 3.54181e+07 1.91187e+07 6 187
459000 1.31782e+08 6.62391e+09 1.37721e+10 3.07469e+07 1.58743e+07 2.81537e+07 1.25723e+07 7 211
460000 1.27851e+08 6.58347e+09 9.02672e+09 5.37063e+07 2.78425e+07 2.68753e+07 1.34448e+07 6 209
461000 1.21864e+08 6.58171e+09 1.9314e+10 4.49416e+07 1.42816e+07 2.90247e+07 1.42766e+07 8 214
462000 1.19196e+08 6.59371e+09 1.61644e+10 3.45497e+07 1.12839e+07 2.58651e+07 1.35686e+07 8 206
463000 1.17803e+08 6.60703e+09 1.75814e+10 1.83205e+07 7.70014e+06 2.89753e+07 1.67493e+07 11 192
464000 1.22553e+08 6.59677e+09 7.35651e+09 2.59002e+07 1.60863e+07 2.80816e+07 1.59516e+07 7 209
465000 1.28473e+08 6.53338e+09 1.37237e+10 2.96975e+07 1.86661e+07 2.88855e+07 1.44921e+07 4 210
466000 1.3204e+08 6.4629e+09 1.42243e+10 2.80036e+07 2.24222e+07 2.89491e+07 1.40239e+07 5 203
467000 1.25253e+08 6.44167e+09 1.37646e+10 2.55471e+07 2.18061e+07 2.63737e+07 1.34798e+07 5 209
468000 1.1618e+08 6.45835e+09 1.46189e+10 2.76568e+07 2.49649e+07 2.36492e+07 1.17361e+07 5 216
469000 1.12387e+08 6.48587e+09 7.72009e+09 2.68864e+07 2.47822e+07 2.48125e+07 1.43138e+07 5 228
470000 1.13164e+08 6.52031e+09 1.51118e+10 3.28891e+07 3.10839e+07 2.63632e+07 1.44276e+07 5 216
471000 1.17465e+08 6.5228e+09 1.36631e+10 2.23938e+07 1.72947e+07 2.68947e+07 1.41152e+07 6 205
472000 1.22401e+08 6.50793e+09 1.11876e+10 2.99222e+07 2.03852e+07 2.80175e+07 1.40872e+07 5 214
473000 1.25541e+08 6.4669e+09 1.93028e+10 2.24006e+07 9.67634e+06 2.66808e+07 1.31175e+07 5 212
474000 1.33756e+08 6.40417e+09 1.70527e+10 3.58543e+07 1.79271e+07 2.95817e+07 1.45398e+07 4 209
475000 1.32821e+08 6.34909e+09 1.88691e+10 5.98182e+07 4.48358e+07 2.9131e+07 1.47659e+07 3 200
476000 1.24568e+08 6.32483e+09 1.69127e+10 3.28798e+07 1.69549e+07 2.51321e+07 1.28247e+07 6 215
477000 1.17647e+08 6.3323e+09 2.0668e+10 3.13213e+07 1.31528e+07 2.76837e+07 1.57996e+07 5 200
478000 1.10736e+08 6.37361e+09 2.16445e+10 3.91286e+07 1.95643e+07 2.59347e+07 1.49444e+07 4 202
479000 1.04781e+08 6.43906e+09 1.81959e+10 2.34351e+07 8.82515e+06 2.52864e+07 1.41549e+07 6 202
480000 1.02071e+08 6.52326e+09 2.27785e+10 2.09568e+07 7.83409e+06 2.49667e+07 1.4305e+07 7 186
481000 1.0047e+08 6.59914e+09 3.04467e+10 2.69711e+07 1.38769e+07 2.44665e+07 1.3262e+07 6 187
482000 1.03612e+08 6.6596e+09 3.34914e+10 3.75045e+07 2.88807e+07 2.70214e+07 1.41896e+07 5 178
483000 1.07862e+08 6.70239e+09 2.98659e+10 3.15728e+07 1.57864e+07 2.81474e+07 1.57955e+07 4 177
484000 1.11578e+08 6.73262e+09 2.70977e+10 1.92866e+07 7.17919e+06 2.88589e+07 1.5806e+07 6 177
485000 1.16313e+08 6.7466e+09 2.21785e+10 5.16238e+07 4.25653e+07 2.94349e+07 1.61798e+07 3 182
486000 1.16782e+08 6.74825e+09 1.80876e+10 2.5413e+07 1.27065e+07 2.74961e+07 1.49187e+07 2 196
487000 1.15739e+08 6.74593e+09 1.99662e+10 2.63003e+07 1.31502e+07 2.94805e+07 1.71678e+07 2 186
488000 1.24417e+08 6.72723e+09 2.15291e+10 6.68468e+07 6.14009e+07 3.59948e+07 2.21295e+07 4 183
489000 1.35885e+08 6.62958e+09 1.25384e+10 9.51933e+07 5.72435e+07 3.15418e+07 1.67771e+07 4 198
490000 1.43869e+08 6.50632e+09 1.00451e+10 1.12775e+08 6.63168e+07 3.18184e+07 1.72789e+07 4 201
491000 1.41941e+08 6.39545e+09 2.44251e+10 5.39994e+07 2.37438e+07 3.06416e+07 1.57446e+07 6 205
492000 1.38137e+08 6.31131e+09 1.97682e+10 3.96376e+07 2.09377e+07 3.36215e+07 1.63184e+07 6 214
493000 1.27471e+08 6.28457e+09 2.4253e+10 3.79576e+07 2.63402e+07 2.69546e+07 1.42049e+07 5 203
494000 1.17883e+08 6.28512e+09 1.67569e+10 4.65958e+07 3.5865e+07 2.36131e+07 1.19723e+07 4 215
495000 1.09955e+08 6.32712e+09 1.67643e+10 3.5427e+07 2.10184e+07 2.14112e+07 1.05288e+07 5 221
496000 1.06327e+08 6.39367e+09 1.83276e+10 4.34032e+07 3.20554e+07 2.28478e+07 1.28839e+07 4 207
497000 1.09849e+08 6.436e+09 1.54771e+10 2.92703e+07 1.66443e+07 2.44452e+07 1.38628e+07 5 208
498000 1.1654e+08 6.45183e+09 1.41698e+10 2.64704e+07 1.28894e+07 2.9096e+07 1.69603e+07 4 203
499000 1.21097e+08 6.43456e+09 1.04311e+10 3.51922e+07 2.1625e+07 3.1219e+07 1.8036e+07 3 213
500000 1.20909e+08 6.4246e+09 1.50028e+10 2.87999e+07 1.78618e+07 2.59899e+07 1.27528e+07 3 212
501000 1.21304e+08 6.41734e+09 1.10817e+10 4.81856e+07 4.81856e+07 2.71108e+07 1.49214e+07 2 206
502000 1.18301e+08 6.40997e+09 1.28377e+10 6.33763e+07 6.33763e+07 2.47645e+07 1.21827e+07 1 218
503000 1.14971e+08 6.43194e+09 1.83939e+10 6.00352e+07 6.00352e+07 2.52254e+07 1.35662e+07 1 204
503707 1.1313e+08 6.4547e+09 1.77279e+10 0 0 2.56296e+07 1.46307e+07 0 201
