0 1.27534e+08 5.8036e+09 2.4e+09 2.4e+07 1.2e+07 2.4e+07 1.2e+07 190 10
1000 1.27139e+08 5.8101e+09 6.84522e+09 2.64315e+07 1.44437e+07 2.6873e+07 1.8158e+07 199 10
2000 1.26295e+08 5.81727e+09 1.42789e+10 2.66917e+07 1.4715e+07 2.26162e+07 1.30293e+07 196 9
3000 1.24383e+08 5.82698e+09 2.10918e+10 2.92727e+07 1.64757e+07 2.02641e+07 1.19452e+07 186 9
4000 1.24713e+08 5.84543e+09 2.17641e+10 2.96094e+07 1.76237e+07 2.12001e+07 1.24979e+07 179 8
5000 1.22629e+08 5.86528e+09 3.01076e+10 2.96285e+07 1.81799e+07 2.89199e+07 1.8901e+07 175 7
6000 1.23571e+08 5.885e+09 2.0167e+10 2.83353e+07 1.68205e+07 2.37328e+07 1.18664e+07 191 8
7000 1.23609e+08 5.91275e+09 2.39126e+10 3.06513e+07 1.82807e+07 2.31282e+07 1.16541e+07 174 9
8000 1.25572e+08 5.9382e+09 2.36215e+10 3.508e+07 2.37394e+07 3.19639e+07 1.99898e+07 150 6
9000 1.22299e+08 5.95928e+09 3.35455e+10 3.38563e+07 2.21123e+07 5.59741e+07 4.82754e+07 146 5
10000 1.19824e+08 5.98149e+09 3.61983e+10 3.66981e+07 2.51646e+07 3.38534e+07 2.26792e+07 150 8
11000 1.21965e+08 6.00482e+09 3.2364e+10 3.49959e+07 2.27832e+07 3.86525e+07 2.90791e+07 148 6
12000 1.24662e+08 6.02079e+09 2.87506e+10 3.6803e+07 2.45021e+07 3.17756e+07 1.58878e+07 153 6
13000 1.22155e+08 6.03316e+09 3.78433e+10 3.56454e+07 2.32566e+07 4.71039e+07 2.96483e+07 145 5
14000 1.23912e+08 6.0406e+09 2.33581e+10 3.21086e+07 1.88847e+07 3.48013e+07 1.28269e+07 162 8
15000 1.22457e+08 6.05181e+09 2.47881e+10 3.43455e+07 2.23554e+07 4.08676e+07 1.35225e+07 148 8
16000 1.22673e+08 6.07739e+09 1.98842e+10 3.36181e+07 1.92686e+07 3.86886e+07 1.46804e+07 168 5
17000 1.17565e+08 6.1173e+09 3.21641e+10 3.0693e+07 1.92552e+07 3.11225e+07 1.22957e+07 158 5
18000 1.14227e+08 6.1667e+09 3.69979e+10 3.33355e+07 2.03389e+07 2.11975e+07 7.41074e+06 154 6
19000 1.1271e+08 6.22156e+09 3.13635e+10 2.96495e+07 1.72738e+07 1.67062e+07 6.02708e+06 161 6
20000 1.10294e+08 6.2906e+09 3.57664e+10 3.1603e+07 2.03382e+07 1.56742e+07 6.04794e+06 147 6
21000 1.11447e+08 6.34827e+09 4.27899e+10 3.58953e+07 2.3793e+07 1.67836e+07 7.14454e+06 140 5
22000 1.22205e+08 6.36807e+09 3.5707e+10 3.941e+07 2.71123e+07 1.49739e+07 6.53956e+06 158 5
23000 1.26528e+08 6.35823e+09 5.6238e+10 4.13103e+07 2.67705e+07 1.53631e+07 6.90513e+06 141 5
24000 1.36242e+08 6.3233e+09 3.52514e+10 4.00294e+07 2.40457e+07 3.81441e+07 3.18862e+07 149 4
25000 1.33299e+08 6.3069e+09 3.81691e+10 3.97408e+07 2.65017e+07 3.58825e+07 2.99843e+07 144 4
26000 1.27549e+08 6.31355e+09 2.52903e+10 3.53771e+07 2.08609e+07 2.91407e+07 2.35114e+07 151 4
27000 1.21819e+08 6.33505e+09 3.05581e+10 3.88636e+07 2.38135e+07 2.14245e+07 1.21115e+07 141 6
28000 1.21434e+08 6.35529e+09 3.2265e+10 3.52031e+07 1.94215e+07 3.92828e+07 3.26212e+07 141 6
29000 1.14041e+08 6.41377e+09 3.16984e+10 3.18489e+07 1.95994e+07 2.80359e+07 1.62115e+07 146 6
30000 1.12909e+08 6.46902e+09 2.55845e+10 3.1945e+07 2.05283e+07 2.68909e+07 1.34455e+07 151 6
31000 1.20218e+08 6.48471e+09 2.4811e+10 3.60706e+07 2.11845e+07 2.20247e+07 1.19249e+07 152 7
32000 1.26814e+08 6.47058e+09 2.96146e+10 4.35455e+07 2.71209e+07 1.7674e+07 6.9803e+06 153 8
33000 1.25084e+08 6.46559e+09 2.88343e+10 3.34619e+07 1.88713e+07 1.71674e+07 6.92928e+06 157 8
34000 1.21952e+08 6.49536e+09 3.1384e+10 3.53964e+07 2.24454e+07 1.90171e+07 1.01241e+07 150 8
35000 1.35843e+08 6.45059e+09 2.3576e+10 3.83429e+07 2.21425e+07 1.77346e+07 7.03495e+06 170 6
36000 1.54265e+08 6.30847e+09 2.71348e+10 3.94242e+07 2.02319e+07 1.83343e+07 7.15658e+06 175 6
37000 1.45136e+08 6.2362e+09 2.35023e+10 3.36487e+07 1.84885e+07 1.37278e+07 3.43194e+06 177 8
38000 1.346e+08 6.2308e+09 2.00793e+10 2.99827e+07 1.61742e+07 2.03928e+07 8.08386e+06 188 6
39000 1.29656e+08 6.21989e+09 1.84148e+10 2.95827e+07 1.72647e+07 1.51536e+07 6.44774e+06 185 9
40000 1.24108e+08 6.22519e+09 3.64806e+10 2.94743e+07 1.62372e+07 1.37086e+07 4.94945e+06 176 10
41000 1.27096e+08 6.22998e+09 3.71698e+10 2.99974e+07 1.70465e+07 1.57786e+07 7.50716e+06 186 9
42000 1.35238e+08 6.19199e+09 5.2508e+10 6.03549e+07 4.57168e+07 1.76131e+07 1.00005e+07 169 9
43000 1.52592e+08 6.0596e+09 4.58929e+10 3.97805e+07 1.97535e+07 1.40206e+07 4.68851e+06 178 12
44000 1.64329e+08 5.91522e+09 3.21688e+10 4.24937e+07 2.19046e+07 1.73794e+07 6.16491e+06 175 11
45000 1.46016e+08 5.85219e+09 4.57129e+10 4.72326e+07 3.16364e+07 1.74364e+07 4.3591e+06 167 12
46000 1.29828e+08 5.88355e+09 3.99175e+10 3.53426e+07 2.2494e+07 2.00066e+07 5.66829e+06 151 11
47000 1.13794e+08 5.95522e+09 4.25782e+10 3.04374e+07 1.95356e+07 2.61273e+07 1.02852e+07 155 9
48000 1.01251e+08 6.06131e+09 5.8535e+10 3.12673e+07 2.13865e+07 2.36876e+07 9.2424e+06 147 9
49000 9.80585e+07 6.19909e+09 4.91934e+10 3.50394e+07 2.32233e+07 2.4133e+07 9.47621e+06 131 10
50000 9.59631e+07 6.33573e+09 3.89066e+10 2.84653e+07 1.93217e+07 2.27613e+07 1.02283e+07 140 10
51000 9.7473e+07 6.44982e+09 4.13454e+10 3.22054e+07 2.14051e+07 1.90451e+07 7.78249e+06 133 11
52000 1.04364e+08 6.52662e+09 4.63092e+10 4.2888e+07 2.86657e+07 1.90888e+07 7.67337e+06 128 11
53000 1.10199e+08 6.58127e+09 4.27547e+10 3.40893e+07 1.97419e+07 2.08989e+07 9.25084e+06 139 10
54000 1.11024e+08 6.63986e+09 3.97349e+10 3.24297e+07 1.78772e+07 2.02287e+07 8.1701e+06 141 11
55000 1.11121e+08 6.7053e+09 3.11556e+10 3.27694e+07 1.89961e+07 1.95135e+07 8.09542e+06 143 11
56000 1.08527e+08 6.77148e+09 2.63952e+10 3.07893e+07 1.57705e+07 1.78975e+07 7.64388e+06 149 13
57000 1.10801e+08 6.8575e+09 2.65658e+10 3.51187e+07 2.10158e+07 2.63712e+07 1.43781e+07 139 9
58000 1.08664e+08 6.93025e+09 2.87651e+10 3.66198e+07 2.3496e+07 2.20757e+07 8.05186e+06 133 11
59000 1.11214e+08 6.98573e+09 2.58684e+10 3.44438e+07 2.03978e+07 1.85726e+07 7.86301e+06 141 13
60000 1.0696e+08 7.05669e+09 4.36407e+10 3.27726e+07 1.83919e+07 2.00135e+07 8.22066e+06 132 12
61000 1.10435e+08 7.12009e+09 4.63904e+10 3.43298e+07 2.11496e+07 2.59138e+07 1.31308e+07 144 10
62000 1.25138e+08 7.10439e+09 3.7834e+10 3.66323e+07 2.10483e+07 2.68368e+07 1.03351e+07 150 8
63000 1.37057e+08 7.05536e+09 2.4232e+10 3.7868e+07 2.25119e+07 2.549e+07 1.00336e+07 163 8
64000 1.44431e+08 6.97869e+09 3.02035e+10 4.11445e+07 2.47549e+07 4.5918e+07 2.91853e+07 157 5
65000 1.45699e+08 6.87586e+09 5.7529e+10 4.03862e+07 2.42358e+07 2.73984e+07 1.13124e+07 161 8
66000 1.52265e+08 6.77144e+09 4.47101e+10 4.15942e+07 2.51443e+07 2.55706e+07 1.122e+07 158 8
67000 1.53442e+08 6.64137e+09 6.06409e+10 4.10096e+07 2.22865e+07 2.02083e+07 8.8336e+06 170 8
68000 1.83161e+08 6.41055e+09 2.9911e+10 5.04075e+07 2.76939e+07 1.45745e+07 4.89958e+06 178 9
69000 2.03412e+08 6.06921e+09 1.81323e+10 5.56886e+07 2.43162e+07 1.21822e+07 4.10713e+06 201 9
70000 1.74036e+08 5.89483e+09 1.65286e+10 3.25814e+07 1.55914e+07 7.91271e+06 2.20391e+06 207 12
71000 1.45645e+08 5.8708e+09 1.93513e+10 3.01058e+07 1.62034e+07 1.09909e+07 3.00003e+06 194 11
72000 1.25158e+08 5.88728e+09 2.50515e+10 2.43133e+07 1.28683e+07 1.48711e+07 4.78013e+06 201 9
73000 1.13207e+08 5.96537e+09 2.53392e+10 2.64643e+07 1.62143e+07 2.67348e+07 1.44082e+07 195 6
74000 1.20583e+08 6.01551e+09 2.35284e+10 2.71801e+07 1.46424e+07 3.58745e+07 2.34416e+07 189 5
75000 1.24268e+08 6.01761e+09 2.90814e+10 2.86143e+07 1.53893e+07 2.67808e+07 1.68483e+07 183 7
76000 1.20141e+08 6.05464e+09 4.05942e+10 3.26015e+07 2.02054e+07 3.28608e+07 2.71046e+07 167 4
77000 1.15819e+08 6.11173e+09 4.04233e+10 3.14373e+07 1.93408e+07 3.4939e+07 2.87612e+07 168 4
78000 1.12563e+08 6.17949e+09 3.58303e+10 2.99967e+07 1.77236e+07 8.84252e+07 8.30591e+07 163 7
79000 1.15955e+08 6.23168e+09 2.38358e+10 2.98607e+07 1.75038e+07 2.09251e+07 1.35757e+07 164 5
80000 1.13051e+08 6.28452e+09 2.85253e+10 3.01212e+07 1.73854e+07 1.83962e+07 6.77392e+06 165 6
81000 1.1107e+08 6.35092e+09 3.86559e+10 3.15444e+07 1.93352e+07 1.75758e+07 6.31906e+06 150 6
82000 1.14729e+08 6.39909e+09 3.54775e+10 3.46808e+07 2.04303e+07 2.85202e+07 1.76274e+07 146 4
83000 1.17541e+08 6.43302e+09 3.72068e+10 3.49738e+07 2.01493e+07 2.3892e+07 1.3362e+07 148 4
84000 1.1716e+08 6.46896e+09 3.22282e+10 3.33596e+07 1.89502e+07 2.00828e+07 1.3311e+07 150 7
85000 1.14888e+08 6.5192e+09 2.97271e+10 2.90794e+07 1.52287e+07 2.91226e+07 2.37265e+07 164 8
86000 1.12192e+08 6.57377e+09 3.53764e+10 3.30208e+07 1.93794e+07 3.42312e+07 1.78918e+07 152 9
87000 1.153e+08 6.63201e+09 3.06218e+10 3.19687e+07 1.80322e+07 4.3399e+07 2.17707e+07 150 8
88000 1.35033e+08 6.58801e+09 2.57276e+10 4.30962e+07 2.00066e+07 5.33664e+07 3.43531e+07 151 7
89000 1.31977e+08 6.55182e+09 2.50038e+10 3.1725e+07 1.7976e+07 3.69756e+07 1.9898e+07 157 9
90000 1.20707e+08 6.59691e+09 2.8625e+10 3.24334e+07 2.09805e+07 5.54556e+07 3.25765e+07 152 7
91000 1.16057e+08 6.63641e+09 4.09831e+10 4.16792e+07 2.46194e+07 4.62927e+07 2.06518e+07 143 9
92000 1.18122e+08 6.68169e+09 3.11365e+10 3.41544e+07 2.21581e+07 1.61962e+08 1.39969e+08 142 11
93000 1.20913e+08 6.70752e+09 2.58894e+10 3.52458e+07 2.19596e+07 4.28338e+07 3.02171e+07 142 9
94000 1.21843e+08 6.71169e+09 2.83523e+10 3.50804e+07 2.28439e+07 3.76098e+07 2.86494e+07 149 8
95000 1.28192e+08 6.69348e+09 3.17282e+10 4.0097e+07 2.3679e+07 3.46945e+07 2.14305e+07 159 12
96000 1.49584e+08 6.57733e+09 3.57444e+10 4.41609e+07 2.58159e+07 2.80896e+07 8.84035e+06 159 19
97000 1.70623e+08 6.36277e+09 3.24044e+10 4.65148e+07 2.53711e+07 2.97423e+07 9.27363e+06 169 18
98000 1.68221e+08 6.19582e+09 1.91126e+10 3.71566e+07 1.78214e+07 2.35087e+07 8.89975e+06 184 17
99000 1.58831e+08 6.09542e+09 1.43181e+10 3.73635e+07 2.12152e+07 1.94866e+07 7.39474e+06 179 16
100000 1.36473e+08 6.06214e+09 3.14267e+10 3.31483e+07 1.9884e+07 5.07543e+07 4.09382e+07 175 16
101000 1.23317e+08 6.09014e+09 4.30334e+10 2.92594e+07 1.65919e+07 2.12054e+07 1.25739e+07 167 14
102000 1.25388e+08 6.10791e+09 2.29734e+10 3.28292e+07 2.03339e+07 2.37834e+07 1.29633e+07 172 13
103000 1.37274e+08 6.06074e+09 1.60133e+10 4.01687e+07 2.42962e+07 2.41863e+07 1.27069e+07 184 13
104000 1.45865e+08 5.96388e+09 2.27137e+10 3.32156e+07 1.63578e+07 1.26466e+08 1.14646e+08 180 8
105000 1.33148e+08 5.95737e+09 2.17299e+10 2.89469e+07 1.63017e+07 2.71083e+07 1.83326e+07 181 12
106000 1.17004e+08 6.01069e+09 3.02008e+10 2.5316e+07 1.43783e+07 3.22876e+07 2.32415e+07 178 11
107000 1.1285e+08 6.07833e+09 3.55334e+10 3.04254e+07 1.73946e+07 3.41163e+07 2.35634e+07 160 12
108000 1.1875e+08 6.11698e+09 3.56872e+10 3.45204e+07 1.87247e+07 3.51394e+07 2.11188e+07 154 12
109000 1.18233e+08 6.14935e+09 3.27732e+10 3.08638e+07 1.59042e+07 3.53458e+07 2.07477e+07 152 11
110000 1.10476e+08 6.23618e+09 3.39863e+10 3.13031e+07 1.81247e+07 3.17865e+07 2.00121e+07 149 11
111000 9.7524e+07 6.35959e+09 3.89733e+10 2.52314e+07 1.37717e+07 3.5465e+07 2.08621e+07 146 10
112000 9.05759e+07 6.50967e+09 4.10313e+10 2.54864e+07 1.45178e+07 2.80345e+07 1.22973e+07 136 12
113000 9.18312e+07 6.67021e+09 4.15417e+10 3.17715e+07 2.1507e+07 3.22931e+07 1.90371e+07 132 10
114000 9.66093e+07 6.78416e+09 4.22738e+10 3.11855e+07 1.77458e+07 3.18222e+07 2.29414e+07 131 10
115000 1.04268e+08 6.86555e+09 3.6171e+10 3.45311e+07 2.14132e+07 3.11771e+07 2.59614e+07 130 10
116000 1.12765e+08 6.90301e+09 4.19584e+10 3.65554e+07 1.94823e+07 2.55776e+07 2.07036e+07 134 12
117000 1.22479e+08 6.91311e+09 3.9635e+10 4.27082e+07 2.45989e+07 2.15887e+07 1.74905e+07 122 15
118000 1.1866e+08 6.94574e+09 4.55456e+10 4.02171e+07 2.43368e+07 7.1531e+07 4.30712e+07 125 13
119000 1.15987e+08 6.98949e+09 4.04399e+10 3.57523e+07 2.01695e+07 3.25188e+07 2.09248e+07 131 15
120000 1.23683e+08 7.00152e+09 3.74737e+10 3.97067e+07 2.24775e+07 4.37379e+07 3.02696e+07 132 13
121000 1.34978e+08 6.9501e+09 2.89906e+10 3.93651e+07 1.99209e+07 5.22017e+07 3.25922e+07 141 12
122000 1.33481e+08 6.91605e+09 2.61104e+10 3.82877e+07 1.99109e+07 3.44298e+07 1.79065e+07 140 19
123000 1.30396e+08 6.90087e+09 3.10014e+10 3.89062e+07 2.35403e+07 3.72762e+07 1.94847e+07 135 17
124000 1.23363e+08 6.90139e+09 3.67841e+10 3.47558e+07 2.02386e+07 3.56827e+07 2.68386e+07 138 16
125000 1.16306e+08 6.94321e+09 4.12948e+10 3.03454e+07 1.85418e+07 3.08226e+07 2.10871e+07 144 20
126000 1.30517e+08 6.91841e+09 3.89653e+10 3.95575e+07 2.28022e+07 4.36633e+07 1.93093e+07 141 25
127000 1.71607e+08 6.68173e+09 2.47731e+10 4.66642e+07 2.33777e+07 4.28398e+07 1.48132e+07 158 31
128000 1.72849e+08 6.4546e+09 4.00617e+10 4.16346e+07 2.11786e+07 2.39116e+07 7.3573e+06 160 38
129000 1.63302e+08 6.31945e+09 2.82581e+10 3.82636e+07 2.03933e+07 2.04003e+07 6.5021e+06 164 36
130000 1.53681e+08 6.22487e+09 1.6981e+10 3.76206e+07 2.33506e+07 2.08347e+07 9.54688e+06 166 37
131000 1.54179e+08 6.13439e+09 1.68755e+10 4.34791e+07 2.5278e+07 2.17139e+07 1.09782e+07 155 34
132000 1.5771e+08 5.99644e+09 1.49228e+10 3.6151e+07 1.59859e+07 2.00792e+07 1.25337e+07 173 33
133000 1.42246e+08 5.94304e+09 2.02757e+10 2.94701e+07 1.29328e+07 1.73956e+07 7.43887e+06 180 35
134000 1.29327e+08 5.95496e+09 2.39251e+10 3.04133e+07 1.60637e+07 1.96466e+07 1.10298e+07 160 30
135000 1.22165e+08 6.00551e+09 2.82299e+10 4.06008e+07 2.62086e+07 2.03847e+07 1.00833e+07 144 27
136000 1.23888e+08 6.01685e+09 1.90111e+10 3.71476e+07 2.10336e+07 2.14855e+07 1.13905e+07 159 25
137000 1.25062e+08 6.02341e+09 1.68766e+10 3.42635e+07 1.82274e+07 1.85124e+07 9.39929e+06 149 28
138000 1.11827e+08 6.09677e+09 1.57728e+10 2.85481e+07 1.6355e+07 2.20307e+07 1.46742e+07 149 27
139000 1.03535e+08 6.20687e+09 1.83734e+10 2.85164e+07 1.83403e+07 2.31518e+07 1.4318e+07 144 25
140000 9.89904e+07 6.31482e+09 2.08416e+10 2.39835e+07 1.42631e+07 2.94219e+07 2.05486e+07 152 22
141000 9.88954e+07 6.42502e+09 3.32269e+10 2.54065e+07 1.57895e+07 3.14408e+07 1.78583e+07 141 23
142000 1.03671e+08 6.50487e+09 3.64095e+10 2.77226e+07 1.553e+07 3.11302e+07 1.50392e+07 141 28
143000 1.16468e+08 6.52295e+09 2.97165e+10 3.18571e+07 1.61668e+07 3.85079e+07 2.56062e+07 138 38
144000 1.21548e+08 6.54255e+09 2.28958e+10 3.18507e+07 1.7586e+07 2.88247e+07 1.5257e+07 140 36
145000 1.20516e+08 6.55499e+09 2.85958e+10 3.23479e+07 1.70841e+07 3.03191e+07 1.5627e+07 138 32
146000 1.20508e+08 6.5761e+09 2.7993e+10 3.12428e+07 1.73772e+07 2.51853e+07 1.03289e+07 141 33
147000 1.19534e+08 6.60038e+09 2.67395e+10 3.55324e+07 2.25703e+07 2.10421e+07 8.02336e+06 143 35
148000 1.35165e+08 6.56883e+09 2.17615e+10 4.20238e+07 2.57776e+07 2.5663e+07 1.11714e+07 136 29
149000 1.39103e+08 6.49652e+09 2.45385e+10 3.74699e+07 2.07361e+07 2.78652e+07 1.52655e+07 147 26
150000 1.42346e+08 6.42925e+09 1.78593e+10 3.69516e+07 1.93026e+07 2.44212e+07 1.17806e+07 156 29
151000 1.40424e+08 6.36974e+09 2.09594e+10 3.64812e+07 2.04353e+07 3.12689e+07 1.92167e+07 153 24
152000 1.34149e+08 6.34815e+09 1.87181e+10 4.26989e+07 2.70583e+07 2.75389e+07 1.63235e+07 160 26
153000 1.42041e+08 6.27592e+09 1.45542e+10 3.75209e+07 2.15706e+07 2.60756e+07 1.56374e+07 161 26
154000 1.57505e+08 6.12811e+09 1.24508e+10 3.97174e+07 1.97208e+07 2.49524e+07 1.40389e+07 166 26
155000 1.5128e+08 6.01999e+09 1.81221e+10 3.29127e+07 1.56494e+07 2.37424e+07 1.59735e+07 173 30
156000 1.36905e+08 5.99363e+09 1.77333e+10 2.97889e+07 1.50217e+07 2.41135e+07 1.4503e+07 169 27
157000 1.2678e+08 6.00715e+09 1.8688e+10 2.76667e+07 1.49623e+07 3.06287e+07 1.51802e+07 169 27
158000 1.26709e+08 6.01219e+09 2.29459e+10 3.58619e+07 2.28325e+07 3.88228e+07 1.86274e+07 164 25
159000 1.23449e+08 6.03537e+09 2.14296e+10 2.75081e+07 1.4984e+07 3.08884e+07 1.32918e+07 161 25
160000 1.16494e+08 6.09144e+09 2.40101e+10 3.02583e+07 1.92701e+07 4.26857e+07 2.94731e+07 146 28
161000 1.16965e+08 6.1239e+09 2.04917e+10 2.90257e+07 1.51108e+07 1.97562e+07 9.65994e+06 165 31
162000 1.20942e+08 6.14834e+09 2.28758e+10 3.19317e+07 1.73873e+07 2.3381e+07 1.60848e+07 149 27
163000 1.17034e+08 6.18441e+09 2.85906e+10 3.05187e+07 1.58781e+07 2.12153e+07 1.23506e+07 144 26
164000 1.12139e+08 6.24869e+09 3.09702e+10 3.41814e+07 2.16216e+07 2.3188e+07 1.29423e+07 142 26
165000 1.06805e+08 6.33293e+09 4.49748e+10 2.87517e+07 1.66674e+07 2.54663e+07 1.50459e+07 133 25
166000 1.04202e+08 6.43281e+09 4.67776e+10 3.38703e+07 2.19644e+07 2.72179e+07 1.48411e+07 122 24
167000 1.03858e+08 6.52157e+09 4.61206e+10 3.19127e+07 1.97858e+07 3.11438e+07 2.05534e+07 124 22
168000 1.0418e+08 6.5974e+09 5.02881e+10 3.29451e+07 2.04987e+07 3.47239e+07 2.23142e+07 119 20
169000 1.06739e+08 6.68132e+09 4.99593e+10 3.41194e+07 2.22418e+07 3.10709e+07 1.89997e+07 121 19
170000 1.08339e+08 6.7429e+09 4.93999e+10 3.90141e+07 2.54828e+07 3.69344e+07 2.29501e+07 130 16
171000 1.17458e+08 6.76766e+09 5.07093e+10 3.90525e+07 2.07669e+07 8.22961e+07 4.71511e+07 126 19
172000 1.2664e+08 6.74129e+09 4.11506e+10 3.86867e+07 2.12049e+07 3.17753e+07 1.99533e+07 138 18
173000 1.20848e+08 6.75759e+09 3.63412e+10 3.30156e+07 1.86287e+07 3.222e+07 2.2646e+07 146 18
174000 1.23921e+08 6.77378e+09 1.89041e+10 3.25604e+07 1.74552e+07 2.54207e+07 1.70859e+07 154 24
175000 1.29164e+08 6.74863e+09 2.01041e+10 3.63374e+07 2.1216e+07 2.69091e+07 1.52857e+07 150 24
176000 1.3365e+08 6.71393e+09 2.38874e+10 3.19937e+07 1.64484e+07 3.93001e+07 2.12302e+07 154 23
177000 1.34386e+08 6.66906e+09 3.31911e+10 3.38332e+07 2.03263e+07 4.99243e+07 2.42227e+07 160 24
178000 1.37819e+08 6.60773e+09 3.06214e+10 2.97583e+07 1.4348e+07 4.15326e+07 1.61093e+07 168 27
179000 1.30126e+08 6.59877e+09 2.82362e+10 3.03357e+07 1.72339e+07 2.92405e+07 1.00602e+07 157 35
180000 1.20616e+08 6.63594e+09 3.4693e+10 2.95506e+07 1.65343e+07 2.96289e+07 1.24995e+07 152 30
181000 1.42749e+08 6.56427e+09 2.86607e+10 4.23279e+07 2.11398e+07 2.98324e+07 1.41829e+07 152 27
182000 1.43982e+08 6.47685e+09 2.68064e+10 3.5484e+07 1.9038e+07 2.62856e+07 1.46829e+07 157 30
183000 1.41329e+08 6.42085e+09 2.62879e+10 3.61888e+07 2.12998e+07 2.23557e+07 1.06715e+07 162 32
184000 1.36682e+08 6.3844e+09 2.52066e+10 3.2367e+07 1.7392e+07 2.33701e+07 1.03027e+07 163 31
185000 1.43085e+08 6.32021e+09 2.49448e+10 3.78852e+07 1.82829e+07 2.55146e+07 1.42813e+07 161 29
186000 1.42275e+08 6.24889e+09 1.74238e+10 4.11073e+07 2.36298e+07 2.23454e+07 1.18674e+07 164 31
187000 1.32254e+08 6.24862e+09 1.1429e+10 2.93859e+07 1.69307e+07 2.77233e+07 1.84585e+07 170 26
188000 1.36918e+08 6.2132e+09 2.01004e+10 3.81206e+07 2.13382e+07 2.6576e+07 1.7301e+07 152 29
189000 1.47842e+08 6.09935e+09 2.07652e+10 3.76536e+07 1.95176e+07 3.11565e+07 1.98033e+07 156 29
190000 1.45634e+08 6.0128e+09 2.48133e+10 3.22932e+07 1.5823e+07 2.62451e+07 1.2401e+07 166 35
191000 1.30532e+08 5.99844e+09 2.70802e+10 2.62918e+07 1.37266e+07 3.19956e+07 1.5413e+07 171 32
192000 1.23174e+08 6.02437e+09 3.11858e+10 2.59349e+07 1.35733e+07 3.12024e+07 1.44376e+07 170 31
193000 1.19774e+08 6.04602e+09 3.69204e+10 2.66339e+07 1.2615e+07 2.42899e+07 1.02405e+07 160 38
194000 1.14341e+08 6.11778e+09 3.44659e+10 2.69796e+07 1.46514e+07 3.09188e+07 1.9249e+07 144 32
195000 1.07714e+08 6.20082e+09 3.37685e+10 2.62846e+07 1.55572e+07 2.80809e+07 1.49102e+07 139 36
196000 1.06027e+08 6.28632e+09 3.95363e+10 2.84492e+07 1.72373e+07 3.05228e+07 1.62569e+07 137 34
197000 1.0767e+08 6.36424e+09 4.19355e+10 3.33389e+07 2.1397e+07 3.0545e+07 1.46216e+07 126 35
198000 1.10647e+08 6.42061e+09 3.2744e+10 3.12015e+07 1.96009e+07 2.92248e+07 1.47015e+07 124 36
199000 1.10242e+08 6.48997e+09 3.24445e+10 3.12543e+07 1.98578e+07 2.66102e+07 1.38026e+07 125 38
200000 1.11085e+08 6.54768e+09 3.11265e+10 3.70415e+07 2.51638e+07 3.50404e+07 1.61173e+07 121 38
201000 1.17361e+08 6.57167e+09 3.63556e+10 3.71309e+07 2.43325e+07 3.79308e+07 2.28417e+07 116 34
202000 1.35536e+08 6.50829e+09 2.92545e+10 5.19474e+07 2.90135e+07 3.8339e+07 1.94322e+07 129 38
203000 1.43383e+08 6.42039e+09 1.59743e+10 3.863e+07 2.25081e+07 2.76508e+07 1.47906e+07 132 42
204000 1.32705e+08 6.39191e+09 1.54837e+10 3.14489e+07 1.74483e+07 2.24485e+07 1.32411e+07 149 48
205000 1.27938e+08 6.38589e+09 2.23112e+10 2.94485e+07 1.52675e+07 2.73753e+07 1.59858e+07 150 44
206000 1.26467e+08 6.37501e+09 2.13861e+10 2.81766e+07 1.46833e+07 3.09335e+07 1.45701e+07 153 44
207000 1.23757e+08 6.37533e+09 2.4027e+10 2.72771e+07 1.43121e+07 2.85035e+07 9.90045e+06 146 51
208000 1.18909e+08 6.41001e+09 1.64203e+10 2.6651e+07 1.5628e+07 2.60721e+07 1.07958e+07 145 51
209000 1.16491e+08 6.46599e+09 1.68088e+10 2.9224e+07 1.94662e+07 2.71393e+07 1.47368e+07 131 47
210000 1.1165e+08 6.52692e+09 3.58383e+10 3.77463e+07 2.29508e+07 2.46524e+07 1.22965e+07 118 53
211000 1.13254e+08 6.57151e+09 3.53704e+10 4.24928e+07 2.98918e+07 2.84169e+07 1.41516e+07 126 51
212000 1.19315e+08 6.60386e+09 3.33319e+10 3.7527e+07 2.65621e+07 3.12082e+07 1.72496e+07 110 46
213000 1.28764e+08 6.58792e+09 1.74127e+10 3.9432e+07 2.58787e+07 2.94192e+07 1.6752e+07 123 49
214000 1.34663e+08 6.5454e+09 2.40193e+10 4.14876e+07 2.69804e+07 3.13697e+07 1.75077e+07 119 48
215000 1.47354e+08 6.43319e+09 3.40161e+10 4.66217e+07 2.77798e+07 2.84558e+07 1.36693e+07 119 54
216000 1.51967e+08 6.30536e+09 3.7327e+10 4.58624e+07 2.3546e+07 3.04196e+07 1.46208e+07 117 53
217000 1.53905e+08 6.19401e+09 1.65289e+10 3.6843e+07 2.10051e+07 3.32326e+07 1.889e+07 132 52
218000 1.36549e+08 6.1485e+09 3.9025e+10 3.53514e+07 2.0901e+07 3.35123e+07 1.34236e+07 119 52
219000 1.26379e+08 6.15303e+09 3.7837e+10 3.52878e+07 2.02218e+07 2.5497e+07 1.0146e+07 120 59
220000 1.17402e+08 6.2008e+09 2.62405e+10 3.06294e+07 1.86942e+07 1.84221e+07 6.55579e+06 123 63
221000 1.05718e+08 6.2872e+09 3.26212e+10 2.7853e+07 1.73056e+07 2.36197e+07 9.98127e+06 124 58
222000 1.01845e+08 6.39346e+09 3.56592e+10 2.76499e+07 1.69882e+07 2.36702e+07 1.29136e+07 113 58
223000 9.87442e+07 6.50542e+09 5.01368e+10 2.96242e+07 1.85615e+07 2.63094e+07 1.47637e+07 104 50
224000 9.87157e+07 6.60684e+09 5.28101e+10 3.03193e+07 1.88349e+07 2.40252e+07 1.14073e+07 99 59
225000 9.99386e+07 6.70801e+09 4.43578e+10 3.0989e+07 1.85792e+07 2.54262e+07 1.31787e+07 98 61
226000 1.03412e+08 6.79706e+09 3.12179e+10 3.21808e+07 2.11985e+07 2.5772e+07 1.21595e+07 97 61
227000 1.03343e+08 6.87584e+09 3.41691e+10 3.2608e+07 2.02153e+07 2.30454e+07 9.43718e+06 93 67
228000 1.03536e+08 6.93861e+09 6.00462e+10 3.27899e+07 1.96847e+07 2.69767e+07 1.37939e+07 94 59
229000 1.07299e+08 6.98758e+09 6.39263e+10 3.74706e+07 2.36418e+07 2.2778e+07 1.04721e+07 94 64
230000 1.12397e+08 7.03291e+09 6.80265e+10 4.09873e+07 2.48348e+07 2.37257e+07 1.20034e+07 96 62
231000 1.36504e+08 6.973e+09 5.79873e+10 5.04292e+07 2.62195e+07 2.61485e+07 1.40153e+07 104 56
232000 1.44207e+08 6.88849e+09 4.87376e+10 4.975e+07 2.88034e+07 2.74078e+07 1.41267e+07 111 57
233000 1.62108e+08 6.73956e+09 2.98921e+10 5.78097e+07 3.58575e+07 2.66112e+07 1.05527e+07 117 57
234000 1.81622e+08 6.48006e+09 3.01659e+10 5.20902e+07 2.40501e+07 2.64979e+07 1.2918e+07 135 52
235000 1.72251e+08 6.27883e+09 2.47358e+10 4.08276e+07 1.92681e+07 2.35918e+07 1.34604e+07 140 60
236000 1.55838e+08 6.19523e+09 1.72939e+10 3.44523e+07 1.73839e+07 2.97625e+07 1.72662e+07 151 52
237000 1.45372e+08 6.1066e+09 2.51686e+10 3.28391e+07 1.79047e+07 2.73729e+07 1.4068e+07 147 60
238000 1.48981e+08 6.01035e+09 2.88584e+10 4.12677e+07 2.43699e+07 5.90389e+07 2.70234e+07 145 61
239000 1.43816e+08 5.95491e+09 2.67193e+10 3.37015e+07 1.73286e+07 2.97701e+07 1.50729e+07 136 55
240000 1.32316e+08 5.95352e+09 2.00987e+10 3.39474e+07 1.81808e+07 3.90297e+07 2.49531e+07 139 49
241000 1.23513e+08 5.97866e+09 9.84972e+09 2.47997e+07 1.42517e+07 2.97562e+07 1.81553e+07 154 51
242000 1.17715e+08 6.01891e+09 1.91057e+10 3.00875e+07 1.6919e+07 2.87412e+07 1.53074e+07 140 45
243000 1.19784e+08 6.03366e+09 1.87e+10 2.8025e+07 1.2593e+07 2.79489e+07 1.7014e+07 149 49
244000 1.23535e+08 6.04074e+09 1.51346e+10 2.84136e+07 1.36099e+07 2.93037e+07 1.79411e+07 143 45
245000 1.16427e+08 6.09443e+09 1.66296e+10 2.89698e+07 1.52648e+07 4.12298e+07 2.49628e+07 132 47
246000 1.06473e+08 6.1888e+09 2.8842e+10 2.75442e+07 1.65256e+07 2.61857e+07 1.76512e+07 122 45
247000 1.03894e+08 6.28068e+09 2.39069e+10 2.58855e+07 1.5813e+07 3.00775e+07 1.86901e+07 122 47
248000 1.06347e+08 6.35733e+09 2.73117e+10 2.79851e+07 1.73959e+07 3.10831e+07 1.58613e+07 121 47
249000 1.08585e+08 6.40631e+09 3.64233e+10 2.99604e+07 1.82192e+07 3.19857e+07 1.4586e+07 114 48
250000 1.17865e+08 6.43664e+09 3.27759e+10 4.84516e+07 3.70647e+07 2.81966e+07 1.2553e+07 98 51
251000 1.23185e+08 6.44128e+09 2.98896e+10 4.06025e+07 2.44796e+07 2.52936e+07 1.10212e+07 104 54
252000 1.16795e+08 6.49092e+09 3.91597e+10 4.06585e+07 2.64615e+07 2.99172e+07 1.66434e+07 93 43
253000 1.09199e+08 6.56514e+09 3.61383e+10 3.75601e+07 2.31336e+07 2.33953e+07 1.14697e+07 97 50
254000 1.04005e+08 6.66085e+09 3.09451e+10 3.38424e+07 2.08059e+07 2.47921e+07 1.23309e+07 100 46
255000 1.02809e+08 6.74736e+09 3.16639e+10 3.39489e+07 2.23877e+07 3.65682e+07 2.47067e+07 102 42
256000 1.08177e+08 6.79748e+09 2.9238e+10 3.48296e+07 2.23393e+07 2.88892e+07 1.44966e+07 107 45
257000 1.1891e+08 6.80852e+09 3.00011e+10 3.64211e+07 2.13255e+07 3.4249e+07 1.58829e+07 110 45
258000 1.21537e+08 6.8041e+09 3.41192e+10 3.50566e+07 2.16566e+07 2.82033e+07 1.13903e+07 112 55
259000 1.25743e+08 6.81758e+09 2.62214e+10 4.38501e+07 2.73193e+07 2.81172e+07 1.36581e+07 108 51
260000 1.32687e+08 6.78526e+09 2.4643e+10 4.3886e+07 2.58288e+07 5.60984e+07 3.10971e+07 109 49
261000 1.27919e+08 6.75877e+09 2.70001e+10 3.27148e+07 1.60438e+07 3.23449e+07 1.84967e+07 122 51
262000 1.23567e+08 6.7697e+09 2.67392e+10 3.60881e+07 2.37517e+07 4.76159e+07 2.52546e+07 110 47
263000 1.24183e+08 6.76603e+09 2.81472e+10 3.5384e+07 2.03797e+07 3.26832e+07 1.68672e+07 114 50
264000 1.24595e+08 6.75448e+09 1.92366e+10 3.47124e+07 2.0101e+07 2.98427e+07 1.45627e+07 118 57
265000 1.33757e+08 6.6981e+09 1.27466e+10 3.40993e+07 1.64854e+07 2.68828e+07 1.27297e+07 130 64
266000 1.30079e+08 6.6798e+09 1.68776e+10 3.05422e+07 1.62288e+07 2.46698e+07 1.17037e+07 130 66
267000 1.25233e+08 6.67584e+09 2.09323e+10 4.24027e+07 2.13459e+07 2.36186e+07 1.18158e+07 128 63
268000 1.30659e+08 6.65341e+09 1.89022e+10 3.985e+07 2.4541e+07 2.77244e+07 1.74395e+07 123 56
269000 1.38213e+08 6.5903e+09 1.37225e+10 3.57184e+07 1.82647e+07 2.73397e+07 1.45044e+07 133 65
270000 1.48183e+08 6.48225e+09 1.09156e+10 3.51004e+07 1.7973e+07 3.45015e+07 1.81618e+07 138 62
271000 1.52095e+08 6.34784e+09 2.27816e+10 3.33814e+07 1.59794e+07 3.27245e+07 1.42051e+07 138 72
272000 1.58103e+08 6.20442e+09 1.90073e+10 3.67246e+07 1.66644e+07 3.20328e+07 1.39627e+07 138 69
273000 1.63255e+08 6.03154e+09 2.94009e+10 3.8488e+07 1.77495e+07 2.63936e+07 1.03803e+07 134 70
274000 1.40993e+08 5.9831e+09 3.01583e+10 2.68474e+07 1.31413e+07 2.7857e+07 1.37604e+07 148 71
275000 1.24322e+08 6.01924e+09 2.44611e+10 2.49313e+07 1.34418e+07 2.36037e+07 9.58764e+06 142 72
276000 1.17797e+08 6.0615e+09 1.91031e+10 2.64238e+07 1.58083e+07 2.28158e+07 1.11851e+07 141 68
277000 1.18436e+08 6.08639e+09 1.31478e+10 2.95114e+07 1.69428e+07 2.03568e+07 1.02439e+07 132 72
278000 1.18526e+08 6.11354e+09 1.50195e+10 2.65301e+07 1.27051e+07 2.21252e+07 1.13043e+07 138 67
279000 1.19965e+08 6.15633e+09 1.58424e+10 2.8424e+07 1.51535e+07 2.83104e+07 1.7596e+07 132 58
280000 1.18345e+08 6.16986e+09 1.45986e+10 2.51187e+07 1.28474e+07 2.53501e+07 1.24635e+07 143 69
281000 1.18458e+08 6.18973e+09 1.46136e+10 2.50967e+07 1.26842e+07 3.49485e+07 2.09684e+07 137 71
282000 1.17506e+08 6.2177e+09 1.61175e+10 2.89535e+07 1.46336e+07 2.27753e+07 1.01304e+07 132 79
283000 1.16847e+08 6.25275e+09 2.89897e+10 2.85694e+07 1.6409e+07 2.24698e+07 1.08632e+07 118 71
284000 1.16967e+08 6.28933e+09 3.52562e+10 3.59152e+07 2.36031e+07 3.63062e+07 2.56891e+07 115 65
285000 1.2275e+08 6.30606e+09 2.60724e+10 3.39926e+07 2.0144e+07 2.70417e+07 1.61711e+07 117 55
286000 1.21787e+08 6.31302e+09 2.78927e+10 3.14961e+07 1.68686e+07 2.46091e+07 1.37048e+07 124 61
287000 1.21149e+08 6.34235e+09 3.1787e+10 4.41998e+07 2.6201e+07 2.56939e+07 1.41169e+07 119 57
288000 1.1826e+08 6.36679e+09 2.81232e+10 3.57695e+07 1.92266e+07 2.654e+07 1.44427e+07 113 61
289000 1.17085e+08 6.40959e+09 2.68547e+10 3.29995e+07 1.9795e+07 2.65301e+07 1.2608e+07 112 54
290000 1.13052e+08 6.45839e+09 2.93021e+10 3.20953e+07 1.9957e+07 2.50888e+07 1.35556e+07 109 57
291000 1.09641e+08 6.52217e+09 3.21202e+10 3.35666e+07 2.12818e+07 2.3546e+07 1.31395e+07 108 54
292000 1.07757e+08 6.58201e+09 4.83025e+10 3.35457e+07 2.09456e+07 2.16224e+07 1.09686e+07 102 57
293000 1.10696e+08 6.64068e+09 5.44297e+10 3.84168e+07 2.65368e+07 5.11096e+07 3.61553e+07 103 45
294000 1.16544e+08 6.67261e+09 4.62574e+10 3.86226e+07 2.47952e+07 2.32087e+07 1.09731e+07 106 48
295000 1.20763e+08 6.69589e+09 3.87549e+10 3.67479e+07 2.34083e+07 2.73542e+07 1.57021e+07 115 45
296000 1.29091e+08 6.67879e+09 3.11677e+10 4.12726e+07 2.34595e+07 2.44014e+07 1.16794e+07 119 51
297000 1.32744e+08 6.62706e+09 3.1118e+10 3.87135e+07 2.06371e+07 2.97088e+07 1.41625e+07 122 48
298000 1.27276e+08 6.61043e+09 2.46363e+10 3.52214e+07 1.99267e+07 2.26885e+07 1.07306e+07 129 54
299000 1.25045e+08 6.62382e+09 2.10723e+10 3.4047e+07 2.10829e+07 2.29438e+07 1.10679e+07 124 56
300000 1.22437e+08 6.63173e+09 3.37229e+10 3.53209e+07 1.97174e+07 3.29897e+07 2.2983e+07 124 60
301000 1.37136e+08 6.56944e+09 2.45754e+10 3.82874e+07 2.04823e+07 2.05425e+07 1.01792e+07 135 60
302000 1.41379e+08 6.49942e+09 2.40468e+10 3.78975e+07 2.06715e+07 2.31679e+07 1.26183e+07 133 53
303000 1.44084e+08 6.43005e+09 2.41823e+10 4.56354e+07 2.75387e+07 2.47038e+07 1.49577e+07 134 55
304000 1.53527e+08 6.2881e+09 2.04221e+10 3.63966e+07 1.75152e+07 2.59062e+07 1.45331e+07 144 53
305000 1.34675e+08 6.26048e+09 3.20676e+10 4.30139e+07 2.27935e+07 2.65788e+07 1.60092e+07 139 54
306000 1.29408e+08 6.25826e+09 3.3574e+10 3.14884e+07 1.89346e+07 2.64817e+07 1.43882e+07 135 56
307000 1.30857e+08 6.24626e+09 2.19851e+10 3.22063e+07 1.88866e+07 3.23166e+07 1.70014e+07 134 51
308000 1.3726e+08 6.18489e+09 1.54015e+10 3.25767e+07 1.76551e+07 3.26816e+07 1.72786e+07 134 57
309000 1.34549e+08 6.14973e+09 2.79852e+10 3.17314e+07 1.86076e+07 3.43779e+07 1.63922e+07 126 54
310000 1.30492e+08 6.14099e+09 1.92545e+10 4.81243e+07 2.45559e+07 3.00136e+07 1.53971e+07 128 61
311000 1.21201e+08 6.16869e+09 2.12848e+10 3.57307e+07 2.25572e+07 2.67354e+07 1.37462e+07 111 60
312000 1.12713e+08 6.22677e+09 1.47214e+10 2.99854e+07 2.08841e+07 2.28367e+07 1.17198e+07 114 64
313000 1.02848e+08 6.30973e+09 1.97063e+10 2.62569e+07 1.6066e+07 2.03183e+07 9.95838e+06 117 67
314000 1.01336e+08 6.40572e+09 1.81593e+10 3.04967e+07 2.19053e+07 1.95209e+07 9.13892e+06 111 65
315000 1.25899e+08 6.38137e+09 1.80164e+10 4.20834e+07 1.99602e+07 1.98098e+07 9.24669e+06 129 67
316000 1.22548e+08 6.39424e+09 1.25179e+10 3.08526e+07 1.83997e+07 2.2707e+07 1.16372e+07 125 58
317000 1.15718e+08 6.44565e+09 2.1263e+10 3.02865e+07 1.96442e+07 2.67501e+07 1.64771e+07 121 54
318000 1.22543e+08 6.45261e+09 2.18756e+10 3.26932e+07 1.856e+07 2.39403e+07 1.45267e+07 134 55
319000 1.27155e+08 6.43697e+09 3.6317e+10 3.41657e+07 2.01837e+07 3.18295e+07 1.85992e+07 128 46
320000 1.23485e+08 6.4357e+09 4.37094e+10 3.29204e+07 1.97499e+07 5.70828e+07 4.02207e+07 115 54
321000 1.26164e+08 6.42767e+09 3.78888e+10 3.04364e+07 1.79224e+07 3.98468e+07 1.75807e+07 116 56
322000 1.32304e+08 6.39299e+09 2.59182e+10 3.51962e+07 2.36996e+07 3.2586e+07 1.36107e+07 110 67
323000 1.30215e+08 6.35653e+09 4.49988e+10 4.8227e+07 3.23169e+07 2.72736e+07 1.07684e+07 103 72
324000 1.30614e+08 6.33224e+09 4.59928e+10 3.57776e+07 2.06337e+07 3.10721e+07 1.69828e+07 110 68
325000 1.23937e+08 6.33744e+09 3.81525e+10 3.33438e+07 1.93339e+07 2.36708e+07 1.13882e+07 109 72
326000 1.23451e+08 6.35655e+09 3.21689e+10 3.43397e+07 1.95712e+07 2.58618e+07 1.54284e+07 111 69
327000 1.20585e+08 6.37331e+09 2.97853e+10 3.32615e+07 1.88011e+07 2.78995e+07 1.63153e+07 109 70
328000 1.17431e+08 6.40392e+09 2.85631e+10 4.34354e+07 2.5696e+07 2.99563e+07 1.71688e+07 118 64
329000 1.18647e+08 6.42834e+09 2.73097e+10 2.88011e+07 1.63113e+07 3.28119e+07 1.74802e+07 108 66
330000 1.16317e+08 6.46809e+09 3.19459e+10 3.12663e+07 2.0439e+07 3.08628e+07 1.56757e+07 102 67
331000 1.13643e+08 6.51381e+09 2.37151e+10 3.41475e+07 2.14596e+07 2.48595e+07 1.04179e+07 96 72
332000 1.10002e+08 6.56958e+09 3.35471e+10 3.46781e+07 2.23632e+07 3.80394e+07 2.61435e+07 95 65
333000 1.10387e+08 6.62888e+09 3.15189e+10 3.47765e+07 2.04417e+07 2.51714e+07 1.3363e+07 98 67
334000 1.1892e+08 6.6455e+09 1.89998e+10 3.89754e+07 2.25443e+07 1.96939e+07 1.02802e+07 103 76
335000 1.24815e+08 6.62704e+09 2.26151e+10 3.88728e+07 1.95938e+07 1.99825e+07 9.9405e+06 114 69
336000 1.28513e+08 6.60205e+09 2.59405e+10 4.38849e+07 1.89496e+07 2.31061e+07 1.30143e+07 125 61
337000 1.23002e+08 6.61149e+09 3.01344e+10 3.10105e+07 1.46357e+07 2.23902e+07 1.22483e+07 126 68
338000 1.20297e+08 6.63298e+09 3.18854e+10 3.29892e+07 1.83112e+07 2.52228e+07 1.55303e+07 121 60
339000 1.27411e+08 6.62621e+09 2.44015e+10 3.81042e+07 2.42308e+07 2.83955e+07 1.58625e+07 119 56
340000 1.48447e+08 6.50019e+09 2.11595e+10 3.97431e+07 1.75301e+07 2.84568e+07 1.50757e+07 140 56
341000 1.41738e+08 6.41544e+09 2.14689e+10 3.1313e+07 1.43839e+07 4.89328e+07 2.53192e+07 137 59
342000 1.28379e+08 6.42836e+09 2.23395e+10 2.9658e+07 1.62171e+07 2.46763e+07 1.17178e+07 131 65
343000 1.23535e+08 6.44944e+09 1.46039e+10 2.84006e+07 1.64464e+07 2.68302e+07 1.43492e+07 133 63
344000 1.21896e+08 6.47529e+09 1.82154e+10 3.15076e+07 1.86393e+07 2.47876e+07 1.32809e+07 120 66
345000 1.20932e+08 6.48263e+09 2.53953e+10 3.19903e+07 1.96113e+07 2.55858e+07 1.38987e+07 115 68
346000 1.29549e+08 6.46542e+09 2.68135e+10 3.62611e+07 1.96734e+07 3.17932e+07 1.65082e+07 115 66
347000 1.31306e+08 6.42513e+09 3.41469e+10 3.61404e+07 1.80273e+07 2.54995e+07 1.23331e+07 113 72
348000 1.36843e+08 6.3685e+09 2.93603e+10 3.49995e+07 1.82749e+07 3.39958e+07 1.66109e+07 119 68
349000 1.37667e+08 6.30837e+09 2.9593e+10 3.07532e+07 1.67079e+07 3.37147e+07 1.37589e+07 120 67
350000 1.2559e+08 6.30785e+09 2.58907e+10 2.90572e+07 1.6073e+07 2.74921e+07 1.45672e+07 119 69
351000 1.20014e+08 6.35595e+09 1.45705e+10 3.82347e+07 2.66814e+07 2.29479e+07 1.0611e+07 111 82
352000 1.18953e+08 6.38409e+09 1.90803e+10 3.83297e+07 2.91054e+07 2.28814e+07 9.34816e+06 90 86
353000 1.29807e+08 6.35483e+09 2.64626e+10 5.08326e+07 3.40103e+07 2.77722e+07 1.38135e+07 82 82
354000 1.25256e+08 6.33881e+09 3.97874e+10 4.18205e+07 2.32643e+07 2.10029e+07 9.42722e+06 93 85
355000 1.21786e+08 6.36184e+09 2.9162e+10 3.8619e+07 2.49308e+07 2.24488e+07 1.17921e+07 103 77
356000 1.21455e+08 6.3762e+09 2.55942e+10 3.74934e+07 2.42042e+07 2.34363e+07 1.29084e+07 102 74
357000 1.2387e+08 6.3793e+09 2.0016e+10 3.91501e+07 2.26615e+07 2.22093e+07 1.11989e+07 108 78
358000 1.23018e+08 6.38364e+09 2.93887e+10 4.07874e+07 2.37923e+07 2.85169e+07 1.56429e+07 96 76
359000 1.2576e+08 6.37527e+09 2.35469e+10 3.46179e+07 1.83023e+07 2.2732e+07 1.18955e+07 112 79
360000 1.24497e+08 6.36783e+09 2.19687e+10 3.82481e+07 2.06121e+07 2.28046e+07 1.26246e+07 111 81
361000 1.19675e+08 6.39653e+09 2.99232e+10 4.48472e+07 1.83749e+07 2.80295e+07 1.77286e+07 106 70
362000 1.13174e+08 6.45413e+09 3.16688e+10 2.93552e+07 1.60418e+07 2.84142e+07 1.62236e+07 103 68
363000 1.27675e+08 6.43626e+09 2.21622e+10 4.26608e+07 1.89836e+07 2.78724e+07 1.64314e+07 110 72
364000 1.32476e+08 6.36829e+09 2.5065e+10 3.19036e+07 1.47859e+07 2.71735e+07 1.57458e+07 114 73
365000 1.21115e+08 6.3961e+09 2.39311e+10 3.47859e+07 2.04475e+07 2.56572e+07 1.31644e+07 110 79
366000 1.13412e+08 6.43801e+09 2.33554e+10 2.72635e+07 1.52953e+07 2.58842e+07 1.2713e+07 106 83
367000 1.09834e+08 6.49576e+09 2.3709e+10 2.70122e+07 1.52576e+07 2.47698e+07 1.21121e+07 101 87
368000 1.07548e+08 6.56641e+09 3.17802e+10 3.44373e+07 2.01946e+07 2.69269e+07 1.49148e+07 103 72
369000 1.08144e+08 6.64391e+09 3.67528e+10 3.19422e+07 2.19528e+07 2.51953e+07 1.39607e+07 92 74
370000 1.0818e+08 6.69718e+09 3.36125e+10 4.27508e+07 2.99e+07 2.61487e+07 1.47077e+07 102 73
371000 1.16477e+08 6.73505e+09 2.85723e+10 3.78634e+07 2.35731e+07 2.87947e+07 1.77223e+07 95 75
372000 1.30198e+08 6.69748e+09 3.10966e+10 4.5018e+07 2.141e+07 2.29922e+07 1.23694e+07 104 75
373000 1.39834e+08 6.59909e+09 3.42691e+10 3.9727e+07 1.67777e+07 2.26529e+07 1.10456e+07 108 79
374000 1.23267e+08 6.6222e+09 3.04512e+10 2.88165e+07 1.33428e+07 2.46793e+07 1.35546e+07 117 71
375000 1.11946e+08 6.69171e+09 2.37254e+10 2.89779e+07 1.76676e+07 2.59878e+07 1.35822e+07 113 68
376000 1.17717e+08 6.72385e+09 1.68156e+10 3.12587e+07 1.74636e+07 4.62307e+07 3.52381e+07 116 79
377000 1.27711e+08 6.6887e+09 1.41028e+10 3.29306e+07 1.78284e+07 2.7855e+07 1.54455e+07 118 76
378000 1.41344e+08 6.60716e+09 1.36951e+10 3.67995e+07 1.87814e+07 3.17877e+07 1.84976e+07 118 75
379000 1.46977e+08 6.49138e+09 1.79922e+10 3.57838e+07 1.83988e+07 2.79589e+07 1.28307e+07 114 86
380000 1.39595e+08 6.4259e+09 2.13756e+10 2.89255e+07 1.52379e+07 3.30527e+07 1.7671e+07 128 72
381000 1.28675e+08 6.40954e+09 2.80654e+10 2.66377e+07 1.52794e+07 2.62615e+07 1.14046e+07 123 87
382000 1.26475e+08 6.4106e+09 2.45346e+10 3.75553e+07 2.63092e+07 2.4085e+07 1.08533e+07 110 91
383000 1.29396e+08 6.38919e+09 2.10878e+10 3.74318e+07 2.23185e+07 2.27666e+07 1.048e+07 116 91
384000 1.39965e+08 6.32228e+09 1.70665e+10 3.72633e+07 1.9462e+07 2.50915e+07 1.31963e+07 119 86
385000 1.44764e+08 6.22372e+09 1.57688e+10 3.57875e+07 1.62915e+07 3.5171e+07 1.40165e+07 116 95
386000 1.44309e+08 6.14529e+09 2.22606e+10 3.35112e+07 1.57614e+07 2.84008e+07 1.58644e+07 120 95
387000 1.36348e+08 6.09813e+09 3.20581e+10 3.23036e+07 1.72286e+07 2.82895e+07 1.50684e+07 107 88
388000 1.29279e+08 6.09558e+09 1.74157e+10 3.01713e+07 1.84367e+07 2.74546e+07 1.36692e+07 100 93
389000 1.1767e+08 6.12912e+09 1.71748e+10 2.53935e+07 1.48465e+07 2.34441e+07 1.09876e+07 104 104
390000 1.0919e+08 6.1871e+09 2.07339e+10 2.42214e+07 1.37562e+07 2.25763e+07 9.90854e+06 100 102
391000 1.09797e+08 6.25977e+09 1.6085e+10 2.70531e+07 1.78564e+07 2.65115e+07 1.26001e+07 98 91
392000 1.07568e+08 6.31891e+09 2.26843e+10 2.91119e+07 1.91146e+07 2.47585e+07 1.28113e+07 91 90
393000 1.08905e+08 6.38043e+09 2.15631e+10 2.71427e+07 1.69165e+07 2.62274e+07 1.30592e+07 99 92
394000 1.07926e+08 6.44431e+09 2.55734e+10 2.86742e+07 1.79998e+07 2.33076e+07 1.14293e+07 96 97
395000 1.16258e+08 6.48086e+09 2.01559e+10 3.56851e+07 2.27817e+07 2.90765e+07 1.76506e+07 81 91
396000 1.21257e+08 6.47368e+09 2.22185e+10 3.30509e+07 1.97439e+07 2.91643e+07 1.61727e+07 91 86
397000 1.20601e+08 6.47805e+09 2.61999e+10 3.28525e+07 1.98412e+07 3.68364e+07 2.02042e+07 98 82
398000 1.18297e+08 6.50496e+09 2.6383e+10 3.56185e+07 2.41612e+07 2.83722e+07 1.51484e+07 94 91
399000 1.16328e+08 6.53065e+09 2.13795e+10 3.55281e+07 2.31977e+07 3.16209e+07 1.98539e+07 89 92
400000 1.18342e+08 6.54797e+09 1.3969e+10 3.21939e+07 1.99705e+07 2.76129e+07 1.64118e+07 96 98
401000 1.19576e+08 6.55205e+09 1.72862e+10 3.16213e+07 1.95989e+07 2.59568e+07 1.26357e+07 92 101
402000 1.27397e+08 6.53266e+09 2.5709e+10 3.52678e+07 1.95659e+07 3.03147e+07 1.32648e+07 92 92
403000 1.31806e+08 6.48167e+09 1.55714e+10 3.27476e+07 1.88643e+07 2.79948e+07 1.21974e+07 96 101
404000 1.20737e+08 6.49817e+09 2.10704e+10 3.05636e+07 1.73872e+07 2.50171e+07 1.29009e+07 92 99
405000 1.14676e+08 6.55123e+09 2.72174e+10 5.54031e+07 4.14253e+07 2.39378e+07 1.27419e+07 88 97
406000 1.14098e+08 6.61051e+09 2.3983e+10 4.29275e+07 2.98358e+07 2.37149e+07 1.26727e+07 82 99
407000 1.18373e+08 6.62521e+09 1.87991e+10 3.57856e+07 1.92272e+07 2.97553e+07 1.80875e+07 88 91
408000 1.361e+08 6.54961e+09 2.65178e+10 3.29532e+07 1.86825e+07 3.91317e+07 1.66606e+07 89 96
409000 1.3506e+08 6.47099e+09 1.58966e+10 2.64184e+07 1.388e+07 2.94077e+07 1.32066e+07 101 110
410000 1.23154e+08 6.47532e+09 1.20628e+10 2.62754e+07 1.6194e+07 2.65192e+07 1.29959e+07 98 115
411000 1.20135e+08 6.48301e+09 1.23984e+10 2.54789e+07 1.38008e+07 2.64182e+07 1.26744e+07 105 107
412000 1.2378e+08 6.48835e+09 1.36181e+10 3.02152e+07 1.68301e+07 3.52846e+07 2.30224e+07 90 118
413000 1.21762e+08 6.49604e+09 1.43793e+10 2.98119e+07 1.67687e+07 2.33345e+07 1.14719e+07 88 115
414000 1.17944e+08 6.52115e+09 1.53065e+10 2.87406e+07 1.60976e+07 2.50137e+07 1.35291e+07 88 106
415000 1.17871e+08 6.54485e+09 1.20797e+10 2.44267e+07 1.30025e+07 3.07589e+07 1.59066e+07 102 108
416000 1.21377e+08 6.55513e+09 1.78047e+10 2.65267e+07 1.55465e+07 3.46577e+07 1.82708e+07 94 94
417000 1.20275e+08 6.55418e+09 2.4782e+10 3.71527e+07 2.57454e+07 2.88442e+07 1.33525e+07 94 106
418000 1.19305e+08 6.56556e+09 2.46476e+10 3.01675e+07 1.82408e+07 2.98328e+07 1.61463e+07 93 98
419000 1.25707e+08 6.55316e+09 1.19221e+10 2.96918e+07 1.72739e+07 2.80739e+07 1.37545e+07 89 115
420000 1.28258e+08 6.52266e+09 1.68403e+10 3.17828e+07 1.59244e+07 2.88737e+07 1.57512e+07 90 106
421000 1.34933e+08 6.45049e+09 1.90642e+10 3.78575e+07 1.62453e+07 2.50333e+07 1.2973e+07 92 114
422000 1.35956e+08 6.39899e+09 1.59671e+10 3.10683e+07 1.49897e+07 2.70963e+07 1.43701e+07 103 108
423000 1.49426e+08 6.28333e+09 1.08179e+10 3.81035e+07 1.41674e+07 3.8284e+07 2.20583e+07 107 106
424000 1.40633e+08 6.19623e+09 1.28259e+10 3.04431e+07 1.61826e+07 2.60548e+07 1.19261e+07 110 121
425000 1.27997e+08 6.186e+09 2.57417e+10 2.51617e+07 1.37044e+07 3.18386e+07 1.84007e+07 98 113
426000 1.19832e+08 6.19963e+09 3.04422e+10 2.77976e+07 1.54943e+07 2.40266e+07 1.08351e+07 97 117
427000 1.18905e+08 6.2285e+09 2.73273e+10 2.53404e+07 1.37478e+07 3.13169e+07 1.43934e+07 95 118
428000 1.21304e+08 6.24475e+09 2.49727e+10 2.68592e+07 1.3534e+07 2.61647e+07 1.30587e+07 95 113
429000 1.22253e+08 6.25903e+09 2.39606e+10 3.07442e+07 1.82701e+07 2.55252e+07 1.31504e+07 87 107
430000 1.19814e+08 6.28347e+09 2.48655e+10 3.04075e+07 1.74852e+07 2.843e+07 1.60176e+07 83 102
431000 1.17847e+08 6.30442e+09 2.78105e+10 3.17421e+07 1.95088e+07 2.77327e+07 1.34875e+07 78 107
432000 1.23719e+08 6.32096e+09 1.97348e+10 3.41331e+07 2.42914e+07 3.19739e+07 1.88056e+07 69 104
433000 1.22673e+08 6.3185e+09 2.18433e+10 2.97412e+07 1.77903e+07 3.30977e+07 2.05551e+07 74 98
434000 1.22602e+08 6.30099e+09 1.64893e+10 3.21323e+07 1.72186e+07 2.96971e+07 1.62313e+07 75 108
435000 1.20848e+08 6.30566e+09 2.19444e+10 3.93805e+07 2.61821e+07 2.74766e+07 1.45444e+07 76 110
436000 1.16848e+08 6.33162e+09 1.47788e+10 2.97285e+07 1.76431e+07 2.67461e+07 1.42986e+07 73 113
437000 1.13159e+08 6.37583e+09 2.63857e+10 2.91458e+07 1.68107e+07 2.7632e+07 1.57462e+07 74 103
438000 1.1643e+08 6.40088e+09 2.63877e+10 3.24251e+07 1.89592e+07 3.08587e+07 2.02394e+07 77 97
439000 1.24775e+08 6.37879e+09 2.51222e+10 3.62362e+07 1.83806e+07 3.04249e+07 1.81338e+07 79 102
440000 1.33843e+08 6.30478e+09 2.68809e+10 3.87792e+07 1.84497e+07 3.07972e+07 1.77163e+07 76 106
441000 1.28672e+08 6.26502e+09 2.62865e+10 2.85701e+07 1.24853e+07 2.72106e+07 1.41867e+07 82 124
442000 1.2143e+08 6.27414e+09 2.66007e+10 2.44951e+07 1.19132e+07 2.79432e+07 1.36952e+07 87 115
443000 1.18079e+08 6.30919e+09 2.45557e+10 3.21885e+07 1.90528e+07 2.73126e+07 1.36208e+07 73 121
444000 1.14922e+08 6.34096e+09 2.52869e+10 2.88585e+07 1.64444e+07 2.58113e+07 1.31539e+07 73 118
445000 1.18192e+08 6.36703e+09 2.00708e+10 3.06339e+07 1.70674e+07 2.66579e+07 1.44681e+07 73 120
446000 1.20711e+08 6.37814e+09 2.62732e+10 3.44373e+07 2.22606e+07 2.97831e+07 1.77624e+07 66 112
447000 1.23024e+08 6.36935e+09 2.35342e+10 4.18337e+07 2.37238e+07 2.8426e+07 1.56466e+07 63 120
448000 1.22942e+08 6.35732e+09 2.07394e+10 3.09396e+07 1.70568e+07 2.93159e+07 1.73069e+07 64 130
449000 1.23949e+08 6.3449e+09 1.67634e+10 3.25423e+07 2.02448e+07 3.48351e+07 2.19736e+07 56 136
450000 1.24636e+08 6.32275e+09 1.79263e+10 2.75858e+07 1.62141e+07 2.98987e+07 1.64804e+07 62 133
451000 1.25779e+08 6.29435e+09 1.34879e+10 2.89084e+07 1.78408e+07 2.91281e+07 1.56169e+07 62 141
452000 1.27641e+08 6.26581e+09 1.90214e+10 3.0929e+07 1.75367e+07 2.85816e+07 1.52158e+07 58 140
453000 1.27448e+08 6.24023e+09 1.8398e+10 2.98699e+07 1.5359e+07 2.83375e+07 1.5441e+07 62 135
454000 1.25253e+08 6.2247e+09 1.24999e+10 3.26431e+07 1.77907e+07 2.5697e+07 1.34772e+07 57 147
455000 1.22639e+08 6.22524e+09 1.30468e+10 2.97542e+07 1.65437e+07 2.38814e+07 1.10799e+07 62 151
456000 1.18143e+08 6.24569e+09 2.01916e+10 2.63153e+07 1.27744e+07 3.00008e+07 1.82001e+07 59 138
457000 1.13597e+08 6.2803e+09 2.28929e+10 2.66941e+07 1.55633e+07 2.8347e+07 1.7015e+07 56 131
458000 1.13347e+08 6.31646e+09 1.81005e+10 2.68705e+07 1.59715e+07 2.62094e+07 1.39903e+07 54 142
459000 1.14582e+08 6.34433e+09 2.83244e+10 2.74203e+07 1.63614e+07 2.92749e+07 1.61364e+07 48 138
460000 1.16265e+08 6.35407e+09 2.86692e+10 2.6156e+07 1.47003e+07 2.80625e+07 1.40885e+07 48 145
461000 1.16352e+08 6.37418e+09 3.28192e+10 2.88207e+07 1.86336e+07 2.98034e+07 1.64848e+07 49 139
462000 1.20776e+08 6.38629e+09 1.94713e+10 3.00091e+07 1.8504e+07 2.7178e+07 1.41302e+07 46 153
463000 1.20762e+08 6.37429e+09 2.28196e+10 3.86896e+07 2.4758e+07 2.62851e+07 1.31992e+07 42 148
464000 1.19359e+08 6.38141e+09 2.94521e+10 3.59881e+07 1.99276e+07 2.71749e+07 1.39205e+07 46 139
465000 1.14559e+08 6.4139e+09 2.87185e+10 3.37358e+07 1.86014e+07 2.78828e+07 1.38627e+07 43 142
466000 1.11247e+08 6.46118e+09 2.36724e+10 2.9975e+07 1.52305e+07 2.57368e+07 1.38483e+07 50 137
467000 1.08489e+08 6.51559e+09 1.9507e+10 3.08232e+07 1.5582e+07 2.58387e+07 1.50861e+07 45 137
468000 1.02959e+08 6.59633e+09 3.82745e+10 2.76174e+07 1.37412e+07 2.74682e+07 1.5498e+07 44 129
469000 1.03409e+08 6.67085e+09 2.59032e+10 2.38555e+07 1.1504e+07 2.70098e+07 1.57073e+07 46 132
470000 1.0552e+08 6.73748e+09 2.25304e+10 2.21433e+07 1.0633e+07 3.07291e+07 1.90875e+07 52 135
471000 1.09713e+08 6.77972e+09 2.23966e+10 2.30653e+07 1.17269e+07 3.10303e+07 1.73658e+07 45 132
472000 1.14848e+08 6.79737e+09 2.45602e+10 2.22361e+07 1.17067e+07 3.37268e+07 1.95824e+07 46 129
473000 1.20498e+08 6.78421e+09 2.22593e+10 2.42948e+07 1.29843e+07 3.70589e+07 2.09494e+07 41 143
474000 1.28282e+08 6.73431e+09 2.29657e+10 2.97173e+07 1.77337e+07 3.6621e+07 1.91117e+07 31 154
475000 1.38139e+08 6.6522e+09 1.70761e+10 2.57851e+07 1.51169e+07 3.69711e+07 1.95569e+07 32 156
476000 1.36238e+08 6.56466e+09 2.65385e+10 3.76996e+07 2.91225e+07 3.26933e+07 1.59704e+07 25 164
477000 1.34843e+08 6.50037e+09 2.21828e+10 3.4645e+07 2.40476e+07 3.86115e+07 2.40608e+07 29 164
478000 1.29916e+08 6.45527e+09 2.44767e+10 6.50658e+07 4.21332e+07 2.72255e+07 1.33283e+07 28 176
479000 1.30486e+08 6.41239e+09 2.86579e+10 5.3936e+07 2.90253e+07 2.68333e+07 1.46741e+07 32 165
480000 1.30419e+08 6.35647e+09 2.83574e+10 4.99095e+07 2.27023e+07 2.4334e+07 1.16337e+07 35 172
481000 1.21801e+08 6.3565e+09 1.78471e+10 3.60372e+07 1.98824e+07 2.20638e+07 1.09245e+07 39 179
482000 1.17452e+08 6.3964e+09 1.52783e+10 2.74366e+07 1.50344e+07 2.5154e+07 1.30559e+07 42 176
483000 1.21079e+08 6.39361e+09 1.64383e+10 2.72094e+07 1.61749e+07 2.78006e+07 1.33128e+07 41 173
484000 1.21911e+08 6.37307e+09 1.65787e+10 2.45663e+07 1.4381e+07 2.73996e+07 1.2888e+07 44 163
485000 1.15792e+08 6.39931e+09 1.37188e+10 2.51902e+07 1.31822e+07 2.61276e+07 1.3168e+07 42 163
486000 1.08027e+08 6.45603e+09 2.45635e+10 2.77202e+07 1.82872e+07 2.30818e+07 1.16868e+07 34 171
487000 1.07167e+08 6.51856e+09 1.85424e+10 2.54858e+07 1.53784e+07 2.3774e+07 1.27545e+07 36 174
488000 1.05023e+08 6.57882e+09 2.62373e+10 2.05949e+07 1.00213e+07 4.50167e+07 3.2466e+07 41 163
489000 1.08376e+08 6.6376e+09 1.97537e+10 2.23262e+07 1.27749e+07 2.58129e+07 1.57593e+07 37 163
490000 1.13597e+08 6.67112e+09 1.6391e+10 1.95758e+07 8.83362e+06 2.91411e+07 1.64718e+07 38 158
491000 1.1451e+08 6.67321e+09 2.13399e+10 2.22404e+07 1.06962e+07 2.81559e+07 1.55597e+07 31 167
492000 1.19391e+08 6.65731e+09 1.40259e+10 1.97672e+07 9.3866e+06 2.74998e+07 1.32674e+07 34 183
493000 1.22149e+08 6.64063e+09 1.29625e+10 2.09436e+07 1.00843e+07 2.78745e+07 1.51389e+07 30 180
494000 1.25066e+08 6.60299e+09 1.41461e+10 1.8501e+07 9.10563e+06 2.90721e+07 1.54952e+07 34 190
495000 1.37444e+08 6.52179e+09 9.57859e+09 2.47416e+07 1.32625e+07 3.20709e+07 1.62281e+07 28 183
496000 1.39627e+08 6.42517e+09 1.09914e+10 3.25258e+07 2.23982e+07 2.77501e+07 1.31124e+07 26 201
497000 1.33902e+08 6.3574e+09 1.30406e+10 3.29837e+07 2.17952e+07 2.94082e+07 1.19722e+07 27 213
498000 1.29179e+08 6.32347e+09 1.75082e+10 3.42271e+07 2.07943e+07 2.41544e+07 1.13523e+07 27 217
499000 1.27311e+08 6.30529e+09 1.92025e+10 3.91888e+07 2.32009e+07 2.57961e+07 1.39903e+07 24 195
500000 1.23163e+08 6.29102e+09 1.93992e+10 3.95092e+07 1.93896e+07 2.21186e+07 1.06403e+07 27 203
501000 1.18931e+08 6.30559e+09 1.77383e+10 4.11348e+07 2.34319e+07 2.18644e+07 1.04727e+07 26 196
502000 1.15728e+08 6.33607e+09 1.15865e+10 3.73626e+07 2.11563e+07 2.07453e+07 9.45395e+06 28 202
503000 1.1917e+08 6.36631e+09 7.41617e+09 3.33604e+07 2.06283e+07 3.4456e+07 1.80698e+07 33 177
504000 1.22605e+08 6.35495e+09 1.17771e+10 5.28679e+07 3.25214e+07 3.11568e+07 1.73797e+07 35 170
505000 1.26786e+08 6.32123e+09 6.83935e+09 3.68641e+07 1.77908e+07 2.6849e+07 1.43497e+07 33 170
506000 1.25307e+08 6.31159e+09 1.08986e+10 3.82002e+07 2.40531e+07 2.71837e+07 1.54593e+07 30 168
507000 1.18804e+08 6.30637e+09 2.1293e+10 3.29321e+07 1.93637e+07 2.52848e+07 1.3399e+07 31 175
508000 1.22993e+08 6.29035e+09 1.32003e+10 2.7047e+07 1.15569e+07 2.60768e+07 1.43333e+07 39 181
509000 1.2666e+08 6.2609e+09 1.30739e+10 4.09548e+07 2.62826e+07 2.55708e+07 1.36437e+07 32 182
510000 1.2157e+08 6.25291e+09 2.21437e+10 3.2394e+07 1.71752e+07 2.5644e+07 1.33107e+07 33 171
511000 1.14949e+08 6.27244e+09 1.94009e+10 2.60379e+07 1.22449e+07 3.01728e+07 1.41254e+07 34 177
512000 1.11427e+08 6.32857e+09 1.90182e+10 2.35845e+07 1.17074e+07 2.52373e+07 1.32754e+07 33 168
513000 1.06339e+08 6.38979e+09 2.37194e+10 2.00292e+07 9.01872e+06 2.48106e+07 1.37749e+07 34 168
514000 1.04351e+08 6.45783e+09 2.74685e+10 2.35937e+07 1.24725e+07 2.47514e+07 1.31968e+07 29 165
515000 1.05592e+08 6.50902e+09 2.32333e+10 2.10534e+07 1.06658e+07 2.44537e+07 1.2803e+07 30 171
516000 1.12034e+08 6.53765e+09 1.02247e+10 2.43506e+07 1.24396e+07 3.92848e+07 2.85235e+07 28 178
517000 1.17702e+08 6.53272e+09 7.41899e+09 2.76559e+07 1.48109e+07 2.64172e+07 1.49525e+07 26 187
518000 1.2003e+08 6.52464e+09 1.79321e+10 3.06203e+07 1.60366e+07 3.00827e+07 1.7595e+07 23 180
519000 1.21447e+08 6.50868e+09 2.37382e+10 2.87487e+07 1.58848e+07 2.82885e+07 1.5502e+07 24 175
520000 1.24995e+08 6.48866e+09 2.31273e+10 3.08151e+07 1.74096e+07 2.75082e+07 1.34928e+07 23 184
521000 1.25589e+08 6.47041e+09 2.48392e+10 2.47995e+07 1.24333e+07 3.04576e+07 1.67346e+07 23 176
522000 1.25965e+08 6.44258e+09 1.76985e+10 2.61593e+07 1.43803e+07 2.96223e+07 1.64844e+07 21 177
523000 1.26807e+08 6.41626e+09 1.12687e+10 2.59959e+07 1.65445e+07 2.74448e+07 1.4808e+07 20 191
524000 1.25366e+08 6.38207e+09 1.6864e+10 3.34009e+07 2.24605e+07 3.11084e+07 1.80218e+07 15 194
525000 1.27761e+08 6.33943e+09 1.09375e+10 2.85251e+07 1.86222e+07 2.84047e+07 1.54122e+07 17 203
526000 1.24556e+08 6.31736e+09 1.10927e+10 2.70408e+07 1.72271e+07 2.66044e+07 1.42345e+07 18 208
527000 1.16867e+08 6.32125e+09 2.47121e+10 2.73456e+07 1.54201e+07 2.30546e+07 1.11529e+07 12 215
528000 1.16304e+08 6.33418e+09 2.53527e+10 2.76149e+07 1.42741e+07 2.38697e+07 1.19066e+07 11 214
529000 1.20087e+08 6.33246e+09 1.22816e+10 2.72338e+07 1.38679e+07 2.54135e+07 1.35796e+07 11 212
530000 1.1793e+08 6.32617e+09 1.21179e+10 2.45229e+07 1.1015e+07 2.39507e+07 1.27989e+07 12 213
531000 1.14125e+08 6.34377e+09 1.43043e+10 2.49681e+07 1.15391e+07 2.21176e+07 1.0385e+07 11 224
532000 1.11099e+08 6.37299e+09 1.20182e+10 2.25527e+07 9.28515e+06 2.20259e+07 1.06696e+07 12 225
533000 1.11545e+08 6.40491e+09 9.3182e+09 2.67233e+07 1.45406e+07 2.38915e+07 1.26564e+07 10 223
534000 1.13086e+08 6.42612e+09 6.88788e+09 2.56778e+07 1.28389e+07 2.10299e+07 1.01749e+07 10 239
535000 1.1495e+08 6.43918e+09 7.65948e+09 2.04595e+07 9.38578e+06 2.23919e+07 1.04483e+07 13 227
536000 1.19383e+08 6.45178e+09 1.16423e+10 2.95749e+07 1.50483e+07 2.3817e+07 1.15969e+07 11 221
537000 1.20937e+08 6.4479e+09 1.16419e+10 2.92131e+07 1.57908e+07 2.54138e+07 1.29344e+07 10 209
538000 1.17813e+08 6.44223e+09 1.15959e+10 4.10644e+07 2.69086e+07 2.84871e+07 1.2458e+07 8 227
539000 1.1513e+08 6.45652e+09 1.76466e+10 3.23071e+07 1.61536e+07 2.26784e+07 1.0765e+07 8 223
540000 1.17989e+08 6.47358e+09 1.33062e+10 3.48275e+07 1.74138e+07 2.52934e+07 1.42333e+07 8 205
541000 1.1765e+08 6.47615e+09 1.47022e+10 4.84503e+07 3.65588e+07 2.56677e+07 1.32454e+07 6 214
542000 1.18637e+08 6.48531e+09 1.90043e+10 3.27779e+07 1.63889e+07 2.69735e+07 1.56726e+07 8 204
543000 1.19066e+08 6.48005e+09 1.00856e+10 3.56525e+07 2.26585e+07 2.34647e+07 1.11669e+07 7 221
544000 1.17139e+08 6.48591e+09 1.23645e+10 3.16816e+07 2.12256e+07 2.50326e+07 1.30703e+07 9 207
545000 1.17368e+08 6.49368e+09 1.25326e+10 3.0269e+07 2.04214e+07 2.69626e+07 1.35967e+07 9 205
546000 1.19816e+08 6.48961e+09 1.07133e+10 3.90619e+07 2.86692e+07 2.57654e+07 1.26147e+07 9 202
547000 1.17282e+08 6.49509e+09 1.71885e+10 3.73605e+07 2.38536e+07 2.38209e+07 1.1668e+07 5 216
548000 1.16091e+08 6.51939e+09 1.36796e+10 4.13225e+07 2.84664e+07 2.46575e+07 1.35636e+07 5 216
549000 1.16512e+08 6.53305e+09 1.20769e+10 4.23086e+07 2.88486e+07 2.60594e+07 1.44798e+07 5 199
550000 1.19189e+08 6.52769e+09 1.53141e+10 4.83516e+07 4.16889e+07 2.88655e+07 1.54877e+07 3 203
551000 1.17692e+08 6.52433e+09 2.22668e+10 1.99331e+07 9.96654e+06 4.28366e+07 1.81614e+07 2 207
552000 1.18152e+08 6.53741e+09 2.11349e+10 2.88305e+07 1.44153e+07 2.6352e+07 1.4331e+07 2 205
553000 1.1939e+08 6.53636e+09 1.57206e+10 2.9026e+07 1.4513e+07 2.66885e+07 1.44474e+07 2 211
554000 1.20139e+08 6.50976e+09 1.89011e+10 2.80096e+07 1.40048e+07 2.59707e+07 1.22277e+07 2 216
555000 1.18603e+08 6.51338e+09 1.04073e+10 2.67423e+07 1.33712e+07 2.35523e+07 1.18672e+07 2 226
556000 1.14779e+08 6.54158e+09 1.54924e+10 3.33122e+07 1.66561e+07 2.4504e+07 1.27419e+07 2 212
557000 1.15997e+08 6.55545e+09 1.50635e+10 7.63549e+07 7.63549e+07 2.86645e+07 1.45029e+07 1 205
558000 1.22841e+08 6.52809e+09 1.12058e+10 3.52068e+07 1.76034e+07 2.60397e+07 1.15367e+07 2 218
559000 1.238e+08 6.49908e+09 9.89798e+09 6.90303e+07 6.90303e+07 2.58056e+07 1.32156e+07 1 218
559537 1.22039e+08 6.49322e+09 1.24082e+10 0 0 2.66852e+07 1.45572e+07 0 215
