0 1.27534e+08 5.8036e+09 2.4e+09 2.4e+07 1.2e+07 2.4e+07 1.2e+07 190 10
1000 1.27033e+08 5.80933e+09 7.55335e+09 2.70564e+07 1.49874e+07 2.9375e+07 1.78968e+07 194 9
2000 1.2548e+08 5.81417e+09 1.11637e+10 2.68251e+07 1.60174e+07 2.03764e+07 9.58158e+06 196 11
3000 1.24456e+08 5.82544e+09 1.27394e+10 2.69026e+07 1.47356e+07 2.51183e+07 1.51973e+07 196 9
4000 1.25026e+08 5.84406e+09 1.55514e+10 2.8053e+07 1.69149e+07 2.43339e+07 1.51441e+07 187 9
5000 1.23771e+08 5.86252e+09 2.43202e+10 3.12267e+07 1.87944e+07 2.8194e+07 2.01752e+07 167 8
6000 1.26042e+08 5.87462e+09 1.49943e+10 3.11267e+07 1.87126e+07 2.67171e+07 1.99107e+07 179 10
7000 1.24881e+08 5.8786e+09 1.04197e+10 2.93129e+07 1.74006e+07 2.15293e+07 1.23028e+07 180 12
8000 1.24055e+08 5.89226e+09 7.77449e+09 3.17297e+07 2.06648e+07 2.15315e+07 1.23815e+07 185 12
9000 1.18316e+08 5.91603e+09 2.02834e+10 2.65879e+07 1.54353e+07 3.37492e+07 2.83801e+07 187 8
10000 1.21159e+08 5.95378e+09 1.87662e+10 3.26383e+07 2.13433e+07 4.32645e+07 3.67379e+07 177 7
11000 1.21301e+08 5.97185e+09 1.67916e+10 2.84885e+07 1.67498e+07 4.59738e+07 3.31138e+07 181 6
12000 1.26111e+08 5.99105e+09 1.29605e+10 3.0374e+07 1.79664e+07 4.23877e+07 2.95947e+07 174 7
13000 1.25829e+08 5.99082e+09 1.23502e+10 2.92396e+07 1.701e+07 3.79592e+07 2.80174e+07 178 8
14000 1.21716e+08 6.00484e+09 2.72848e+10 2.97037e+07 1.74497e+07 2.91374e+07 1.82651e+07 170 10
15000 1.26031e+08 6.02218e+09 2.6323e+10 3.43128e+07 2.13882e+07 2.62095e+07 1.58238e+07 156 11
16000 1.28683e+08 6.02438e+09 2.31626e+10 3.55091e+07 2.21886e+07 3.22667e+07 2.01563e+07 152 10
17000 1.26074e+08 6.03001e+09 2.42799e+10 4.48261e+07 2.98812e+07 5.46546e+07 4.48205e+07 158 9
18000 1.22808e+08 6.05528e+09 2.41142e+10 3.24688e+07 2.05438e+07 4.14161e+07 2.8711e+07 155 8
19000 1.20491e+08 6.07541e+09 3.04502e+10 3.24843e+07 2.06494e+07 3.34508e+07 1.67254e+07 154 10
20000 1.20687e+08 6.0893e+09 3.38066e+10 3.23157e+07 1.85844e+07 3.49475e+07 2.18247e+07 153 10
21000 1.23854e+08 6.11124e+09 3.0521e+10 3.5134e+07 2.21537e+07 2.68683e+07 1.50802e+07 150 11
22000 1.19847e+08 6.12837e+09 3.43306e+10 3.26323e+07 2.04952e+07 2.319e+07 1.35845e+07 153 13
23000 1.21052e+08 6.15328e+09 3.95156e+10 3.69824e+07 2.38239e+07 2.65736e+07 1.56448e+07 149 12
24000 1.2303e+08 6.16732e+09 4.28944e+10 3.71427e+07 2.22083e+07 2.25414e+07 1.04291e+07 141 14
25000 1.23171e+08 6.18319e+09 4.10051e+10 4.22743e+07 2.40801e+07 2.3042e+07 1.14577e+07 138 14
26000 1.23123e+08 6.2107e+09 2.69501e+10 3.75001e+07 2.38102e+07 2.64642e+07 1.56631e+07 140 15
27000 1.21059e+08 6.23551e+09 1.94577e+10 3.57567e+07 2.44365e+07 2.12866e+07 1.10043e+07 144 18
28000 1.2016e+08 6.26257e+09 2.30781e+10 3.25985e+07 1.97887e+07 2.29895e+07 1.11723e+07 155 17
29000 1.2173e+08 6.27579e+09 3.4584e+10 3.5746e+07 2.08082e+07 7.49314e+07 6.55655e+07 142 17
30000 1.24089e+08 6.28157e+09 2.71607e+10 3.35368e+07 1.86799e+07 2.65697e+07 1.19079e+07 148 19
31000 1.16568e+08 6.30717e+09 4.05442e+10 3.27046e+07 1.97271e+07 2.82414e+07 1.45162e+07 153 16
32000 1.13294e+08 6.37047e+09 3.93486e+10 3.01602e+07 1.78214e+07 2.78342e+07 1.42572e+07 150 17
33000 1.15946e+08 6.42011e+09 2.75062e+10 3.14778e+07 1.94743e+07 3.04056e+07 1.74773e+07 145 17
34000 1.1215e+08 6.4816e+09 4.11762e+10 3.36283e+07 2.18744e+07 3.34557e+07 1.60031e+07 141 15
35000 1.17916e+08 6.52017e+09 2.68497e+10 3.32097e+07 2.0544e+07 3.77481e+07 2.36966e+07 146 14
36000 1.18209e+08 6.54419e+09 3.19453e+10 3.39995e+07 2.09056e+07 2.93799e+07 1.65866e+07 142 13
37000 1.22591e+08 6.56404e+09 3.25059e+10 3.71046e+07 2.25791e+07 3.57609e+07 2.35823e+07 138 13
38000 1.27706e+08 6.54446e+09 3.88536e+10 3.79163e+07 2.36003e+07 4.49488e+07 3.19639e+07 148 11
39000 1.36261e+08 6.49976e+09 3.28471e+10 3.52582e+07 1.98966e+07 5.10468e+07 4.21944e+07 154 15
40000 1.39531e+08 6.44028e+09 3.57934e+10 3.94054e+07 2.41879e+07 4.17048e+07 2.22064e+07 145 18
41000 1.54787e+08 6.32091e+09 2.04445e+10 4.32496e+07 2.43269e+07 3.07925e+07 1.58455e+07 153 23
42000 1.50266e+08 6.2112e+09 2.19006e+10 3.61938e+07 1.87817e+07 3.11192e+07 1.74871e+07 156 24
43000 1.37837e+08 6.17958e+09 1.27689e+10 3.06438e+07 1.63688e+07 3.3215e+07 1.72204e+07 164 26
44000 1.28352e+08 6.1841e+09 2.21398e+10 3.31883e+07 1.9028e+07 3.70648e+07 1.78247e+07 150 26
45000 1.2542e+08 6.19044e+09 2.67927e+10 3.26954e+07 2.07003e+07 9.08309e+07 3.42344e+07 151 28
46000 1.25896e+08 6.18696e+09 2.52599e+10 3.1242e+07 1.80763e+07 3.76834e+07 1.86981e+07 145 29
47000 1.28859e+08 6.16573e+09 2.78101e+10 3.32672e+07 1.7782e+07 3.43329e+07 2.00461e+07 149 25
48000 1.31245e+08 6.14472e+09 2.80109e+10 3.54912e+07 1.86915e+07 4.64733e+07 3.40931e+07 155 25
49000 1.29433e+08 6.1297e+09 2.14894e+10 2.83617e+07 1.36039e+07 4.52985e+07 2.27113e+07 172 23
50000 1.164e+08 6.17649e+09 3.25904e+10 2.74475e+07 1.49864e+07 2.45648e+07 1.44083e+07 155 23
51000 1.07876e+08 6.25562e+09 3.46125e+10 2.76935e+07 1.61509e+07 2.58422e+07 1.34178e+07 149 23
52000 1.09407e+08 6.33457e+09 2.70845e+10 3.05588e+07 2.04184e+07 2.73109e+07 1.05536e+07 153 23
53000 1.16643e+08 6.38313e+09 2.64533e+10 3.12847e+07 1.89466e+07 2.59338e+07 9.49399e+06 150 24
54000 1.24935e+08 6.37311e+09 3.36193e+10 3.47714e+07 1.97219e+07 2.71731e+07 1.11602e+07 149 22
55000 1.18006e+08 6.38813e+09 4.54133e+10 3.13031e+07 1.77213e+07 2.80087e+07 1.62101e+07 144 20
56000 1.18697e+08 6.42871e+09 2.73511e+10 2.88625e+07 1.45729e+07 2.8445e+07 2.0266e+07 163 21
57000 1.16371e+08 6.454e+09 3.80031e+10 3.01849e+07 1.59374e+07 2.54403e+07 1.85647e+07 157 18
58000 1.22281e+08 6.47397e+09 2.58876e+10 3.01202e+07 1.59365e+07 2.11108e+07 9.75034e+06 165 21
59000 1.20069e+08 6.50257e+09 3.05969e+10 3.27686e+07 2.02557e+07 2.08712e+07 1.17168e+07 161 20
60000 1.20627e+08 6.52657e+09 2.83409e+10 3.21302e+07 1.83532e+07 2.02668e+07 1.28001e+07 161 22
61000 1.26963e+08 6.53388e+09 3.63039e+10 3.66766e+07 1.88964e+07 2.19619e+07 1.40675e+07 147 22
62000 1.31799e+08 6.51927e+09 3.2923e+10 4.05955e+07 2.45939e+07 3.01029e+07 1.87488e+07 143 20
63000 1.27996e+08 6.49792e+09 4.05217e+10 3.42693e+07 1.68479e+07 2.92698e+07 1.20615e+07 152 23
64000 1.32006e+08 6.46921e+09 3.2663e+10 3.40151e+07 1.88767e+07 4.06472e+07 2.14306e+07 153 19
65000 1.37716e+08 6.43015e+09 2.35407e+10 3.5789e+07 1.92095e+07 2.86764e+07 1.20763e+07 157 23
66000 1.32103e+08 6.39679e+09 3.59913e+10 3.18726e+07 1.59275e+07 1.88611e+07 6.88391e+06 153 30
67000 1.20064e+08 6.43471e+09 3.46407e+10 2.94105e+07 1.64315e+07 2.56638e+07 1.35433e+07 159 22
68000 1.18748e+08 6.47725e+09 3.18458e+10 2.94374e+07 1.62647e+07 2.59316e+07 1.51848e+07 154 24
69000 1.17659e+08 6.51642e+09 2.53835e+10 2.87366e+07 1.60637e+07 2.31263e+07 1.26527e+07 157 26
70000 1.19555e+08 6.53817e+09 2.67512e+10 3.04049e+07 1.65956e+07 2.64535e+07 1.63823e+07 154 26
71000 1.23176e+08 6.53708e+09 4.02821e+10 3.27493e+07 1.89236e+07 3.17206e+07 1.76752e+07 145 24
72000 1.20991e+08 6.55418e+09 4.09994e+10 2.99007e+07 1.6774e+07 2.91462e+07 1.35705e+07 145 31
73000 1.19533e+08 6.59309e+09 3.12789e+10 2.91912e+07 1.69417e+07 3.25007e+07 1.93445e+07 145 30
74000 1.17821e+08 6.63182e+09 2.9789e+10 2.91624e+07 1.62231e+07 3.23477e+07 1.4715e+07 145 28
75000 1.16079e+08 6.68648e+09 2.3972e+10 2.91093e+07 1.6428e+07 3.63842e+07 2.66119e+07 140 29
76000 1.09333e+08 6.7533e+09 2.61519e+10 2.89241e+07 1.66129e+07 2.73597e+07 1.93389e+07 137 33
77000 1.15272e+08 6.79357e+09 1.42735e+10 2.89007e+07 1.68439e+07 3.78523e+07 2.20254e+07 135 37
78000 1.25441e+08 6.77668e+09 2.31356e+10 3.41514e+07 2.10156e+07 4.12529e+07 1.63639e+07 127 37
79000 1.33192e+08 6.7318e+09 2.96645e+10 3.3284e+07 1.7663e+07 4.76e+07 2.87e+07 139 31
80000 1.42911e+08 6.66374e+09 2.09823e+10 4.21967e+07 2.68588e+07 3.01327e+07 1.79388e+07 133 40
81000 1.55144e+08 6.52216e+09 2.71258e+10 4.53735e+07 2.39082e+07 3.13826e+07 1.92072e+07 148 34
82000 1.58497e+08 6.37488e+09 2.36336e+10 3.88107e+07 2.01019e+07 2.84917e+07 1.70868e+07 148 41
83000 1.51533e+08 6.28428e+09 2.11823e+10 5.15178e+07 2.36912e+07 2.27644e+07 1.051e+07 145 45
84000 1.40631e+08 6.23102e+09 2.23775e+10 3.45011e+07 1.85992e+07 2.10413e+07 1.27965e+07 147 41
85000 1.25481e+08 6.22237e+09 4.73757e+10 2.81412e+07 1.42902e+07 2.44045e+07 1.37682e+07 153 44
86000 1.43024e+08 6.15733e+09 4.28903e+10 3.84783e+07 1.67199e+07 2.17581e+07 1.20795e+07 146 36
87000 1.30662e+08 6.16219e+09 4.39797e+10 3.41404e+07 2.13386e+07 3.28366e+07 1.96528e+07 138 33
88000 1.33588e+08 6.13726e+09 3.79711e+10 3.71976e+07 1.96391e+07 1.13418e+08 4.8571e+07 132 34
89000 1.2811e+08 6.13763e+09 3.04383e+10 4.87811e+07 3.42684e+07 2.84787e+07 1.57035e+07 135 36
90000 1.21773e+08 6.1745e+09 1.84357e+10 3.25258e+07 1.85258e+07 2.75086e+07 1.5577e+07 142 35
91000 1.11976e+08 6.23188e+09 2.15558e+10 2.79985e+07 1.59458e+07 2.45634e+07 1.34843e+07 139 36
92000 1.07862e+08 6.31927e+09 2.26104e+10 2.8252e+07 1.62394e+07 2.28883e+07 1.29361e+07 136 36
93000 1.04699e+08 6.40675e+09 2.13162e+10 2.86588e+07 1.60553e+07 2.18748e+07 1.09793e+07 137 38
94000 9.98739e+07 6.49895e+09 3.66991e+10 2.68271e+07 1.54626e+07 2.73256e+07 1.51744e+07 128 33
95000 1.01879e+08 6.59747e+09 3.38366e+10 3.21093e+07 1.86735e+07 2.99386e+07 1.81656e+07 131 31
96000 1.11148e+08 6.66471e+09 2.30277e+10 3.42898e+07 2.51993e+07 3.04479e+07 1.88649e+07 126 33
97000 1.33188e+08 6.61929e+09 2.4958e+10 4.22374e+07 2.40843e+07 3.1684e+07 1.56987e+07 126 33
98000 1.41998e+08 6.52919e+09 3.33315e+10 4.58619e+07 2.77578e+07 5.53003e+07 4.17725e+07 124 32
99000 1.44683e+08 6.45294e+09 2.60796e+10 3.99581e+07 2.21769e+07 3.00536e+07 1.56115e+07 136 36
100000 1.41516e+08 6.37957e+09 3.31544e+10 3.7474e+07 1.97542e+07 3.4642e+07 1.87689e+07 140 33
101000 1.36072e+08 6.31769e+09 3.92858e+10 4.1186e+07 2.54344e+07 2.44409e+07 1.25532e+07 139 38
102000 1.42374e+08 6.26914e+09 3.25621e+10 4.50607e+07 2.53853e+07 2.33059e+07 1.29909e+07 141 39
103000 1.41601e+08 6.19688e+09 3.36383e+10 3.67203e+07 1.89203e+07 2.17622e+07 1.1601e+07 147 44
104000 1.43688e+08 6.12503e+09 2.98076e+10 3.93974e+07 1.99904e+07 2.07454e+07 1.02145e+07 150 43
105000 1.42712e+08 6.05991e+09 2.40686e+10 3.73751e+07 2.1042e+07 2.00378e+07 8.71642e+06 152 43
106000 1.34303e+08 6.03517e+09 2.03715e+10 3.2867e+07 1.83626e+07 1.87284e+07 8.44734e+06 147 46
107000 1.24023e+08 6.06244e+09 2.9278e+10 2.92446e+07 1.78846e+07 2.39643e+07 1.2115e+07 145 39
108000 1.1828e+08 6.09581e+09 2.86637e+10 2.8516e+07 1.68856e+07 2.39666e+07 1.22894e+07 153 40
109000 1.13522e+08 6.1427e+09 3.59866e+10 2.72494e+07 1.40038e+07 2.4114e+07 1.24381e+07 146 43
110000 1.1554e+08 6.20901e+09 2.86599e+10 3.10573e+07 1.94963e+07 3.00213e+07 1.62085e+07 133 43
111000 1.08502e+08 6.27841e+09 3.29704e+10 2.76245e+07 1.59318e+07 2.84957e+07 1.54233e+07 129 41
112000 1.05517e+08 6.35675e+09 3.19629e+10 2.88875e+07 1.70131e+07 2.76123e+07 1.4174e+07 120 42
113000 1.02609e+08 6.44306e+09 3.30719e+10 2.561e+07 1.30092e+07 2.67376e+07 1.57699e+07 131 45
114000 1.0756e+08 6.52738e+09 2.73847e+10 3.34571e+07 2.19466e+07 2.42067e+07 1.36415e+07 111 50
115000 1.19052e+08 6.54634e+09 2.78234e+10 3.57003e+07 2.25106e+07 2.68084e+07 1.58298e+07 118 53
116000 1.3817e+08 6.47502e+09 2.80446e+10 4.27384e+07 2.26429e+07 3.52511e+07 2.38724e+07 111 52
117000 1.43961e+08 6.36667e+09 4.93026e+10 3.99387e+07 1.98787e+07 3.6643e+07 2.05206e+07 118 45
118000 1.36869e+08 6.3146e+09 3.31017e+10 3.13182e+07 1.60669e+07 3.53141e+07 1.96205e+07 127 52
119000 1.26366e+08 6.33443e+09 2.65881e+10 3.08021e+07 1.821e+07 3.24625e+07 1.87647e+07 112 65
120000 1.17741e+08 6.36563e+09 1.94025e+10 2.81821e+07 1.65036e+07 3.16572e+07 1.61878e+07 109 67
121000 1.13311e+08 6.40728e+09 2.48953e+10 2.45225e+07 1.35466e+07 3.32513e+07 1.7769e+07 114 67
122000 1.11979e+08 6.45161e+09 2.62347e+10 2.5768e+07 1.56139e+07 3.47778e+07 1.7089e+07 106 69
123000 1.16399e+08 6.48223e+09 1.98265e+10 2.68456e+07 1.74286e+07 3.1316e+07 1.34981e+07 106 77
124000 1.16127e+08 6.51628e+09 3.16414e+10 4.10352e+07 2.86098e+07 3.13786e+07 1.6133e+07 96 74
125000 1.15073e+08 6.56337e+09 2.312e+10 3.36055e+07 2.2262e+07 2.81471e+07 1.45221e+07 86 79
126000 1.11995e+08 6.61717e+09 1.78383e+10 2.92836e+07 1.8384e+07 3.14556e+07 1.72855e+07 95 73
127000 1.0843e+08 6.67933e+09 2.00553e+10 2.82509e+07 1.73559e+07 3.18128e+07 1.74683e+07 96 64
128000 1.02596e+08 6.76158e+09 3.47229e+10 3.09346e+07 1.9524e+07 2.508e+07 1.28383e+07 89 71
129000 1.03642e+08 6.85186e+09 3.83759e+10 3.49124e+07 2.06221e+07 2.5921e+07 1.50496e+07 83 68
130000 1.06618e+08 6.92167e+09 3.41846e+10 4.26458e+07 2.8999e+07 2.50351e+07 1.50838e+07 89 70
131000 1.15801e+08 6.95478e+09 2.71199e+10 4.78595e+07 2.46433e+07 3.08079e+07 2.10356e+07 87 67
132000 1.20527e+08 6.95397e+09 2.17141e+10 3.91833e+07 2.06198e+07 3.08454e+07 2.02469e+07 91 63
133000 1.11922e+08 7.00162e+09 2.60842e+10 5.025e+07 2.25085e+07 2.93137e+07 1.60391e+07 90 68
134000 1.03578e+08 7.07304e+09 2.85795e+10 3.01097e+07 1.80056e+07 2.24963e+07 1.07643e+07 96 79
135000 1.09901e+08 7.1281e+09 1.88742e+10 3.09564e+07 1.56348e+07 2.64734e+07 1.54141e+07 110 73
136000 1.28033e+08 7.09786e+09 1.8578e+10 4.08671e+07 2.12241e+07 2.57167e+07 1.44284e+07 105 76
137000 1.41402e+08 6.9817e+09 4.27306e+10 4.81893e+07 2.55195e+07 2.63948e+07 1.47753e+07 109 74
138000 1.54235e+08 6.84327e+09 4.314e+10 5.42869e+07 2.42047e+07 2.63579e+07 1.47544e+07 114 76
139000 1.55669e+08 6.71754e+09 2.99571e+10 4.91226e+07 2.64456e+07 2.55361e+07 1.25773e+07 115 86
140000 1.73407e+08 6.49462e+09 3.3358e+10 4.61205e+07 1.88444e+07 3.09736e+07 1.69326e+07 118 80
141000 1.58917e+08 6.37784e+09 1.99374e+10 3.13535e+07 1.53336e+07 3.37496e+07 1.7845e+07 124 83
142000 1.3604e+08 6.34068e+09 1.9713e+10 2.46646e+07 1.14379e+07 2.87187e+07 1.39321e+07 130 89
143000 1.20311e+08 6.36118e+09 1.44424e+10 2.09316e+07 1.05558e+07 2.6168e+07 1.33706e+07 134 89
144000 1.10587e+08 6.43255e+09 1.7296e+10 2.20266e+07 1.26272e+07 2.44483e+07 1.24754e+07 114 93
145000 1.08761e+08 6.50878e+09 1.96096e+10 2.32103e+07 1.25127e+07 2.78775e+07 1.55697e+07 105 96
146000 1.14049e+08 6.546e+09 1.92891e+10 2.23412e+07 1.19772e+07 2.93722e+07 1.46695e+07 107 98
147000 1.17847e+08 6.55594e+09 2.21147e+10 2.22604e+07 1.02486e+07 3.20505e+07 1.52552e+07 102 100
148000 1.23326e+08 6.55326e+09 1.98698e+10 2.44821e+07 1.23629e+07 3.42148e+07 1.61824e+07 99 93
149000 1.17882e+08 6.56466e+09 2.39441e+10 2.61345e+07 1.26309e+07 2.88622e+07 1.50773e+07 94 96
150000 1.16179e+08 6.60216e+09 2.17789e+10 2.40879e+07 1.31607e+07 3.08518e+07 1.31749e+07 91 100
151000 1.11702e+08 6.64374e+09 2.72368e+10 2.40292e+07 1.37006e+07 2.77132e+07 1.18393e+07 87 99
152000 1.05052e+08 6.72675e+09 3.21159e+10 2.74254e+07 1.66479e+07 2.29808e+07 1.12252e+07 87 101
153000 1.17874e+08 6.74553e+09 2.67572e+10 3.90248e+07 1.83393e+07 2.46112e+07 1.30813e+07 92 99
154000 1.28776e+08 6.69764e+09 3.72488e+10 3.46871e+07 1.65518e+07 3.09149e+07 1.72219e+07 88 90
155000 1.22958e+08 6.6969e+09 3.35011e+10 2.88736e+07 1.52283e+07 2.6526e+07 1.0896e+07 93 101
156000 1.1474e+08 6.7383e+09 3.21112e+10 2.85797e+07 1.51224e+07 2.43184e+07 1.16183e+07 92 100
157000 1.15362e+08 6.78645e+09 2.57448e+10 3.76642e+07 2.44867e+07 2.52954e+07 1.27771e+07 85 93
158000 1.12429e+08 6.83839e+09 3.664e+10 3.63881e+07 1.95298e+07 2.49386e+07 1.2813e+07 73 96
159000 1.13165e+08 6.88657e+09 2.68801e+10 4.23125e+07 2.92806e+07 2.41113e+07 1.24937e+07 76 100
160000 1.17169e+08 6.90639e+09 4.30237e+10 4.9596e+07 2.82192e+07 2.59163e+07 1.26339e+07 70 88
161000 1.38553e+08 6.82255e+09 3.09454e+10 4.77488e+07 2.27019e+07 2.99558e+07 1.60775e+07 90 89
162000 1.41783e+08 6.74376e+09 2.82912e+10 3.98065e+07 1.8751e+07 3.16853e+07 1.83258e+07 93 85
163000 1.34277e+08 6.69976e+09 2.80059e+10 3.22794e+07 1.45836e+07 3.15106e+07 1.77137e+07 98 84
164000 1.21393e+08 6.70649e+09 2.85299e+10 3.87939e+07 1.98438e+07 2.85655e+07 1.52435e+07 93 93
165000 1.23053e+08 6.71349e+09 2.25429e+10 2.77697e+07 1.44197e+07 3.42173e+07 1.91758e+07 95 93
166000 1.27609e+08 6.67489e+09 1.7652e+10 2.38964e+07 1.3421e+07 3.77372e+07 1.83406e+07 97 98
167000 1.32047e+08 6.62091e+09 1.58429e+10 2.32854e+07 1.28023e+07 3.43821e+07 1.49041e+07 91 114
168000 1.24526e+08 6.60673e+09 2.05857e+10 2.20054e+07 1.24043e+07 3.09395e+07 1.57538e+07 96 109
169000 1.22135e+08 6.62177e+09 1.77569e+10 2.57908e+07 1.72677e+07 3.20038e+07 1.76063e+07 82 125
170000 1.34106e+08 6.5424e+09 2.11726e+10 2.93472e+07 1.99593e+07 3.17578e+07 1.1528e+07 81 131
171000 1.48295e+08 6.40922e+09 1.2307e+10 3.95871e+07 2.10465e+07 2.72214e+07 1.05909e+07 88 132
172000 1.40307e+08 6.34461e+09 1.28448e+10 3.29984e+07 1.36611e+07 2.28445e+07 1.18485e+07 95 128
173000 1.22379e+08 6.37805e+09 1.51088e+10 2.65595e+07 1.2379e+07 2.40876e+07 1.42938e+07 97 115
174000 1.07917e+08 6.45369e+09 1.44345e+10 2.47621e+07 1.3662e+07 1.94746e+07 1.00924e+07 90 124
175000 1.02023e+08 6.54283e+09 2.06127e+10 2.43397e+07 1.40532e+07 2.01153e+07 1.07142e+07 95 114
176000 1.04844e+08 6.61886e+09 2.40965e+10 2.99719e+07 1.66914e+07 2.47559e+07 1.44385e+07 92 108
177000 1.15172e+08 6.65605e+09 2.33382e+10 3.27333e+07 1.66028e+07 2.64137e+07 1.71359e+07 87 98
178000 1.26348e+08 6.63697e+09 1.53706e+10 3.26782e+07 1.65953e+07 3.52516e+07 2.19926e+07 90 105
179000 1.34475e+08 6.5743e+09 1.94699e+10 2.87745e+07 1.59858e+07 3.2287e+07 1.58727e+07 95 110
180000 1.3602e+08 6.49894e+09 2.23053e+10 2.89315e+07 1.6334e+07 3.03994e+07 1.35316e+07 91 114
181000 1.34022e+08 6.4719e+09 2.27287e+10 3.25545e+07 1.97184e+07 5.03932e+07 2.83114e+07 83 111
182000 1.3669e+08 6.41128e+09 1.59737e+10 4.38359e+07 2.67399e+07 2.65885e+07 1.12573e+07 83 123
183000 1.28607e+08 6.38127e+09 2.66001e+10 2.91797e+07 1.6295e+07 2.39172e+07 1.21137e+07 88 128
184000 1.2444e+08 6.36688e+09 3.67948e+10 2.96117e+07 1.66793e+07 3.68316e+07 2.00815e+07 87 128
185000 1.34525e+08 6.31987e+09 3.27138e+10 4.06827e+07 2.43385e+07 2.63468e+07 1.33023e+07 82 117
186000 1.35032e+08 6.26233e+09 2.42375e+10 3.42017e+07 1.55113e+07 2.49945e+07 1.41004e+07 90 127
187000 1.29107e+08 6.25871e+09 1.86711e+10 3.56724e+07 2.17621e+07 2.36688e+07 1.29468e+07 78 123
188000 1.21154e+08 6.27253e+09 1.23233e+10 3.1852e+07 1.94953e+07 2.11047e+07 1.12784e+07 81 131
189000 1.13739e+08 6.30404e+09 2.56634e+10 2.72604e+07 1.52036e+07 2.23753e+07 1.20726e+07 84 119
190000 1.12736e+08 6.35352e+09 2.73275e+10 3.64597e+07 2.49635e+07 2.28125e+07 1.26509e+07 79 121
191000 1.17531e+08 6.38723e+09 2.717e+10 3.14631e+07 1.82473e+07 4.156e+07 1.9114e+07 83 106
192000 1.21961e+08 6.39111e+09 2.31215e+10 3.19354e+07 1.75995e+07 2.59054e+07 1.3025e+07 80 115
193000 1.19411e+08 6.39403e+09 2.50439e+10 2.94495e+07 1.61194e+07 2.65152e+07 1.22778e+07 87 109
194000 1.15187e+08 6.42825e+09 2.31123e+10 3.07289e+07 1.78857e+07 2.44217e+07 1.09934e+07 84 107
195000 1.11891e+08 6.47933e+09 2.54089e+10 2.94011e+07 1.64708e+07 2.68033e+07 1.41096e+07 80 105
196000 1.12152e+08 6.52204e+09 2.52421e+10 2.94973e+07 1.62255e+07 3.00843e+07 1.69069e+07 84 106
197000 1.15754e+08 6.55389e+09 1.78254e+10 3.22833e+07 2.02584e+07 2.49744e+07 1.24458e+07 83 102
198000 1.12997e+08 6.58445e+09 2.02612e+10 2.92266e+07 1.72486e+07 2.29057e+07 1.18051e+07 87 107
199000 1.14151e+08 6.62488e+09 2.21547e+10 3.10889e+07 1.83596e+07 2.35098e+07 1.31653e+07 88 103
200000 1.15834e+08 6.64248e+09 2.5374e+10 3.06363e+07 1.7494e+07 2.41152e+07 1.37583e+07 95 98
201000 1.18823e+08 6.66157e+09 2.75246e+10 3.33191e+07 1.81117e+07 2.50237e+07 1.52962e+07 91 98
202000 1.22636e+08 6.65834e+09 2.36956e+10 3.4657e+07 1.83971e+07 2.54301e+07 1.5139e+07 91 103
203000 1.36594e+08 6.5894e+09 1.7847e+10 3.28906e+07 1.67894e+07 3.40319e+07 1.59304e+07 95 107
204000 1.42019e+08 6.47404e+09 1.78285e+10 2.9619e+07 1.6953e+07 3.11369e+07 1.23623e+07 94 117
205000 1.36288e+08 6.42442e+09 1.66365e+10 2.40617e+07 1.34033e+07 3.08738e+07 1.26075e+07 101 121
206000 1.32693e+08 6.36896e+09 2.24049e+10 2.38948e+07 1.49753e+07 2.82412e+07 1.13072e+07 97 127
207000 1.23996e+08 6.37792e+09 2.06129e+10 2.60453e+07 1.53019e+07 2.47988e+07 1.20047e+07 88 125
208000 1.15389e+08 6.41462e+09 2.96316e+10 2.60697e+07 1.37045e+07 2.26572e+07 1.04382e+07 87 126
209000 1.16018e+08 6.45774e+09 2.38959e+10 3.38243e+07 2.07533e+07 2.0618e+07 9.59712e+06 75 132
210000 1.19833e+08 6.48499e+09 2.1337e+10 5.63707e+07 4.23573e+07 2.30198e+07 1.287e+07 70 125
211000 1.25328e+08 6.45861e+09 1.96922e+10 3.96779e+07 2.07341e+07 2.06784e+07 1.06651e+07 77 137
212000 1.34835e+08 6.39828e+09 2.16658e+10 4.46818e+07 2.41217e+07 2.57067e+07 1.19498e+07 76 130
213000 1.35724e+08 6.34134e+09 1.85002e+10 3.20951e+07 1.7142e+07 2.6019e+07 1.23907e+07 84 129
214000 1.3377e+08 6.30593e+09 1.67598e+10 3.82111e+07 2.4571e+07 2.89478e+07 1.60146e+07 81 120
215000 1.28915e+08 6.27959e+09 1.71431e+10 2.98468e+07 1.62561e+07 2.82626e+07 1.56648e+07 81 117
216000 1.23203e+08 6.27902e+09 1.74377e+10 2.32099e+07 1.10016e+07 2.67184e+07 1.48513e+07 87 128
217000 1.18453e+08 6.28987e+09 2.05773e+10 2.44526e+07 1.32494e+07 2.89062e+07 1.45919e+07 80 129
218000 1.2526e+08 6.26423e+09 1.67104e+10 2.67943e+07 1.65423e+07 2.97991e+07 1.30792e+07 77 132
219000 1.2114e+08 6.26449e+09 1.22335e+10 2.4233e+07 1.42319e+07 2.43048e+07 1.06408e+07 76 148
220000 1.15427e+08 6.30626e+09 6.50943e+09 2.49401e+07 1.55211e+07 2.23668e+07 1.08854e+07 76 149
221000 1.13804e+08 6.35285e+09 7.27036e+09 3.30688e+07 1.97727e+07 2.35521e+07 1.05568e+07 73 143
222000 1.11625e+08 6.39188e+09 1.3312e+10 2.9947e+07 1.93528e+07 2.81298e+07 1.20415e+07 71 136
223000 1.14944e+08 6.41741e+09 1.83038e+10 3.63772e+07 2.54828e+07 2.13721e+07 9.78763e+06 62 135
224000 1.22502e+08 6.41491e+09 1.71333e+10 3.7699e+07 2.35731e+07 2.37661e+07 1.30014e+07 72 130
225000 1.31352e+08 6.37002e+09 2.81357e+10 4.34649e+07 2.6512e+07 2.31053e+07 1.16808e+07 71 130
226000 1.30005e+08 6.32488e+09 2.71295e+10 3.67258e+07 2.05112e+07 2.42591e+07 1.28462e+07 73 126
227000 1.27951e+08 6.31589e+09 1.94161e+10 3.25754e+07 1.96921e+07 3.86176e+07 1.94613e+07 79 131
228000 1.24584e+08 6.31544e+09 2.28516e+10 2.89458e+07 1.62026e+07 2.58455e+07 1.21982e+07 79 123
229000 1.21606e+08 6.31553e+09 2.55868e+10 3.21088e+07 1.91869e+07 2.48356e+07 1.24512e+07 78 126
230000 1.33805e+08 6.28133e+09 1.79284e+10 3.64427e+07 1.73232e+07 3.26268e+07 1.98732e+07 81 116
231000 1.2532e+08 6.2568e+09 2.16292e+10 3.00417e+07 1.60944e+07 2.66215e+07 1.44003e+07 79 113
232000 1.16225e+08 6.29328e+09 2.90198e+10 2.85079e+07 1.71506e+07 2.62375e+07 1.3619e+07 74 115
233000 1.12789e+08 6.32707e+09 2.68521e+10 2.59776e+07 1.50436e+07 2.47266e+07 1.20307e+07 76 125
234000 1.11919e+08 6.37227e+09 2.58261e+10 2.8842e+07 1.81924e+07 2.491e+07 1.26843e+07 65 124
235000 1.08433e+08 6.43056e+09 2.16915e+10 2.49213e+07 1.37558e+07 2.47882e+07 1.34022e+07 71 125
236000 1.09175e+08 6.49357e+09 1.64398e+10 2.63704e+07 1.76528e+07 2.55496e+07 1.36015e+07 72 122
237000 1.11902e+08 6.53364e+09 1.46544e+10 2.88271e+07 1.85822e+07 2.56399e+07 1.23452e+07 68 125
238000 1.17195e+08 6.55317e+09 1.30382e+10 3.02278e+07 1.93488e+07 2.72818e+07 1.50967e+07 72 119
239000 1.21433e+08 6.5462e+09 1.61262e+10 3.38248e+07 1.95264e+07 2.65133e+07 1.46974e+07 68 126
240000 1.21994e+08 6.53719e+09 2.17212e+10 3.43817e+07 2.02924e+07 2.72639e+07 1.37803e+07 62 129
241000 1.27654e+08 6.51359e+09 2.24049e+10 2.97873e+07 1.64639e+07 3.8048e+07 2.23538e+07 71 120
242000 1.3839e+08 6.42949e+09 2.09593e+10 2.89194e+07 1.62599e+07 3.57349e+07 1.55002e+07 74 121
243000 1.36625e+08 6.35945e+09 2.66083e+10 3.24676e+07 1.79741e+07 3.18333e+07 1.4908e+07 69 120
244000 1.29528e+08 6.34142e+09 2.03276e+10 3.34381e+07 1.86029e+07 2.85992e+07 1.5261e+07 71 127
245000 1.27087e+08 6.33646e+09 1.50086e+10 4.20289e+07 2.51953e+07 2.26502e+07 1.21932e+07 63 138
246000 1.25344e+08 6.3306e+09 1.68801e+10 4.36883e+07 2.82624e+07 2.48656e+07 1.35527e+07 58 123
247000 1.20975e+08 6.33557e+09 1.38895e+10 3.69337e+07 2.50772e+07 2.35171e+07 1.21928e+07 69 125
248000 1.13972e+08 6.36113e+09 1.51998e+10 2.95042e+07 1.54294e+07 2.21695e+07 1.12439e+07 76 128
249000 1.09686e+08 6.42142e+09 2.36786e+10 2.99777e+07 1.73166e+07 2.29878e+07 1.26975e+07 68 127
250000 1.08197e+08 6.47468e+09 1.91303e+10 2.90051e+07 1.77753e+07 2.23257e+07 1.07189e+07 68 134
251000 1.11263e+08 6.52702e+09 1.89838e+10 2.83907e+07 1.69145e+07 2.82287e+07 1.60223e+07 69 118
252000 1.14176e+08 6.55772e+09 1.71799e+10 2.95096e+07 1.61686e+07 2.62799e+07 1.36977e+07 71 128
253000 1.17803e+08 6.58118e+09 1.37657e+10 3.41959e+07 1.97729e+07 2.68763e+07 1.5224e+07 63 124
254000 1.20826e+08 6.57094e+09 1.43507e+10 3.25528e+07 1.86445e+07 2.99139e+07 1.7107e+07 62 130
255000 1.25515e+08 6.53498e+09 2.35259e+10 2.94115e+07 1.59706e+07 2.68039e+07 1.22785e+07 65 141
256000 1.16973e+08 6.55613e+09 3.94652e+10 2.44848e+07 1.1761e+07 2.6168e+07 1.28571e+07 69 130
257000 1.08625e+08 6.61206e+09 3.13806e+10 2.65024e+07 1.61013e+07 2.23115e+07 9.78255e+06 62 141
258000 1.06782e+08 6.69035e+09 3.30278e+10 2.76025e+07 1.55762e+07 2.38167e+07 1.17815e+07 57 138
259000 1.16364e+08 6.70185e+09 2.49756e+10 2.96474e+07 1.82993e+07 2.78941e+07 1.25886e+07 55 142
260000 1.29023e+08 6.66331e+09 2.11766e+10 3.48927e+07 2.05748e+07 3.2618e+07 1.74453e+07 55 129
261000 1.34448e+08 6.60166e+09 1.79298e+10 4.50239e+07 3.3283e+07 3.13927e+07 1.62443e+07 56 134
262000 1.3322e+08 6.54331e+09 2.08073e+10 3.32958e+07 1.85496e+07 2.87854e+07 1.42542e+07 62 140
263000 1.26211e+08 6.52082e+09 1.94299e+10 2.68337e+07 1.45988e+07 2.88715e+07 1.5035e+07 62 143
264000 1.26451e+08 6.51231e+09 1.18897e+10 2.8826e+07 1.91182e+07 2.74203e+07 1.44012e+07 61 148
265000 1.25412e+08 6.4757e+09 1.32331e+10 2.77666e+07 1.466e+07 2.46165e+07 1.18926e+07 63 164
266000 1.28312e+08 6.43419e+09 8.25363e+09 2.79372e+07 1.32434e+07 2.9408e+07 1.56349e+07 65 154
267000 1.31351e+08 6.3932e+09 5.48044e+09 2.79707e+07 1.58788e+07 2.7613e+07 1.54439e+07 63 158
268000 1.34809e+08 6.33646e+09 8.86796e+09 2.83229e+07 1.63639e+07 2.89728e+07 1.51123e+07 65 154
269000 1.38641e+08 6.2604e+09 1.89951e+10 3.12511e+07 1.82025e+07 2.9692e+07 1.50583e+07 63 148
270000 1.38827e+08 6.17956e+09 1.68817e+10 3.21475e+07 1.62193e+07 2.97045e+07 1.48293e+07 65 156
271000 1.32613e+08 6.14521e+09 1.8256e+10 3.54399e+07 2.15359e+07 2.56253e+07 1.30323e+07 56 151
272000 1.24184e+08 6.13659e+09 1.73916e+10 2.91912e+07 1.59716e+07 2.73643e+07 1.52189e+07 58 164
273000 1.25538e+08 6.12524e+09 1.53758e+10 2.53641e+07 1.38136e+07 2.70405e+07 1.48173e+07 59 152
274000 1.1772e+08 6.14738e+09 1.97087e+10 2.86591e+07 1.76606e+07 2.30642e+07 1.20793e+07 50 158
275000 1.12216e+08 6.20271e+09 2.15498e+10 3.12646e+07 2.00801e+07 2.34243e+07 1.31208e+07 46 152
276000 1.09986e+08 6.25707e+09 1.99556e+10 3.16487e+07 1.84719e+07 2.37698e+07 1.30197e+07 43 151
277000 1.10483e+08 6.31094e+09 1.36899e+10 3.26472e+07 2.08101e+07 2.50587e+07 1.50072e+07 38 149
278000 1.05766e+08 6.36381e+09 2.04154e+10 2.86818e+07 1.75274e+07 2.43225e+07 1.3059e+07 37 151
279000 1.04835e+08 6.43814e+09 2.33734e+10 1.0535e+08 9.41096e+07 2.38837e+07 1.27829e+07 37 157
280000 1.00892e+08 6.52117e+09 4.26744e+10 3.33203e+07 2.0641e+07 2.78611e+07 1.69545e+07 26 136
281000 1.02481e+08 6.59419e+09 3.19735e+10 2.79413e+07 1.5082e+07 2.63485e+07 1.49177e+07 31 150
282000 1.07645e+08 6.64899e+09 2.48439e+10 3.16345e+07 2.20452e+07 2.66732e+07 1.38968e+07 28 158
283000 1.11246e+08 6.68078e+09 2.17355e+10 3.1545e+07 2.29606e+07 2.78575e+07 1.46255e+07 24 154
284000 1.09642e+08 6.72026e+09 3.09579e+10 3.87515e+07 2.94353e+07 3.03813e+07 1.6612e+07 22 154
285000 1.11465e+08 6.74667e+09 2.98445e+10 4.25295e+07 2.72908e+07 2.7947e+07 1.50789e+07 23 150
286000 1.13226e+08 6.76511e+09 2.76893e+10 4.2055e+07 2.87585e+07 2.82875e+07 1.3498e+07 25 163
287000 1.18341e+08 6.76888e+09 1.8715e+10 3.32195e+07 2.12095e+07 2.93721e+07 1.51604e+07 29 160
288000 1.22276e+08 6.74842e+09 1.45395e+10 3.14092e+07 2.21718e+07 2.78348e+07 1.35892e+07 30 172
289000 1.27355e+08 6.7153e+09 1.5257e+10 4.23796e+07 2.78956e+07 2.92949e+07 1.4985e+07 26 166
290000 1.25391e+08 6.68344e+09 2.20848e+10 4.08202e+07 2.64309e+07 2.72588e+07 1.3541e+07 29 167
291000 1.26091e+08 6.65478e+09 1.43337e+10 4.71367e+07 2.6425e+07 2.7621e+07 1.4839e+07 31 171
292000 1.22981e+08 6.62919e+09 2.19358e+10 4.50555e+07 2.92725e+07 2.34304e+07 1.04989e+07 31 177
293000 1.20067e+08 6.62606e+09 4.13345e+10 4.18475e+07 2.56683e+07 3.79356e+07 2.59706e+07 28 166
294000 1.27014e+08 6.61409e+09 2.58102e+10 4.33892e+07 2.06402e+07 3.94205e+07 2.71367e+07 37 180
295000 1.38723e+08 6.53102e+09 1.95056e+10 3.8773e+07 1.51533e+07 3.04041e+07 1.73555e+07 42 164
296000 1.37901e+08 6.45953e+09 2.05326e+10 3.30401e+07 1.38223e+07 3.16393e+07 1.73456e+07 39 153
297000 1.28248e+08 6.41494e+09 3.29421e+10 2.96799e+07 1.11793e+07 3.11374e+07 1.68164e+07 35 152
298000 1.22778e+08 6.41311e+09 2.47448e+10 3.37294e+07 1.79614e+07 2.66861e+07 1.42068e+07 28 170
299000 1.16949e+08 6.43529e+09 2.23578e+10 2.56346e+07 1.29602e+07 2.454e+07 1.25231e+07 32 183
300000 1.1948e+08 6.43259e+09 1.57529e+10 2.36869e+07 1.15638e+07 2.8553e+07 1.53287e+07 30 187
301000 1.23368e+08 6.41226e+09 2.23665e+10 2.41993e+07 1.26224e+07 2.91615e+07 1.46017e+07 28 175
302000 1.22796e+08 6.39075e+09 2.41323e+10 2.75553e+07 1.40967e+07 2.72838e+07 1.2702e+07 26 186
303000 1.16004e+08 6.41851e+09 1.90328e+10 2.74662e+07 1.4738e+07 2.34272e+07 1.20306e+07 25 189
304000 1.07469e+08 6.48058e+09 1.3409e+10 2.62781e+07 1.38533e+07 2.25349e+07 1.19807e+07 25 184
305000 1.01622e+08 6.56372e+09 1.86664e+10 2.61475e+07 1.55393e+07 2.16732e+07 1.15675e+07 23 188
306000 1.04554e+08 6.63427e+09 2.15892e+10 2.91193e+07 1.89561e+07 2.96153e+07 1.78723e+07 21 167
307000 1.12736e+08 6.66295e+09 1.51804e+10 2.35778e+07 1.1019e+07 2.70227e+07 1.46429e+07 21 179
308000 1.18984e+08 6.65629e+09 1.26756e+10 2.41921e+07 1.60974e+07 2.80635e+07 1.50016e+07 20 186
309000 1.23111e+08 6.63641e+09 1.9761e+10 1.86296e+07 8.53624e+06 2.93306e+07 1.49344e+07 22 182
310000 1.27361e+08 6.59647e+09 1.86146e+10 2.36302e+07 1.27778e+07 3.0972e+07 1.58954e+07 18 180
311000 1.23202e+08 6.56121e+09 3.35325e+10 2.49064e+07 1.32636e+07 2.92728e+07 1.40641e+07 16 181
312000 1.23499e+08 6.54258e+09 2.82842e+10 3.80265e+07 2.55131e+07 3.18896e+07 1.80986e+07 14 183
313000 1.23443e+08 6.53362e+09 2.06462e+10 4.56883e+07 2.84071e+07 2.56434e+07 1.27404e+07 16 190
314000 1.23083e+08 6.54046e+09 1.43323e+10 3.77454e+07 1.77398e+07 2.65576e+07 1.40777e+07 20 183
315000 1.18738e+08 6.54131e+09 2.54676e+10 4.27074e+07 2.31699e+07 2.80072e+07 1.50801e+07 19 176
316000 1.21145e+08 6.53755e+09 1.12619e+10 3.55524e+07 2.08623e+07 2.9809e+07 1.76531e+07 20 188
317000 1.20807e+08 6.5383e+09 9.52336e+09 3.26093e+07 1.98475e+07 2.67163e+07 1.38916e+07 18 192
318000 1.16918e+08 6.54453e+09 2.49283e+10 3.37229e+07 2.0091e+07 2.58907e+07 1.46382e+07 19 184
319000 1.1673e+08 6.55236e+09 3.10487e+10 3.8039e+07 2.10684e+07 2.63208e+07 1.37846e+07 21 180
320000 1.33272e+08 6.497e+09 9.84732e+09 5.09939e+07 2.45191e+07 2.86623e+07 1.56857e+07 27 180
321000 1.38564e+08 6.4002e+09 1.41015e+10 4.46679e+07 1.83857e+07 2.82932e+07 1.59086e+07 29 179
322000 1.27948e+08 6.35901e+09 2.54617e+10 2.97342e+07 1.2151e+07 3.11362e+07 1.4883e+07 32 183
323000 1.19331e+08 6.38091e+09 2.93516e+10 2.68944e+07 1.13409e+07 2.73117e+07 1.4781e+07 32 172
324000 1.12072e+08 6.415e+09 2.48935e+10 2.44274e+07 8.10484e+06 2.90663e+07 1.56195e+07 33 172
325000 1.10942e+08 6.47164e+09 1.30699e+10 3.01296e+07 1.3633e+07 2.71133e+07 1.5338e+07 25 178
326000 1.06909e+08 6.53244e+09 7.53582e+09 2.84e+07 1.34836e+07 2.17616e+07 1.19328e+07 23 193
327000 1.05854e+08 6.59941e+09 1.10668e+10 2.76417e+07 1.81419e+07 2.50653e+07 1.52855e+07 21 183
328000 1.104e+08 6.63682e+09 1.28163e+10 2.55874e+07 1.64993e+07 2.78125e+07 1.71559e+07 22 171
329000 1.18175e+08 6.62704e+09 2.64395e+10 4.05565e+07 3.04864e+07 3.17672e+07 1.7669e+07 23 163
330000 1.23023e+08 6.58751e+09 3.41899e+10 3.36945e+07 2.18051e+07 3.95479e+07 2.44717e+07 22 179
331000 1.27683e+08 6.5469e+09 2.05171e+10 2.36689e+07 1.1156e+07 2.98196e+07 1.52277e+07 25 182
332000 1.33921e+08 6.48665e+09 1.11214e+10 2.30677e+07 1.09041e+07 3.102e+07 1.47073e+07 23 191
333000 1.34681e+08 6.41334e+09 9.31942e+09 2.13951e+07 8.47023e+06 2.99804e+07 1.58373e+07 24 193
334000 1.26566e+08 6.37452e+09 1.52226e+10 2.69701e+07 1.44777e+07 2.62247e+07 1.34635e+07 20 213
335000 1.19196e+08 6.3852e+09 1.18501e+10 2.28057e+07 1.2309e+07 2.43978e+07 1.3111e+07 22 208
336000 1.08253e+08 6.4321e+09 3.1978e+10 2.45106e+07 1.32317e+07 2.24848e+07 1.11599e+07 20 196
337000 1.06804e+08 6.49078e+09 2.24587e+10 2.81306e+07 1.83927e+07 2.34443e+07 1.20402e+07 23 197
338000 1.10087e+08 6.55032e+09 2.01096e+10 3.17901e+07 2.19629e+07 2.48921e+07 1.44295e+07 23 175
339000 1.09922e+08 6.58128e+09 1.98565e+10 3.1718e+07 1.85263e+07 2.37458e+07 1.23298e+07 29 179
340000 1.14422e+08 6.61438e+09 2.35919e+10 4.1445e+07 2.67856e+07 2.39604e+07 1.25555e+07 22 183
341000 1.16745e+08 6.62129e+09 2.07909e+10 3.99218e+07 2.25645e+07 2.44876e+07 1.26129e+07 22 179
342000 1.1827e+08 6.63701e+09 1.26685e+10 4.14829e+07 2.4508e+07 2.67819e+07 1.52854e+07 20 177
343000 1.15292e+08 6.65492e+09 1.08131e+10 3.85813e+07 2.63468e+07 2.44875e+07 1.3314e+07 20 181
344000 1.13048e+08 6.68094e+09 1.04412e+10 2.95847e+07 1.81781e+07 2.55881e+07 1.41202e+07 24 176
345000 1.17024e+08 6.69494e+09 1.09257e+10 3.13369e+07 1.79556e+07 2.71778e+07 1.57774e+07 25 174
346000 1.27728e+08 6.64808e+09 1.77277e+10 3.90254e+07 1.44575e+07 3.0845e+07 1.70988e+07 28 173
347000 1.49305e+08 6.49879e+09 1.90466e+10 4.06244e+07 1.56355e+07 3.71447e+07 1.94764e+07 25 178
348000 1.44398e+08 6.37814e+09 2.01772e+10 2.37135e+07 9.48217e+06 3.13566e+07 1.48557e+07 31 185
349000 1.36854e+08 6.31278e+09 1.34562e+10 2.39824e+07 1.30202e+07 2.89612e+07 1.36237e+07 27 197
350000 1.2732e+08 6.27858e+09 1.10221e+10 2.31372e+07 1.509e+07 2.60005e+07 1.23381e+07 25 203
351000 1.17429e+08 6.2951e+09 1.39902e+10 2.14523e+07 1.45356e+07 2.31324e+07 1.13577e+07 27 199
352000 1.11525e+08 6.33527e+09 1.28025e+10 2.36144e+07 1.71958e+07 2.256e+07 1.18076e+07 25 197
353000 1.07257e+08 6.39207e+09 2.09707e+10 2.414e+07 1.50271e+07 2.31748e+07 1.29805e+07 26 188
354000 1.06536e+08 6.44494e+09 1.87299e+10 2.50527e+07 1.56556e+07 2.28309e+07 1.19236e+07 26 190
355000 1.0594e+08 6.49838e+09 1.75244e+10 2.0585e+07 1.08253e+07 2.09819e+07 1.02562e+07 30 200
356000 1.07388e+08 6.55614e+09 1.73556e+10 2.36607e+07 1.19644e+07 2.28404e+07 1.11563e+07 26 193
357000 1.11707e+08 6.59726e+09 7.49733e+09 2.90911e+07 1.9192e+07 2.43754e+07 1.23753e+07 28 180
358000 1.1495e+08 6.62192e+09 1.18742e+10 3.39526e+07 2.08524e+07 3.15501e+07 1.67744e+07 29 166
359000 1.16604e+08 6.64984e+09 2.22796e+10 2.86354e+07 1.72414e+07 2.76353e+07 1.61716e+07 21 170
360000 1.18781e+08 6.65569e+09 2.14554e+10 3.2137e+07 2.21444e+07 3.01721e+07 1.75376e+07 21 165
361000 1.2361e+08 6.62291e+09 3.83858e+10 3.13841e+07 1.82367e+07 3.31422e+07 1.78454e+07 21 159
362000 1.37321e+08 6.52704e+09 2.41024e+10 3.11967e+07 2.04641e+07 3.30414e+07 1.58447e+07 22 179
363000 1.38027e+08 6.45288e+09 2.01176e+10 2.651e+07 1.30227e+07 3.33387e+07 1.77699e+07 24 176
364000 1.32818e+08 6.39316e+09 2.32248e+10 2.93654e+07 1.60575e+07 3.04516e+07 1.62732e+07 19 180
365000 1.3151e+08 6.35202e+09 2.56834e+10 2.94923e+07 1.36484e+07 3.46738e+07 1.9242e+07 18 171
366000 1.26708e+08 6.31857e+09 1.53894e+10 2.6429e+07 1.47201e+07 3.33896e+07 1.94149e+07 19 187
367000 1.15075e+08 6.34316e+09 1.56972e+10 2.13067e+07 1.03702e+07 2.44677e+07 1.32899e+07 22 190
368000 1.0628e+08 6.39751e+09 1.34481e+10 1.90708e+07 8.07645e+06 2.94428e+07 1.85922e+07 23 197
369000 1.0187e+08 6.47459e+09 1.28995e+10 1.82222e+07 8.21114e+06 2.26842e+07 1.29302e+07 22 197
370000 1.03623e+08 6.55118e+09 1.24506e+10 1.93425e+07 1.01402e+07 2.31808e+07 1.37554e+07 21 191
371000 1.05884e+08 6.60526e+09 1.30528e+10 2.12275e+07 9.55185e+06 2.72248e+07 1.43336e+07 19 194
372000 1.10807e+08 6.63925e+09 2.07729e+10 3.24957e+07 2.03436e+07 2.721e+07 1.50074e+07 14 197
373000 1.13781e+08 6.65618e+09 2.27072e+10 4.60266e+07 4.14913e+07 2.47779e+07 1.24597e+07 9 196
374000 1.17038e+08 6.65755e+09 1.4348e+10 3.2956e+07 2.20399e+07 2.66786e+07 1.27733e+07 12 203
375000 1.19871e+08 6.64289e+09 1.82797e+10 3.09458e+07 2.13165e+07 2.69216e+07 1.35324e+07 12 198
376000 1.24451e+08 6.61232e+09 1.92427e+10 2.09631e+07 9.65526e+06 2.95936e+07 1.52783e+07 14 187
377000 1.24156e+08 6.58293e+09 2.28429e+10 3.43491e+07 2.30561e+07 2.5592e+07 1.27725e+07 13 206
378000 1.21017e+08 6.56799e+09 3.17182e+10 2.97808e+07 1.85919e+07 2.60034e+07 1.25139e+07 12 202
379000 1.2227e+08 6.55431e+09 1.85067e+10 2.07319e+07 9.46132e+06 2.61681e+07 1.40285e+07 17 202
380000 1.20097e+08 6.54164e+09 1.5822e+10 2.16206e+07 9.4127e+06 2.46397e+07 1.20167e+07 18 227
381000 1.21473e+08 6.54123e+09 1.85011e+10 2.30886e+07 1.18199e+07 2.70524e+07 1.34777e+07 17 208
382000 1.2326e+08 6.51855e+09 1.58124e+10 2.55912e+07 1.3218e+07 2.59053e+07 1.31116e+07 17 209
383000 1.23461e+08 6.50491e+09 1.80759e+10 2.67529e+07 1.63663e+07 2.72578e+07 1.31976e+07 15 198
384000 1.30512e+08 6.46222e+09 9.22261e+09 3.52961e+07 2.3041e+07 2.65453e+07 1.24144e+07 13 215
385000 1.25599e+08 6.43486e+09 1.11906e+10 2.98832e+07 1.82074e+07 2.38044e+07 1.11651e+07 14 217
386000 1.18255e+08 6.44911e+09 1.14345e+10 2.80269e+07 1.52546e+07 2.8491e+07 1.50826e+07 15 206
387000 1.1679e+08 6.47395e+09 6.1928e+09 2.93014e+07 1.96498e+07 3.1715e+07 1.87639e+07 15 202
388000 1.15391e+08 6.49112e+09 1.34006e+10 3.12744e+07 1.91209e+07 2.7497e+07 1.35536e+07 15 199
389000 1.14573e+08 6.51006e+09 1.70718e+10 2.84074e+07 1.4847e+07 2.5641e+07 1.40635e+07 17 204
390000 1.16021e+08 6.52365e+09 1.7473e+10 3.35658e+07 1.9908e+07 2.64301e+07 1.47133e+07 14 190
391000 1.16129e+08 6.53107e+09 1.63123e+10 3.28246e+07 1.59993e+07 2.55367e+07 1.34366e+07 16 191
392000 1.15935e+08 6.55013e+09 2.22633e+10 3.34262e+07 1.73484e+07 2.9288e+07 1.73407e+07 13 188
393000 1.19391e+08 6.56146e+09 2.56359e+10 4.34663e+07 2.90528e+07 2.70057e+07 1.37187e+07 10 192
394000 1.1919e+08 6.55152e+09 1.37341e+10 3.8166e+07 2.39729e+07 2.94104e+07 1.65054e+07 10 200
395000 1.15412e+08 6.56349e+09 2.22423e+10 2.98215e+07 1.35725e+07 2.6171e+07 1.34395e+07 9 191
396000 1.11886e+08 6.59975e+09 1.74955e+10 2.76802e+07 1.29766e+07 3.04546e+07 1.92916e+07 9 199
397000 1.0874e+08 6.65362e+09 1.94224e+10 2.56309e+07 1.20938e+07 2.45985e+07 1.34201e+07 9 195
398000 1.11323e+08 6.68366e+09 2.71186e+10 2.19335e+07 9.79268e+06 2.85693e+07 1.54274e+07 10 190
399000 1.25681e+08 6.63265e+09 2.92133e+10 1.45016e+07 5.03895e+06 3.2586e+07 1.6093e+07 14 184
400000 1.36578e+08 6.5465e+09 2.30356e+10 1.70354e+07 8.24355e+06 3.84329e+07 1.83131e+07 12 198
401000 1.32929e+08 6.49146e+09 1.94561e+10 1.75175e+07 7.6545e+06 3.03952e+07 1.54324e+07 12 188
402000 1.21745e+08 6.48069e+09 2.04158e+10 2.47877e+07 1.34992e+07 2.7638e+07 1.55396e+07 10 190
403000 1.16948e+08 6.50301e+09 1.53068e+10 4.37438e+07 3.41461e+07 2.50318e+07 1.41926e+07 9 197
404000 1.15313e+08 6.52858e+09 1.52072e+10 5.78068e+07 4.64543e+07 3.18592e+07 1.77727e+07 8 196
405000 1.15955e+08 6.53536e+09 1.37538e+10 3.64936e+07 1.68837e+07 2.50607e+07 1.36501e+07 13 198
406000 1.20029e+08 6.52415e+09 1.5224e+10 3.39791e+07 1.55258e+07 2.68593e+07 1.316e+07 13 197
407000 1.2375e+08 6.50143e+09 1.67652e+10 3.1203e+07 1.5616e+07 3.56096e+07 2.16109e+07 13 184
408000 1.22372e+08 6.48934e+09 1.7293e+10 3.79213e+07 2.77162e+07 3.02521e+07 1.72243e+07 17 196
409000 1.19852e+08 6.4876e+09 1.49393e+10 2.76405e+07 1.87585e+07 3.00879e+07 1.63849e+07 18 195
410000 1.20024e+08 6.48739e+09 1.88496e+10 4.56172e+07 2.35037e+07 2.6622e+07 1.48897e+07 16 187
411000 1.21763e+08 6.45996e+09 1.85686e+10 4.74265e+07 1.95897e+07 2.42991e+07 1.22027e+07 18 199
412000 1.21812e+08 6.44943e+09 1.77714e+10 3.86977e+07 1.584e+07 2.24079e+07 1.00521e+07 19 216
413000 1.19194e+08 6.45601e+09 1.59475e+10 4.15583e+07 1.99152e+07 2.242e+07 1.08004e+07 17 209
414000 1.17964e+08 6.46863e+09 1.7069e+10 3.13968e+07 1.60154e+07 2.48334e+07 1.23623e+07 21 192
415000 1.14825e+08 6.48942e+09 2.55233e+10 3.31284e+07 1.90118e+07 2.51946e+07 1.33105e+07 19 182
416000 1.11281e+08 6.53718e+09 2.20163e+10 2.75168e+07 1.30148e+07 2.40844e+07 1.35404e+07 20 192
417000 1.07347e+08 6.59816e+09 2.5324e+10 2.29151e+07 9.56189e+06 2.37719e+07 1.33572e+07 22 183
418000 1.07946e+08 6.6559e+09 2.78654e+10 2.56811e+07 1.27691e+07 3.18218e+07 1.95427e+07 19 169
419000 1.11642e+08 6.68931e+09 2.09383e+10 2.64667e+07 1.46173e+07 3.26185e+07 2.12826e+07 17 177
420000 1.12524e+08 6.70438e+09 2.68155e+10 2.12039e+07 1.02841e+07 2.70877e+07 1.46249e+07 17 180
421000 1.15529e+08 6.70127e+09 1.89736e+10 2.07792e+07 9.76696e+06 2.65293e+07 1.3917e+07 17 196
422000 1.18927e+08 6.70175e+09 9.03556e+09 2.32819e+07 1.04558e+07 2.8468e+07 1.631e+07 16 192
423000 1.15672e+08 6.71041e+09 1.32229e+10 2.41101e+07 1.12251e+07 2.46117e+07 1.2889e+07 16 199
424000 1.15827e+08 6.73309e+09 1.51853e+10 2.65849e+07 1.52028e+07 3.02978e+07 1.89559e+07 16 190
425000 1.20156e+08 6.72994e+09 1.19866e+10 3.65125e+07 2.39677e+07 2.76319e+07 1.49265e+07 17 188
426000 1.29427e+08 6.67237e+09 2.03476e+10 5.56458e+07 2.06023e+07 3.57819e+07 1.93688e+07 21 186
427000 1.33214e+08 6.59562e+09 2.50902e+10 4.18501e+07 1.61326e+07 2.77972e+07 1.45138e+07 22 186
428000 1.33672e+08 6.53567e+09 1.22719e+10 3.00637e+07 1.67976e+07 2.77415e+07 1.3856e+07 27 196
429000 1.34054e+08 6.47046e+09 1.31993e+10 4.21525e+07 2.06189e+07 2.8344e+07 1.5336e+07 23 214
430000 1.3721e+08 6.38405e+09 7.89681e+09 6.50235e+07 2.30904e+07 2.42081e+07 1.20421e+07 22 214
431000 1.3616e+08 6.31508e+09 7.1045e+09 3.61857e+07 1.04523e+07 2.33622e+07 1.18261e+07 26 219
432000 1.26808e+08 6.29223e+09 1.34823e+10 2.27271e+07 1.02524e+07 2.33973e+07 1.15914e+07 26 216
433000 1.24391e+08 6.27546e+09 2.15469e+10 1.8788e+07 1.03778e+07 3.3097e+07 1.42256e+07 26 205
434000 1.24268e+08 6.26407e+09 1.2396e+10 1.66239e+07 1.01353e+07 2.6339e+07 1.3229e+07 25 197
435000 1.16771e+08 6.28938e+09 2.08172e+10 1.93747e+07 1.11732e+07 2.43259e+07 1.24953e+07 22 194
436000 1.12576e+08 6.33194e+09 2.11293e+10 3.59548e+07 2.79807e+07 2.39276e+07 1.25424e+07 13 194
437000 1.10684e+08 6.37189e+09 2.18239e+10 2.75676e+07 1.86736e+07 2.52793e+07 1.36719e+07 14 182
438000 1.11522e+08 6.40522e+09 2.05305e+10 3.56193e+07 3.14818e+07 2.54543e+07 1.31562e+07 10 186
439000 1.10135e+08 6.43847e+09 2.26943e+10 3.45034e+07 2.74047e+07 2.57948e+07 1.36283e+07 11 188
440000 1.08047e+08 6.48137e+09 2.58107e+10 3.14434e+07 1.7314e+07 2.71171e+07 1.46125e+07 14 183
441000 1.12522e+08 6.52099e+09 1.18209e+10 7.12565e+07 3.92085e+07 2.42782e+07 1.27983e+07 12 192
442000 1.1382e+08 6.5441e+09 1.6163e+10 5.46119e+07 3.07411e+07 2.82266e+07 1.46361e+07 12 189
443000 1.1567e+08 6.55197e+09 2.08264e+10 6.44363e+07 4.59078e+07 2.62296e+07 1.29779e+07 15 181
444000 1.14592e+08 6.57915e+09 3.0666e+10 4.82769e+07 3.30556e+07 2.81509e+07 1.45832e+07 13 163
445000 1.13427e+08 6.60696e+09 1.71216e+10 5.19292e+07 4.81159e+07 2.49003e+07 1.264e+07 13 180
446000 1.09882e+08 6.64434e+09 1.71351e+10 3.97031e+07 2.84744e+07 2.41937e+07 1.27965e+07 15 181
447000 1.10604e+08 6.69092e+09 1.20328e+10 3.44973e+07 2.09145e+07 2.82269e+07 1.77478e+07 18 172
448000 1.10014e+08 6.72748e+09 1.90965e+10 3.30196e+07 2.16155e+07 2.76842e+07 1.64574e+07 21 157
449000 1.10946e+08 6.75014e+09 1.9045e+10 3.25479e+07 1.62263e+07 2.62324e+07 1.42536e+07 21 172
450000 1.17243e+08 6.75796e+09 2.25058e+10 2.6842e+07 1.17014e+07 3.11274e+07 1.84322e+07 25 159
451000 1.14034e+08 6.76557e+09 3.29646e+10 3.07666e+07 1.80311e+07 2.8966e+07 1.67679e+07 22 172
452000 1.16986e+08 6.77478e+09 2.35236e+10 3.3605e+07 1.61687e+07 2.77355e+07 1.5146e+07 22 180
453000 1.21596e+08 6.75994e+09 2.85079e+10 3.11612e+07 1.29088e+07 2.70508e+07 1.30711e+07 25 182
454000 1.23211e+08 6.73298e+09 2.84669e+10 3.68703e+07 1.75211e+07 2.83054e+07 1.49964e+07 23 171
455000 1.22667e+08 6.71443e+09 3.51612e+10 3.951e+07 1.5377e+07 2.98736e+07 1.64163e+07 23 169
456000 1.27356e+08 6.6704e+09 2.44017e+10 2.57826e+07 7.8979e+06 3.45636e+07 1.98624e+07 30 177
457000 1.30206e+08 6.61309e+09 1.78454e+10 1.65922e+07 5.47397e+06 2.8005e+07 1.26123e+07 36 194
458000 1.27769e+08 6.58146e+09 2.71733e+10 1.80939e+07 6.30503e+06 2.93568e+07 1.43709e+07 34 183
459000 1.30825e+08 6.53756e+09 2.09218e+10 1.85979e+07 7.2777e+06 3.62246e+07 1.58343e+07 36 179
460000 1.22326e+08 6.5351e+09 1.43766e+10 2.84195e+07 1.48443e+07 2.36833e+07 1.12291e+07 25 196
461000 1.15176e+08 6.56186e+09 9.49329e+09 2.05613e+07 6.90563e+06 2.38539e+07 1.24021e+07 29 195
462000 1.1504e+08 6.58845e+09 2.00546e+10 2.25113e+07 1.03117e+07 2.70623e+07 1.51873e+07 22 184
463000 1.20987e+08 6.57707e+09 1.06267e+10 1.86018e+07 8.04876e+06 3.05729e+07 1.6656e+07 21 185
464000 1.17945e+08 6.56874e+09 1.27386e+10 1.82066e+07 8.97559e+06 2.54463e+07 1.24357e+07 20 198
465000 1.15327e+08 6.58609e+09 1.7218e+10 2.16025e+07 1.2737e+07 2.41081e+07 1.20851e+07 19 204
466000 1.19564e+08 6.58908e+09 2.09008e+10 2.12712e+07 1.22611e+07 2.7667e+07 1.36401e+07 21 192
467000 1.25991e+08 6.55746e+09 1.35614e+10 3.56606e+07 2.20284e+07 2.76544e+07 1.41289e+07 17 198
468000 1.27014e+08 6.53521e+09 1.76194e+10 3.1221e+07 1.53462e+07 2.88355e+07 1.50171e+07 20 186
469000 1.21217e+08 6.52485e+09 2.85844e+10 4.1648e+07 2.34247e+07 2.6329e+07 1.4002e+07 16 186
470000 1.22294e+08 6.51122e+09 1.76328e+10 3.53644e+07 1.88834e+07 2.58861e+07 1.31498e+07 18 197
471000 1.25823e+08 6.48582e+09 1.57548e+10 3.37023e+07 1.9716e+07 2.80671e+07 1.49941e+07 17 189
472000 1.27277e+08 6.44201e+09 2.09892e+10 2.59263e+07 1.27188e+07 2.74996e+07 1.28806e+07 20 195
473000 1.29981e+08 6.39994e+09 2.45488e+10 2.36016e+07 1.06062e+07 2.94623e+07 1.51477e+07 20 190
474000 1.28941e+08 6.36444e+09 2.26515e+10 2.64542e+07 1.3646e+07 2.88421e+07 1.45476e+07 17 187
475000 1.23798e+08 6.341e+09 1.39117e+10 2.40079e+07 1.35594e+07 2.61367e+07 1.34975e+07 18 197
476000 1.19091e+08 6.34781e+09 1.50255e+10 2.24216e+07 1.18619e+07 2.99932e+07 1.44836e+07 19 199
477000 1.15838e+08 6.37276e+09 1.68385e+10 2.26405e+07 1.13211e+07 2.59412e+07 1.47333e+07 16 198
478000 1.09514e+08 6.41676e+09 2.59186e+10 2.3657e+07 1.57091e+07 2.74884e+07 1.46225e+07 16 189
479000 1.07828e+08 6.47574e+09 1.92757e+10 3.05232e+07 1.93689e+07 2.37737e+07 1.34047e+07 17 188
480000 1.09885e+08 6.53093e+09 1.78555e+10 2.09811e+07 8.94006e+06 2.95097e+07 1.76941e+07 18 173
481000 1.11783e+08 6.55463e+09 1.21318e+10 2.80154e+07 1.66233e+07 2.53723e+07 1.26139e+07 17 196
482000 1.13437e+08 6.57833e+09 1.71493e+10 2.59993e+07 1.60592e+07 2.77118e+07 1.57542e+07 14 178
483000 1.14642e+08 6.59046e+09 9.32362e+09 3.22027e+07 2.23633e+07 2.46215e+07 1.27929e+07 13 199
484000 1.12222e+08 6.60652e+09 2.00317e+10 2.9571e+07 1.81798e+07 2.42592e+07 1.26738e+07 14 196
485000 1.17351e+08 6.61057e+09 1.81431e+10 2.98165e+07 1.67303e+07 2.69062e+07 1.43498e+07 12 197
486000 1.22034e+08 6.59313e+09 2.22367e+10 2.91422e+07 1.6376e+07 2.88175e+07 1.47139e+07 12 189
487000 1.24417e+08 6.57061e+09 1.47636e+10 2.79057e+07 1.55341e+07 3.0323e+07 1.56077e+07 12 196
488000 1.20957e+08 6.55234e+09 1.09693e+10 2.28779e+07 1.17255e+07 3.45525e+07 1.63799e+07 14 195
489000 1.1713e+08 6.55715e+09 1.94182e+10 1.84863e+07 8.11097e+06 2.60037e+07 1.26474e+07 14 200
490000 1.19801e+08 6.55382e+09 1.60808e+10 2.12847e+07 1.22475e+07 2.53843e+07 1.26513e+07 13 214
491000 1.29828e+08 6.50223e+09 1.24811e+10 2.49014e+07 1.6871e+07 2.8217e+07 1.39517e+07 14 206
492000 1.32244e+08 6.43521e+09 2.03351e+10 2.71633e+07 1.65079e+07 3.62982e+07 1.6538e+07 13 213
493000 1.32638e+08 6.37622e+09 8.87869e+09 3.52946e+07 1.82382e+07 3.38213e+07 1.3543e+07 13 224
494000 1.3052e+08 6.34123e+09 1.16855e+10 4.15415e+07 2.0081e+07 2.62754e+07 1.40631e+07 14 211
495000 1.31435e+08 6.31e+09 6.80288e+09 4.2585e+07 2.00046e+07 2.58364e+07 1.39573e+07 14 212
496000 1.28699e+08 6.27239e+09 7.42256e+09 3.74529e+07 1.91927e+07 2.80611e+07 1.57659e+07 14 202
497000 1.23822e+08 6.25537e+09 1.15443e+10 2.93204e+07 1.22934e+07 2.7687e+07 1.64244e+07 15 211
498000 1.20302e+08 6.26227e+09 1.56075e+10 3.0042e+07 1.42179e+07 2.50472e+07 1.29024e+07 13 206
499000 1.17542e+08 6.26619e+09 1.47146e+10 2.29337e+07 9.78988e+06 2.56573e+07 1.32496e+07 15 199
500000 1.16899e+08 6.28009e+09 2.09112e+10 2.55949e+07 1.3598e+07 2.58598e+07 1.31267e+07 13 193
501000 1.14382e+08 6.29874e+09 2.01044e+10 2.35383e+07 1.32011e+07 2.504e+07 1.2953e+07 13 195
502000 1.10682e+08 6.34277e+09 2.00332e+10 1.88182e+07 7.71392e+06 2.92286e+07 1.7247e+07 13 194
503000 1.0749e+08 6.39008e+09 1.33588e+10 2.75019e+07 1.7614e+07 2.37883e+07 1.26151e+07 11 197
504000 1.06804e+08 6.44586e+09 6.60118e+09 2.63925e+07 1.57202e+07 2.22064e+07 1.19116e+07 8 212
505000 1.06927e+08 6.49865e+09 6.92731e+09 2.58401e+07 1.54687e+07 2.71676e+07 1.64595e+07 8 214
506000 1.0728e+08 6.549e+09 1.71391e+10 1.85643e+07 1.11295e+07 2.44709e+07 1.29813e+07 8 201
507000 1.10487e+08 6.58344e+09 1.4617e+10 1.53993e+07 5.74543e+06 2.50923e+07 1.30865e+07 9 201
508000 1.12654e+08 6.6107e+09 2.63494e+10 2.27468e+07 1.00494e+07 2.7658e+07 1.41195e+07 7 186
509000 1.12481e+08 6.62607e+09 2.98207e+10 2.57886e+07 1.14721e+07 2.72025e+07 1.41566e+07 7 185
510000 1.15703e+08 6.65406e+09 1.84903e+10 3.48063e+07 2.16651e+07 2.69182e+07 1.48004e+07 6 190
511000 1.13179e+08 6.67832e+09 2.1194e+10 2.78097e+07 1.25634e+07 2.82767e+07 1.67124e+07 7 180
512000 1.12159e+08 6.712e+09 2.32992e+10 3.98875e+07 2.75714e+07 3.56732e+07 1.96025e+07 5 182
513000 1.12131e+08 6.73386e+09 2.36192e+10 3.20961e+07 1.60481e+07 2.93865e+07 1.85332e+07 6 186
514000 1.13465e+08 6.74326e+09 2.7654e+10 2.85349e+07 1.42674e+07 2.7205e+07 1.5391e+07 6 187
515000 1.20383e+08 6.7257e+09 2.38839e+10 2.33784e+07 1.52242e+07 3.01659e+07 1.72766e+07 7 195
516000 1.31522e+08 6.66309e+09 1.83762e+10 1.95505e+07 8.62029e+06 3.19877e+07 1.69696e+07 8 191
517000 1.26572e+08 6.61582e+09 3.27082e+10 4.76648e+07 4.12415e+07 2.81207e+07 1.38903e+07 4 195
518000 1.24256e+08 6.61198e+09 1.90873e+10 6.62662e+07 6.62662e+07 2.70531e+07 1.45762e+07 3 201
519000 1.28279e+08 6.58109e+09 1.06012e+10 4.68193e+07 3.96399e+07 2.92347e+07 1.55764e+07 4 206
520000 1.34831e+08 6.49184e+09 7.70436e+09 4.33424e+07 3.52722e+07 2.99317e+07 1.54395e+07 4 206
521000 1.30877e+08 6.435e+09 2.12266e+10 2.77054e+07 1.38527e+07 2.87003e+07 1.45461e+07 4 209
522000 1.27602e+08 6.39428e+09 2.34145e+10 3.68718e+07 2.67984e+07 2.84913e+07 1.47383e+07 3 202
523000 1.25832e+08 6.37889e+09 1.77755e+10 3.3532e+07 2.4594e+07 2.75347e+07 1.48925e+07 3 212
524000 1.25119e+08 6.35815e+09 1.54722e+10 1.95039e+07 7.99225e+06 2.66596e+07 1.32609e+07 5 212
525000 1.24628e+08 6.34297e+09 1.45398e+10 2.4441e+07 1.66738e+07 2.88543e+07 1.66649e+07 4 194
526000 1.15921e+08 6.34463e+09 2.77169e+10 2.52819e+07 1.26409e+07 2.65569e+07 1.35671e+07 2 194
527000 1.12125e+08 6.37985e+09 2.43093e+10 2.30766e+07 1.15383e+07 3.08768e+07 1.93024e+07 2 202
528000 1.08233e+08 6.4259e+09 2.19458e+10 2.14957e+07 1.07478e+07 2.35828e+07 1.21492e+07 2 206
529000 1.06049e+08 6.48904e+09 2.84031e+10 2.70678e+07 1.35339e+07 4.00226e+07 2.89746e+07 2 183
530000 1.07684e+08 6.53351e+09 1.904e+10 2.60154e+07 1.30077e+07 2.65551e+07 1.52747e+07 2 193
531000 1.06631e+08 6.58224e+09 2.14936e+10 5.91397e+07 5.91397e+07 2.96819e+07 1.74567e+07 1 200
532000 1.07268e+08 6.62746e+09 2.28231e+10 2.81083e+07 1.40541e+07 2.54565e+07 1.29765e+07 2 196
533000 1.1096e+08 6.65723e+09 1.82857e+10 2.66296e+07 1.33148e+07 2.60822e+07 1.4191e+07 2 198
534000 1.13942e+08 6.6768e+09 1.58942e+10 6.45807e+07 6.45807e+07 2.71398e+07 1.49784e+07 1 207
535000 1.14821e+08 6.68101e+09 9.96854e+09 2.94301e+07 1.4715e+07 2.51919e+07 1.32911e+07 2 210
536000 1.15274e+08 6.70211e+09 1.98848e+10 2.77399e+07 1.38699e+07 2.68594e+07 1.50752e+07 2 196
537000 1.19453e+08 6.68757e+09 2.11905e+10 2.61775e+07 1.30888e+07 3.03038e+07 1.62629e+07 2 194
538000 1.25546e+08 6.64867e+09 2.65158e+10 2.48959e+07 1.24479e+07 3.08277e+07 1.66443e+07 2 193
539000 1.23642e+08 6.62066e+09 3.00176e+10 3.01791e+07 1.50895e+07 4.06767e+07 2.68688e+07 2 196
540000 1.24711e+08 6.59454e+09 2.55054e+10 2.85135e+07 1.42567e+07 3.07351e+07 1.87068e+07 2 209
541000 1.28737e+08 6.55278e+09 1.77546e+10 6.30893e+07 6.30893e+07 2.85798e+07 1.58046e+07 1 208
542000 1.24035e+08 6.52653e+09 2.13683e+10 2.9205e+07 1.46025e+07 2.67741e+07 1.38278e+07 2 208
543000 1.21385e+08 6.52079e+09 2.4963e+10 2.69766e+07 1.34883e+07 2.65634e+07 1.46843e+07 2 206
544000 1.1777e+08 6.51403e+09 3.30757e+10 5.96649e+07 5.96649e+07 3.14498e+07 1.76213e+07 1 209
545000 1.13761e+08 6.53409e+09 3.25225e+10 2.73566e+07 1.36783e+07 2.50351e+07 1.24716e+07 2 206
546000 1.10158e+08 6.5813e+09 2.15993e+10 2.51743e+07 1.25871e+07 2.45167e+07 1.26527e+07 2 207
547000 1.07711e+08 6.62544e+09 1.712e+10 2.34284e+07 1.17142e+07 2.38945e+07 1.26207e+07 2 208
548000 1.10339e+08 6.66398e+09 1.83772e+10 2.22862e+07 1.11431e+07 2.41658e+07 1.20696e+07 2 213
549000 1.15386e+08 6.67501e+09 1.42367e+10 2.82894e+07 1.41447e+07 2.50326e+07 1.27018e+07 2 213
550000 1.15515e+08 6.69305e+09 1.92078e+10 6.26085e+07 6.26085e+07 2.63188e+07 1.27743e+07 1 203
551000 1.11651e+08 6.71611e+09 1.81437e+10 2.96383e+07 1.48191e+07 2.41139e+07 1.23189e+07 2 210
552000 1.10587e+08 6.75316e+09 1.91662e+10 3.07034e+07 1.53517e+07 2.52796e+07 1.29255e+07 2 198
553000 1.09747e+08 6.79099e+09 2.58431e+10 3.22051e+07 1.61025e+07 3.38079e+07 1.94452e+07 2 188
554000 1.14086e+08 6.81076e+09 2.04361e+10 3.67267e+07 1.83634e+07 3.38679e+07 1.62354e+07 2 205
555000 1.2066e+08 6.80004e+09 1.67326e+10 7.52853e+07 7.52853e+07 2.73022e+07 1.32281e+07 1 212
556000 1.25353e+08 6.75928e+09 2.15985e+10 3.82959e+07 1.9148e+07 2.94944e+07 1.48119e+07 2 195
557000 1.1756e+08 6.77118e+09 1.57961e+10 3.40632e+07 1.70316e+07 2.56565e+07 1.34324e+07 2 205
558000 1.12711e+08 6.78863e+09 1.93202e+10 2.89185e+07 1.44593e+07 2.49256e+07 1.25942e+07 2 211
559000 1.22049e+08 6.76393e+09 2.12422e+10 2.37634e+07 1.18817e+07 2.90268e+07 1.44316e+07 2 212
560000 1.27601e+08 6.72202e+09 1.27601e+10 1.009e+07 2.52249e+06 3.01274e+07 1.65091e+07 4 216
561000 1.24123e+08 6.71092e+09 1.32351e+10 8.91245e+06 2.22811e+06 2.6202e+07 1.38473e+07 4 216
562000 1.19647e+08 6.70575e+09 1.7464e+10 1.54196e+07 5.13986e+06 2.54653e+07 1.26378e+07 3 212
563000 1.18858e+08 6.7245e+09 2.36986e+10 2.78915e+07 1.39457e+07 3.7086e+07 1.68382e+07 2 193
564000 1.20434e+08 6.73525e+09 9.65799e+09 2.71507e+07 1.35753e+07 3.17467e+07 1.92207e+07 2 190
565000 1.18255e+08 6.7362e+09 1.63633e+10 4.16282e+07 4.16282e+07 3.01627e+07 1.67506e+07 2 185
566000 1.26001e+08 6.68542e+09 2.54739e+10 5.27793e+07 5.27793e+07 3.20559e+07 1.68119e+07 2 189
566541 1.23886e+08 6.68335e+09 3.08314e+10 0 0 3.46692e+07 2.0491e+07 0 179
