0 1.27534e+08 5.8036e+09 2.4e+09 2.4e+07 1.2e+07 2.4e+07 1.2e+07 190 10
1000 1.26719e+08 5.80888e+09 5.14998e+09 2.80411e+07 1.67578e+07 2.13039e+07 9.35056e+06 188 12
2000 1.25486e+08 5.81633e+09 1.12847e+10 2.66523e+07 1.49457e+07 1.86742e+07 8.12672e+06 198 12
3000 1.22321e+08 5.83028e+09 2.30816e+10 3.18255e+07 2.00647e+07 1.94532e+07 8.38099e+06 183 12
4000 1.2537e+08 5.85496e+09 2.03232e+10 3.06519e+07 1.84777e+07 2.04849e+07 9.48926e+06 171 11
5000 1.22191e+08 5.87119e+09 2.47966e+10 2.9672e+07 1.78939e+07 2.13476e+07 1.24355e+07 174 10
6000 1.25489e+08 5.89535e+09 1.86899e+10 3.23857e+07 2.12201e+07 2.08468e+07 1.28955e+07 166 12
7000 1.21928e+08 5.91561e+09 2.54407e+10 3.45108e+07 2.2873e+07 2.07363e+07 1.37354e+07 168 11
8000 1.18684e+08 5.94924e+09 3.63764e+10 3.12159e+07 2.00146e+07 1.85365e+07 8.06218e+06 153 13
9000 1.1564e+08 5.99408e+09 4.46881e+10 3.25337e+07 2.08649e+07 2.28782e+07 1.07677e+07 149 11
10000 1.15575e+08 6.03115e+09 4.23428e+10 2.98856e+07 1.74375e+07 2.03258e+07 8.58026e+06 161 13
11000 1.17262e+08 6.07971e+09 3.48364e+10 3.08727e+07 1.84451e+07 2.76436e+07 1.50444e+07 158 11
12000 1.19162e+08 6.12411e+09 2.63154e+10 3.36883e+07 2.17644e+07 2.65743e+07 1.21005e+07 148 12
13000 1.16741e+08 6.16715e+09 3.17657e+10 3.25592e+07 2.05721e+07 2.79826e+07 1.28176e+07 145 12
14000 1.15298e+08 6.22086e+09 3.67448e+10 3.31364e+07 2.13417e+07 3.00459e+07 1.4133e+07 140 11
15000 1.15907e+08 6.2694e+09 3.9303e+10 3.62689e+07 2.29396e+07 2.55595e+07 1.30253e+07 136 14
16000 1.13514e+08 6.30739e+09 5.45918e+10 3.50037e+07 2.1675e+07 3.68074e+07 2.05318e+07 130 12
17000 1.14809e+08 6.34718e+09 5.87248e+10 5.03512e+07 3.64677e+07 3.42324e+07 1.55913e+07 129 15
18000 1.20051e+08 6.37359e+09 4.72741e+10 4.56313e+07 3.21027e+07 2.82894e+07 9.02091e+06 134 18
19000 1.26194e+08 6.38368e+09 4.09064e+10 4.60762e+07 3.2765e+07 2.73988e+07 1.07855e+07 128 17
20000 1.31047e+08 6.35337e+09 3.41747e+10 3.86019e+07 2.33291e+07 2.94945e+07 1.69197e+07 139 14
21000 1.31906e+08 6.31551e+09 4.41417e+10 3.88724e+07 2.19189e+07 2.22937e+07 1.11874e+07 145 14
22000 1.35537e+08 6.27848e+09 3.64183e+10 3.6119e+07 1.9879e+07 2.61957e+07 1.2636e+07 157 14
23000 1.33282e+08 6.26729e+09 3.32478e+10 3.86697e+07 2.31372e+07 2.70795e+07 1.58859e+07 142 14
24000 1.26791e+08 6.26615e+09 3.01534e+10 3.27999e+07 1.83996e+07 3.38557e+07 2.29687e+07 155 12
25000 1.23615e+08 6.28241e+09 2.85772e+10 3.45479e+07 2.02222e+07 4.39907e+07 3.18319e+07 145 10
26000 1.21325e+08 6.31356e+09 2.84298e+10 3.41007e+07 1.9674e+07 4.05334e+07 2.2536e+07 143 10
27000 1.13355e+08 6.36638e+09 2.79243e+10 3.09523e+07 1.80806e+07 3.19405e+07 1.5474e+07 143 12
28000 1.09591e+08 6.46028e+09 2.97946e+10 3.36207e+07 2.2962e+07 2.91531e+07 1.36032e+07 131 13
29000 1.0609e+08 6.53912e+09 3.3535e+10 3.2187e+07 1.98844e+07 3.19305e+07 1.63102e+07 136 10
30000 1.11025e+08 6.5981e+09 3.11141e+10 3.31709e+07 1.89281e+07 2.60606e+07 1.51289e+07 140 12
31000 1.10057e+08 6.65346e+09 3.30956e+10 3.34007e+07 1.95185e+07 2.1172e+07 1.01902e+07 138 12
32000 1.13977e+08 6.71432e+09 2.59589e+10 3.26991e+07 1.88167e+07 3.03781e+07 1.74861e+07 145 9
33000 1.16732e+08 6.7495e+09 2.15596e+10 3.79205e+07 2.34287e+07 2.21572e+07 1.04429e+07 145 12
34000 1.19639e+08 6.77985e+09 1.75253e+10 3.89578e+07 2.46894e+07 2.07407e+07 1.05766e+07 136 13
35000 1.20177e+08 6.79789e+09 2.94516e+10 3.61718e+07 2.25582e+07 2.68499e+07 1.402e+07 140 12
36000 1.35869e+08 6.73467e+09 3.02602e+10 3.88158e+07 1.93219e+07 5.76248e+07 3.15895e+07 155 9
37000 1.36755e+08 6.67755e+09 2.6878e+10 3.41874e+07 1.86697e+07 4.88183e+07 2.27723e+07 158 11
38000 1.34485e+08 6.65097e+09 2.52907e+10 3.54815e+07 1.96009e+07 4.09172e+07 1.93024e+07 156 12
39000 1.39956e+08 6.58988e+09 3.51944e+10 3.74407e+07 1.9478e+07 2.07775e+07 7.78984e+06 153 14
40000 1.29771e+08 6.58347e+09 3.00646e+10 3.10775e+07 1.80018e+07 2.2684e+07 1.2646e+07 166 15
41000 1.2635e+08 6.61154e+09 2.71866e+10 3.42918e+07 2.06765e+07 2.49597e+07 1.13304e+07 154 11
42000 1.26644e+08 6.60581e+09 3.30796e+10 3.56249e+07 2.1487e+07 3.36204e+07 2.61858e+07 155 8
43000 1.19503e+08 6.62385e+09 4.04563e+10 3.41425e+07 1.79648e+07 3.29398e+07 2.39591e+07 162 8
44000 1.18631e+08 6.677e+09 2.82874e+10 3.35514e+07 2.15617e+07 1.12505e+08 1.07935e+08 146 10
45000 1.12584e+08 6.73844e+09 3.72851e+10 3.33561e+07 1.92917e+07 2.42389e+07 1.36769e+07 147 11
46000 1.10279e+08 6.80882e+09 3.48744e+10 3.11776e+07 1.95979e+07 3.65598e+07 2.58734e+07 155 7
47000 1.1054e+08 6.87516e+09 3.06766e+10 3.1694e+07 2.00441e+07 2.31372e+07 1.15594e+07 148 11
48000 1.19938e+08 6.9161e+09 1.74729e+10 3.97726e+07 2.3674e+07 3.43124e+07 2.35416e+07 150 7
49000 1.27731e+08 6.89943e+09 2.93854e+10 3.69524e+07 2.46092e+07 2.60961e+07 1.08411e+07 153 7
50000 1.72612e+08 6.69826e+09 2.34012e+10 5.96876e+07 2.96461e+07 2.65953e+07 1.32977e+07 160 6
51000 1.92269e+08 6.36573e+09 1.4018e+10 4.40331e+07 1.93388e+07 2.32241e+07 1.12464e+07 186 8
52000 1.65707e+08 6.22356e+09 1.41411e+10 3.55504e+07 1.75349e+07 1.90383e+07 1.04464e+07 191 8
53000 1.42886e+08 6.19131e+09 1.48722e+10 2.91963e+07 1.76894e+07 3.69856e+07 2.97936e+07 192 7
54000 1.2793e+08 6.21119e+09 2.39805e+10 3.08879e+07 1.96678e+07 5.35204e+07 4.47081e+07 195 7
55000 1.34575e+08 6.17927e+09 2.06209e+10 2.92607e+07 1.88467e+07 9.87033e+07 4.42277e+07 191 7
56000 1.46005e+08 6.09376e+09 2.01052e+10 3.90013e+07 2.4914e+07 5.07025e+07 1.46325e+07 181 11
57000 1.45817e+08 6.00944e+09 2.3238e+10 3.9645e+07 2.13183e+07 2.24141e+07 5.39382e+06 178 16
58000 1.35111e+08 5.99765e+09 3.0985e+10 3.2474e+07 2.09637e+07 2.33715e+07 7.80501e+06 168 12
59000 1.32297e+08 5.98938e+09 2.72845e+10 3.65918e+07 2.0888e+07 2.59998e+07 1.21334e+07 171 10
60000 1.30121e+08 5.97118e+09 2.71377e+10 3.33728e+07 1.95751e+07 2.02833e+07 7.64466e+06 164 9
61000 1.29776e+08 5.95842e+09 2.67447e+10 3.2934e+07 1.79429e+07 1.88385e+07 7.24153e+06 171 9
62000 1.28043e+08 5.95479e+09 3.46273e+10 4.57635e+07 1.97736e+07 2.00922e+07 1.10989e+07 165 9
63000 1.19911e+08 5.99509e+09 3.69517e+10 2.99531e+07 1.66027e+07 2.13159e+07 1.63545e+07 171 8
64000 1.10552e+08 6.07617e+09 3.60888e+10 2.80754e+07 1.60855e+07 1.94037e+07 1.34767e+07 162 7
65000 1.03397e+08 6.18032e+09 3.00031e+10 3.05146e+07 1.85843e+07 1.6933e+07 1.37204e+07 160 11
66000 9.75613e+07 6.30566e+09 2.65297e+10 2.53216e+07 1.53163e+07 1.97815e+07 1.20202e+07 160 11
67000 9.77297e+07 6.4279e+09 2.45418e+10 2.63078e+07 1.57802e+07 2.34532e+07 1.10009e+07 157 10
68000 1.00698e+08 6.53083e+09 3.07622e+10 2.9414e+07 1.81437e+07 3.01363e+07 2.09305e+07 147 9
69000 1.13636e+08 6.58496e+09 2.4067e+10 3.53397e+07 2.24955e+07 3.45604e+07 2.44693e+07 141 8
70000 1.28269e+08 6.57066e+09 2.2086e+10 4.13594e+07 2.47899e+07 2.68681e+07 1.4699e+07 147 10
71000 1.34361e+08 6.52069e+09 2.67709e+10 4.28954e+07 2.52591e+07 2.35619e+07 9.71383e+06 136 13
72000 1.40101e+08 6.46417e+09 1.45434e+10 3.91134e+07 2.37159e+07 4.38429e+07 2.65585e+07 153 10
73000 1.40781e+08 6.38702e+09 2.88318e+10 3.6706e+07 2.11497e+07 5.24519e+07 2.87614e+07 158 10
74000 1.41394e+08 6.3075e+09 3.70027e+10 3.46453e+07 1.9181e+07 4.16705e+07 2.03733e+07 165 11
75000 1.40521e+08 6.24751e+09 4.97125e+10 3.94196e+07 2.34485e+07 3.26663e+07 1.66564e+07 152 10
76000 1.44002e+08 6.18184e+09 3.78117e+10 3.77579e+07 2.11018e+07 3.05519e+07 1.65857e+07 165 9
77000 1.40453e+08 6.14116e+09 2.49061e+10 3.32182e+07 1.7783e+07 3.97384e+07 2.87196e+07 172 6
78000 1.3196e+08 6.13774e+09 1.68954e+10 3.48777e+07 2.14338e+07 3.95817e+07 3.16972e+07 161 7
79000 1.25724e+08 6.14902e+09 1.46248e+10 2.90733e+07 1.58304e+07 2.98009e+07 2.07916e+07 183 7
80000 1.27052e+08 6.14239e+09 1.65711e+10 3.31688e+07 1.73137e+07 9.38e+07 8.62992e+07 182 8
81000 1.26547e+08 6.15055e+09 2.39064e+10 2.99946e+07 1.7366e+07 9.72605e+07 9.21053e+07 174 7
82000 1.21777e+08 6.18171e+09 3.02246e+10 2.95235e+07 1.63315e+07 3.52277e+07 2.8363e+07 165 10
83000 1.19899e+08 6.21631e+09 4.43068e+10 3.41236e+07 1.96928e+07 3.24715e+07 2.11095e+07 147 8
84000 1.18876e+08 6.24831e+09 3.84364e+10 3.28738e+07 1.83127e+07 3.13057e+07 1.70677e+07 150 9
85000 1.1414e+08 6.31738e+09 2.77509e+10 4.51748e+07 3.26222e+07 2.26405e+07 1.09099e+07 145 12
86000 1.11917e+08 6.39185e+09 2.13868e+10 3.2025e+07 1.98594e+07 2.72823e+07 1.77938e+07 142 10
87000 1.07811e+08 6.45076e+09 4.14961e+10 3.24148e+07 1.79546e+07 2.51824e+07 1.37793e+07 140 11
88000 1.1236e+08 6.50252e+09 3.4235e+10 3.28348e+07 1.84529e+07 2.99489e+07 1.97776e+07 146 10
89000 1.22046e+08 6.51013e+09 1.94863e+10 3.81322e+07 2.26593e+07 2.32273e+07 1.25273e+07 150 12
90000 1.21545e+08 6.52966e+09 2.43275e+10 3.95554e+07 2.48925e+07 2.71005e+07 1.1183e+07 149 10
91000 1.15044e+08 6.58297e+09 3.14763e+10 3.15935e+07 1.69955e+07 3.30038e+07 1.80237e+07 145 10
92000 1.13936e+08 6.64672e+09 2.45491e+10 3.13088e+07 1.98608e+07 2.70452e+07 1.1266e+07 149 11
93000 1.17e+08 6.67877e+09 2.33698e+10 3.5734e+07 2.12751e+07 3.03238e+07 1.24755e+07 145 10
94000 1.27734e+08 6.65835e+09 2.36685e+10 3.71962e+07 2.06963e+07 2.4139e+07 9.11869e+06 149 12
95000 1.2433e+08 6.67185e+09 2.09368e+10 3.6372e+07 2.17151e+07 2.72881e+07 1.18112e+07 143 10
96000 1.22299e+08 6.69684e+09 2.83052e+10 3.5312e+07 2.05305e+07 2.61222e+07 1.25788e+07 143 11
97000 1.24493e+08 6.70031e+09 3.26446e+10 3.67141e+07 1.98929e+07 2.89813e+07 1.79279e+07 145 10
98000 1.28526e+08 6.69294e+09 2.78446e+10 3.64243e+07 2.12622e+07 1.87182e+07 9.24913e+06 150 12
99000 1.33183e+08 6.65364e+09 2.67006e+10 3.78025e+07 2.10694e+07 1.85866e+07 6.44809e+06 157 12
100000 1.42985e+08 6.57484e+09 3.18441e+10 3.89881e+07 2.02345e+07 1.70594e+07 5.94297e+06 154 12
101000 1.28644e+08 6.57118e+09 3.22102e+10 3.29707e+07 1.89506e+07 1.77169e+07 6.49499e+06 157 11
102000 1.31184e+08 6.55927e+09 3.58099e+10 3.68733e+07 1.82583e+07 1.87852e+07 9.22026e+06 164 11
103000 1.29196e+08 6.54788e+09 3.36742e+10 3.23818e+07 1.74538e+07 1.7763e+07 6.75541e+06 161 11
104000 1.1526e+08 6.61024e+09 3.22755e+10 3.05746e+07 1.78108e+07 1.38272e+07 5.77673e+06 156 15
105000 1.09984e+08 6.69818e+09 2.50556e+10 3.07091e+07 1.85789e+07 2.76799e+07 2.02288e+07 152 11
106000 1.11594e+08 6.76037e+09 3.1481e+10 3.06503e+07 1.82863e+07 5.54109e+07 3.48913e+07 149 11
107000 1.2085e+08 6.7632e+09 4.14667e+10 3.53287e+07 2.01862e+07 4.31925e+07 1.04787e+07 140 19
108000 1.26033e+08 6.75686e+09 4.38929e+10 3.45974e+07 1.94347e+07 3.57989e+07 1.14853e+07 146 18
109000 1.27112e+08 6.75139e+09 4.03773e+10 3.55071e+07 1.88224e+07 2.89901e+07 1.12418e+07 145 17
110000 1.21859e+08 6.77784e+09 3.65926e+10 3.4811e+07 1.93569e+07 2.65319e+07 1.19859e+07 137 18
111000 1.19305e+08 6.81439e+09 3.26589e+10 3.63814e+07 2.06791e+07 2.47666e+07 1.14531e+07 136 18
112000 1.22019e+08 6.83455e+09 3.48404e+10 4.07133e+07 2.54236e+07 2.76747e+07 1.75388e+07 137 17
113000 1.44009e+08 6.73584e+09 2.35684e+10 4.04787e+07 1.9492e+07 1.84323e+07 9.57403e+06 156 19
114000 1.33716e+08 6.7002e+09 2.44562e+10 3.29281e+07 1.73645e+07 1.69046e+07 9.94064e+06 163 21
115000 1.36804e+08 6.67441e+09 2.16273e+10 3.68835e+07 2.19436e+07 2.84001e+07 1.93479e+07 155 20
116000 1.67598e+08 6.48202e+09 1.85498e+10 4.8092e+07 2.64063e+07 6.04694e+07 2.29142e+07 166 22
117000 1.86235e+08 6.1644e+09 3.04787e+10 4.8259e+07 2.74172e+07 3.58995e+07 9.5639e+06 178 24
118000 1.60832e+08 6.06498e+09 4.10023e+10 4.33357e+07 2.75697e+07 2.1854e+07 9.93242e+06 164 23
119000 1.45946e+08 6.00842e+09 3.89162e+10 3.67791e+07 2.08653e+07 1.99672e+07 1.47199e+07 171 32
120000 1.38136e+08 5.99547e+09 2.58166e+10 3.25233e+07 1.85661e+07 1.15007e+07 5.80307e+06 167 27
121000 1.2463e+08 6.03098e+09 3.47649e+10 3.0431e+07 1.63445e+07 1.81192e+07 9.0572e+06 164 21
122000 1.14992e+08 6.08417e+09 2.67516e+10 2.87066e+07 1.67099e+07 2.17875e+07 1.02685e+07 171 20
123000 1.08859e+08 6.17234e+09 2.92935e+10 2.77616e+07 1.66594e+07 2.38611e+07 1.30433e+07 151 21
124000 1.03338e+08 6.2701e+09 3.54731e+10 2.75503e+07 1.68629e+07 2.68253e+07 1.53543e+07 140 19
125000 1.01979e+08 6.38442e+09 3.64244e+10 2.80459e+07 1.65538e+07 2.79116e+07 1.87237e+07 142 18
126000 1.04394e+08 6.48404e+09 3.14701e+10 3.16096e+07 1.98335e+07 3.19627e+07 2.24807e+07 130 16
127000 1.09563e+08 6.5373e+09 3.11762e+10 4.57953e+07 2.41171e+07 2.40244e+07 1.47746e+07 142 21
128000 1.21193e+08 6.55213e+09 2.01025e+10 3.35971e+07 1.81184e+07 3.02949e+07 1.80639e+07 147 18
129000 1.277e+08 6.54333e+09 2.48859e+10 4.31914e+07 2.64405e+07 3.0146e+07 1.75897e+07 140 18
130000 1.30849e+08 6.49568e+09 3.65614e+10 3.66468e+07 1.92359e+07 3.46337e+07 2.34922e+07 143 17
131000 1.38125e+08 6.46108e+09 2.25222e+10 3.81611e+07 2.34065e+07 8.69485e+07 5.12346e+07 148 17
132000 1.43947e+08 6.36949e+09 2.60415e+10 3.68622e+07 2.00281e+07 3.78033e+07 1.96212e+07 155 22
133000 1.42932e+08 6.30485e+09 2.58728e+10 3.78304e+07 2.46843e+07 4.31452e+07 2.3345e+07 147 20
134000 1.37025e+08 6.27059e+09 2.41602e+10 3.28446e+07 1.85612e+07 4.4401e+07 2.89618e+07 156 22
135000 1.28858e+08 6.26345e+09 3.30817e+10 3.20448e+07 1.74319e+07 3.70556e+07 1.71377e+07 152 18
136000 1.24737e+08 6.27977e+09 1.71251e+10 2.83357e+07 1.6069e+07 4.87061e+07 3.28871e+07 163 24
137000 1.15912e+08 6.31899e+09 1.96347e+10 2.63798e+07 1.41009e+07 2.87223e+07 1.35071e+07 158 25
138000 1.1713e+08 6.36249e+09 1.23249e+10 2.64825e+07 1.53201e+07 4.40087e+07 2.45228e+07 160 29
139000 1.35716e+08 6.29232e+09 2.7037e+10 2.71332e+07 1.53977e+07 6.22044e+07 1.48927e+07 144 40
140000 1.3121e+08 6.24453e+09 2.81232e+10 2.76746e+07 1.64012e+07 2.89757e+07 7.9312e+06 154 50
141000 1.18073e+08 6.29686e+09 4.46821e+10 3.85364e+07 2.66739e+07 1.70757e+07 4.67431e+06 127 44
142000 1.14335e+08 6.36454e+09 3.89569e+10 3.36989e+07 2.1375e+07 1.66317e+07 9.04456e+06 134 35
143000 1.16245e+08 6.41053e+09 3.78933e+10 3.74333e+07 2.24696e+07 1.56202e+07 9.84925e+06 120 35
144000 1.14595e+08 6.45479e+09 4.36164e+10 3.66844e+07 2.13796e+07 1.55113e+07 7.66484e+06 125 35
145000 1.14034e+08 6.50376e+09 3.58155e+10 3.49372e+07 2.02746e+07 1.82949e+07 1.09343e+07 128 28
146000 1.08723e+08 6.57672e+09 3.33005e+10 2.96406e+07 1.7699e+07 1.92969e+07 9.02688e+06 143 25
147000 1.05075e+08 6.67309e+09 3.10869e+10 3.02096e+07 1.8214e+07 1.84726e+07 8.89329e+06 134 28
148000 1.03598e+08 6.76787e+09 3.04813e+10 3.21236e+07 1.8436e+07 1.75841e+07 9.45675e+06 133 30
149000 1.09288e+08 6.83562e+09 2.73215e+10 3.6663e+07 2.24245e+07 1.8051e+07 8.49669e+06 125 30
150000 1.15613e+08 6.86853e+09 1.83195e+10 3.60356e+07 2.18101e+07 1.59959e+07 5.33228e+06 130 35
151000 1.1939e+08 6.87409e+09 2.73828e+10 3.63976e+07 2.03136e+07 2.18544e+07 8.77942e+06 138 28
152000 1.37569e+08 6.81879e+09 1.94379e+10 4.52508e+07 2.55355e+07 2.04123e+07 8.41225e+06 141 30
153000 1.38023e+08 6.75651e+09 1.68724e+10 3.66221e+07 1.9997e+07 1.79913e+07 7.14414e+06 148 33
154000 1.27909e+08 6.74724e+09 3.15089e+10 3.40993e+07 1.65586e+07 1.85731e+07 8.10973e+06 146 33
155000 1.34284e+08 6.72593e+09 1.56431e+10 4.07463e+07 2.25137e+07 1.83704e+07 8.22297e+06 144 36
156000 1.36271e+08 6.66652e+09 2.21386e+10 3.63901e+07 1.90078e+07 2.30989e+07 1.33958e+07 144 34
157000 1.41319e+08 6.61445e+09 1.91475e+10 3.09116e+07 1.76696e+07 6.9407e+07 4.2227e+07 156 29
158000 1.52384e+08 6.48107e+09 2.07429e+10 3.21185e+07 1.96425e+07 7.89483e+07 3.83045e+07 146 36
159000 1.46121e+08 6.38031e+09 2.86902e+10 3.22203e+07 1.95662e+07 3.95041e+07 1.4445e+07 147 51
160000 1.4104e+08 6.30902e+09 2.75059e+10 3.25174e+07 1.94324e+07 2.99596e+07 1.18838e+07 146 53
161000 1.39957e+08 6.2515e+09 3.18481e+10 3.1501e+07 1.60359e+07 3.32741e+07 1.49871e+07 142 48
162000 1.30471e+08 6.23536e+09 2.85851e+10 2.62584e+07 1.2665e+07 2.75836e+07 1.07573e+07 156 53
163000 1.19805e+08 6.27027e+09 1.62417e+10 2.55397e+07 1.41714e+07 1.97487e+07 9.22931e+06 157 60
164000 1.21723e+08 6.29249e+09 1.42798e+10 3.12135e+07 1.59257e+07 1.62219e+07 7.65e+06 146 62
165000 1.15592e+08 6.33648e+09 1.55434e+10 3.53908e+07 1.69651e+07 1.69407e+07 8.42978e+06 147 57
166000 1.08332e+08 6.4256e+09 1.75197e+10 2.62423e+07 1.48235e+07 1.88075e+07 9.80093e+06 140 52
167000 1.03596e+08 6.51842e+09 1.85663e+10 2.50199e+07 1.29562e+07 1.92183e+07 9.9692e+06 144 50
168000 1.03454e+08 6.60437e+09 2.01412e+10 2.36465e+07 1.31287e+07 2.66875e+07 1.73568e+07 145 44
169000 1.1526e+08 6.62968e+09 2.58179e+10 2.60527e+07 1.62017e+07 4.19118e+07 1.60581e+07 136 54
170000 1.28857e+08 6.57503e+09 2.62193e+10 2.86135e+07 1.77749e+07 2.88006e+07 9.11466e+06 133 70
171000 1.33108e+08 6.53091e+09 2.96817e+10 3.72057e+07 2.16384e+07 2.2903e+07 8.98311e+06 128 69
172000 1.52253e+08 6.40538e+09 2.41409e+10 4.11065e+07 2.09448e+07 2.61924e+07 9.78097e+06 129 70
173000 1.58054e+08 6.2571e+09 1.98113e+10 4.03932e+07 2.28242e+07 2.44859e+07 8.99353e+06 128 76
174000 1.44548e+08 6.18561e+09 1.96538e+10 3.33192e+07 1.89593e+07 2.02615e+07 8.3326e+06 137 74
175000 1.37214e+08 6.16297e+09 1.62629e+10 3.37806e+07 2.19058e+07 2.26164e+07 1.11754e+07 136 64
176000 1.38164e+08 6.1227e+09 1.43447e+10 3.45246e+07 2.1862e+07 2.848e+07 1.77145e+07 136 62
177000 1.37958e+08 6.06675e+09 1.27789e+10 3.29669e+07 2.03573e+07 3.15696e+07 2.12668e+07 137 62
178000 1.40703e+08 5.99714e+09 2.1989e+10 4.07573e+07 2.57788e+07 2.2422e+07 1.08989e+07 128 68
179000 1.45221e+08 5.91911e+09 2.56301e+10 3.80503e+07 2.19202e+07 3.29948e+07 1.61026e+07 128 65
180000 1.39058e+08 5.87416e+09 2.43607e+10 3.5333e+07 2.29596e+07 2.20158e+07 1.01349e+07 129 66
181000 1.32842e+08 5.87243e+09 2.19193e+10 3.5245e+07 2.42637e+07 2.61823e+07 1.12226e+07 118 62
182000 1.19334e+08 5.89846e+09 2.90874e+10 3.08221e+07 1.8748e+07 2.35551e+07 1.16895e+07 120 59
183000 1.15331e+08 5.95347e+09 3.04609e+10 3.00999e+07 1.89566e+07 2.45503e+07 1.26777e+07 116 54
184000 1.1199e+08 6.00979e+09 4.09978e+10 4.18243e+07 2.52987e+07 2.57657e+07 1.37629e+07 111 52
185000 1.14165e+08 6.0604e+09 2.95728e+10 3.42564e+07 2.31297e+07 2.5303e+07 1.19399e+07 109 54
186000 1.11487e+08 6.12023e+09 3.0538e+10 3.80811e+07 2.72032e+07 2.64747e+07 1.46315e+07 104 53
187000 1.07446e+08 6.18458e+09 2.18435e+10 3.15822e+07 2.01279e+07 2.32694e+07 1.14211e+07 107 60
188000 1.03489e+08 6.276e+09 2.34306e+10 2.98712e+07 1.9307e+07 2.29683e+07 1.13661e+07 106 58
189000 1.00968e+08 6.37238e+09 3.26011e+10 3.04261e+07 2.03831e+07 2.49219e+07 1.27519e+07 104 55
190000 1.03668e+08 6.45446e+09 3.0255e+10 2.95762e+07 1.80389e+07 2.95841e+07 1.8103e+07 107 52
191000 1.09429e+08 6.50639e+09 2.78825e+10 3.2443e+07 2.00719e+07 2.56567e+07 1.28303e+07 109 63
192000 1.12908e+08 6.53225e+09 3.66809e+10 3.80448e+07 2.38492e+07 2.51234e+07 1.2855e+07 103 60
193000 1.209e+08 6.53561e+09 2.89989e+10 3.89374e+07 2.15587e+07 3.17274e+07 2.00235e+07 104 67
194000 1.20362e+08 6.55192e+09 3.82953e+10 3.46061e+07 1.96214e+07 2.66959e+07 1.58514e+07 110 59
195000 1.19573e+08 6.57919e+09 3.30328e+10 3.18046e+07 1.68464e+07 2.93762e+07 1.67625e+07 114 54
196000 1.1807e+08 6.60787e+09 2.77308e+10 3.57323e+07 2.12674e+07 2.53169e+07 1.24731e+07 104 63
197000 1.14903e+08 6.64193e+09 4.85717e+10 3.51379e+07 2.06599e+07 2.80665e+07 1.49733e+07 99 61
198000 1.23174e+08 6.63984e+09 3.82707e+10 3.5283e+07 1.83334e+07 2.71723e+07 1.32146e+07 107 70
199000 1.2882e+08 6.62293e+09 3.36697e+10 3.41522e+07 1.75484e+07 3.31937e+07 1.86145e+07 104 67
200000 1.24952e+08 6.61441e+09 2.67361e+10 3.43198e+07 1.97698e+07 3.25802e+07 1.83796e+07 107 73
201000 1.25936e+08 6.6079e+09 2.04317e+10 3.26741e+07 1.89767e+07 3.40051e+07 1.89991e+07 102 71
202000 1.24399e+08 6.6075e+09 2.30187e+10 3.229e+07 1.76694e+07 3.37149e+07 1.93536e+07 104 65
203000 1.24157e+08 6.61155e+09 1.93642e+10 3.21266e+07 1.85757e+07 3.33003e+07 1.90666e+07 109 80
204000 1.21619e+08 6.6136e+09 2.68005e+10 2.97826e+07 1.62185e+07 2.8967e+07 1.7045e+07 107 72
205000 1.22504e+08 6.63107e+09 2.44277e+10 3.37148e+07 1.97271e+07 2.6188e+07 1.36068e+07 103 81
206000 1.2463e+08 6.61896e+09 2.46693e+10 3.27948e+07 1.68001e+07 3.97811e+07 2.29028e+07 104 78
207000 1.28116e+08 6.59626e+09 1.90339e+10 2.98818e+07 1.62757e+07 4.62303e+07 3.20342e+07 105 79
208000 1.37785e+08 6.5251e+09 2.36861e+10 3.09659e+07 1.40953e+07 4.63072e+07 2.76319e+07 101 83
209000 1.38995e+08 6.44149e+09 3.03045e+10 2.96273e+07 1.54598e+07 3.97084e+07 1.98446e+07 100 91
210000 1.30894e+08 6.41906e+09 3.10829e+10 3.25566e+07 1.89253e+07 3.64314e+07 2.08788e+07 91 93
211000 1.30081e+08 6.40265e+09 2.65068e+10 3.09663e+07 2.16915e+07 3.62357e+07 1.69706e+07 85 95
212000 1.21987e+08 6.41287e+09 1.71551e+10 2.96959e+07 2.14886e+07 2.7325e+07 1.1681e+07 88 100
213000 1.12937e+08 6.47528e+09 2.41778e+10 2.83006e+07 1.82859e+07 2.97793e+07 1.56709e+07 88 90
214000 1.05851e+08 6.55092e+09 3.29846e+10 3.24015e+07 2.12228e+07 2.39915e+07 1.35027e+07 81 90
215000 1.02154e+08 6.63728e+09 2.94795e+10 3.13741e+07 1.99747e+07 2.27284e+07 1.33426e+07 79 93
216000 1.0517e+08 6.71264e+09 3.20967e+10 4.11588e+07 2.77584e+07 2.20363e+07 1.18087e+07 82 95
217000 1.1629e+08 6.7326e+09 2.50494e+10 4.22168e+07 2.68348e+07 2.27379e+07 1.18026e+07 87 94
218000 1.2356e+08 6.72654e+09 2.48161e+10 3.95531e+07 2.13441e+07 2.54172e+07 1.3512e+07 85 88
219000 1.25665e+08 6.72888e+09 1.82205e+10 3.62235e+07 2.09682e+07 3.88659e+07 2.2412e+07 91 82
220000 1.30331e+08 6.68151e+09 3.10605e+10 4.53004e+07 2.36442e+07 2.94148e+07 1.55286e+07 85 85
221000 1.5707e+08 6.52984e+09 1.60318e+10 5.64035e+07 2.87991e+07 2.5598e+07 1.26782e+07 91 98
222000 1.6119e+08 6.358e+09 1.57644e+10 4.63448e+07 1.97766e+07 2.13009e+07 1.0959e+07 105 103
223000 1.35286e+08 6.32244e+09 3.35062e+10 3.43303e+07 1.68857e+07 2.28119e+07 1.16426e+07 108 90
224000 1.12303e+08 6.39594e+09 3.4224e+10 2.64702e+07 1.33395e+07 2.38078e+07 1.21654e+07 101 88
225000 1.06025e+08 6.48982e+09 2.84021e+10 2.61541e+07 1.53559e+07 2.59721e+07 1.50837e+07 106 79
226000 1.09758e+08 6.55212e+09 2.43127e+10 3.0705e+07 1.78944e+07 2.39051e+07 1.29073e+07 99 87
227000 1.1848e+08 6.57168e+09 1.46973e+10 3.42809e+07 2.00192e+07 2.54954e+07 1.35855e+07 93 90
228000 1.20098e+08 6.57334e+09 2.04053e+10 3.04989e+07 1.67082e+07 2.71847e+07 1.37229e+07 95 96
229000 1.24856e+08 6.55957e+09 1.56389e+10 3.03034e+07 1.58124e+07 2.99055e+07 1.45103e+07 97 96
230000 1.27427e+08 6.54e+09 2.13391e+10 2.91318e+07 1.62324e+07 3.26796e+07 1.60789e+07 97 90
231000 1.28679e+08 6.51593e+09 2.39536e+10 2.66093e+07 1.41539e+07 3.43698e+07 1.80042e+07 101 90
232000 1.28732e+08 6.4915e+09 3.11711e+10 2.98567e+07 1.57753e+07 3.76605e+07 2.26781e+07 87 97
233000 1.20845e+08 6.49328e+09 3.97125e+10 2.90847e+07 1.7551e+07 2.92534e+07 1.59994e+07 80 99
234000 1.18116e+08 6.5225e+09 3.52863e+10 2.67985e+07 1.56296e+07 3.12745e+07 1.89491e+07 84 101
235000 1.31976e+08 6.46583e+09 2.55617e+10 3.78315e+07 2.13467e+07 3.14208e+07 1.40706e+07 81 109
236000 1.33254e+08 6.39112e+09 3.6755e+10 3.47382e+07 1.90671e+07 2.81283e+07 1.31455e+07 85 104
237000 1.3047e+08 6.37284e+09 3.29652e+10 3.6573e+07 1.49004e+07 2.57467e+07 1.30577e+07 90 113
238000 1.2719e+08 6.36503e+09 2.1939e+10 3.67018e+07 1.88026e+07 2.38565e+07 1.33149e+07 81 115
239000 1.16433e+08 6.4154e+09 2.38411e+10 2.86853e+07 1.47089e+07 2.30099e+07 1.32866e+07 89 107
240000 1.04628e+08 6.48592e+09 2.56652e+10 2.51643e+07 1.37227e+07 2.18089e+07 1.2003e+07 93 103
241000 1.03544e+08 6.57583e+09 2.50442e+10 2.6236e+07 1.55571e+07 2.52742e+07 1.45375e+07 86 97
242000 1.06063e+08 6.63592e+09 3.60473e+10 2.83495e+07 1.66115e+07 2.69006e+07 1.39225e+07 78 100
243000 1.16122e+08 6.65435e+09 3.05719e+10 2.88674e+07 1.51494e+07 2.98797e+07 1.63867e+07 82 104
244000 1.22559e+08 6.65556e+09 2.26188e+10 2.8417e+07 1.62705e+07 3.64668e+07 2.06507e+07 81 104
245000 1.25049e+08 6.64313e+09 1.3853e+10 3.06823e+07 1.76408e+07 3.34569e+07 2.04723e+07 83 99
246000 1.26262e+08 6.61661e+09 2.53245e+10 3.36598e+07 1.77501e+07 3.12908e+07 1.7702e+07 79 98
247000 1.24585e+08 6.59844e+09 2.74755e+10 2.95862e+07 1.66187e+07 2.95853e+07 1.42024e+07 79 114
248000 1.23489e+08 6.59549e+09 2.17251e+10 2.58341e+07 1.42954e+07 2.731e+07 1.14252e+07 86 118
249000 1.16107e+08 6.63315e+09 2.68148e+10 2.66725e+07 1.49859e+07 2.84006e+07 1.50968e+07 81 105
250000 1.16438e+08 6.6606e+09 1.81977e+10 3.47398e+07 2.14829e+07 2.84189e+07 1.64446e+07 85 109
251000 1.29711e+08 6.6302e+09 2.23136e+10 4.40303e+07 3.10201e+07 3.59813e+07 1.70032e+07 70 106
252000 1.41372e+08 6.53608e+09 1.73371e+10 3.72403e+07 1.99455e+07 3.49967e+07 1.65014e+07 75 111
253000 1.40096e+08 6.44725e+09 1.89563e+10 3.51777e+07 1.77995e+07 2.78478e+07 1.31876e+07 84 117
254000 1.35317e+08 6.39276e+09 2.57262e+10 3.12316e+07 1.58015e+07 2.90515e+07 1.39187e+07 84 117
255000 1.27143e+08 6.37732e+09 1.68197e+10 2.68085e+07 1.42344e+07 2.83704e+07 1.43259e+07 90 112
256000 1.21035e+08 6.39564e+09 1.11923e+10 2.84148e+07 1.79037e+07 2.30788e+07 1.12705e+07 84 125
257000 1.13193e+08 6.43613e+09 1.401e+10 2.77738e+07 1.65989e+07 2.72625e+07 1.33149e+07 82 129
258000 1.18628e+08 6.45093e+09 1.11073e+10 2.59692e+07 1.37113e+07 2.72537e+07 1.29571e+07 87 129
259000 1.28648e+08 6.41099e+09 6.38399e+09 2.57812e+07 1.52924e+07 2.82424e+07 1.21421e+07 86 127
260000 1.20899e+08 6.41509e+09 8.34206e+09 2.58459e+07 1.48355e+07 2.16552e+07 9.7608e+06 88 140
261000 1.16606e+08 6.44635e+09 1.68922e+10 3.03517e+07 1.8807e+07 2.17706e+07 1.06149e+07 76 137
262000 1.19846e+08 6.45278e+09 2.33265e+10 3.03096e+07 1.6408e+07 2.53719e+07 1.2684e+07 84 131
263000 1.27178e+08 6.43391e+09 1.91103e+10 3.64189e+07 2.04694e+07 2.24755e+07 9.98561e+06 77 139
264000 1.30734e+08 6.40654e+09 9.02515e+09 3.45806e+07 1.86723e+07 2.73321e+07 1.47387e+07 82 129
265000 1.3163e+08 6.37636e+09 1.08557e+10 3.55069e+07 2.04745e+07 2.43676e+07 1.29284e+07 83 129
266000 1.35217e+08 6.3157e+09 2.03071e+10 3.98394e+07 2.01692e+07 2.4984e+07 1.19494e+07 77 134
267000 1.32997e+08 6.2799e+09 2.24055e+10 4.11205e+07 2.27183e+07 2.19426e+07 1.00934e+07 74 134
268000 1.27665e+08 6.26284e+09 2.53686e+10 3.46367e+07 1.64035e+07 2.835e+07 1.61159e+07 77 126
269000 1.17584e+08 6.29243e+09 3.3584e+10 2.90289e+07 1.4984e+07 2.44937e+07 1.20648e+07 74 122
270000 1.14891e+08 6.33332e+09 2.73793e+10 2.67796e+07 1.48326e+07 2.93061e+07 1.67072e+07 70 135
271000 1.12191e+08 6.37325e+09 2.00504e+10 2.46593e+07 1.32928e+07 2.38805e+07 1.11089e+07 70 135
272000 1.08765e+08 6.44323e+09 2.25931e+10 2.49923e+07 1.45595e+07 2.4422e+07 1.39369e+07 68 123
273000 1.03437e+08 6.52712e+09 3.73633e+10 2.61787e+07 1.65823e+07 2.38794e+07 1.25774e+07 66 121
274000 1.0335e+08 6.60604e+09 3.95335e+10 2.66127e+07 1.43079e+07 2.9664e+07 1.53073e+07 60 124
275000 1.12379e+08 6.6518e+09 2.18454e+10 3.01661e+07 1.99181e+07 3.04419e+07 1.80017e+07 54 119
276000 1.15191e+08 6.67208e+09 2.60884e+10 2.67883e+07 1.61637e+07 3.35123e+07 2.05382e+07 57 118
277000 1.13393e+08 6.69107e+09 3.83829e+10 2.84236e+07 1.56496e+07 3.52e+07 2.17299e+07 49 118
278000 1.16885e+08 6.70717e+09 3.18971e+10 2.90735e+07 1.6795e+07 4.67657e+07 3.21797e+07 46 125
279000 1.23435e+08 6.6827e+09 1.96178e+10 2.8467e+07 1.76604e+07 3.50592e+07 1.92289e+07 47 141
280000 1.31168e+08 6.62473e+09 2.51107e+10 2.77673e+07 1.70302e+07 3.33812e+07 1.58537e+07 44 151
281000 1.25742e+08 6.59923e+09 4.50115e+10 4.57139e+07 3.78005e+07 3.95699e+07 2.40907e+07 35 134
282000 1.21722e+08 6.59369e+09 3.22103e+10 3.0434e+07 1.80904e+07 2.98994e+07 1.68633e+07 37 147
283000 1.23212e+08 6.5801e+09 2.92518e+10 3.70405e+07 2.52948e+07 3.03638e+07 1.69058e+07 36 149
284000 1.36337e+08 6.49283e+09 2.22477e+10 3.94593e+07 2.33058e+07 2.9182e+07 1.28725e+07 40 174
285000 1.38906e+08 6.38599e+09 2.30232e+10 3.47229e+07 1.7993e+07 2.57276e+07 1.06332e+07 41 186
286000 1.28812e+08 6.36716e+09 3.00786e+10 2.68085e+07 1.31833e+07 3.14639e+07 1.47064e+07 41 176
287000 1.18952e+08 6.3766e+09 3.30652e+10 2.58985e+07 1.40894e+07 3.50002e+07 1.4196e+07 38 183
288000 1.14466e+08 6.39936e+09 3.35021e+10 2.22841e+07 1.06724e+07 2.88834e+07 1.33097e+07 40 174
289000 1.1617e+08 6.43063e+09 2.80286e+10 2.56281e+07 1.50881e+07 2.59499e+07 1.24423e+07 39 166
290000 1.20396e+08 6.44776e+09 1.40462e+10 3.16873e+07 2.35139e+07 2.55679e+07 1.34528e+07 31 180
291000 1.16335e+08 6.45079e+09 2.48076e+10 3.18938e+07 1.76634e+07 2.8965e+07 1.41184e+07 35 180
292000 1.17293e+08 6.46478e+09 3.20323e+10 3.31298e+07 1.85379e+07 2.44561e+07 1.20743e+07 30 175
293000 1.17138e+08 6.48317e+09 2.9001e+10 3.82239e+07 2.69848e+07 3.00019e+07 1.74288e+07 28 165
294000 1.23912e+08 6.4728e+09 1.67089e+10 3.24933e+07 2.06048e+07 2.91452e+07 1.51193e+07 31 164
295000 1.23545e+08 6.44681e+09 9.49972e+09 2.50058e+07 1.33487e+07 2.61677e+07 1.28853e+07 38 180
296000 1.1591e+08 6.463e+09 1.98752e+10 2.36864e+07 1.2084e+07 2.46177e+07 1.24308e+07 33 178
297000 1.14843e+08 6.49333e+09 1.49286e+10 3.05295e+07 1.94268e+07 2.33408e+07 1.14249e+07 27 186
298000 1.12636e+08 6.526e+09 2.29656e+10 3.04242e+07 1.7926e+07 2.61779e+07 1.33138e+07 26 170
299000 1.15631e+08 6.53799e+09 1.97937e+10 2.53992e+07 1.20516e+07 2.60371e+07 1.26036e+07 32 179
300000 1.1609e+08 6.54826e+09 2.11779e+10 2.51754e+07 1.36136e+07 3.90264e+07 1.52913e+07 32 180
301000 1.15598e+08 6.56134e+09 2.26412e+10 2.41798e+07 1.20892e+07 2.9936e+07 1.8406e+07 28 172
302000 1.14059e+08 6.58164e+09 3.39662e+10 2.66531e+07 1.34576e+07 2.54493e+07 1.26935e+07 24 183
303000 1.21528e+08 6.58757e+09 2.45555e+10 2.97897e+07 1.66324e+07 3.24982e+07 1.68954e+07 22 176
304000 1.21802e+08 6.56458e+09 3.08117e+10 2.81069e+07 1.63491e+07 2.93829e+07 1.46684e+07 21 174
305000 1.24135e+08 6.54418e+09 2.03699e+10 2.78049e+07 1.81569e+07 3.92544e+07 2.48512e+07 21 189
306000 1.22641e+08 6.54086e+09 1.71033e+10 2.51633e+07 1.48648e+07 2.76681e+07 1.35896e+07 23 176
307000 1.17543e+08 6.56687e+09 1.54506e+10 2.79256e+07 1.57848e+07 2.67431e+07 1.56517e+07 21 173
308000 1.13204e+08 6.60475e+09 1.79093e+10 3.07e+07 1.90877e+07 2.7269e+07 1.66954e+07 21 163
309000 1.07731e+08 6.65497e+09 2.2191e+10 2.62177e+07 1.33864e+07 2.66597e+07 1.5929e+07 24 163
310000 1.06899e+08 6.71136e+09 1.79937e+10 2.68027e+07 1.327e+07 3.08318e+07 2.02772e+07 23 160
311000 1.09065e+08 6.74252e+09 1.56577e+10 2.64534e+07 1.46184e+07 2.67097e+07 1.42982e+07 25 172
312000 1.21019e+08 6.71703e+09 1.18725e+10 2.29914e+07 9.59838e+06 2.80707e+07 1.35806e+07 29 184
313000 1.18704e+08 6.70373e+09 1.86759e+10 2.22666e+07 1.03759e+07 2.59749e+07 1.34054e+07 29 185
314000 1.12631e+08 6.73699e+09 2.38859e+10 2.3041e+07 1.09461e+07 2.62522e+07 1.29611e+07 26 182
315000 1.08847e+08 6.78447e+09 2.48604e+10 3.02765e+07 1.94075e+07 3.87599e+07 1.60699e+07 21 181
316000 1.14367e+08 6.80427e+09 2.0337e+10 3.49219e+07 2.45959e+07 2.67805e+07 1.46778e+07 20 179
317000 1.23871e+08 6.76262e+09 2.05349e+10 3.02776e+07 1.83832e+07 2.60572e+07 1.22572e+07 23 204
318000 1.30595e+08 6.69613e+09 3.16746e+10 2.94155e+07 1.79661e+07 2.9505e+07 1.43679e+07 25 189
319000 1.32807e+08 6.63412e+09 1.61296e+10 3.25546e+07 2.13245e+07 2.64042e+07 1.18891e+07 26 203
320000 1.36974e+08 6.55491e+09 1.63667e+10 3.57332e+07 2.13793e+07 2.77548e+07 1.24293e+07 24 206
321000 1.4152e+08 6.45503e+09 1.30603e+10 3.47109e+07 2.19107e+07 2.67519e+07 1.18499e+07 25 212
322000 1.36759e+08 6.38064e+09 6.02678e+09 2.92557e+07 1.62403e+07 2.29672e+07 1.01698e+07 28 234
323000 1.34236e+08 6.31718e+09 6.33156e+09 3.12132e+07 2.09607e+07 2.49426e+07 1.08387e+07 26 225
324000 1.3653e+08 6.23828e+09 1.70074e+10 2.92001e+07 1.58286e+07 2.70073e+07 1.30127e+07 24 223
325000 1.33133e+08 6.19899e+09 1.26883e+10 2.84838e+07 1.53387e+07 2.51746e+07 1.19307e+07 26 207
326000 1.24209e+08 6.20046e+09 1.19429e+10 2.45912e+07 1.22172e+07 2.63287e+07 1.26713e+07 30 205
327000 1.15838e+08 6.23417e+09 2.10317e+10 2.43413e+07 1.1071e+07 2.39755e+07 1.28958e+07 30 187
328000 1.15271e+08 6.25946e+09 1.34751e+10 3.23242e+07 1.64242e+07 2.37543e+07 1.26182e+07 27 188
329000 1.17193e+08 6.27767e+09 1.29921e+10 3.05978e+07 1.48875e+07 3.10602e+07 1.57028e+07 28 176
330000 1.16036e+08 6.28537e+09 1.44233e+10 3.09144e+07 1.70213e+07 2.34547e+07 1.14232e+07 27 189
331000 1.11669e+08 6.31711e+09 1.90393e+10 2.9538e+07 1.69798e+07 2.38912e+07 1.21406e+07 23 180
332000 1.07374e+08 6.37561e+09 2.19201e+10 2.90393e+07 1.71952e+07 2.14378e+07 1.00746e+07 22 195
333000 1.06397e+08 6.44682e+09 2.36859e+10 3.33696e+07 2.37232e+07 2.4535e+07 1.37042e+07 19 181
334000 1.03359e+08 6.51968e+09 3.29207e+10 4.41185e+07 3.5782e+07 2.43728e+07 1.32722e+07 14 166
335000 1.06087e+08 6.58783e+09 2.53361e+10 3.72989e+07 2.49986e+07 2.63626e+07 1.51767e+07 19 160
336000 1.07206e+08 6.63941e+09 1.60859e+10 5.13028e+07 4.18495e+07 2.90064e+07 1.6893e+07 17 164
337000 1.07417e+08 6.68891e+09 1.98081e+10 4.13921e+07 2.73506e+07 2.48375e+07 1.34107e+07 17 170
338000 1.11591e+08 6.72799e+09 1.83663e+10 3.58247e+07 1.98582e+07 2.69754e+07 1.52403e+07 21 162
339000 1.14832e+08 6.74187e+09 1.56257e+10 5.3565e+07 3.77277e+07 2.74053e+07 1.57344e+07 17 165
340000 1.19409e+08 6.7222e+09 1.7701e+10 5.00987e+07 2.35689e+07 2.74257e+07 1.52672e+07 24 165
341000 1.23356e+08 6.69433e+09 1.94608e+10 4.58997e+07 2.29989e+07 2.58449e+07 1.30014e+07 24 178
342000 1.24955e+08 6.67467e+09 1.36375e+10 3.24006e+07 1.33908e+07 2.62096e+07 1.35389e+07 26 186
343000 1.29677e+08 6.62754e+09 1.23383e+10 3.08412e+07 1.52719e+07 3.01754e+07 1.54056e+07 23 186
344000 1.31084e+08 6.55053e+09 2.03841e+10 3.07946e+07 1.75111e+07 2.72786e+07 1.21588e+07 21 199
345000 1.3719e+08 6.48444e+09 1.18326e+10 4.47677e+07 2.43231e+07 2.86809e+07 1.42024e+07 22 192
346000 1.39674e+08 6.38133e+09 9.60765e+09 4.42817e+07 1.21861e+07 2.56692e+07 1.26626e+07 27 210
347000 1.27797e+08 6.35422e+09 1.73722e+10 3.91296e+07 1.53362e+07 2.25433e+07 1.06763e+07 20 210
348000 1.16963e+08 6.38434e+09 2.23934e+10 4.08504e+07 2.99631e+07 2.30307e+07 1.13645e+07 23 203
349000 1.13487e+08 6.41282e+09 1.71818e+10 1.91845e+07 9.89544e+06 2.44091e+07 1.19133e+07 27 195
350000 1.14913e+08 6.4359e+09 1.24088e+10 2.14085e+07 1.02245e+07 2.66658e+07 1.57894e+07 25 203
351000 1.17189e+08 6.43882e+09 1.09409e+10 2.21124e+07 9.36395e+06 2.50151e+07 1.30788e+07 24 198
352000 1.22314e+08 6.42652e+09 1.00033e+10 2.12622e+07 1.02115e+07 2.68865e+07 1.32792e+07 25 203
353000 1.24514e+08 6.39129e+09 1.03107e+10 1.86261e+07 8.94155e+06 2.45759e+07 1.12424e+07 28 210
354000 1.21545e+08 6.39203e+09 1.12954e+10 2.31139e+07 1.44824e+07 2.42307e+07 1.1852e+07 24 202
355000 1.15264e+08 6.41266e+09 1.8143e+10 3.31819e+07 2.25996e+07 2.19546e+07 9.96512e+06 20 207
356000 1.14911e+08 6.44682e+09 1.69717e+10 3.94712e+07 2.93928e+07 2.34047e+07 1.24131e+07 18 195
357000 1.13729e+08 6.47997e+09 2.97985e+10 3.46121e+07 2.06122e+07 2.49073e+07 1.32363e+07 19 184
358000 1.11981e+08 6.50994e+09 4.81908e+10 3.89993e+07 2.68565e+07 3.23133e+07 1.96305e+07 17 169
359000 1.25392e+08 6.49874e+09 2.19845e+10 5.82499e+07 3.83051e+07 3.53745e+07 2.22617e+07 14 177
360000 1.31037e+08 6.41994e+09 2.30918e+10 6.27697e+07 3.41584e+07 3.82421e+07 2.15376e+07 16 188
361000 1.32854e+08 6.36211e+09 1.84784e+10 4.46845e+07 1.98261e+07 3.25103e+07 1.9818e+07 21 189
362000 1.23996e+08 6.33473e+09 1.10606e+10 3.20983e+07 1.51926e+07 2.36492e+07 1.19233e+07 24 200
363000 1.17603e+08 6.36234e+09 1.40259e+10 3.17489e+07 1.57965e+07 2.36133e+07 1.17895e+07 21 196
364000 1.1416e+08 6.39493e+09 1.27538e+10 2.72816e+07 1.8281e+07 2.29255e+07 1.23449e+07 21 203
365000 1.12261e+08 6.42965e+09 1.53474e+10 2.2191e+07 1.25294e+07 2.24975e+07 1.1293e+07 24 205
366000 1.13426e+08 6.46016e+09 1.32906e+10 3.35799e+07 2.7751e+07 2.52771e+07 1.35504e+07 19 192
367000 1.15014e+08 6.47699e+09 1.08652e+10 3.3107e+07 2.40794e+07 2.42161e+07 1.26026e+07 19 196
368000 1.18927e+08 6.48879e+09 1.35578e+10 4.36111e+07 2.56336e+07 2.69758e+07 1.45197e+07 17 192
369000 1.19224e+08 6.4803e+09 2.11379e+10 4.77105e+07 2.21253e+07 2.50485e+07 1.19819e+07 17 192
370000 1.18136e+08 6.48487e+09 2.18234e+10 3.88958e+07 1.69547e+07 2.63462e+07 1.38446e+07 17 179
371000 1.15338e+08 6.50753e+09 1.5761e+10 2.35208e+07 1.01391e+07 2.54873e+07 1.28979e+07 22 184
372000 1.15301e+08 6.53808e+09 1.13033e+10 2.33758e+07 1.18482e+07 2.77653e+07 1.56731e+07 20 179
373000 1.14994e+08 6.56334e+09 1.11349e+10 2.70685e+07 1.72256e+07 3.07346e+07 1.83335e+07 16 176
374000 1.16731e+08 6.57165e+09 1.19455e+10 2.16981e+07 1.17378e+07 2.93402e+07 1.63189e+07 19 174
375000 1.15565e+08 6.57222e+09 2.26272e+10 2.1743e+07 1.2856e+07 3.10568e+07 1.81543e+07 19 174
376000 1.14988e+08 6.59044e+09 1.91905e+10 3.08258e+07 2.30434e+07 2.52788e+07 1.38329e+07 14 191
377000 1.15684e+08 6.59686e+09 1.75744e+10 2.90256e+07 1.8183e+07 2.52027e+07 1.26368e+07 15 200
378000 1.25113e+08 6.54758e+09 1.59479e+10 2.65351e+07 1.32137e+07 2.95736e+07 1.43346e+07 16 204
379000 1.35634e+08 6.4518e+09 9.09626e+09 3.11479e+07 1.78092e+07 2.78554e+07 1.25871e+07 14 212
380000 1.29936e+08 6.40544e+09 1.28703e+10 2.76636e+07 1.93095e+07 2.58845e+07 1.23232e+07 17 206
381000 1.24186e+08 6.40585e+09 1.47516e+10 2.66998e+07 1.76993e+07 2.35592e+07 1.20122e+07 15 218
382000 1.21287e+08 6.4179e+09 1.74465e+10 3.22441e+07 2.21801e+07 2.62454e+07 1.50857e+07 10 196
383000 1.17526e+08 6.41755e+09 1.48398e+10 4.31255e+07 3.44952e+07 2.61174e+07 1.32603e+07 10 202
384000 1.18524e+08 6.42853e+09 1.67818e+10 5.63603e+07 4.46878e+07 3.08818e+07 1.81763e+07 10 188
385000 1.19549e+08 6.41748e+09 2.3407e+10 4.77927e+07 2.79225e+07 2.55252e+07 1.29507e+07 12 194
386000 1.24956e+08 6.38905e+09 1.54252e+10 3.41707e+07 1.5258e+07 3.63782e+07 2.19963e+07 15 203
387000 1.24176e+08 6.35472e+09 1.16333e+10 2.95383e+07 1.41234e+07 2.4634e+07 1.24032e+07 14 210
388000 1.21409e+08 6.34795e+09 8.98607e+09 2.42654e+07 1.14213e+07 2.45112e+07 1.24622e+07 16 213
389000 1.19806e+08 6.35708e+09 1.10909e+10 3.04645e+07 1.95618e+07 2.43894e+07 1.33723e+07 13 207
390000 1.17861e+08 6.36122e+09 1.18626e+10 3.91678e+07 3.01867e+07 2.66719e+07 1.53041e+07 10 220
391000 1.22337e+08 6.34709e+09 9.91256e+09 3.07635e+07 1.91968e+07 2.65457e+07 1.37403e+07 15 202
392000 1.25179e+08 6.31764e+09 1.15115e+10 3.61514e+07 2.49834e+07 3.33484e+07 1.62262e+07 12 212
393000 1.23817e+08 6.29283e+09 1.50836e+10 3.80482e+07 2.2272e+07 2.52299e+07 1.35835e+07 11 205
394000 1.20051e+08 6.29555e+09 2.26448e+10 3.0763e+07 1.67749e+07 3.07098e+07 1.66556e+07 13 196
395000 1.17261e+08 6.30842e+09 2.94571e+10 3.2982e+07 1.84523e+07 2.66926e+07 1.50576e+07 12 187
396000 1.15689e+08 6.32621e+09 3.01858e+10 3.50006e+07 2.06599e+07 2.6496e+07 1.43402e+07 12 181
397000 1.16088e+08 6.35344e+09 2.64454e+10 3.88752e+07 2.8841e+07 2.59105e+07 1.32912e+07 12 184
398000 1.19631e+08 6.36215e+09 1.49369e+10 3.52141e+07 2.78742e+07 2.77532e+07 1.54749e+07 15 182
399000 1.17599e+08 6.36293e+09 1.74523e+10 4.02178e+07 2.72591e+07 2.48925e+07 1.31207e+07 13 194
400000 1.12923e+08 6.38734e+09 2.61256e+10 2.76213e+07 1.29118e+07 2.77352e+07 1.51441e+07 18 178
401000 1.10512e+08 6.42437e+09 2.05601e+10 2.61988e+07 1.45746e+07 2.61227e+07 1.46337e+07 18 190
402000 1.10957e+08 6.47118e+09 1.76916e+10 2.4642e+07 1.29754e+07 2.59359e+07 1.4596e+07 16 183
403000 1.09812e+08 6.51351e+09 2.16627e+10 3.00559e+07 1.86249e+07 2.70072e+07 1.50411e+07 15 172
404000 1.12138e+08 6.55042e+09 1.53661e+10 2.57174e+07 1.34845e+07 3.01598e+07 1.91907e+07 13 175
405000 1.09802e+08 6.5806e+09 2.40537e+10 1.94158e+07 8.34689e+06 2.5863e+07 1.46707e+07 17 179
406000 1.10336e+08 6.61307e+09 2.63562e+10 1.78203e+07 8.04172e+06 2.74243e+07 1.51439e+07 18 176
407000 1.13676e+08 6.63636e+09 1.82547e+10 2.2233e+07 1.10459e+07 3.04743e+07 1.74491e+07 15 180
408000 1.12398e+08 6.65997e+09 2.54963e+10 2.23917e+07 9.44897e+06 2.78544e+07 1.43845e+07 15 177
409000 1.13511e+08 6.68936e+09 1.36829e+10 2.31483e+07 1.02516e+07 2.56617e+07 1.40185e+07 14 188
410000 1.09602e+08 6.72754e+09 1.70362e+10 3.0796e+07 1.8656e+07 2.48575e+07 1.27473e+07 11 188
411000 1.08131e+08 6.76988e+09 1.73085e+10 2.37164e+07 1.08368e+07 2.59649e+07 1.35732e+07 14 179
412000 1.072e+08 6.81508e+09 1.79722e+10 2.20742e+07 1.0528e+07 2.78593e+07 1.54858e+07 16 181
413000 1.08238e+08 6.86128e+09 1.4068e+10 1.9115e+07 8.94208e+06 2.43955e+07 1.30061e+07 15 200
414000 1.13134e+08 6.88482e+09 1.28208e+10 2.16734e+07 1.12736e+07 2.60832e+07 1.39712e+07 14 197
415000 1.19972e+08 6.86789e+09 1.46386e+10 2.00853e+07 1.01246e+07 2.77822e+07 1.39081e+07 16 196
416000 1.28315e+08 6.82941e+09 1.78254e+10 2.45901e+07 1.29411e+07 3.57953e+07 2.13667e+07 14 191
417000 1.28768e+08 6.78427e+09 1.77963e+10 2.43785e+07 1.07625e+07 3.36762e+07 2.0679e+07 15 185
418000 1.38442e+08 6.69047e+09 6.13377e+09 2.6875e+07 1.28499e+07 2.99363e+07 1.48875e+07 16 210
419000 1.43323e+08 6.56552e+09 1.4839e+10 2.73015e+07 1.19033e+07 3.22857e+07 1.69151e+07 14 208
420000 1.42833e+08 6.46498e+09 6.76962e+09 2.60531e+07 1.26113e+07 2.84572e+07 1.43258e+07 15 221
421000 1.39803e+08 6.35405e+09 1.27183e+10 2.33255e+07 9.35502e+06 2.71825e+07 1.29124e+07 16 230
422000 1.3891e+08 6.26626e+09 1.92455e+10 2.64092e+07 1.36017e+07 2.7371e+07 1.29427e+07 14 230
423000 1.37349e+08 6.18635e+09 1.22096e+10 3.40633e+07 2.7005e+07 2.50003e+07 1.17819e+07 12 238
424000 1.31747e+08 6.13709e+09 1.5515e+10 2.91796e+07 1.90327e+07 2.35045e+07 1.0023e+07 13 234
425000 1.2247e+08 6.13598e+09 1.53676e+10 2.35103e+07 1.20655e+07 2.5291e+07 1.41478e+07 15 241
426000 1.14006e+08 6.16247e+09 1.07631e+10 2.50999e+07 1.5844e+07 2.2416e+07 1.21282e+07 14 232
427000 1.09383e+08 6.21292e+09 9.6113e+09 2.49952e+07 1.36165e+07 1.96528e+07 1.00718e+07 15 229
428000 1.07286e+08 6.27029e+09 1.47012e+10 3.13404e+07 1.9355e+07 1.89989e+07 9.03927e+06 14 229
429000 1.07668e+08 6.33461e+09 1.95303e+10 3.09489e+07 1.61312e+07 2.30818e+07 1.30463e+07 15 219
430000 1.10138e+08 6.38623e+09 1.33096e+10 3.62289e+07 2.05704e+07 2.2497e+07 1.22923e+07 12 207
431000 1.11157e+08 6.41988e+09 9.07811e+09 3.86516e+07 2.4439e+07 2.35053e+07 1.31286e+07 12 208
432000 1.09816e+08 6.45925e+09 1.75158e+10 2.69922e+07 1.52394e+07 2.35401e+07 1.29596e+07 16 205
433000 1.07967e+08 6.50673e+09 3.19848e+10 2.95307e+07 1.60653e+07 2.21574e+07 1.11233e+07 13 212
434000 1.1297e+08 6.53709e+09 2.57085e+10 2.92409e+07 1.62359e+07 2.33361e+07 1.08952e+07 12 213
435000 1.16597e+08 6.56327e+09 2.40086e+10 3.76083e+07 2.23351e+07 3.12298e+07 1.85684e+07 10 192
436000 1.14686e+08 6.57734e+09 2.18296e+10 3.69331e+07 2.59316e+07 2.55483e+07 1.31053e+07 10 190
437000 1.13975e+08 6.59757e+09 1.96304e+10 2.37751e+07 1.04645e+07 2.93256e+07 1.40737e+07 14 191
438000 1.103e+08 6.62458e+09 2.66734e+10 2.88727e+07 1.89497e+07 2.3657e+07 1.11639e+07 11 200
439000 1.11753e+08 6.66438e+09 2.84254e+10 3.04993e+07 2.11605e+07 2.339e+07 1.15051e+07 10 205
440000 1.11838e+08 6.68903e+09 2.57497e+10 2.42351e+07 1.26988e+07 2.54512e+07 1.23284e+07 13 197
441000 1.16384e+08 6.694e+09 1.89442e+10 4.00484e+07 3.02988e+07 2.74769e+07 1.32e+07 9 195
442000 1.21685e+08 6.66676e+09 9.01469e+09 4.67084e+07 3.65006e+07 2.78037e+07 1.37693e+07 8 207
443000 1.22846e+08 6.64315e+09 1.03672e+10 3.33737e+07 2.06391e+07 2.31163e+07 1.02183e+07 11 231
444000 1.27668e+08 6.60741e+09 1.22625e+10 3.65617e+07 2.58104e+07 2.5133e+07 1.15452e+07 12 223
445000 1.34752e+08 6.54584e+09 9.87323e+09 3.60683e+07 2.43985e+07 2.78692e+07 1.36055e+07 12 212
446000 1.33353e+08 6.47006e+09 1.5956e+10 2.78309e+07 1.59769e+07 2.65357e+07 1.24918e+07 14 217
447000 1.31775e+08 6.4172e+09 1.14878e+10 3.65571e+07 1.90696e+07 2.60636e+07 1.19823e+07 14 218
448000 1.34011e+08 6.37347e+09 1.08342e+10 5.6712e+07 3.53158e+07 2.64126e+07 1.3683e+07 13 208
449000 1.30587e+08 6.3154e+09 1.45336e+10 5.72716e+07 3.22256e+07 2.52738e+07 1.24143e+07 14 212
450000 1.25327e+08 6.28928e+09 1.73007e+10 4.73484e+07 2.05334e+07 2.9046e+07 1.66975e+07 16 212
451000 1.23677e+08 6.27948e+09 1.26944e+10 8.63707e+07 4.18798e+07 2.22251e+07 1.05822e+07 17 218
452000 1.22698e+08 6.27831e+09 6.74337e+09 4.27386e+07 2.19507e+07 2.24415e+07 1.15535e+07 18 211
453000 1.17745e+08 6.2955e+09 1.11614e+10 2.91652e+07 1.58586e+07 2.34968e+07 1.22745e+07 21 202
454000 1.16471e+08 6.31372e+09 1.05121e+10 2.9424e+07 1.68628e+07 2.38269e+07 1.23514e+07 17 202
455000 1.1491e+08 6.33563e+09 1.94825e+10 3.43701e+07 2.55047e+07 2.39015e+07 1.26643e+07 14 200
456000 1.18129e+08 6.34963e+09 1.50338e+10 2.72433e+07 1.56133e+07 2.85923e+07 1.65595e+07 20 193
457000 1.23225e+08 6.33339e+09 1.21444e+10 3.02474e+07 1.48854e+07 2.7753e+07 1.44414e+07 19 189
458000 1.21828e+08 6.31047e+09 1.51872e+10 3.68728e+07 2.31253e+07 2.59998e+07 1.27551e+07 15 193
459000 1.16802e+08 6.32313e+09 9.93742e+09 4.16483e+07 2.58053e+07 2.36884e+07 1.22002e+07 14 203
460000 1.1064e+08 6.36405e+09 8.40172e+09 2.62664e+07 1.56593e+07 2.24205e+07 1.17439e+07 15 215
461000 1.06338e+08 6.42062e+09 1.8993e+10 2.476e+07 1.81276e+07 2.04359e+07 9.95622e+06 15 217
462000 1.06732e+08 6.48217e+09 2.7542e+10 2.34557e+07 1.42674e+07 2.7823e+07 1.45512e+07 15 193
463000 1.10579e+08 6.51776e+09 2.03531e+10 2.36581e+07 1.42977e+07 3.71709e+07 2.52515e+07 12 191
464000 1.12715e+08 6.53545e+09 2.27269e+10 2.83079e+07 2.22407e+07 2.60159e+07 1.36212e+07 10 195
465000 1.21339e+08 6.53829e+09 1.55604e+10 2.86956e+07 2.17517e+07 2.83073e+07 1.51227e+07 10 193
466000 1.22755e+08 6.51921e+09 2.08624e+10 2.57095e+07 1.70508e+07 2.97243e+07 1.59147e+07 11 181
467000 1.19538e+08 6.51936e+09 2.22518e+10 2.90032e+07 2.17431e+07 3.96702e+07 2.03812e+07 10 188
468000 1.17561e+08 6.52892e+09 1.08075e+10 3.06952e+07 2.17696e+07 2.63431e+07 1.38925e+07 11 199
469000 1.11678e+08 6.54991e+09 2.14588e+10 3.53622e+07 2.66245e+07 2.45721e+07 1.38165e+07 8 197
470000 1.13478e+08 6.57809e+09 2.10211e+10 2.81486e+07 1.75482e+07 2.65975e+07 1.49009e+07 7 192
471000 1.21244e+08 6.58101e+09 9.91655e+09 2.25757e+07 1.22863e+07 3.31931e+07 2.14245e+07 9 192
472000 1.25198e+08 6.54818e+09 7.19761e+09 3.71963e+07 3.04657e+07 2.76488e+07 1.53381e+07 6 206
473000 1.26164e+08 6.50053e+09 1.0839e+10 3.43898e+07 2.65314e+07 2.75524e+07 1.45856e+07 7 205
474000 1.28421e+08 6.45953e+09 1.78048e+10 7.02862e+07 7.02862e+07 3.08275e+07 1.68029e+07 2 198
475000 1.33355e+08 6.3832e+09 2.13314e+10 3.23327e+07 1.61664e+07 3.36757e+07 1.67406e+07 4 205
476000 1.34451e+08 6.30872e+09 1.72236e+10 3.98438e+07 3.08909e+07 2.85409e+07 1.37516e+07 3 214
477000 1.28366e+08 6.28651e+09 1.46853e+10 3.80541e+07 2.86591e+07 2.85333e+07 1.49852e+07 3 210
478000 1.21726e+08 6.28418e+09 1.01838e+10 2.48936e+07 1.24468e+07 3.2072e+07 1.72196e+07 4 202
479000 1.16142e+08 6.29945e+09 1.58096e+10 3.25892e+07 2.50312e+07 2.63393e+07 1.42113e+07 3 196
480000 1.15641e+08 6.32293e+09 6.13832e+09 2.94562e+07 2.25454e+07 3.24454e+07 2.14352e+07 3 201
481000 1.10314e+08 6.35167e+09 1.61693e+10 1.94819e+07 9.74096e+06 2.36772e+07 1.25256e+07 2 211
482000 1.05513e+08 6.40642e+09 3.16243e+10 1.89207e+07 9.46034e+06 2.51043e+07 1.35773e+07 2 192
483000 1.08917e+08 6.45613e+09 2.31164e+10 1.89941e+07 9.49703e+06 2.57375e+07 1.41853e+07 2 197
484000 1.11794e+08 6.48785e+09 2.48479e+10 9.79202e+06 2.44801e+06 2.81001e+07 1.66771e+07 4 185
485000 1.16723e+08 6.49197e+09 1.76305e+10 1.03368e+07 2.58421e+06 2.80275e+07 1.5808e+07 4 195
486000 1.18546e+08 6.47778e+09 1.05799e+10 1.78321e+07 5.94405e+06 2.61087e+07 1.37124e+07 3 211
487000 1.18849e+08 6.46375e+09 1.32335e+10 1.89912e+07 6.3304e+06 2.62252e+07 1.34081e+07 3 212
488000 1.20522e+08 6.44648e+09 1.02157e+10 1.99161e+07 6.63869e+06 2.56022e+07 1.37276e+07 3 217
489000 1.22953e+08 6.43043e+09 9.83362e+09 3.73625e+07 1.86812e+07 2.54409e+07 1.43221e+07 2 222
490000 1.22503e+08 6.41285e+09 1.53479e+10 1.85264e+07 4.63159e+06 2.59689e+07 1.39095e+07 4 216
491000 1.2234e+08 6.40251e+09 1.42406e+10 1.76448e+07 4.41121e+06 2.55331e+07 1.35405e+07 4 217
492000 1.20831e+08 6.40136e+09 1.43492e+10 1.01834e+08 1.01834e+08 2.69062e+07 1.49275e+07 1 207
493000 1.2004e+08 6.39728e+09 1.26038e+10 4.42039e+07 2.2102e+07 2.4713e+07 1.22903e+07 2 219
494000 1.19205e+08 6.39802e+09 1.19484e+10 3.61662e+07 1.80831e+07 2.82462e+07 1.47021e+07 2 219
495000 1.19349e+08 6.39928e+09 8.64175e+09 2.90887e+07 1.45444e+07 2.62526e+07 1.5344e+07 2 213
496000 1.12443e+08 6.41525e+09 2.33509e+10 1.18535e+07 2.96337e+06 2.53531e+07 1.39933e+07 4 216
497000 1.12293e+08 6.44265e+09 2.69451e+10 9.93363e+06 2.48341e+06 2.46351e+07 1.27202e+07 4 209
498000 1.13092e+08 6.46601e+09 3.23617e+10 8.20409e+07 8.20409e+07 2.71772e+07 1.46719e+07 1 198
499000 1.18981e+08 6.47034e+09 2.5397e+10 5.16722e+07 5.16722e+07 2.93137e+07 1.64141e+07 1 191
499090 1.19431e+08 6.47318e+09 2.8454e+10 0 0 3.0139e+07 1.77333e+07 0 186
