0 1.27534e+08 5.8036e+09 2.4e+09 2.4e+07 1.2e+07 2.4e+07 1.2e+07 190 10
1000 1.27775e+08 5.80997e+09 3.12166e+09 2.60584e+07 1.44064e+07 2.5996e+07 1.68352e+07 205 10
2000 1.25887e+08 5.81324e+09 7.91692e+09 2.47343e+07 1.36746e+07 2.20444e+07 1.03134e+07 211 11
3000 1.23278e+08 5.82979e+09 1.76079e+10 2.65626e+07 1.48602e+07 1.91724e+07 8.96868e+06 198 11
4000 1.26834e+08 5.84075e+09 1.23624e+10 2.96766e+07 1.80879e+07 1.72395e+07 7.94352e+06 182 9
5000 1.25528e+08 5.85406e+09 2.26795e+10 3.06452e+07 1.86686e+07 1.64336e+07 6.93759e+06 175 10
6000 1.22454e+08 5.86103e+09 2.12276e+10 2.72431e+07 1.50809e+07 1.63216e+07 6.9608e+06 191 10
7000 1.2321e+08 5.88856e+09 2.13988e+10 3.35685e+07 2.15425e+07 1.46438e+07 5.38464e+06 174 12
8000 1.23098e+08 5.91605e+09 2.50645e+10 3.0624e+07 1.87181e+07 2.05087e+07 1.13315e+07 168 10
9000 1.19663e+08 5.93572e+09 2.85763e+10 3.2442e+07 2.05464e+07 2.23315e+07 9.50618e+06 177 10
10000 1.21689e+08 5.96377e+09 2.56317e+10 3.43702e+07 2.18063e+07 2.33046e+07 9.70597e+06 179 10
11000 1.22142e+08 5.98501e+09 1.66749e+10 2.95344e+07 1.83925e+07 2.41751e+07 1.01235e+07 176 10
12000 1.22702e+08 6.00498e+09 1.33582e+10 2.90026e+07 1.77987e+07 1.91618e+07 6.57974e+06 177 13
13000 1.2304e+08 6.02847e+09 1.66222e+10 4.27815e+07 3.09467e+07 2.68453e+07 1.1358e+07 173 10
14000 1.22137e+08 6.05871e+09 2.79087e+10 3.47621e+07 2.28329e+07 2.0591e+07 7.69356e+06 158 13
15000 1.21075e+08 6.08242e+09 3.32275e+10 3.38575e+07 2.16452e+07 2.41026e+07 1.10612e+07 147 11
16000 1.24166e+08 6.09917e+09 2.48602e+10 3.43574e+07 2.19823e+07 2.53112e+07 1.50155e+07 152 11
17000 1.21554e+08 6.11964e+09 3.6632e+10 3.44184e+07 2.22889e+07 6.86736e+07 3.27365e+07 147 7
18000 1.19375e+08 6.15457e+09 4.00346e+10 3.45328e+07 2.25738e+07 2.48139e+07 1.31485e+07 148 10
19000 1.13837e+08 6.20118e+09 4.49121e+10 3.18117e+07 1.92531e+07 2.44491e+07 1.17435e+07 145 10
20000 1.09653e+08 6.27825e+09 4.71656e+10 4.4074e+07 2.72739e+07 2.96654e+07 1.77134e+07 131 9
21000 1.08447e+08 6.34805e+09 3.47865e+10 3.1911e+07 2.01294e+07 3.14729e+07 2.21983e+07 143 11
22000 1.12153e+08 6.40432e+09 3.90026e+10 3.04693e+07 1.87668e+07 5.74548e+07 4.9483e+07 145 13
23000 1.16123e+08 6.42413e+09 5.26353e+10 3.02325e+07 1.62854e+07 5.7773e+07 2.74691e+07 147 13
24000 1.21995e+08 6.44672e+09 3.94494e+10 3.22822e+07 1.9353e+07 4.13215e+07 2.42524e+07 146 18
25000 1.19147e+08 6.46766e+09 4.8768e+10 2.96553e+07 1.70668e+07 5.23092e+07 2.49648e+07 142 19
26000 1.14197e+08 6.51034e+09 4.74938e+10 3.00244e+07 1.86331e+07 3.58891e+07 1.2397e+07 136 23
27000 1.05955e+08 6.58411e+09 4.89802e+10 2.73847e+07 1.46154e+07 2.68574e+07 1.14115e+07 141 24
28000 1.07417e+08 6.67289e+09 3.71016e+10 2.90952e+07 1.6187e+07 2.14816e+07 8.59067e+06 143 26
29000 1.05777e+08 6.74649e+09 4.17883e+10 2.95105e+07 1.65105e+07 2.13077e+07 9.0609e+06 140 26
30000 1.10301e+08 6.80694e+09 3.93684e+10 2.9117e+07 1.53111e+07 2.11297e+07 1.04969e+07 150 26
31000 1.15063e+08 6.84074e+09 4.11514e+10 3.2077e+07 1.63506e+07 2.46452e+07 1.34927e+07 147 22
32000 1.14831e+08 6.89439e+09 4.28488e+10 3.42486e+07 2.08028e+07 2.70463e+07 1.32887e+07 133 20
33000 1.07472e+08 6.96734e+09 4.45634e+10 3.04679e+07 1.81045e+07 2.3365e+07 9.80943e+06 134 23
34000 1.11383e+08 7.03458e+09 3.52384e+10 3.69677e+07 2.32986e+07 1.98342e+07 8.87091e+06 131 28
35000 1.31064e+08 7.01057e+09 2.89273e+10 4.6395e+07 2.69969e+07 2.06211e+07 1.15935e+07 130 24
36000 1.55197e+08 6.86203e+09 3.33445e+10 5.01475e+07 2.52285e+07 2.08407e+07 1.10438e+07 138 25
37000 1.49736e+08 6.73524e+09 3.83576e+10 3.67968e+07 1.74932e+07 2.66872e+07 1.48816e+07 154 25
38000 1.44466e+08 6.68186e+09 2.6747e+10 3.57995e+07 1.91017e+07 2.97529e+07 1.13136e+07 170 28
39000 1.54796e+08 6.54272e+09 3.26402e+10 3.85306e+07 2.02643e+07 3.03336e+07 1.09286e+07 173 27
40000 1.64966e+08 6.38094e+09 2.42693e+10 4.02104e+07 1.91984e+07 2.65488e+07 9.44425e+06 172 29
41000 1.59698e+08 6.24069e+09 2.1439e+10 3.37522e+07 1.58981e+07 2.57885e+07 9.63831e+06 188 26
42000 1.54179e+08 6.14582e+09 2.01508e+10 3.29423e+07 1.48663e+07 2.58597e+07 1.37164e+07 186 25
43000 1.4449e+08 6.08212e+09 1.86102e+10 3.69491e+07 2.14517e+07 2.22254e+07 9.58283e+06 191 29
44000 1.1715e+08 6.13236e+09 3.65002e+10 3.26337e+07 1.70858e+07 1.9605e+07 8.89869e+06 174 26
45000 1.04264e+08 6.24282e+09 3.14413e+10 2.25292e+07 1.29778e+07 1.88118e+07 8.21952e+06 174 28
46000 1.06407e+08 6.3504e+09 2.84082e+10 2.56584e+07 1.70686e+07 2.73294e+07 1.89348e+07 165 23
47000 1.16254e+08 6.38214e+09 2.56078e+10 2.98697e+07 1.72996e+07 3.16974e+07 2.14986e+07 167 21
48000 1.23254e+08 6.38728e+09 3.41721e+10 3.0259e+07 1.60834e+07 6.15042e+07 4.85995e+07 155 21
49000 1.18971e+08 6.42151e+09 4.62899e+10 3.23589e+07 1.88371e+07 2.42218e+07 1.00585e+07 144 21
50000 1.21783e+08 6.45312e+09 4.48091e+10 3.63293e+07 2.14768e+07 2.2836e+07 1.01585e+07 142 22
51000 1.32571e+08 6.41375e+09 4.31386e+10 3.77108e+07 1.94643e+07 2.21969e+07 8.94941e+06 145 21
52000 1.18394e+08 6.45204e+09 4.85032e+10 3.02934e+07 1.65636e+07 2.03725e+07 8.03708e+06 150 21
53000 1.11054e+08 6.53387e+09 2.99784e+10 3.40387e+07 1.96353e+07 1.95476e+07 7.91643e+06 148 21
54000 1.07094e+08 6.61336e+09 3.9098e+10 3.02164e+07 2.03045e+07 1.55215e+07 6.26178e+06 140 25
55000 1.20871e+08 6.64092e+09 4.00931e+10 4.53871e+07 2.80493e+07 1.67507e+07 6.77712e+06 134 24
56000 1.39762e+08 6.56567e+09 3.13499e+10 5.34317e+07 3.33714e+07 1.95504e+07 1.07435e+07 142 24
57000 1.4526e+08 6.46711e+09 3.75398e+10 4.19256e+07 2.10786e+07 2.00697e+07 9.15943e+06 139 24
58000 1.3318e+08 6.45703e+09 4.1838e+10 3.59487e+07 1.95255e+07 2.61719e+07 1.31036e+07 139 23
59000 1.23897e+08 6.49013e+09 2.90936e+10 3.37683e+07 2.04022e+07 3.7292e+07 2.30201e+07 148 18
60000 1.20913e+08 6.52247e+09 2.0969e+10 3.26013e+07 2.05027e+07 3.33836e+07 1.94318e+07 139 23
61000 1.23977e+08 6.53005e+09 1.80577e+10 3.51855e+07 2.22995e+07 3.31723e+07 2.02198e+07 139 26
62000 1.24746e+08 6.5109e+09 4.05782e+10 3.33347e+07 1.95191e+07 4.93655e+07 2.03521e+07 128 27
63000 1.28408e+08 6.49074e+09 3.3387e+10 3.15558e+07 1.95848e+07 5.05747e+07 2.13103e+07 142 25
64000 1.22171e+08 6.49232e+09 2.76527e+10 2.85803e+07 1.6108e+07 3.36877e+07 1.81647e+07 148 34
65000 1.23552e+08 6.50676e+09 2.23772e+10 3.55712e+07 2.43168e+07 2.36095e+07 1.16881e+07 135 42
66000 1.26229e+08 6.48755e+09 2.22884e+10 3.27216e+07 1.64857e+07 2.24509e+07 1.0779e+07 141 43
67000 1.18399e+08 6.52463e+09 2.56998e+10 2.85986e+07 1.5435e+07 2.33951e+07 1.30019e+07 140 40
68000 1.05171e+08 6.61538e+09 3.72195e+10 2.78218e+07 1.67796e+07 2.65881e+07 1.55067e+07 130 37
69000 9.93648e+07 6.72173e+09 3.71813e+10 2.77866e+07 1.46164e+07 2.66412e+07 1.40528e+07 132 38
70000 1.02779e+08 6.81829e+09 3.14116e+10 2.90467e+07 1.64262e+07 2.32449e+07 1.03906e+07 127 41
71000 1.07537e+08 6.8916e+09 2.94846e+10 3.03363e+07 1.61336e+07 2.7386e+07 1.56777e+07 128 37
72000 1.12286e+08 6.95222e+09 3.66961e+10 3.72144e+07 2.37893e+07 4.31797e+07 3.04041e+07 113 34
73000 1.18273e+08 6.96106e+09 4.47901e+10 3.97732e+07 2.06199e+07 2.59574e+07 1.28802e+07 120 37
74000 1.3017e+08 6.93388e+09 3.04267e+10 4.21371e+07 2.48234e+07 2.67057e+07 1.26183e+07 123 34
75000 1.52856e+08 6.79415e+09 3.23924e+10 4.78907e+07 1.9807e+07 2.43216e+07 1.27951e+07 141 36
76000 1.22668e+08 6.81807e+09 5.26199e+10 3.31067e+07 1.76013e+07 2.21615e+07 1.131e+07 124 37
77000 1.13429e+08 6.90466e+09 4.83841e+10 3.78677e+07 2.2627e+07 2.19207e+07 1.18976e+07 110 36
78000 1.10519e+08 6.98191e+09 3.70173e+10 3.75126e+07 2.57481e+07 2.91138e+07 1.9587e+07 112 31
79000 1.1194e+08 7.03212e+09 3.14759e+10 3.65062e+07 2.33943e+07 2.77737e+07 1.69583e+07 121 29
80000 1.2895e+08 7.01349e+09 1.8924e+10 4.02205e+07 2.41484e+07 2.76295e+07 1.70654e+07 130 30
81000 1.289e+08 6.97469e+09 3.27024e+10 3.80647e+07 2.0956e+07 2.63888e+07 1.58154e+07 130 34
82000 1.42996e+08 6.8947e+09 2.82935e+10 4.37081e+07 2.47831e+07 2.80632e+07 1.52443e+07 140 34
83000 1.73188e+08 6.67675e+09 2.07518e+10 5.19816e+07 2.45424e+07 3.58914e+07 2.17445e+07 151 28
84000 1.77439e+08 6.43675e+09 3.01476e+10 4.98732e+07 2.12008e+07 2.94446e+07 1.57034e+07 152 33
85000 1.49105e+08 6.36438e+09 3.53072e+10 3.50511e+07 1.81229e+07 2.59397e+07 1.5428e+07 146 37
86000 1.35547e+08 6.3452e+09 3.16247e+10 3.18931e+07 1.64663e+07 2.5766e+07 1.43987e+07 154 41
87000 1.4099e+08 6.29045e+09 3.37916e+10 3.59045e+07 1.81081e+07 3.03381e+07 1.75439e+07 149 40
88000 1.50618e+08 6.17321e+09 1.93213e+10 3.32598e+07 1.67037e+07 2.94129e+07 1.46517e+07 164 46
89000 1.57253e+08 6.04304e+09 2.56957e+10 4.18155e+07 2.23909e+07 2.52774e+07 9.07749e+06 145 47
90000 1.49399e+08 5.9445e+09 3.31594e+10 3.91026e+07 2.18999e+07 3.351e+07 1.97876e+07 156 36
91000 1.33307e+08 5.92653e+09 3.35602e+10 2.95589e+07 1.64041e+07 2.73824e+07 1.49948e+07 159 43
92000 1.32207e+08 5.90862e+09 3.16613e+10 2.96695e+07 1.47146e+07 3.20389e+07 1.84214e+07 158 38
93000 1.28718e+08 5.91235e+09 1.7647e+10 2.58882e+07 1.4634e+07 3.41139e+07 1.80378e+07 158 41
94000 1.20651e+08 5.94257e+09 1.7647e+10 2.40745e+07 1.42537e+07 3.26927e+07 1.77831e+07 154 45
95000 1.12434e+08 6.00717e+09 1.80487e+10 2.37557e+07 1.3053e+07 3.13072e+07 1.42025e+07 145 47
96000 1.07416e+08 6.09817e+09 1.22647e+10 2.55683e+07 1.51987e+07 2.69436e+07 1.45781e+07 133 48
97000 1.04246e+08 6.19059e+09 1.14588e+10 2.40163e+07 1.44124e+07 2.55451e+07 1.60995e+07 145 47
98000 1.03072e+08 6.27349e+09 1.19996e+10 2.55699e+07 1.54766e+07 2.26186e+07 1.39336e+07 139 49
99000 1.08748e+08 6.33647e+09 1.93848e+10 2.9205e+07 1.70751e+07 2.51445e+07 1.52048e+07 136 43
100000 1.16122e+08 6.35351e+09 2.70408e+10 3.29465e+07 1.77677e+07 2.72548e+07 1.61921e+07 138 44
101000 1.21126e+08 6.36339e+09 3.5348e+10 3.45658e+07 1.99552e+07 2.74718e+07 1.54921e+07 123 46
102000 1.20951e+08 6.38872e+09 4.17185e+10 3.15599e+07 1.74892e+07 2.78009e+07 1.49305e+07 129 44
103000 1.16719e+08 6.42661e+09 5.21894e+10 3.30566e+07 1.83634e+07 2.90241e+07 1.75442e+07 116 40
104000 1.19319e+08 6.4619e+09 3.59198e+10 3.46592e+07 1.91315e+07 3.22151e+07 2.23163e+07 116 43
105000 1.21923e+08 6.47599e+09 1.61537e+10 3.76977e+07 2.0346e+07 3.05498e+07 1.82592e+07 135 47
106000 1.21338e+08 6.48748e+09 2.03917e+10 3.20927e+07 1.8732e+07 3.00721e+07 1.74424e+07 125 48
107000 1.22384e+08 6.49038e+09 2.16204e+10 3.37296e+07 1.98872e+07 2.53039e+07 1.19742e+07 125 56
108000 1.25533e+08 6.49571e+09 2.26664e+10 3.71634e+07 2.10125e+07 2.78212e+07 1.49471e+07 123 46
109000 1.22663e+08 6.51746e+09 2.85041e+10 3.23595e+07 1.89769e+07 3.34613e+07 1.92851e+07 124 39
110000 1.20696e+08 6.53072e+09 2.62866e+10 3.27921e+07 1.99397e+07 3.5781e+07 2.21586e+07 119 42
111000 1.23745e+08 6.53668e+09 2.92629e+10 3.2354e+07 1.97818e+07 4.07305e+07 1.96893e+07 117 45
112000 1.21475e+08 6.52654e+09 3.29155e+10 3.10411e+07 1.94825e+07 3.42554e+07 1.72507e+07 120 50
113000 1.23204e+08 6.52756e+09 3.41857e+10 3.71624e+07 2.1123e+07 3.69367e+07 1.68353e+07 120 54
114000 1.37568e+08 6.47188e+09 2.77939e+10 3.98082e+07 2.23318e+07 3.10073e+07 1.63378e+07 119 59
115000 1.43893e+08 6.37907e+09 2.80537e+10 4.16898e+07 2.50786e+07 3.20203e+07 1.64831e+07 116 68
116000 1.40014e+08 6.31394e+09 2.42829e+10 3.33581e+07 1.73749e+07 3.65535e+07 1.59648e+07 124 63
117000 1.32735e+08 6.2762e+09 1.33602e+10 3.19526e+07 1.95041e+07 2.19991e+07 9.60202e+06 129 75
118000 1.28007e+08 6.27278e+09 1.53731e+10 3.54211e+07 2.05772e+07 1.91864e+07 8.51108e+06 120 78
119000 1.27748e+08 6.26333e+09 1.94222e+10 3.28714e+07 1.75633e+07 1.92845e+07 9.25616e+06 128 78
120000 1.24421e+08 6.27596e+09 1.94265e+10 3.34791e+07 2.0184e+07 2.12745e+07 9.19221e+06 117 72
121000 1.19887e+08 6.29965e+09 1.44985e+10 3.33219e+07 2.04742e+07 2.14221e+07 8.10038e+06 126 74
122000 1.1645e+08 6.34956e+09 1.77004e+10 2.97509e+07 1.70672e+07 2.46768e+07 1.26207e+07 120 61
123000 1.09111e+08 6.41538e+09 2.98409e+10 3.98089e+07 2.36116e+07 2.13725e+07 1.14707e+07 104 65
124000 1.02072e+08 6.51379e+09 4.5249e+10 3.19131e+07 2.05231e+07 2.11079e+07 1.23098e+07 94 72
125000 1.04957e+08 6.59522e+09 4.8096e+10 3.57142e+07 2.31941e+07 2.26053e+07 1.28936e+07 93 69
126000 1.21713e+08 6.60584e+09 3.89803e+10 4.4418e+07 2.89746e+07 3.89431e+07 2.61039e+07 91 67
127000 1.32575e+08 6.54474e+09 5.04353e+10 4.30639e+07 2.54811e+07 3.22516e+07 1.49131e+07 87 73
128000 1.33236e+08 6.49599e+09 4.26664e+10 5.02288e+07 2.94637e+07 2.78657e+07 1.20034e+07 88 75
129000 1.27245e+08 6.48473e+09 2.80397e+10 6.3665e+07 4.95442e+07 2.57909e+07 1.23493e+07 106 81
130000 1.38267e+08 6.43267e+09 2.41622e+10 3.85232e+07 2.81869e+07 4.14779e+07 1.9375e+07 99 85
131000 1.34631e+08 6.38917e+09 2.39205e+10 3.7841e+07 2.58147e+07 3.12113e+07 1.36945e+07 103 84
132000 1.31656e+08 6.36304e+09 2.63616e+10 4.02593e+07 2.23446e+07 2.71584e+07 1.58916e+07 101 73
133000 1.30237e+08 6.33156e+09 3.23018e+10 3.89156e+07 2.14525e+07 2.57357e+07 1.5577e+07 103 73
134000 1.23828e+08 6.32849e+09 2.99599e+10 3.47006e+07 1.93932e+07 2.33043e+07 1.29164e+07 107 73
135000 1.19418e+08 6.36053e+09 2.13706e+10 3.34845e+07 1.87387e+07 2.17234e+07 1.15087e+07 106 87
136000 1.16047e+08 6.40943e+09 1.94099e+10 3.51656e+07 2.33665e+07 2.32082e+07 1.33179e+07 104 79
137000 1.1246e+08 6.4648e+09 3.17369e+10 3.02979e+07 1.90284e+07 3.77453e+07 1.89346e+07 99 73
138000 1.15904e+08 6.49393e+09 3.18643e+10 3.57176e+07 2.19796e+07 2.72778e+07 1.3058e+07 99 73
139000 1.33457e+08 6.45337e+09 1.6502e+10 4.07125e+07 2.26263e+07 2.55255e+07 1.29586e+07 101 77
140000 1.25032e+08 6.44186e+09 2.17071e+10 3.54434e+07 2.05033e+07 2.57048e+07 1.39749e+07 99 76
141000 1.2415e+08 6.46105e+09 2.25016e+10 3.58393e+07 2.2244e+07 2.96251e+07 1.74075e+07 92 78
142000 1.22658e+08 6.45687e+09 3.13419e+10 3.29306e+07 1.86374e+07 3.96218e+07 2.34903e+07 92 70
143000 1.28703e+08 6.44671e+09 2.13356e+10 3.5665e+07 2.20691e+07 3.65522e+07 1.88729e+07 91 75
144000 1.32308e+08 6.3841e+09 1.78523e+10 3.08914e+07 1.81366e+07 3.37377e+07 1.50222e+07 100 87
145000 1.32241e+08 6.35902e+09 1.51991e+10 4.35407e+07 2.88088e+07 3.78543e+07 2.18137e+07 93 89
146000 1.28313e+08 6.34404e+09 2.35647e+10 3.68802e+07 2.33062e+07 3.19601e+07 1.53555e+07 90 79
147000 1.29687e+08 6.31707e+09 2.44346e+10 3.62603e+07 2.00665e+07 2.86863e+07 1.50043e+07 96 85
148000 1.30978e+08 6.28826e+09 1.99795e+10 3.44571e+07 1.88461e+07 3.34671e+07 2.04654e+07 97 78
149000 1.24724e+08 6.27904e+09 1.51596e+10 3.05531e+07 1.85052e+07 2.87402e+07 1.62717e+07 96 89
150000 1.14993e+08 6.31578e+09 2.8047e+10 2.86224e+07 1.71648e+07 2.84561e+07 1.41282e+07 90 88
151000 1.07474e+08 6.38231e+09 3.53961e+10 2.92049e+07 1.69516e+07 2.61811e+07 1.26522e+07 82 87
152000 1.03419e+08 6.46762e+09 3.78693e+10 3.03207e+07 1.87263e+07 2.62542e+07 1.37449e+07 75 90
153000 1.06007e+08 6.53714e+09 2.56849e+10 3.01214e+07 1.93157e+07 2.48533e+07 1.22388e+07 80 100
154000 1.13532e+08 6.56586e+09 2.22691e+10 3.45911e+07 2.26101e+07 2.70524e+07 1.42576e+07 78 105
155000 1.22229e+08 6.53922e+09 2.44987e+10 3.34016e+07 1.9679e+07 2.85091e+07 1.2896e+07 81 106
156000 1.28105e+08 6.51149e+09 2.12436e+10 3.54633e+07 2.26676e+07 3.09639e+07 1.52432e+07 82 113
157000 1.34696e+08 6.45146e+09 2.13345e+10 3.67737e+07 2.12335e+07 3.14013e+07 1.32579e+07 81 113
158000 1.34871e+08 6.38262e+09 2.18886e+10 3.44489e+07 2.09274e+07 2.51707e+07 1.03391e+07 80 127
159000 1.30263e+08 6.35635e+09 1.38862e+10 4.03301e+07 2.65687e+07 2.15922e+07 9.76617e+06 86 141
160000 1.25772e+08 6.33736e+09 1.88952e+10 3.26651e+07 1.68345e+07 2.07911e+07 9.58374e+06 84 138
161000 1.25374e+08 6.33914e+09 1.69089e+10 3.57596e+07 2.21355e+07 2.51672e+07 1.28844e+07 82 124
162000 1.20795e+08 6.34992e+09 3.02052e+10 3.22709e+07 1.87082e+07 2.55341e+07 1.28936e+07 81 115
163000 1.23487e+08 6.33826e+09 2.40734e+10 2.99269e+07 1.64032e+07 2.5379e+07 1.14831e+07 87 121
164000 1.30115e+08 6.31299e+09 1.69251e+10 3.29429e+07 2.03535e+07 2.56729e+07 1.17364e+07 88 122
165000 1.27186e+08 6.28191e+09 2.12141e+10 3.20726e+07 1.81073e+07 2.33293e+07 1.06929e+07 86 126
166000 1.22207e+08 6.28361e+09 2.25654e+10 3.1655e+07 1.73811e+07 2.49013e+07 1.43763e+07 86 133
167000 1.20813e+08 6.30673e+09 1.96342e+10 2.83049e+07 1.48101e+07 2.20181e+07 1.09604e+07 89 131
168000 1.18382e+08 6.32487e+09 1.58136e+10 2.63372e+07 1.43202e+07 2.24386e+07 1.09953e+07 89 133
169000 1.13022e+08 6.36509e+09 2.2589e+10 2.40629e+07 1.20653e+07 3.92104e+07 2.00678e+07 87 118
170000 1.10153e+08 6.4193e+09 2.60585e+10 2.38624e+07 1.2166e+07 2.59802e+07 1.31176e+07 85 113
171000 1.15394e+08 6.45297e+09 1.47021e+10 2.426e+07 1.33325e+07 3.50002e+07 2.2e+07 86 126
172000 1.20576e+08 6.45862e+09 2.03623e+10 2.66712e+07 1.67439e+07 3.53742e+07 1.90043e+07 82 113
173000 1.26146e+08 6.42065e+09 3.16158e+10 2.92664e+07 1.74496e+07 3.06698e+07 1.39171e+07 81 119
174000 1.33546e+08 6.3631e+09 2.16226e+10 2.76812e+07 1.48996e+07 3.1144e+07 1.42411e+07 88 123
175000 1.3957e+08 6.28801e+09 1.80081e+10 3.1189e+07 1.68771e+07 3.09455e+07 1.44281e+07 85 125
176000 1.38733e+08 6.21514e+09 2.79765e+10 3.69392e+07 2.36032e+07 2.80593e+07 1.23684e+07 76 121
177000 1.33264e+08 6.17927e+09 2.14907e+10 3.31942e+07 1.75515e+07 2.18781e+07 1.05529e+07 89 132
178000 1.22474e+08 6.18389e+09 2.18128e+10 3.15299e+07 1.71739e+07 1.94413e+07 8.65069e+06 90 126
179000 1.12777e+08 6.24469e+09 3.331e+10 3.00388e+07 1.5854e+07 2.48518e+07 1.26612e+07 86 115
180000 1.11774e+08 6.31215e+09 2.39268e+10 2.91111e+07 1.51541e+07 2.07263e+07 1.094e+07 85 116
181000 1.08119e+08 6.38579e+09 2.75957e+10 2.89556e+07 1.65872e+07 3.61529e+07 1.6967e+07 83 109
182000 1.08843e+08 6.45386e+09 2.64512e+10 3.38685e+07 2.22055e+07 2.45755e+07 1.4066e+07 71 107
183000 1.16222e+08 6.48028e+09 1.84914e+10 3.72738e+07 2.59374e+07 2.81951e+07 1.66866e+07 71 103
184000 1.22801e+08 6.46268e+09 1.58887e+10 3.5242e+07 2.25625e+07 2.79216e+07 1.4196e+07 72 113
185000 1.22293e+08 6.45308e+09 1.5111e+10 2.96479e+07 1.64003e+07 3.12323e+07 1.7299e+07 74 117
186000 1.15858e+08 6.47774e+09 2.52947e+10 2.97506e+07 1.73547e+07 2.71567e+07 1.42704e+07 70 112
187000 1.13484e+08 6.51364e+09 1.43916e+10 3.18243e+07 1.98768e+07 2.34522e+07 1.13761e+07 77 131
188000 1.14751e+08 6.55009e+09 1.31715e+10 2.93851e+07 1.58177e+07 3.09185e+07 1.84081e+07 72 116
189000 1.17124e+08 6.5631e+09 1.3169e+10 3.09338e+07 1.69524e+07 2.5985e+07 1.41861e+07 71 124
190000 1.21481e+08 6.56083e+09 1.22532e+10 2.66116e+07 1.3893e+07 2.81284e+07 1.66099e+07 76 126
191000 1.28428e+08 6.52259e+09 1.70893e+10 2.66848e+07 1.41398e+07 3.13732e+07 1.65758e+07 71 133
192000 1.40208e+08 6.42763e+09 2.27425e+10 3.23568e+07 2.05892e+07 3.43966e+07 1.673e+07 65 128
193000 1.50314e+08 6.31028e+09 1.39362e+10 3.76501e+07 2.6839e+07 4.50545e+07 1.97191e+07 64 136
194000 1.51442e+08 6.16637e+09 1.66831e+10 3.40705e+07 2.12476e+07 3.32959e+07 1.5405e+07 70 138
195000 1.41894e+08 6.075e+09 1.72481e+10 3.23557e+07 1.96386e+07 2.46548e+07 1.02848e+07 72 152
196000 1.24752e+08 6.06609e+09 2.98016e+10 2.82845e+07 1.391e+07 2.3313e+07 1.04772e+07 78 149
197000 1.19244e+08 6.10365e+09 2.79877e+10 3.25097e+07 1.91308e+07 2.09996e+07 1.04967e+07 67 144
198000 1.12196e+08 6.14557e+09 3.26288e+10 3.83754e+07 2.55306e+07 2.20784e+07 1.2388e+07 72 145
199000 1.13534e+08 6.18797e+09 2.54534e+10 2.85408e+07 1.68552e+07 4.95404e+07 1.52874e+07 75 136
200000 1.157e+08 6.22542e+09 1.79337e+10 2.70787e+07 1.52598e+07 2.3591e+07 1.32591e+07 81 129
201000 1.15672e+08 6.24641e+09 1.15686e+10 2.61087e+07 1.42438e+07 2.33652e+07 1.33002e+07 88 128
202000 1.16837e+08 6.26672e+09 1.57525e+10 2.70156e+07 1.55133e+07 2.34099e+07 1.26004e+07 84 128
203000 1.14764e+08 6.29732e+09 3.30006e+10 2.94447e+07 1.647e+07 3.33105e+07 2.12573e+07 78 111
204000 1.19894e+08 6.32415e+09 2.24383e+10 3.26023e+07 1.98599e+07 2.56634e+07 1.37772e+07 77 116
205000 1.23021e+08 6.33523e+09 2.27265e+10 3.33138e+07 1.97713e+07 3.13393e+07 1.93081e+07 75 103
206000 1.18918e+08 6.33609e+09 2.97426e+10 3.47875e+07 2.21714e+07 2.55712e+07 1.35303e+07 69 117
207000 1.22251e+08 6.3479e+09 3.38182e+10 4.37524e+07 2.9433e+07 2.83974e+07 1.50171e+07 58 112
208000 1.25971e+08 6.3167e+09 2.5706e+10 4.81744e+07 3.31966e+07 2.64431e+07 1.41034e+07 66 118
209000 1.21808e+08 6.3132e+09 3.09021e+10 4.20711e+07 2.69202e+07 2.48972e+07 1.25607e+07 63 123
210000 1.144e+08 6.3472e+09 2.98449e+10 3.13358e+07 1.72518e+07 2.45333e+07 1.15998e+07 69 117
211000 1.10282e+08 6.40638e+09 2.31813e+10 2.7447e+07 1.55491e+07 2.62332e+07 1.51342e+07 73 112
212000 1.087e+08 6.47782e+09 2.08641e+10 2.80207e+07 1.73215e+07 2.59619e+07 1.40332e+07 73 110
213000 1.10111e+08 6.53521e+09 2.2169e+10 3.71829e+07 2.41498e+07 2.6649e+07 1.54187e+07 69 106
214000 1.14528e+08 6.55501e+09 2.32712e+10 3.69582e+07 1.97856e+07 2.62355e+07 1.40479e+07 70 103
215000 1.14431e+08 6.58583e+09 1.99719e+10 2.92315e+07 1.41043e+07 2.69224e+07 1.6008e+07 70 111
216000 1.12163e+08 6.62899e+09 2.00288e+10 5.99769e+07 4.69213e+07 3.18554e+07 1.98914e+07 68 113
217000 1.12696e+08 6.66245e+09 2.21311e+10 2.89165e+07 1.69945e+07 4.24669e+07 2.07644e+07 61 111
218000 1.11964e+08 6.69252e+09 2.54962e+10 2.81965e+07 1.64463e+07 2.70516e+07 1.31703e+07 65 123
219000 1.17397e+08 6.71054e+09 2.02176e+10 3.22904e+07 2.10513e+07 2.97273e+07 1.65738e+07 61 118
220000 1.21403e+08 6.70935e+09 2.4384e+10 3.44202e+07 2.17924e+07 2.91101e+07 1.62793e+07 61 124
221000 1.31821e+08 6.64832e+09 1.8363e+10 3.17713e+07 1.78142e+07 3.40309e+07 1.79703e+07 61 132
222000 1.49058e+08 6.51947e+09 1.58961e+10 4.01197e+07 2.86787e+07 3.75449e+07 1.76681e+07 58 131
223000 1.55314e+08 6.35378e+09 1.87969e+10 4.62038e+07 3.13112e+07 3.28166e+07 1.55238e+07 57 138
224000 1.51408e+08 6.22007e+09 2.25563e+10 4.56004e+07 2.70328e+07 2.74491e+07 1.23977e+07 61 144
225000 1.44568e+08 6.1306e+09 1.82873e+10 4.30623e+07 2.46048e+07 2.37989e+07 1.16528e+07 66 152
226000 1.3409e+08 6.08625e+09 2.68568e+10 2.94885e+07 1.45217e+07 2.26531e+07 1.03535e+07 78 151
227000 1.28225e+08 6.08208e+09 1.9273e+10 2.92905e+07 1.67211e+07 2.57152e+07 1.4039e+07 74 140
228000 1.23545e+08 6.07947e+09 1.88237e+10 2.84749e+07 1.69604e+07 2.28401e+07 1.12611e+07 67 157
229000 1.20143e+08 6.09259e+09 1.55937e+10 2.87052e+07 1.66314e+07 2.67818e+07 1.47344e+07 66 150
230000 1.1526e+08 6.12401e+09 1.59543e+10 2.94316e+07 1.80508e+07 2.22119e+07 1.11553e+07 62 146
231000 1.11906e+08 6.16802e+09 1.80151e+10 2.85798e+07 1.48992e+07 2.18348e+07 1.16892e+07 65 146
232000 1.10265e+08 6.22249e+09 2.08827e+10 2.91676e+07 1.56408e+07 2.81611e+07 1.47879e+07 70 147
233000 1.09057e+08 6.27009e+09 2.15932e+10 3.28133e+07 2.29754e+07 2.03435e+07 1.03631e+07 62 147
234000 1.1049e+08 6.32637e+09 1.57092e+10 3.15872e+07 2.08902e+07 2.04132e+07 9.75847e+06 60 157
235000 1.15261e+08 6.36882e+09 1.32653e+10 2.79301e+07 1.80544e+07 2.48178e+07 1.32903e+07 63 144
236000 1.16037e+08 6.38554e+09 2.08361e+10 2.65044e+07 1.54498e+07 2.76293e+07 1.59747e+07 64 132
237000 1.20397e+08 6.39224e+09 1.79282e+10 4.00764e+07 2.89019e+07 2.7308e+07 1.45278e+07 55 143
238000 1.21268e+08 6.37633e+09 2.11384e+10 2.91866e+07 1.78055e+07 2.82065e+07 1.47441e+07 51 143
239000 1.26091e+08 6.36265e+09 1.58936e+10 3.17035e+07 2.11269e+07 2.81616e+07 1.40585e+07 52 146
240000 1.23144e+08 6.34708e+09 1.5094e+10 3.32286e+07 2.29136e+07 2.50103e+07 1.15828e+07 50 154
241000 1.20508e+08 6.3562e+09 1.34009e+10 3.0046e+07 1.95484e+07 2.61026e+07 1.32067e+07 55 143
242000 1.16208e+08 6.37744e+09 2.06918e+10 3.21163e+07 2.00331e+07 2.65296e+07 1.42552e+07 53 139
243000 1.17155e+08 6.39574e+09 2.17117e+10 2.52922e+07 1.42414e+07 2.77578e+07 1.56219e+07 63 133
244000 1.16577e+08 6.41077e+09 3.73225e+10 2.81999e+07 1.60148e+07 3.09785e+07 1.87737e+07 54 129
245000 1.17775e+08 6.41733e+09 3.85241e+10 2.71515e+07 1.40939e+07 3.41983e+07 1.88087e+07 52 133
246000 1.22907e+08 6.40323e+09 3.79829e+10 3.46051e+07 1.96247e+07 2.96318e+07 1.53237e+07 46 139
247000 1.29836e+08 6.35147e+09 2.38698e+10 3.78215e+07 2.17152e+07 2.57651e+07 1.2442e+07 50 153
248000 1.26404e+08 6.32807e+09 2.11305e+10 3.3662e+07 1.85704e+07 2.59035e+07 1.35114e+07 50 153
249000 1.24073e+08 6.32448e+09 1.31642e+10 3.5596e+07 2.42235e+07 2.53683e+07 1.48744e+07 50 156
250000 1.19327e+08 6.33331e+09 2.69604e+10 3.90581e+07 2.55677e+07 2.44604e+07 1.32167e+07 53 149
251000 1.18836e+08 6.34896e+09 2.80898e+10 3.12881e+07 1.80831e+07 3.10293e+07 1.65366e+07 51 140
252000 1.22632e+08 6.34897e+09 1.98697e+10 2.98658e+07 1.52317e+07 2.99421e+07 1.75958e+07 52 141
253000 1.25506e+08 6.32376e+09 1.80549e+10 3.51687e+07 1.75627e+07 2.82582e+07 1.56354e+07 50 146
254000 1.24886e+08 6.30006e+09 2.17531e+10 3.16008e+07 1.44516e+07 2.89029e+07 1.59405e+07 54 137
255000 1.22263e+08 6.3021e+09 1.78695e+10 2.9194e+07 1.55366e+07 2.83345e+07 1.63536e+07 53 138
256000 1.18381e+08 6.31543e+09 1.59119e+10 2.57963e+07 1.46643e+07 2.63576e+07 1.39436e+07 54 148
257000 1.17911e+08 6.33246e+09 1.88874e+10 2.50883e+07 1.57012e+07 3.01182e+07 1.70358e+07 52 140
258000 1.15882e+08 6.34892e+09 1.7354e+10 2.17051e+07 1.03209e+07 3.22787e+07 1.77973e+07 58 142
259000 1.12269e+08 6.38077e+09 1.9395e+10 2.12817e+07 1.05927e+07 3.12285e+07 1.97689e+07 57 146
260000 1.09481e+08 6.43139e+09 2.78592e+10 2.43025e+07 1.22356e+07 2.57695e+07 1.48027e+07 53 144
261000 1.09853e+08 6.48064e+09 2.70046e+10 2.64258e+07 1.42513e+07 2.62025e+07 1.40024e+07 47 146
262000 1.10608e+08 6.5178e+09 2.50382e+10 2.63336e+07 1.56439e+07 3.09879e+07 1.71549e+07 44 138
263000 1.10499e+08 6.55825e+09 2.79397e+10 2.59936e+07 1.73062e+07 3.11827e+07 1.60551e+07 44 151
264000 1.1049e+08 6.59232e+09 2.4892e+10 2.43225e+07 1.34835e+07 2.65335e+07 1.34102e+07 44 153
265000 1.14239e+08 6.61946e+09 2.54884e+10 2.65604e+07 1.73401e+07 2.91492e+07 1.56558e+07 42 146
266000 1.18725e+08 6.62914e+09 2.88993e+10 2.61296e+07 1.49153e+07 3.21794e+07 1.79941e+07 42 138
267000 1.19762e+08 6.6268e+09 2.69728e+10 2.86895e+07 1.51849e+07 3.19589e+07 1.84548e+07 42 144
268000 1.28384e+08 6.59037e+09 1.62641e+10 2.99984e+07 1.66253e+07 3.33561e+07 1.9252e+07 40 149
269000 1.30266e+08 6.51564e+09 2.47636e+10 2.88925e+07 1.67639e+07 3.08999e+07 1.48798e+07 40 161
270000 1.37179e+08 6.45296e+09 1.0226e+10 2.74534e+07 1.46735e+07 2.99435e+07 1.49913e+07 42 171
271000 1.29276e+08 6.40693e+09 2.04641e+10 2.95298e+07 1.83731e+07 2.62954e+07 1.25467e+07 37 179
272000 1.23809e+08 6.3967e+09 2.38192e+10 3.20356e+07 2.11711e+07 2.62501e+07 1.36168e+07 33 181
273000 1.22216e+08 6.38193e+09 2.13977e+10 3.37655e+07 2.12606e+07 2.65569e+07 1.36815e+07 35 180
274000 1.26405e+08 6.36462e+09 2.55092e+10 3.92857e+07 2.6646e+07 2.64555e+07 1.23023e+07 31 174
275000 1.29729e+08 6.32835e+09 2.58301e+10 4.46769e+07 2.86901e+07 2.7202e+07 1.3308e+07 34 173
276000 1.30637e+08 6.29225e+09 1.64533e+10 3.9997e+07 1.90241e+07 2.50632e+07 1.36036e+07 39 172
277000 1.24587e+08 6.28327e+09 1.30568e+10 3.87715e+07 2.14051e+07 2.44941e+07 1.40894e+07 37 168
278000 1.18218e+08 6.30566e+09 2.11905e+10 3.70087e+07 2.28867e+07 2.40556e+07 1.28198e+07 36 165
279000 1.15525e+08 6.32705e+09 1.60757e+10 4.4631e+07 2.21103e+07 2.76927e+07 1.42476e+07 36 167
280000 1.11753e+08 6.35572e+09 1.35137e+10 2.83046e+07 1.54038e+07 2.61121e+07 1.48296e+07 35 170
281000 1.10617e+08 6.41014e+09 1.48682e+10 2.71418e+07 1.93872e+07 2.41335e+07 1.29127e+07 35 169
282000 1.09532e+08 6.46222e+09 1.84377e+10 2.735e+07 1.9319e+07 2.57362e+07 1.34823e+07 31 162
283000 1.08831e+08 6.50219e+09 2.12167e+10 2.3849e+07 1.60083e+07 2.69901e+07 1.49645e+07 36 152
284000 1.12696e+08 6.53415e+09 2.77851e+10 3.00982e+07 2.14216e+07 3.02272e+07 1.61165e+07 31 154
285000 1.18696e+08 6.53041e+09 2.56355e+10 3.49712e+07 2.89404e+07 2.95313e+07 1.6442e+07 25 168
286000 1.1662e+08 6.54419e+09 2.8118e+10 4.29389e+07 3.32993e+07 2.56915e+07 1.32432e+07 25 168
287000 1.20819e+08 6.5505e+09 1.81921e+10 3.95174e+07 2.8559e+07 4.25315e+07 2.078e+07 29 161
288000 1.2334e+08 6.51701e+09 2.12105e+10 3.80418e+07 2.52943e+07 2.7633e+07 1.40753e+07 31 167
289000 1.25251e+08 6.47965e+09 2.48973e+10 4.47816e+07 2.71549e+07 2.90206e+07 1.52357e+07 30 177
290000 1.29668e+08 6.43762e+09 3.0118e+10 1.1642e+08 9.74952e+07 2.79272e+07 1.48289e+07 31 167
291000 1.29112e+08 6.39744e+09 2.24528e+10 3.6129e+07 1.82236e+07 2.54527e+07 1.30683e+07 38 176
292000 1.24244e+08 6.39014e+09 2.83604e+10 5.62578e+07 3.32377e+07 2.60219e+07 1.26192e+07 36 164
293000 1.23204e+08 6.39565e+09 2.25283e+10 3.5573e+07 2.11566e+07 2.67766e+07 1.4539e+07 39 159
294000 1.23051e+08 6.38892e+09 1.55276e+10 4.51938e+07 3.21061e+07 2.65066e+07 1.45238e+07 40 162
295000 1.24702e+08 6.3705e+09 1.11247e+10 4.17232e+07 2.67314e+07 2.86742e+07 1.60604e+07 45 164
296000 1.27382e+08 6.33178e+09 8.23801e+09 3.76321e+07 2.32589e+07 2.54175e+07 1.21789e+07 40 174
297000 1.26702e+08 6.30414e+09 1.4424e+10 3.11324e+07 1.47357e+07 2.61215e+07 1.21542e+07 41 171
298000 1.24241e+08 6.29466e+09 1.75203e+10 4.25629e+07 2.9344e+07 2.96341e+07 1.73213e+07 32 176
299000 1.18858e+08 6.31584e+09 1.82844e+10 3.19691e+07 2.04206e+07 2.67383e+07 1.47612e+07 34 168
300000 1.10338e+08 6.36192e+09 2.36655e+10 2.6432e+07 1.61674e+07 2.98346e+07 1.82243e+07 40 158
301000 1.08563e+08 6.42304e+09 1.84784e+10 2.27024e+07 1.25749e+07 2.60014e+07 1.54031e+07 42 153
302000 1.07073e+08 6.47435e+09 1.8035e+10 2.15667e+07 1.20613e+07 2.54904e+07 1.50732e+07 42 157
303000 1.12255e+08 6.5026e+09 1.36089e+10 2.07666e+07 9.1419e+06 2.60107e+07 1.38443e+07 44 169
304000 1.23497e+08 6.48026e+09 1.42699e+10 2.2631e+07 1.13671e+07 3.30917e+07 1.86414e+07 42 151
305000 1.30394e+08 6.43004e+09 1.43962e+10 2.43907e+07 1.40433e+07 3.31875e+07 1.80896e+07 39 154
306000 1.28055e+08 6.39351e+09 1.9322e+10 2.37214e+07 1.29051e+07 3.12707e+07 1.66527e+07 39 154
307000 1.19619e+08 6.38431e+09 2.81142e+10 2.49551e+07 1.59783e+07 2.52555e+07 1.17206e+07 38 173
308000 1.15827e+08 6.40981e+09 2.48201e+10 2.71417e+07 1.43524e+07 2.54924e+07 1.30567e+07 37 169
309000 1.14863e+08 6.43549e+09 1.94227e+10 2.84824e+07 1.60555e+07 2.61503e+07 1.32852e+07 34 174
310000 1.15605e+08 6.45818e+09 2.13434e+10 3.16009e+07 1.94986e+07 2.73545e+07 1.53527e+07 30 176
311000 1.17009e+08 6.46951e+09 2.12582e+10 3.53656e+07 2.27042e+07 2.50934e+07 1.42306e+07 31 170
312000 1.22867e+08 6.46193e+09 2.35286e+10 4.15455e+07 2.00669e+07 2.74064e+07 1.55301e+07 36 159
313000 1.29434e+08 6.41675e+09 1.6779e+10 7.3005e+07 3.1072e+07 3.22562e+07 2.01961e+07 39 169
314000 1.26863e+08 6.3899e+09 2.60411e+10 3.6351e+07 1.91141e+07 2.67073e+07 1.43581e+07 38 161
315000 1.22827e+08 6.38408e+09 2.92829e+10 3.85318e+07 2.25229e+07 2.64039e+07 1.40157e+07 33 162
316000 1.22162e+08 6.38853e+09 2.68336e+10 3.312e+07 1.63168e+07 2.7293e+07 1.52781e+07 39 160
317000 1.21477e+08 6.37453e+09 2.32782e+10 3.04963e+07 1.58568e+07 2.79214e+07 1.48569e+07 42 163
318000 1.22219e+08 6.36925e+09 2.26419e+10 3.50928e+07 2.43741e+07 2.70606e+07 1.37018e+07 40 158
319000 1.19509e+08 6.35841e+09 2.64085e+10 3.57377e+07 2.39748e+07 3.60092e+07 2.23887e+07 40 166
320000 1.19337e+08 6.37127e+09 1.92757e+10 2.42909e+07 1.22284e+07 2.97167e+07 1.75372e+07 44 155
321000 1.16107e+08 6.39299e+09 2.49846e+10 2.21663e+07 1.17503e+07 2.6533e+07 1.38443e+07 47 160
322000 1.1644e+08 6.4173e+09 2.11548e+10 2.40107e+07 1.38938e+07 2.64242e+07 1.41088e+07 46 159
323000 1.15148e+08 6.44606e+09 2.32559e+10 2.76789e+07 1.53008e+07 3.90199e+07 2.66117e+07 38 156
324000 1.15102e+08 6.47586e+09 1.96732e+10 2.68462e+07 1.50488e+07 2.76297e+07 1.51549e+07 39 154
325000 1.12356e+08 6.50356e+09 2.93752e+10 2.98691e+07 1.74632e+07 2.78233e+07 1.49635e+07 32 150
326000 1.14161e+08 6.52849e+09 1.76041e+10 3.21512e+07 2.04919e+07 2.81709e+07 1.51848e+07 30 153
327000 1.13631e+08 6.55944e+09 1.58581e+10 3.25544e+07 2.29269e+07 2.65423e+07 1.33317e+07 27 167
328000 1.14133e+08 6.58448e+09 1.75726e+10 2.96987e+07 2.05296e+07 2.93103e+07 1.60176e+07 29 159
329000 1.17096e+08 6.5916e+09 1.29835e+10 2.83478e+07 1.67251e+07 3.16928e+07 1.68086e+07 31 166
330000 1.16662e+08 6.59749e+09 1.43342e+10 2.60584e+07 1.50702e+07 2.94882e+07 1.7094e+07 32 164
331000 1.14871e+08 6.61329e+09 1.4131e+10 3.02849e+07 1.90361e+07 2.70279e+07 1.54482e+07 30 175
332000 1.15679e+08 6.62224e+09 1.17821e+10 2.81448e+07 1.4491e+07 2.49121e+07 1.25795e+07 33 179
333000 1.18406e+08 6.62486e+09 1.61007e+10 3.71223e+07 1.90008e+07 2.71704e+07 1.45637e+07 32 169
334000 1.23112e+08 6.60966e+09 2.23556e+10 2.9109e+07 1.48157e+07 2.93882e+07 1.58418e+07 31 179
335000 1.29069e+08 6.54258e+09 1.35693e+10 3.00796e+07 1.94661e+07 2.6074e+07 1.18444e+07 30 197
336000 1.32834e+08 6.5006e+09 2.10105e+10 4.16839e+07 2.38155e+07 2.65914e+07 1.30736e+07 30 180
337000 1.28991e+08 6.45553e+09 2.81931e+10 3.82293e+07 1.90884e+07 2.4932e+07 1.22414e+07 36 181
338000 1.26556e+08 6.44174e+09 1.49473e+10 3.45005e+07 2.02738e+07 2.61365e+07 1.46882e+07 39 181
339000 1.25082e+08 6.41581e+09 1.01354e+10 3.55268e+07 2.09669e+07 2.16115e+07 1.05816e+07 46 194
340000 1.29371e+08 6.37519e+09 1.98478e+10 4.19724e+07 1.79029e+07 2.77821e+07 1.65276e+07 51 178
341000 1.30795e+08 6.33617e+09 2.17804e+10 4.31929e+07 1.94186e+07 2.32287e+07 1.20458e+07 45 169
342000 1.24058e+08 6.33276e+09 1.77126e+10 2.86416e+07 1.21374e+07 2.20197e+07 1.16949e+07 55 178
343000 1.19232e+08 6.34663e+09 2.1331e+10 2.90153e+07 1.48045e+07 2.25243e+07 1.21851e+07 52 173
344000 1.22755e+08 6.33951e+09 1.97626e+10 3.12627e+07 1.27586e+07 2.45292e+07 1.16446e+07 50 177
345000 1.18315e+08 6.35218e+09 2.93146e+10 2.86046e+07 1.39528e+07 2.53836e+07 1.21867e+07 44 166
346000 1.13726e+08 6.39006e+09 2.27557e+10 4.17959e+07 3.11908e+07 2.3566e+07 1.1373e+07 41 169
347000 1.1001e+08 6.44263e+09 2.28806e+10 2.25112e+07 1.35912e+07 2.41022e+07 1.27359e+07 45 160
348000 1.12009e+08 6.48878e+09 1.95608e+10 2.15997e+07 1.22524e+07 2.75333e+07 1.55106e+07 45 156
349000 1.15615e+08 6.50142e+09 2.11578e+10 2.28349e+07 1.47692e+07 2.92904e+07 1.57632e+07 41 151
350000 1.17446e+08 6.50967e+09 2.61375e+10 6.37555e+07 5.30968e+07 2.73203e+07 1.29774e+07 39 164
351000 1.1899e+08 6.51382e+09 1.93057e+10 2.90069e+07 1.79669e+07 2.63963e+07 1.31661e+07 37 168
352000 1.18457e+08 6.5137e+09 1.79262e+10 3.03289e+07 1.69329e+07 2.66719e+07 1.3184e+07 37 163
353000 1.2246e+08 6.50876e+09 1.38922e+10 3.83271e+07 2.51089e+07 2.6437e+07 1.32401e+07 32 166
354000 1.24266e+08 6.50164e+09 1.10518e+10 3.3525e+07 1.96884e+07 2.71055e+07 1.44139e+07 38 160
355000 1.19978e+08 6.51414e+09 1.7669e+10 3.18317e+07 1.77866e+07 3.10293e+07 1.84043e+07 35 138
356000 1.15197e+08 6.53027e+09 1.34341e+10 3.15998e+07 1.92749e+07 2.79348e+07 1.71321e+07 34 150
357000 1.16184e+08 6.55049e+09 1.44416e+10 3.19887e+07 2.428e+07 2.56274e+07 1.47668e+07 34 167
358000 1.25343e+08 6.51543e+09 1.59941e+10 3.9252e+07 2.64294e+07 3.00365e+07 1.64868e+07 37 158
359000 1.37968e+08 6.41287e+09 1.99676e+10 4.26181e+07 2.40077e+07 2.94022e+07 1.36806e+07 39 168
360000 1.41233e+08 6.32118e+09 1.19208e+10 4.58038e+07 2.83108e+07 3.24325e+07 1.38681e+07 40 178
361000 1.40166e+08 6.24312e+09 1.08796e+10 4.009e+07 2.28148e+07 3.37303e+07 1.58046e+07 44 167
362000 1.36526e+08 6.17785e+09 1.05917e+10 3.69921e+07 1.87797e+07 2.54572e+07 1.22195e+07 44 177
363000 1.28202e+08 6.14723e+09 1.09691e+10 3.03548e+07 1.8294e+07 2.46743e+07 1.26643e+07 48 181
364000 1.20597e+08 6.1645e+09 1.52142e+10 2.63422e+07 1.45706e+07 2.58985e+07 1.45002e+07 49 169
365000 1.14263e+08 6.19611e+09 1.06151e+10 2.39814e+07 1.29276e+07 2.23989e+07 1.13183e+07 50 179
366000 1.10428e+08 6.24822e+09 1.38143e+10 2.98406e+07 2.05971e+07 3.018e+07 1.64935e+07 39 172
367000 1.11177e+08 6.30219e+09 2.07543e+10 2.44924e+07 1.26163e+07 2.43516e+07 1.24174e+07 41 169
368000 1.10798e+08 6.34536e+09 2.62168e+10 2.81475e+07 1.6928e+07 2.47977e+07 1.23809e+07 37 166
369000 1.09577e+08 6.38752e+09 2.21743e+10 2.57488e+07 1.65928e+07 2.53845e+07 1.33949e+07 37 165
370000 1.07008e+08 6.43884e+09 2.68304e+10 2.41433e+07 1.22362e+07 2.43613e+07 1.20976e+07 37 164
371000 1.10474e+08 6.4856e+09 2.16437e+10 3.07298e+07 2.08488e+07 2.704e+07 1.49302e+07 29 164
372000 1.14775e+08 6.51452e+09 1.57454e+10 4.89423e+07 3.17827e+07 2.7373e+07 1.45608e+07 26 163
373000 1.14639e+08 6.53587e+09 1.95476e+10 3.37464e+07 2.53872e+07 2.69318e+07 1.39038e+07 29 157
374000 1.15134e+08 6.56097e+09 1.96103e+10 2.95692e+07 1.99438e+07 3.05094e+07 1.80853e+07 32 155
375000 1.14173e+08 6.58334e+09 1.40374e+10 3.07927e+07 1.97951e+07 2.52582e+07 1.24681e+07 31 169
376000 1.13474e+08 6.61476e+09 1.57565e+10 3.66421e+07 2.82961e+07 3.02187e+07 1.77656e+07 26 155
377000 1.07877e+08 6.65543e+09 3.07195e+10 3.63953e+07 2.58247e+07 2.63416e+07 1.41356e+07 20 156
378000 1.08269e+08 6.70666e+09 2.41495e+10 3.46393e+07 2.60973e+07 2.52859e+07 1.29356e+07 23 169
379000 1.11792e+08 6.74117e+09 1.72474e+10 4.17531e+07 3.23028e+07 2.66879e+07 1.53293e+07 22 166
380000 1.13598e+08 6.74878e+09 2.69833e+10 5.42602e+07 3.49078e+07 2.47559e+07 1.34329e+07 21 172
381000 1.20653e+08 6.72525e+09 2.36669e+10 6.03237e+07 3.26214e+07 2.32802e+07 1.08692e+07 24 184
382000 1.2053e+08 6.71687e+09 2.4469e+10 4.59745e+07 2.31446e+07 2.31817e+07 1.03235e+07 29 180
383000 1.23298e+08 6.71769e+09 1.21208e+10 5.04664e+07 3.18167e+07 2.4075e+07 1.22207e+07 31 180
384000 1.24956e+08 6.69574e+09 9.84987e+09 4.50889e+07 2.46238e+07 2.35999e+07 1.16516e+07 35 179
385000 1.26567e+08 6.66755e+09 1.62967e+10 3.89723e+07 1.55074e+07 2.52184e+07 1.42177e+07 40 172
386000 1.21706e+08 6.67256e+09 1.76934e+10 3.34637e+07 1.80242e+07 2.51497e+07 1.37182e+07 37 166
387000 1.14775e+08 6.69844e+09 2.74302e+10 2.53462e+07 1.18571e+07 2.88023e+07 1.63682e+07 35 168
388000 1.15075e+08 6.72043e+09 1.7054e+10 2.64155e+07 1.38051e+07 2.5174e+07 1.27023e+07 35 173
389000 1.13802e+08 6.75014e+09 2.19508e+10 2.93982e+07 1.87035e+07 2.55033e+07 1.31735e+07 29 166
390000 1.09968e+08 6.79044e+09 2.76262e+10 2.1306e+07 9.63901e+06 2.58948e+07 1.39538e+07 37 163
391000 1.13877e+08 6.81303e+09 1.29858e+10 2.40567e+07 1.56006e+07 2.48328e+07 1.31795e+07 37 184
392000 1.2984e+08 6.75052e+09 2.32575e+10 2.75019e+07 1.50725e+07 3.12072e+07 1.28953e+07 32 182
393000 1.40527e+08 6.63659e+09 1.8085e+10 3.78086e+07 2.25017e+07 2.7834e+07 1.20789e+07 25 193
394000 1.24477e+08 6.63755e+09 1.75233e+10 3.9407e+07 2.53572e+07 2.32505e+07 1.11544e+07 25 189
395000 1.1706e+08 6.676e+09 2.83643e+10 4.37437e+07 2.65182e+07 3.2169e+07 1.60047e+07 29 168
396000 1.20748e+08 6.68123e+09 2.04576e+10 6.52665e+07 3.93314e+07 2.19252e+07 1.12684e+07 28 179
397000 1.26301e+08 6.65456e+09 1.71874e+10 4.56321e+07 2.36221e+07 2.92636e+07 1.61678e+07 40 166
398000 1.33568e+08 6.58921e+09 2.85922e+10 5.95132e+07 2.50902e+07 2.73996e+07 1.32507e+07 38 163
399000 1.45178e+08 6.44534e+09 1.97046e+10 4.09404e+07 1.17411e+07 2.44904e+07 1.19933e+07 50 173
400000 1.26766e+08 6.44687e+09 1.77083e+10 2.47399e+07 9.48667e+06 2.2981e+07 1.22099e+07 49 179
401000 1.17876e+08 6.48374e+09 9.44901e+09 1.89386e+07 9.65342e+06 2.51118e+07 1.3924e+07 45 175
402000 1.1766e+08 6.51051e+09 1.5001e+10 1.96614e+07 1.29914e+07 3.62413e+07 2.52278e+07 39 164
403000 1.28558e+08 6.47181e+09 1.15433e+10 2.0658e+07 1.33161e+07 3.33071e+07 1.86434e+07 35 167
404000 1.32674e+08 6.38446e+09 2.72941e+10 1.8828e+07 1.13551e+07 3.53992e+07 1.73691e+07 34 172
405000 1.32742e+08 6.32521e+09 2.23414e+10 2.12829e+07 1.27986e+07 2.88247e+07 1.45009e+07 28 183
406000 1.23511e+08 6.31324e+09 1.93291e+10 2.35011e+07 1.55174e+07 2.86686e+07 1.6879e+07 25 181
407000 1.17632e+08 6.32774e+09 2.00195e+10 2.73007e+07 2.09197e+07 2.51214e+07 1.38826e+07 24 193
408000 1.19637e+08 6.34159e+09 1.83505e+10 2.66015e+07 1.79028e+07 2.83275e+07 1.63825e+07 22 178
409000 1.19533e+08 6.334e+09 1.88517e+10 2.93873e+07 1.82351e+07 3.06785e+07 1.79257e+07 18 188
410000 1.18274e+08 6.34204e+09 2.04839e+10 3.1565e+07 2.25087e+07 3.57555e+07 1.8433e+07 19 183
411000 1.1675e+08 6.35474e+09 1.7052e+10 2.81522e+07 1.97704e+07 2.64359e+07 1.45234e+07 22 181
412000 1.18389e+08 6.35204e+09 1.09394e+10 2.67392e+07 1.73481e+07 2.5008e+07 1.25344e+07 24 197
413000 1.18123e+08 6.34469e+09 1.99921e+10 2.96795e+07 2.04032e+07 2.45535e+07 1.17965e+07 18 195
414000 1.13086e+08 6.37677e+09 3.58797e+10 2.74712e+07 1.5358e+07 2.5088e+07 1.17509e+07 19 181
415000 1.09298e+08 6.42281e+09 3.12009e+10 2.71912e+07 1.43628e+07 2.35043e+07 1.14846e+07 19 187
416000 1.06224e+08 6.49063e+09 3.64949e+10 2.89594e+07 1.66784e+07 2.78935e+07 1.52443e+07 19 174
417000 1.04117e+08 6.56672e+09 3.60613e+10 3.43115e+07 2.08065e+07 2.77912e+07 1.60627e+07 15 161
418000 1.04316e+08 6.64335e+09 2.92102e+10 3.11707e+07 1.51415e+07 2.47396e+07 1.37121e+07 16 172
419000 1.02954e+08 6.70997e+09 2.84091e+10 3.24637e+07 1.78142e+07 3.55734e+07 1.7406e+07 15 177
420000 1.04392e+08 6.7763e+09 2.55031e+10 4.09946e+07 2.86929e+07 2.52919e+07 1.40379e+07 12 173
421000 1.07629e+08 6.81908e+09 1.38854e+10 2.86345e+07 1.60975e+07 2.60947e+07 1.49823e+07 16 176
422000 1.09877e+08 6.85253e+09 1.62763e+10 2.44408e+07 1.26116e+07 2.7908e+07 1.5206e+07 17 170
423000 1.10637e+08 6.88856e+09 2.8789e+10 2.91005e+07 1.94137e+07 2.80563e+07 1.60062e+07 14 167
424000 1.11079e+08 6.91042e+09 2.83373e+10 3.20921e+07 2.51833e+07 3.5339e+07 1.82741e+07 14 175
425000 1.17418e+08 6.91304e+09 2.01415e+10 3.78169e+07 2.71295e+07 2.86917e+07 1.57937e+07 16 171
426000 1.22211e+08 6.8895e+09 2.72994e+10 3.31171e+07 1.94549e+07 3.57775e+07 1.70064e+07 18 175
427000 1.25809e+08 6.85427e+09 2.50126e+10 3.55632e+07 1.89521e+07 3.21413e+07 1.73378e+07 18 163
428000 1.24904e+08 6.82737e+09 2.46027e+10 3.85122e+07 2.23803e+07 3.05566e+07 1.68739e+07 19 174
429000 1.3147e+08 6.77557e+09 1.94362e+10 5.63979e+07 2.30297e+07 2.83829e+07 1.3868e+07 19 188
430000 1.34977e+08 6.70075e+09 1.81341e+10 4.47533e+07 1.49718e+07 2.87895e+07 1.50714e+07 21 178
431000 1.26363e+08 6.68279e+09 2.08755e+10 3.66616e+07 1.62141e+07 2.85408e+07 1.53495e+07 18 174
432000 1.21437e+08 6.66028e+09 2.783e+10 2.67323e+07 1.45373e+07 2.90589e+07 1.56707e+07 20 173
433000 1.22107e+08 6.63654e+09 1.8484e+10 2.42723e+07 1.62963e+07 2.6753e+07 1.27558e+07 19 197
434000 1.26215e+08 6.60614e+09 1.42772e+10 2.27674e+07 1.46716e+07 2.62801e+07 1.29851e+07 17 206
435000 1.29193e+08 6.55755e+09 2.00639e+10 2.79975e+07 2.15232e+07 3.11057e+07 1.25114e+07 14 208
436000 1.26624e+08 6.52767e+09 1.71883e+10 2.66202e+07 1.626e+07 3.01701e+07 1.4433e+07 15 204
437000 1.15575e+08 6.55406e+09 1.49603e+10 3.09611e+07 2.40274e+07 2.36774e+07 1.30907e+07 13 200
438000 1.10614e+08 6.6029e+09 2.03245e+10 2.80788e+07 1.98818e+07 2.62791e+07 1.40936e+07 12 194
439000 1.10135e+08 6.65653e+09 2.30177e+10 3.13433e+07 2.22829e+07 2.70615e+07 1.44614e+07 11 186
440000 1.10008e+08 6.69261e+09 2.4649e+10 2.06141e+07 9.2458e+06 2.61672e+07 1.46661e+07 11 187
441000 1.15267e+08 6.70005e+09 2.8305e+10 3.86258e+07 2.53744e+07 3.65445e+07 1.80429e+07 8 189
442000 1.33741e+08 6.6303e+09 2.01591e+10 4.3593e+07 3.06279e+07 3.18172e+07 1.55132e+07 10 193
443000 1.41186e+08 6.52975e+09 1.63979e+10 4.33948e+07 2.35035e+07 3.07522e+07 1.5328e+07 12 201
444000 1.40154e+08 6.42151e+09 2.04696e+10 4.03194e+07 2.14409e+07 2.81186e+07 1.26707e+07 16 204
445000 1.3199e+08 6.38294e+09 2.96745e+10 3.86358e+07 2.14487e+07 3.53367e+07 1.71294e+07 17 186
446000 1.29147e+08 6.34438e+09 2.1222e+10 3.69749e+07 1.93385e+07 3.0058e+07 1.67872e+07 17 198
447000 1.23203e+08 6.34764e+09 1.52195e+10 3.57007e+07 2.43378e+07 3.13939e+07 1.66025e+07 16 186
448000 1.14094e+08 6.38709e+09 1.10347e+10 3.27813e+07 1.95935e+07 2.6032e+07 1.50809e+07 16 184
449000 1.07846e+08 6.44445e+09 9.03739e+09 3.58605e+07 2.78755e+07 2.27601e+07 1.27746e+07 14 192
450000 1.03997e+08 6.516e+09 1.84778e+10 3.22558e+07 1.69871e+07 2.33915e+07 1.38813e+07 16 184
451000 1.05233e+08 6.57766e+09 2.28797e+10 4.63508e+07 2.81055e+07 2.6903e+07 1.54967e+07 15 174
452000 1.10651e+08 6.61097e+09 1.74383e+10 7.49881e+07 4.23814e+07 2.87066e+07 1.66665e+07 12 179
453000 1.15418e+08 6.62394e+09 2.06908e+10 5.37308e+07 3.93713e+07 2.4902e+07 1.3379e+07 17 187
454000 1.20076e+08 6.62183e+09 2.03636e+10 3.73503e+07 2.25367e+07 2.65068e+07 1.34515e+07 20 184
455000 1.25388e+08 6.59939e+09 1.58824e+10 3.71859e+07 2.6369e+07 3.09299e+07 1.75894e+07 21 168
456000 1.23767e+08 6.56238e+09 1.8767e+10 3.64917e+07 2.10233e+07 2.61928e+07 1.31169e+07 25 183
457000 1.22389e+08 6.55104e+09 1.33123e+10 3.90014e+07 2.1256e+07 2.42907e+07 1.2835e+07 25 190
458000 1.22648e+08 6.54569e+09 1.53071e+10 5.3675e+07 2.78974e+07 2.51098e+07 1.34428e+07 23 179
459000 1.23349e+08 6.52108e+09 1.97454e+10 4.47823e+07 1.78763e+07 2.51638e+07 1.35493e+07 27 174
460000 1.2256e+08 6.52324e+09 1.03051e+10 3.2403e+07 1.72683e+07 2.50031e+07 1.36261e+07 29 186
461000 1.20694e+08 6.51314e+09 1.72753e+10 2.683e+07 1.47874e+07 2.79773e+07 1.55136e+07 30 180
462000 1.32068e+08 6.45428e+09 2.10908e+10 3.06738e+07 1.53889e+07 3.11045e+07 1.53487e+07 27 181
463000 1.32149e+08 6.38018e+09 2.12012e+10 3.01444e+07 1.45391e+07 2.82899e+07 1.40366e+07 28 188
464000 1.28408e+08 6.34602e+09 1.15585e+10 2.7401e+07 1.20418e+07 2.54223e+07 1.29071e+07 27 198
465000 1.23033e+08 6.33688e+09 7.16898e+09 3.09508e+07 1.69917e+07 2.84251e+07 1.15424e+07 22 219
466000 1.17831e+08 6.35567e+09 1.16561e+10 2.74644e+07 1.80472e+07 2.28901e+07 1.14463e+07 23 203
467000 1.15127e+08 6.38192e+09 1.3739e+10 2.56903e+07 1.69481e+07 2.39424e+07 1.28751e+07 24 204
468000 1.13161e+08 6.41016e+09 1.99021e+10 2.79831e+07 1.63962e+07 2.61351e+07 1.52996e+07 20 196
469000 1.17457e+08 6.427e+09 1.31503e+10 2.80021e+07 1.66716e+07 2.58408e+07 1.37531e+07 20 193
470000 1.23461e+08 6.41067e+09 1.60473e+10 5.11103e+07 3.95234e+07 3.15515e+07 1.64684e+07 16 186
471000 1.22954e+08 6.38513e+09 1.55665e+10 3.27804e+07 2.11331e+07 2.55046e+07 1.25883e+07 18 199
472000 1.1665e+08 6.39904e+09 1.97924e+10 2.8019e+07 1.63431e+07 2.43044e+07 1.22313e+07 21 189
473000 1.17476e+08 6.4254e+09 1.30069e+10 3.59056e+07 2.63362e+07 2.54908e+07 1.36871e+07 18 189
474000 1.17892e+08 6.42828e+09 1.19408e+10 4.85975e+07 3.80756e+07 2.62818e+07 1.49463e+07 13 186
475000 1.18069e+08 6.42359e+09 1.53991e+10 3.62326e+07 2.19665e+07 2.56241e+07 1.35038e+07 18 198
476000 1.2391e+08 6.43299e+09 7.36683e+09 4.11653e+07 2.83379e+07 2.86278e+07 1.7591e+07 17 192
477000 1.22483e+08 6.41406e+09 1.21178e+10 4.45054e+07 2.93355e+07 2.5426e+07 1.39812e+07 16 190
478000 1.2009e+08 6.40161e+09 1.39566e+10 3.52343e+07 2.29253e+07 2.59895e+07 1.41332e+07 19 189
479000 1.25436e+08 6.37511e+09 7.94293e+09 3.29098e+07 2.26622e+07 2.84281e+07 1.37994e+07 20 186
480000 1.28648e+08 6.31472e+09 7.75092e+09 3.08634e+07 2.19534e+07 3.09325e+07 1.74549e+07 20 205
481000 1.23242e+08 6.29646e+09 1.42992e+10 3.94298e+07 2.95248e+07 2.60144e+07 1.1974e+07 18 212
482000 1.20785e+08 6.31283e+09 1.31179e+10 3.5634e+07 2.30104e+07 2.40365e+07 1.25463e+07 17 201
483000 1.14237e+08 6.33562e+09 2.38342e+10 3.0308e+07 1.802e+07 2.51524e+07 1.30198e+07 15 199
484000 1.12051e+08 6.36307e+09 2.44938e+10 3.37475e+07 2.21928e+07 2.26731e+07 1.13153e+07 14 207
485000 1.14971e+08 6.38575e+09 1.50437e+10 2.5567e+07 1.41841e+07 2.7045e+07 1.56051e+07 18 199
486000 1.12962e+08 6.39894e+09 2.14545e+10 2.47275e+07 1.14173e+07 2.37127e+07 1.22653e+07 18 200
487000 1.15465e+08 6.4256e+09 1.94479e+10 2.86021e+07 1.71155e+07 2.59735e+07 1.50535e+07 15 197
488000 1.14052e+08 6.44259e+09 2.34128e+10 3.29879e+07 2.08792e+07 2.58359e+07 1.37322e+07 11 190
489000 1.13853e+08 6.46551e+09 2.4408e+10 2.58122e+07 1.2201e+07 2.45131e+07 1.28407e+07 13 201
490000 1.16565e+08 6.48784e+09 2.15168e+10 3.18226e+07 2.09506e+07 2.92117e+07 1.778e+07 11 186
491000 1.16843e+08 6.49156e+09 2.19498e+10 3.50024e+07 2.37484e+07 2.79409e+07 1.49771e+07 10 182
492000 1.17597e+08 6.48371e+09 1.94655e+10 3.23873e+07 2.02959e+07 2.80148e+07 1.45059e+07 9 187
493000 1.20304e+08 6.47594e+09 5.36696e+09 2.80271e+07 1.69662e+07 2.69782e+07 1.42891e+07 11 208
494000 1.1444e+08 6.48123e+09 8.96402e+09 3.3766e+07 2.26025e+07 2.24695e+07 1.1248e+07 8 227
495000 1.09736e+08 6.50777e+09 1.76452e+10 3.98348e+07 3.18837e+07 2.07917e+07 9.5755e+06 7 229
496000 1.12113e+08 6.54194e+09 1.35706e+10 2.36579e+07 1.48452e+07 2.19452e+07 1.03681e+07 12 223
497000 1.15197e+08 6.56045e+09 1.20595e+10 2.82498e+07 2.04813e+07 2.52945e+07 1.33686e+07 12 211
498000 1.18836e+08 6.56284e+09 1.32475e+10 4.51903e+07 3.92094e+07 2.43156e+07 1.20674e+07 10 209
499000 1.2012e+08 6.54713e+09 1.95741e+10 5.63987e+07 2.21772e+07 2.32068e+07 1.17915e+07 12 215
500000 1.23971e+08 6.52708e+09 1.97506e+10 5.89316e+07 3.0826e+07 2.92932e+07 1.38982e+07 13 217
501000 1.25359e+08 6.49909e+09 2.05059e+10 5.72854e+07 3.71388e+07 2.60649e+07 1.34048e+07 9 205
502000 1.29559e+08 6.45143e+09 1.72864e+10 4.46069e+07 2.86371e+07 2.57987e+07 1.24572e+07 9 219
503000 1.30317e+08 6.40558e+09 1.62757e+10 2.42531e+07 1.0326e+07 2.7596e+07 1.43865e+07 12 208
504000 1.28648e+08 6.36225e+09 7.4611e+09 2.50456e+07 1.05655e+07 2.5982e+07 1.25925e+07 12 214
505000 1.25315e+08 6.34514e+09 9.65886e+09 2.9784e+07 1.63328e+07 3.26273e+07 1.92017e+07 9 207
506000 1.22286e+08 6.32557e+09 1.62744e+10 2.3954e+07 1.14397e+07 2.69869e+07 1.43803e+07 8 218
507000 1.21139e+08 6.32213e+09 1.58472e+10 2.68899e+07 2.10903e+07 2.40704e+07 1.16036e+07 6 224
508000 1.16212e+08 6.3357e+09 1.09478e+10 2.06234e+07 1.5788e+07 2.31638e+07 1.21287e+07 6 227
509000 1.12732e+08 6.36874e+09 3.14582e+09 1.57991e+07 1.15e+07 2.2326e+07 1.15262e+07 6 226
510000 1.08553e+08 6.41412e+09 9.34991e+09 1.56352e+07 1.11236e+07 2.4937e+07 1.44773e+07 6 216
511000 1.09569e+08 6.4584e+09 1.0797e+10 2.02058e+07 1.67339e+07 2.34269e+07 1.27666e+07 5 215
512000 1.09571e+08 6.4995e+09 2.59736e+10 2.66602e+07 2.1678e+07 2.45696e+07 1.22452e+07 4 201
513000 1.1405e+08 6.53143e+09 2.35094e+10 2.7577e+07 2.17831e+07 2.89717e+07 1.64848e+07 6 190
514000 1.1787e+08 6.52388e+09 2.12371e+10 3.59374e+07 3.04857e+07 2.54521e+07 1.37454e+07 7 208
515000 1.28044e+08 6.48836e+09 1.72454e+10 5.84952e+07 3.11817e+07 3.1315e+07 1.6526e+07 5 197
516000 1.30712e+08 6.42231e+09 1.87822e+10 4.41787e+07 1.78602e+07 2.95944e+07 1.62e+07 7 194
517000 1.26882e+08 6.39368e+09 1.56982e+10 4.06291e+07 1.89734e+07 2.83261e+07 1.62938e+07 7 195
518000 1.19968e+08 6.38805e+09 1.86121e+10 4.60703e+07 2.96837e+07 2.71713e+07 1.55252e+07 7 194
519000 1.14718e+08 6.41024e+09 2.39169e+10 3.30235e+07 1.84067e+07 3.32613e+07 1.62894e+07 9 196
520000 1.13685e+08 6.44299e+09 2.42441e+10 3.49906e+07 2.17144e+07 2.5337e+07 1.39902e+07 8 193
521000 1.14526e+08 6.47529e+09 2.24485e+10 3.33516e+07 1.66758e+07 2.82746e+07 1.67386e+07 8 177
522000 1.11815e+08 6.49482e+09 2.07866e+10 3.50256e+07 2.21035e+07 2.63488e+07 1.44464e+07 7 182
523000 1.11856e+08 6.52963e+09 1.88414e+10 2.83634e+07 1.53959e+07 2.77218e+07 1.63622e+07 6 185
524000 1.11457e+08 6.55223e+09 2.09565e+10 2.73863e+07 1.36932e+07 2.54723e+07 1.46431e+07 6 197
525000 1.16918e+08 6.56495e+09 2.49522e+10 2.73854e+07 1.36927e+07 2.89045e+07 1.61449e+07 6 191
526000 1.17519e+08 6.55743e+09 2.98135e+10 2.63348e+07 1.31674e+07 2.85251e+07 1.5694e+07 6 186
527000 1.17664e+08 6.553e+09 2.57322e+10 2.4277e+07 1.21385e+07 2.80999e+07 1.54965e+07 6 188
528000 1.18659e+08 6.55602e+09 2.08473e+10 2.23725e+07 1.11862e+07 2.80389e+07 1.65871e+07 6 195
529000 1.21726e+08 6.53632e+09 1.62087e+10 1.38085e+07 4.84664e+06 2.76866e+07 1.50442e+07 9 200
530000 1.17645e+08 6.53216e+09 3.076e+10 1.12356e+07 3.18449e+06 3.15565e+07 1.39435e+07 11 207
531000 1.18538e+08 6.54784e+09 2.29173e+10 2.26182e+07 1.03428e+07 2.76131e+07 1.50062e+07 7 193
532000 1.13621e+08 6.57144e+09 3.06892e+10 2.32091e+07 1.07409e+07 3.52721e+07 2.22876e+07 7 195
533000 1.1168e+08 6.60346e+09 2.44015e+10 3.60434e+07 2.33693e+07 2.79874e+07 1.60136e+07 5 186
534000 1.12302e+08 6.64243e+09 1.69663e+10 3.46261e+07 2.29502e+07 2.80521e+07 1.53788e+07 6 186
535000 1.0985e+08 6.67844e+09 2.30349e+10 3.26508e+07 2.16755e+07 2.5718e+07 1.34763e+07 6 190
536000 1.08451e+08 6.71877e+09 2.43306e+10 3.17612e+07 1.58806e+07 2.47593e+07 1.28579e+07 6 192
537000 1.08658e+08 6.76836e+09 2.62742e+10 4.83771e+07 4.04842e+07 2.54875e+07 1.39192e+07 4 190
538000 1.08383e+08 6.80734e+09 2.65086e+10 2.36062e+07 1.50749e+07 2.63593e+07 1.40352e+07 5 186
539000 1.09571e+08 6.84279e+09 2.97221e+10 2.42969e+07 1.49012e+07 2.63547e+07 1.34185e+07 5 188
540000 1.16908e+08 6.85127e+09 1.76003e+10 1.88971e+07 7.07015e+06 2.87994e+07 1.5572e+07 6 196
541000 1.218e+08 6.82533e+09 2.76273e+10 2.28428e+07 1.52006e+07 2.90323e+07 1.45167e+07 5 197
542000 1.26312e+08 6.78605e+09 1.62728e+10 2.11694e+07 1.42659e+07 2.8233e+07 1.39458e+07 5 206
543000 1.26675e+08 6.74782e+09 1.54677e+10 2.17608e+07 9.13382e+06 2.8586e+07 1.41099e+07 5 204
544000 1.26594e+08 6.70951e+09 2.17593e+10 2.81423e+07 1.40711e+07 2.81335e+07 1.35677e+07 4 208
545000 1.26716e+08 6.66983e+09 2.2612e+10 2.28403e+07 1.46453e+07 2.85781e+07 1.42888e+07 5 210
546000 1.23964e+08 6.64938e+09 2.64019e+10 2.12125e+07 7.07082e+06 3.67472e+07 2.30126e+07 3 204
547000 1.30748e+08 6.60227e+09 1.70922e+10 2.01577e+07 6.71924e+06 2.91533e+07 1.4476e+07 3 212
548000 1.34657e+08 6.51355e+09 1.69285e+10 1.82767e+07 6.09224e+06 2.86383e+07 1.37103e+07 3 214
549000 1.30544e+08 6.46685e+09 1.76258e+10 1.66147e+07 5.53823e+06 2.88138e+07 1.60808e+07 3 213
550000 1.29693e+08 6.43401e+09 1.41301e+10 2.88018e+07 1.44009e+07 3.11399e+07 1.83127e+07 2 210
551000 1.32004e+08 6.38235e+09 1.64026e+10 1.99992e+07 6.66638e+06 2.94964e+07 1.62084e+07 3 201
552000 1.29921e+08 6.33233e+09 2.35376e+10 2.13844e+07 7.12814e+06 2.91882e+07 1.699e+07 3 203
553000 1.2632e+08 6.29998e+09 2.0402e+10 3.53819e+07 1.76909e+07 2.71651e+07 1.40188e+07 2 215
554000 1.23824e+08 6.2933e+09 1.50796e+10 3.71457e+07 1.85728e+07 2.72783e+07 1.44184e+07 2 205
555000 1.18175e+08 6.3089e+09 1.74248e+10 7.42461e+07 7.42461e+07 2.54725e+07 1.34892e+07 1 202
556000 1.0489e+08 6.36851e+09 3.65001e+10 3.61178e+07 1.80589e+07 2.56626e+07 1.40892e+07 2 186
557000 9.93666e+07 6.46336e+09 2.56193e+10 3.63068e+07 1.81534e+07 2.43835e+07 1.35421e+07 2 187
558000 9.42514e+07 6.57308e+09 1.87897e+10 3.28622e+07 1.64311e+07 2.17531e+07 1.15078e+07 2 195
559000 9.35765e+07 6.69439e+09 1.2532e+10 2.63842e+07 1.31921e+07 2.20719e+07 1.1969e+07 2 198
560000 9.5663e+07 6.79988e+09 9.64399e+09 1.23584e+07 5.12063e+06 2.59279e+07 1.48907e+07 4 185
561000 9.93225e+07 6.86696e+09 1.68096e+10 1.2989e+07 4.32966e+06 2.55579e+07 1.44514e+07 3 190
562000 1.09054e+08 6.88797e+09 1.61937e+10 1.18563e+07 3.95209e+06 2.55727e+07 1.24851e+07 3 203
563000 1.14245e+08 6.90382e+09 1.63812e+10 5.02626e+07 5.02626e+07 2.80754e+07 1.50272e+07 1 194
563965 1.17488e+08 6.91776e+09 1.66663e+10 0 0 2.92222e+07 1.60441e+07 0 189
