0 1.27534e+08 5.8036e+09 2.4e+09 2.4e+07 1.2e+07 2.4e+07 1.2e+07 190 10
1000 1.25838e+08 5.81168e+09 9.52267e+09 2.68555e+07 1.50558e+07 3.02764e+07 2.08153e+07 203 9
2000 1.25663e+08 5.81985e+09 1.01955e+10 2.61569e+07 1.40174e+07 2.33812e+07 1.37132e+07 201 10
3000 1.24868e+08 5.83245e+09 1.62903e+10 2.76478e+07 1.55052e+07 1.95274e+07 9.09844e+06 189 11
4000 1.25468e+08 5.84631e+09 1.38012e+10 2.79576e+07 1.60752e+07 1.83029e+07 8.61533e+06 187 11
5000 1.23656e+08 5.86659e+09 2.2101e+10 3.04384e+07 1.85667e+07 1.99001e+07 9.44759e+06 167 11
6000 1.22559e+08 5.88757e+09 2.32608e+10 3.06536e+07 1.969e+07 1.54366e+07 5.96102e+06 169 14
7000 1.21988e+08 5.91454e+09 2.46935e+10 3.07021e+07 1.95328e+07 1.94481e+07 1.26709e+07 170 13
8000 1.16301e+08 5.95224e+09 4.11337e+10 2.83936e+07 1.58745e+07 2.19029e+07 1.21176e+07 171 10
9000 1.17273e+08 6.00002e+09 3.88954e+10 3.17998e+07 1.92804e+07 2.34342e+07 9.94324e+06 154 10
10000 1.16037e+08 6.04194e+09 3.23792e+10 3.04364e+07 1.78681e+07 3.41043e+07 2.52963e+07 158 9
11000 1.16151e+08 6.09464e+09 2.65708e+10 2.99974e+07 1.80069e+07 3.14613e+07 1.46175e+07 161 9
12000 1.14486e+08 6.14839e+09 2.31363e+10 2.90427e+07 1.76785e+07 2.76421e+07 1.14493e+07 161 10
13000 1.13874e+08 6.21403e+09 2.15646e+10 2.97228e+07 1.81927e+07 3.8669e+07 2.61571e+07 153 9
14000 1.08885e+08 6.28356e+09 2.86387e+10 2.91633e+07 1.71393e+07 3.05867e+07 1.98587e+07 153 11
15000 1.07953e+08 6.35407e+09 2.90043e+10 4.21179e+07 2.97586e+07 2.89587e+07 1.86106e+07 150 12
16000 1.1137e+08 6.41038e+09 3.11308e+10 3.10816e+07 1.88477e+07 2.69298e+07 1.80543e+07 147 13
17000 1.17597e+08 6.44773e+09 3.34655e+10 3.31089e+07 1.86337e+07 3.31488e+07 2.06192e+07 152 13
18000 1.25114e+08 6.44999e+09 3.15317e+10 3.52334e+07 1.94252e+07 3.48005e+07 1.67102e+07 150 11
19000 1.25421e+08 6.44573e+09 2.58569e+10 4.10527e+07 2.64342e+07 3.54592e+07 1.54093e+07 146 12
20000 1.24497e+08 6.44927e+09 1.68386e+10 3.27665e+07 2.01415e+07 3.16979e+07 1.35257e+07 161 11
21000 1.28862e+08 6.44819e+09 1.78858e+10 3.5124e+07 2.12698e+07 3.6687e+07 1.64879e+07 157 10
22000 1.33546e+08 6.40456e+09 2.66885e+10 3.84448e+07 2.11377e+07 1.90849e+07 7.10792e+06 153 13
23000 1.40495e+08 6.33025e+09 2.45061e+10 3.63564e+07 1.89915e+07 1.35913e+07 6.64116e+06 168 15
24000 1.3925e+08 6.28204e+09 2.53345e+10 3.57838e+07 2.0036e+07 1.35061e+07 6.79879e+06 170 16
25000 1.40067e+08 6.23615e+09 1.87713e+10 3.4526e+07 1.8674e+07 1.7651e+07 1.0352e+07 179 13
26000 1.3739e+08 6.19186e+09 2.51755e+10 3.32605e+07 1.73832e+07 1.58848e+07 8.88021e+06 177 12
27000 1.29307e+08 6.18978e+09 2.7289e+10 3.23754e+07 1.74275e+07 1.22228e+07 5.90839e+06 165 14
28000 1.21444e+08 6.21274e+09 2.84874e+10 2.84533e+07 1.46458e+07 1.02272e+07 3.5944e+06 179 13
29000 1.21092e+08 6.24429e+09 1.81697e+10 3.27851e+07 1.84621e+07 1.18663e+07 5.43293e+06 184 13
30000 1.2776e+08 6.23493e+09 1.87026e+10 3.2271e+07 1.73929e+07 1.1739e+07 3.27724e+06 177 12
31000 1.27404e+08 6.23423e+09 2.25691e+10 3.08353e+07 1.58858e+07 1.30419e+07 4.62764e+06 176 11
32000 1.23829e+08 6.25978e+09 1.92106e+10 2.92746e+07 1.54548e+07 1.29148e+07 4.12397e+06 174 11
33000 1.16195e+08 6.31482e+09 2.71223e+10 2.87865e+07 1.53977e+07 1.43034e+07 4.51816e+06 165 10
34000 1.07781e+08 6.39696e+09 4.04487e+10 3.09765e+07 1.86443e+07 1.69584e+07 6.42319e+06 149 9
35000 1.00064e+08 6.50555e+09 4.39927e+10 3.40855e+07 1.70911e+07 1.73971e+07 5.95465e+06 156 10
36000 1.003e+08 6.61802e+09 3.97065e+10 2.7641e+07 1.51387e+07 1.90101e+07 7.34687e+06 153 11
37000 1.04342e+08 6.70693e+09 4.14995e+10 3.05126e+07 1.77738e+07 2.95458e+07 1.13885e+07 153 8
38000 1.05059e+08 6.80301e+09 4.04271e+10 3.08943e+07 1.878e+07 2.96794e+07 1.55674e+07 145 8
39000 1.14172e+08 6.86901e+09 2.1675e+10 3.61751e+07 2.51843e+07 3.29528e+07 1.95627e+07 144 8
40000 1.21896e+08 6.86968e+09 2.85042e+10 3.55592e+07 1.9429e+07 3.31201e+07 1.88774e+07 141 8
41000 1.171e+08 6.91257e+09 3.4066e+10 3.59657e+07 2.21595e+07 3.68257e+07 1.67535e+07 136 9
42000 1.21951e+08 6.92487e+09 3.03479e+10 3.76556e+07 2.22942e+07 4.49007e+07 1.84344e+07 139 10
43000 1.32623e+08 6.88644e+09 2.90693e+10 4.04726e+07 2.31497e+07 5.02945e+07 1.98733e+07 141 9
44000 1.31048e+08 6.84204e+09 3.98698e+10 3.61496e+07 1.96379e+07 2.73821e+07 8.06959e+06 151 13
45000 1.36984e+08 6.79202e+09 3.49676e+10 3.60872e+07 1.75266e+07 1.96269e+07 6.57504e+06 163 13
46000 1.33983e+08 6.76934e+09 2.89649e+10 3.39088e+07 1.86131e+07 2.47918e+07 1.0983e+07 163 10
47000 1.3486e+08 6.72327e+09 3.80322e+10 3.43368e+07 1.87513e+07 1.73933e+07 6.29585e+06 170 12
48000 1.4587e+08 6.63104e+09 4.39975e+10 4.00107e+07 1.95942e+07 1.95937e+07 1.19996e+07 172 12
49000 1.47955e+08 6.55118e+09 2.86088e+10 3.31988e+07 1.57771e+07 1.69125e+07 6.75708e+06 185 9
50000 1.44586e+08 6.50369e+09 1.899e+10 3.41351e+07 1.564e+07 2.20511e+07 9.77548e+06 188 7
51000 1.43898e+08 6.4375e+09 1.66548e+10 3.3232e+07 1.64709e+07 2.45066e+07 1.78105e+07 181 7
52000 1.35606e+08 6.41897e+09 1.18094e+10 3.19202e+07 1.62888e+07 2.87217e+07 2.03181e+07 195 5
53000 1.45001e+08 6.33889e+09 2.4565e+10 4.2613e+07 1.95233e+07 1.90776e+07 6.83182e+06 181 5
54000 1.29904e+08 6.3343e+09 2.32705e+10 2.74273e+07 1.37852e+07 1.93682e+07 6.89308e+06 182 5
55000 1.07564e+08 6.43288e+09 2.79903e+10 2.36533e+07 1.13072e+07 4.04794e+07 2.55989e+07 181 3
56000 1.06452e+08 6.53818e+09 1.9181e+10 2.64741e+07 1.6361e+07 6.35356e+07 6.35356e+07 174 2
57000 1.1812e+08 6.56901e+09 2.82585e+10 3.28328e+07 1.98617e+07 4.67389e+07 3.81161e+07 167 3
58000 1.49762e+08 6.43605e+09 2.47194e+10 3.94199e+07 1.80964e+07 4.59415e+07 3.38319e+07 187 3
59000 1.64313e+08 6.26921e+09 2.0404e+10 3.8788e+07 2.01794e+07 4.68301e+07 3.47478e+07 181 3
60000 1.58042e+08 6.14783e+09 2.88285e+10 3.69856e+07 1.83015e+07 3.71764e+07 2.78814e+07 183 4
61000 1.46881e+08 6.08284e+09 4.06917e+10 3.31712e+07 1.84755e+07 4.05341e+07 2.99494e+07 179 4
62000 1.40552e+08 6.0438e+09 3.26784e+10 3.52083e+07 2.06899e+07 3.57977e+07 2.38499e+07 174 5
63000 1.41225e+08 5.97697e+09 3.14344e+10 3.07124e+07 1.70646e+07 7.22389e+07 7.22389e+07 181 3
64000 1.33767e+08 5.97065e+09 4.15565e+10 3.32744e+07 2.03177e+07 4.84098e+07 2.7183e+07 166 5
65000 1.28877e+08 5.98592e+09 3.53017e+10 3.3198e+07 2.00561e+07 4.56763e+07 2.79058e+07 166 8
66000 1.28429e+08 5.99535e+09 1.89496e+10 3.09387e+07 2.00577e+07 8.09012e+07 4.04506e+07 167 6
67000 1.22698e+08 6.01427e+09 2.17229e+10 3.48913e+07 2.34405e+07 4.86977e+07 1.48385e+07 160 11
68000 1.16613e+08 6.06342e+09 1.87246e+10 2.9598e+07 1.89367e+07 4.3353e+07 1.88456e+07 166 11
69000 1.07723e+08 6.14315e+09 3.02336e+10 2.6697e+07 1.60756e+07 2.80466e+07 1.2533e+07 158 9
70000 1.04363e+08 6.23958e+09 3.27909e+10 4.07882e+07 2.31897e+07 4.92164e+07 2.52827e+07 149 8
71000 1.11331e+08 6.31013e+09 2.11737e+10 3.61627e+07 2.67235e+07 1.88787e+07 9.55064e+06 149 7
72000 1.16299e+08 6.34268e+09 2.4022e+10 3.34088e+07 2.12911e+07 2.4016e+07 1.51068e+07 156 7
73000 1.25644e+08 6.33581e+09 1.88937e+10 3.59141e+07 2.2085e+07 3.81234e+07 2.01628e+07 165 8
74000 1.35585e+08 6.26598e+09 2.45313e+10 3.31857e+07 1.66619e+07 4.72207e+07 2.34096e+07 173 9
75000 1.39132e+08 6.21519e+09 2.4737e+10 3.78718e+07 2.116e+07 9.37812e+07 7.14264e+07 164 12
76000 1.39164e+08 6.153e+09 1.62531e+10 3.2452e+07 1.79246e+07 2.78707e+07 1.38882e+07 179 11
77000 1.36288e+08 6.12626e+09 1.76157e+10 3.9655e+07 2.58878e+07 1.87248e+07 6.37119e+06 186 12
78000 1.31613e+08 6.10224e+09 1.59007e+10 2.95447e+07 1.67388e+07 5.46551e+07 4.58864e+07 188 11
79000 1.32145e+08 6.10039e+09 6.96417e+09 3.21849e+07 2.06856e+07 1.26128e+07 6.20624e+06 178 11
80000 1.30061e+08 6.08757e+09 6.04123e+09 3.03206e+07 1.83503e+07 1.13429e+07 4.03695e+06 184 12
81000 1.29898e+08 6.0711e+09 8.61604e+09 3.01692e+07 1.68858e+07 1.06332e+07 3.62915e+06 185 13
82000 1.28142e+08 6.06154e+09 1.85319e+10 3.09518e+07 1.81017e+07 1.47882e+07 5.80926e+06 179 11
83000 1.33057e+08 6.04802e+09 1.67868e+10 3.33759e+07 2.09585e+07 2.47099e+07 1.75788e+07 176 8
84000 1.3712e+08 6.01648e+09 2.34157e+10 3.55582e+07 2.18486e+07 2.55149e+07 1.15895e+07 165 7
85000 1.36029e+08 5.96783e+09 2.16585e+10 3.34637e+07 1.97932e+07 3.05671e+07 2.26428e+07 173 7
86000 1.35813e+08 5.92859e+09 1.11884e+10 3.06092e+07 1.65644e+07 8.37042e+07 7.35127e+07 187 7
87000 1.31334e+08 5.9124e+09 3.3908e+10 3.64312e+07 2.11687e+07 2.98667e+07 2.12546e+07 179 8
88000 1.38831e+08 5.87015e+09 2.79111e+10 3.5417e+07 1.91359e+07 2.4036e+07 1.13758e+07 168 10
89000 1.31781e+08 5.8565e+09 2.60121e+10 3.46474e+07 2.01915e+07 2.46064e+07 1.27907e+07 162 11
90000 1.18356e+08 5.90264e+09 2.32907e+10 2.76376e+07 1.55986e+07 3.3179e+07 2.23586e+07 167 9
91000 1.09514e+08 5.98533e+09 2.82715e+10 2.72152e+07 1.65008e+07 2.62382e+07 1.31942e+07 159 10
92000 1.069e+08 6.07636e+09 3.06775e+10 2.83573e+07 1.75528e+07 3.27235e+07 2.64681e+07 163 11
93000 1.06728e+08 6.14963e+09 2.95179e+10 2.90359e+07 1.81697e+07 3.68908e+07 2.24762e+07 163 12
94000 1.10554e+08 6.20775e+09 2.81854e+10 2.78446e+07 1.63805e+07 4.36782e+07 3.18169e+07 158 14
95000 1.16217e+08 6.25432e+09 2.53648e+10 3.25819e+07 2.00849e+07 4.8943e+07 2.82529e+07 149 13
96000 1.16043e+08 6.28223e+09 2.00796e+10 2.92736e+07 1.76728e+07 4.79456e+07 3.1394e+07 153 14
97000 1.18096e+08 6.31646e+09 1.44034e+10 3.06774e+07 1.96029e+07 2.8021e+07 1.37861e+07 151 22
98000 1.18197e+08 6.33279e+09 2.0796e+10 3.06299e+07 1.90544e+07 2.36926e+07 1.15153e+07 157 24
99000 1.25477e+08 6.33e+09 2.07564e+10 3.14356e+07 1.70428e+07 2.93051e+07 1.76299e+07 164 20
100000 1.31986e+08 6.29717e+09 1.88633e+10 3.85292e+07 2.05325e+07 3.08911e+07 2.17305e+07 168 21
101000 1.34546e+08 6.25047e+09 2.27853e+10 3.45637e+07 1.96963e+07 2.6393e+07 1.2175e+07 166 23
102000 1.36113e+08 6.20985e+09 1.66441e+10 3.33207e+07 1.78902e+07 2.50763e+07 1.18966e+07 166 23
103000 1.35828e+08 6.17626e+09 2.29207e+10 3.30124e+07 1.89131e+07 1.95676e+07 8.55984e+06 164 25
104000 1.35877e+08 6.13615e+09 2.41893e+10 3.18755e+07 1.60744e+07 2.52816e+07 1.34034e+07 173 21
105000 1.33729e+08 6.12613e+09 2.03462e+10 3.44192e+07 2.06005e+07 2.88958e+07 1.767e+07 156 20
106000 1.22053e+08 6.1547e+09 2.31327e+10 2.94536e+07 1.6619e+07 3.16189e+07 2.22551e+07 158 18
107000 1.1726e+08 6.20454e+09 1.57848e+10 2.81799e+07 1.58036e+07 2.72848e+07 1.87007e+07 160 21
108000 1.1429e+08 6.2487e+09 2.59528e+10 3.03336e+07 1.75614e+07 2.81528e+07 1.64537e+07 144 24
109000 1.25341e+08 6.25673e+09 2.48817e+10 3.52356e+07 2.13663e+07 5.63629e+07 2.949e+07 140 19
110000 1.33521e+08 6.20995e+09 2.5438e+10 3.5112e+07 2.20783e+07 5.96628e+07 3.00262e+07 136 18
111000 1.296e+08 6.19931e+09 2.50533e+10 3.55241e+07 2.38289e+07 6.12251e+07 4.57343e+07 139 25
112000 1.19008e+08 6.23042e+09 2.43931e+10 3.15158e+07 1.97437e+07 2.5806e+07 1.59947e+07 150 25
113000 1.12207e+08 6.29753e+09 2.91491e+10 3.04558e+07 1.90574e+07 2.68194e+07 1.5288e+07 141 23
114000 1.16851e+08 6.34076e+09 3.59655e+10 4.02698e+07 2.79741e+07 2.62151e+07 1.68953e+07 124 23
115000 1.18306e+08 6.36272e+09 4.4608e+10 3.51e+07 2.11318e+07 2.70775e+07 1.5927e+07 127 22
116000 1.16577e+08 6.40109e+09 4.08607e+10 3.88175e+07 2.54478e+07 2.71209e+07 1.68209e+07 134 25
117000 1.18077e+08 6.43732e+09 3.6798e+10 3.56884e+07 2.22241e+07 2.80676e+07 1.79059e+07 130 26
118000 1.23288e+08 6.44072e+09 3.78787e+10 3.88305e+07 2.32302e+07 2.62563e+07 1.2145e+07 126 27
119000 1.37849e+08 6.39064e+09 2.31607e+10 4.38272e+07 2.62825e+07 2.31748e+07 1.07172e+07 131 30
120000 1.42674e+08 6.2981e+09 2.38788e+10 4.00283e+07 2.15373e+07 2.19993e+07 1.01529e+07 142 30
121000 1.35648e+08 6.26312e+09 1.9632e+10 3.69497e+07 2.20509e+07 2.4557e+07 1.34902e+07 153 26
122000 1.30694e+08 6.25246e+09 1.80208e+10 3.24972e+07 1.72282e+07 2.49774e+07 1.47763e+07 159 26
123000 1.28866e+08 6.24179e+09 1.32946e+10 3.84711e+07 1.84474e+07 2.03538e+07 1.04913e+07 165 30
124000 1.21433e+08 6.27103e+09 1.61788e+10 3.13875e+07 1.90524e+07 1.94148e+07 9.15875e+06 149 29
125000 1.13674e+08 6.334e+09 2.43719e+10 3.01017e+07 1.82027e+07 1.67893e+07 7.46071e+06 148 33
126000 1.18467e+08 6.35524e+09 1.99004e+10 3.18629e+07 1.81959e+07 2.12015e+07 1.17538e+07 161 28
127000 1.30207e+08 6.31435e+09 3.11848e+10 3.59639e+07 1.80682e+07 2.11745e+07 1.20067e+07 160 32
128000 1.3905e+08 6.25689e+09 3.43957e+10 3.86473e+07 2.13359e+07 2.45633e+07 1.30759e+07 152 32
129000 1.37292e+08 6.21846e+09 2.15205e+10 3.09284e+07 1.67309e+07 2.78808e+07 1.67583e+07 163 30
130000 1.26783e+08 6.23454e+09 2.73949e+10 3.58135e+07 2.21793e+07 2.95471e+07 1.69346e+07 150 29
131000 1.21067e+08 6.2728e+09 3.14787e+10 2.96999e+07 1.80618e+07 5.49203e+07 4.12385e+07 145 23
132000 1.19262e+08 6.29148e+09 2.95364e+10 2.9255e+07 1.60387e+07 3.15795e+07 2.00668e+07 153 29
133000 1.23572e+08 6.29228e+09 2.45791e+10 3.21362e+07 1.84205e+07 2.79324e+07 1.45545e+07 157 30
134000 1.20454e+08 6.32557e+09 3.35203e+10 3.2747e+07 1.956e+07 3.08979e+07 2.00148e+07 144 28
135000 1.28541e+08 6.32268e+09 3.39252e+10 3.61719e+07 1.99132e+07 2.82048e+07 1.74601e+07 142 31
136000 1.37507e+08 6.25842e+09 2.52115e+10 3.58377e+07 1.91601e+07 2.83035e+07 1.58881e+07 146 35
137000 1.33455e+08 6.21842e+09 3.92041e+10 3.83287e+07 2.26814e+07 3.25503e+07 1.56904e+07 133 34
138000 1.3987e+08 6.16544e+09 2.72795e+10 3.5863e+07 2.19414e+07 3.27444e+07 1.54324e+07 152 34
139000 1.46375e+08 6.07075e+09 2.63876e+10 3.72032e+07 1.89322e+07 3.75997e+07 2.21722e+07 152 32
140000 1.37585e+08 6.02916e+09 3.27185e+10 3.24489e+07 1.59439e+07 2.59813e+07 1.38646e+07 150 32
141000 1.25996e+08 6.04748e+09 2.66203e+10 2.99057e+07 1.52967e+07 2.53902e+07 1.51154e+07 151 30
142000 1.15547e+08 6.10218e+09 2.15633e+10 2.74509e+07 1.55751e+07 2.4096e+07 1.42999e+07 149 36
143000 1.09797e+08 6.18925e+09 2.64959e+10 2.77334e+07 1.67793e+07 3.01719e+07 1.97465e+07 138 32
144000 1.07784e+08 6.26399e+09 2.44989e+10 2.6901e+07 1.6415e+07 2.99401e+07 1.53488e+07 141 34
145000 1.09935e+08 6.3161e+09 2.17054e+10 2.83487e+07 1.65432e+07 2.52272e+07 1.2709e+07 138 41
146000 1.10723e+08 6.36833e+09 2.79563e+10 2.85817e+07 1.56545e+07 2.78401e+07 1.43914e+07 137 40
147000 1.08649e+08 6.43903e+09 3.29311e+10 2.91168e+07 1.53789e+07 2.18346e+07 1.0656e+07 131 43
148000 1.08505e+08 6.50959e+09 3.16165e+10 2.89499e+07 1.57446e+07 2.45535e+07 1.30638e+07 134 40
149000 1.12992e+08 6.56758e+09 3.36546e+10 3.14414e+07 1.68597e+07 2.84395e+07 1.63064e+07 127 40
150000 1.19718e+08 6.59178e+09 2.6036e+10 3.25696e+07 1.91912e+07 3.92255e+07 2.4165e+07 131 32
151000 1.29958e+08 6.57536e+09 2.19064e+10 3.63185e+07 2.13569e+07 4.45825e+07 3.01997e+07 129 31
152000 1.38121e+08 6.50036e+09 1.5536e+10 3.61118e+07 1.97965e+07 3.82399e+07 2.35553e+07 137 34
153000 1.36086e+08 6.44751e+09 1.26471e+10 3.40238e+07 1.98107e+07 2.95991e+07 1.7757e+07 143 39
154000 1.34451e+08 6.42088e+09 2.36225e+10 3.60303e+07 2.27007e+07 3.53143e+07 2.36001e+07 137 41
155000 1.41742e+08 6.35679e+09 2.9997e+10 4.3153e+07 2.57941e+07 2.75708e+07 1.66497e+07 129 40
156000 1.52019e+08 6.22848e+09 1.72303e+10 3.9729e+07 2.01847e+07 2.35257e+07 1.28239e+07 145 45
157000 1.43746e+08 6.15836e+09 2.05577e+10 3.36981e+07 1.81104e+07 5.58313e+07 2.51499e+07 154 39
158000 1.36932e+08 6.12556e+09 1.98164e+10 3.53595e+07 2.04817e+07 2.97442e+07 2.02544e+07 158 35
159000 1.30263e+08 6.11292e+09 2.20738e+10 2.92747e+07 1.49945e+07 2.73583e+07 1.53281e+07 156 38
160000 1.23597e+08 6.1295e+09 1.86884e+10 3.04082e+07 1.76686e+07 3.44746e+07 2.25239e+07 157 34
161000 1.19927e+08 6.14726e+09 1.74582e+10 3.03857e+07 1.663e+07 2.86662e+07 1.40553e+07 157 42
162000 1.24506e+08 6.14828e+09 1.29422e+10 2.76205e+07 1.54962e+07 3.27049e+07 1.85495e+07 172 41
163000 1.30994e+08 6.12569e+09 1.54784e+10 2.97477e+07 1.29322e+07 2.80177e+07 1.58526e+07 169 37
164000 1.2931e+08 6.10648e+09 2.10333e+10 2.88332e+07 1.47657e+07 2.44766e+07 1.12461e+07 157 42
165000 1.16073e+08 6.15782e+09 3.52135e+10 2.73659e+07 1.57999e+07 2.76335e+07 1.401e+07 141 36
166000 1.18699e+08 6.21175e+09 2.88776e+10 2.94469e+07 1.78125e+07 3.0406e+07 1.77368e+07 145 33
167000 1.23904e+08 6.21014e+09 4.07559e+10 3.35332e+07 1.83153e+07 3.09466e+07 1.84639e+07 142 31
168000 1.2897e+08 6.18999e+09 3.08748e+10 3.46648e+07 1.86175e+07 2.66816e+07 1.39872e+07 150 34
169000 1.26367e+08 6.1876e+09 2.31431e+10 3.19954e+07 1.81515e+07 2.21812e+07 1.08937e+07 145 39
170000 1.24185e+08 6.21114e+09 2.70901e+10 3.16247e+07 1.97649e+07 2.47432e+07 1.48149e+07 138 35
171000 1.17147e+08 6.25834e+09 3.82696e+10 3.25132e+07 2.02157e+07 2.61694e+07 1.57821e+07 129 35
172000 1.16103e+08 6.30801e+09 2.869e+10 3.27463e+07 2.01235e+07 3.12454e+07 1.95042e+07 126 37
173000 1.15606e+08 6.35584e+09 2.47496e+10 3.12775e+07 1.91514e+07 3.21458e+07 1.84827e+07 126 39
174000 1.15429e+08 6.38781e+09 3.44146e+10 3.14779e+07 1.94039e+07 3.78672e+07 2.04119e+07 117 39
175000 1.20389e+08 6.40378e+09 3.98744e+10 3.50467e+07 2.15393e+07 4.75926e+07 2.23562e+07 109 42
176000 1.29174e+08 6.36898e+09 3.187e+10 3.6301e+07 2.34503e+07 4.36006e+07 1.91557e+07 125 48
177000 1.25058e+08 6.36698e+09 2.53659e+10 3.03917e+07 1.85105e+07 3.13256e+07 1.41964e+07 125 53
178000 1.15968e+08 6.40758e+09 3.15464e+10 5.03181e+07 2.99225e+07 2.75734e+07 1.11111e+07 120 52
179000 1.14817e+08 6.45818e+09 2.45831e+10 3.33055e+07 2.17098e+07 2.87897e+07 1.33605e+07 109 50
180000 1.08883e+08 6.52165e+09 3.30064e+10 2.85383e+07 1.55227e+07 3.00802e+07 1.54497e+07 115 48
181000 1.02104e+08 6.61246e+09 3.89753e+10 2.88895e+07 1.62558e+07 2.65808e+07 1.44911e+07 110 49
182000 9.95814e+07 6.71451e+09 4.36934e+10 3.68176e+07 2.51277e+07 3.04101e+07 1.99142e+07 108 44
183000 1.10441e+08 6.76638e+09 3.47176e+10 4.7015e+07 3.33029e+07 3.59925e+07 1.99284e+07 115 45
184000 1.22134e+08 6.76069e+09 4.30927e+10 4.24948e+07 2.64759e+07 3.86558e+07 2.12806e+07 116 46
185000 1.39469e+08 6.69e+09 2.91595e+10 4.83812e+07 2.62023e+07 3.8616e+07 1.92758e+07 114 48
186000 1.47554e+08 6.57748e+09 2.00264e+10 3.82858e+07 2.01322e+07 3.41324e+07 1.51192e+07 130 52
187000 1.42151e+08 6.51412e+09 1.90473e+10 3.77252e+07 2.3423e+07 2.64937e+07 1.30705e+07 131 60
188000 1.32355e+08 6.48125e+09 2.68345e+10 3.40318e+07 1.89083e+07 2.56328e+07 1.16579e+07 133 53
189000 1.32529e+08 6.46851e+09 2.56059e+10 3.8238e+07 2.26535e+07 2.74969e+07 1.13714e+07 127 49
190000 1.28786e+08 6.45163e+09 2.6942e+10 3.06817e+07 1.68799e+07 2.8411e+07 1.49484e+07 137 46
191000 1.25568e+08 6.46502e+09 2.70105e+10 3.68977e+07 2.42569e+07 2.82466e+07 1.58867e+07 143 43
192000 1.27249e+08 6.46121e+09 2.15035e+10 3.33714e+07 2.04206e+07 2.55525e+07 1.34792e+07 139 43
193000 1.37449e+08 6.41445e+09 2.47955e+10 4.49882e+07 2.9929e+07 3.29288e+07 1.67567e+07 128 39
194000 1.53381e+08 6.26718e+09 2.66382e+10 4.2509e+07 2.35858e+07 3.30345e+07 1.11265e+07 138 47
195000 1.55485e+08 6.15267e+09 2.03829e+10 4.64511e+07 2.96996e+07 3.4532e+07 1.6678e+07 143 40
196000 1.46711e+08 6.07478e+09 2.68138e+10 3.72903e+07 1.91747e+07 3.02065e+07 1.62365e+07 138 37
197000 1.35136e+08 6.05946e+09 2.22229e+10 3.46152e+07 2.04068e+07 2.46299e+07 1.362e+07 151 40
198000 1.2053e+08 6.10613e+09 3.57772e+10 3.42628e+07 2.12393e+07 2.64896e+07 1.73197e+07 130 35
199000 1.12719e+08 6.17367e+09 3.32598e+10 3.03488e+07 1.91813e+07 2.8257e+07 1.91169e+07 126 36
200000 1.0756e+08 6.2394e+09 3.88001e+10 2.97473e+07 1.75457e+07 3.15895e+07 1.69396e+07 126 32
201000 1.14217e+08 6.28701e+09 2.83764e+10 3.17387e+07 1.98273e+07 3.32015e+07 1.8556e+07 130 33
202000 1.23699e+08 6.28724e+09 2.22481e+10 3.52116e+07 1.90121e+07 2.67614e+07 1.31712e+07 134 38
203000 1.17677e+08 6.3068e+09 2.54034e+10 3.08458e+07 1.6787e+07 2.84045e+07 1.86597e+07 129 36
204000 1.07514e+08 6.39055e+09 3.10939e+10 2.75527e+07 1.62429e+07 3.4149e+07 1.91724e+07 133 33
205000 1.10548e+08 6.45664e+09 1.95751e+10 2.60438e+07 1.61738e+07 3.79304e+07 1.91291e+07 137 40
206000 1.14273e+08 6.48861e+09 1.92411e+10 2.81761e+07 1.76353e+07 3.65159e+07 1.66892e+07 133 39
207000 1.20167e+08 6.49847e+09 1.40187e+10 3.30203e+07 2.1124e+07 2.26436e+07 8.7348e+06 143 50
208000 1.32989e+08 6.45585e+09 2.3222e+10 3.7737e+07 2.14688e+07 2.30791e+07 1.16572e+07 140 43
209000 1.4179e+08 6.36949e+09 2.12198e+10 3.53473e+07 1.85034e+07 2.13554e+07 9.74027e+06 153 43
210000 1.39695e+08 6.31854e+09 2.0107e+10 4.05541e+07 2.51856e+07 2.48842e+07 1.42092e+07 148 38
211000 1.36267e+08 6.26862e+09 1.8892e+10 3.02268e+07 1.55102e+07 2.31132e+07 1.26124e+07 167 41
212000 1.31176e+08 6.25467e+09 2.6466e+10 3.03654e+07 1.41647e+07 2.25497e+07 1.41281e+07 157 42
213000 1.22828e+08 6.27136e+09 2.5088e+10 2.81879e+07 1.48734e+07 2.28528e+07 1.29093e+07 154 42
214000 1.18129e+08 6.31084e+09 2.43835e+10 2.78818e+07 1.50404e+07 1.95291e+07 8.38041e+06 147 48
215000 1.14795e+08 6.36078e+09 2.06463e+10 3.47495e+07 1.90776e+07 2.1579e+07 9.551e+06 156 45
216000 1.20679e+08 6.39048e+09 1.08582e+10 2.97088e+07 1.74324e+07 1.97706e+07 7.4016e+06 154 50
217000 1.26884e+08 6.36817e+09 1.87667e+10 3.9857e+07 2.29585e+07 2.12413e+07 9.01785e+06 139 49
218000 1.35656e+08 6.3287e+09 2.17558e+10 3.53518e+07 2.08543e+07 2.25872e+07 1.13406e+07 143 45
219000 1.391e+08 6.27725e+09 3.05075e+10 3.73933e+07 2.05648e+07 2.93697e+07 1.58505e+07 136 35
220000 1.39427e+08 6.20994e+09 4.16366e+10 4.28054e+07 2.5333e+07 2.71646e+07 1.50511e+07 136 38
221000 1.46837e+08 6.12461e+09 3.97767e+10 4.05436e+07 2.30831e+07 4.15115e+07 2.96156e+07 136 38
222000 1.39084e+08 6.07997e+09 3.59826e+10 3.50494e+07 2.00643e+07 3.69551e+07 2.68796e+07 148 34
223000 1.29779e+08 6.07414e+09 3.56055e+10 3.27196e+07 1.81525e+07 2.32136e+07 1.14998e+07 144 42
224000 1.25985e+08 6.08383e+09 3.61768e+10 3.27339e+07 1.82957e+07 2.60369e+07 1.44238e+07 136 39
225000 1.14902e+08 6.13938e+09 4.43278e+10 3.07495e+07 1.76201e+07 3.01632e+07 1.69136e+07 124 34
226000 1.06867e+08 6.22655e+09 3.86873e+10 2.71826e+07 1.59349e+07 3.10981e+07 1.72916e+07 129 34
227000 1.03512e+08 6.3173e+09 3.63302e+10 3.4015e+07 2.27877e+07 2.59091e+07 1.37169e+07 123 39
228000 1.04703e+08 6.40127e+09 3.66873e+10 2.93757e+07 1.85829e+07 2.37078e+07 1.39571e+07 126 41
229000 1.04148e+08 6.49067e+09 4.73877e+10 3.44896e+07 2.34078e+07 1.92488e+07 8.84188e+06 109 46
230000 1.06405e+08 6.57801e+09 5.28279e+10 3.8907e+07 2.90205e+07 2.2687e+07 1.07181e+07 105 41
231000 1.14823e+08 6.60464e+09 4.05898e+10 3.83795e+07 2.36974e+07 2.3539e+07 1.30004e+07 121 40
232000 1.34442e+08 6.54806e+09 2.65119e+10 4.0547e+07 1.92379e+07 3.16861e+07 1.66883e+07 134 48
233000 1.40547e+08 6.46219e+09 2.14016e+10 3.52665e+07 1.71725e+07 2.4159e+07 1.37489e+07 143 42
234000 1.28215e+08 6.47481e+09 2.24327e+10 2.8881e+07 1.4702e+07 2.87084e+07 1.61969e+07 145 40
235000 1.21843e+08 6.50264e+09 1.84186e+10 2.78806e+07 1.60261e+07 3.44334e+07 2.05279e+07 144 40
236000 1.22057e+08 6.51507e+09 1.97726e+10 3.26039e+07 2.11906e+07 5.43151e+07 2.80739e+07 145 39
237000 1.27527e+08 6.50299e+09 2.1169e+10 3.65097e+07 2.40912e+07 3.49533e+07 1.6543e+07 140 43
238000 1.35024e+08 6.4432e+09 3.06712e+10 3.41491e+07 1.80034e+07 2.84383e+07 1.37084e+07 143 49
239000 1.49096e+08 6.33602e+09 3.0664e+10 4.04308e+07 2.35092e+07 2.56574e+07 1.29391e+07 141 47
240000 1.43482e+08 6.26042e+09 4.5207e+10 3.70839e+07 2.20344e+07 2.74111e+07 1.60575e+07 136 48
241000 1.27011e+08 6.25627e+09 5.11921e+10 3.24972e+07 1.76585e+07 2.10119e+07 1.18644e+07 132 50
242000 1.1921e+08 6.28953e+09 4.76945e+10 2.80883e+07 1.43738e+07 2.45042e+07 1.22919e+07 144 52
243000 1.22113e+08 6.31359e+09 3.88181e+10 2.78528e+07 1.46008e+07 3.31379e+07 1.47443e+07 133 50
244000 1.16614e+08 6.33627e+09 4.98794e+10 3.04674e+07 1.83014e+07 3.09004e+07 1.20718e+07 134 52
245000 1.13511e+08 6.40275e+09 4.15787e+10 3.09444e+07 2.01049e+07 5.29145e+07 2.42915e+07 131 55
246000 1.1216e+08 6.46288e+09 3.44717e+10 3.67805e+07 2.08319e+07 2.51015e+07 1.11925e+07 123 61
247000 1.1849e+08 6.49291e+09 2.72863e+10 2.74239e+07 1.56025e+07 3.37874e+07 1.63408e+07 122 61
248000 1.13344e+08 6.52907e+09 3.08933e+10 2.77161e+07 1.66884e+07 2.68682e+07 1.10779e+07 116 62
249000 1.04512e+08 6.60714e+09 2.90108e+10 2.69196e+07 1.61608e+07 1.97585e+07 8.30867e+06 122 66
250000 1.09404e+08 6.67542e+09 2.25034e+10 3.09979e+07 1.76655e+07 1.84627e+07 7.14651e+06 128 63
251000 1.18119e+08 6.70973e+09 2.05869e+10 3.31619e+07 1.90845e+07 1.83368e+07 7.8692e+06 129 60
252000 1.22367e+08 6.7274e+09 1.89763e+10 3.73581e+07 2.18269e+07 1.73657e+07 6.82054e+06 121 59
253000 1.27424e+08 6.73177e+09 1.47207e+10 4.10199e+07 2.5325e+07 1.8062e+07 7.81909e+06 121 52
254000 1.30123e+08 6.71649e+09 1.88071e+10 4.2067e+07 2.77831e+07 1.98737e+07 1.00205e+07 118 47
255000 1.279e+08 6.69855e+09 1.81357e+10 3.76257e+07 2.47649e+07 2.04204e+07 1.07362e+07 126 46
256000 1.35312e+08 6.65402e+09 2.03093e+10 4.49325e+07 2.92105e+07 2.02427e+07 1.077e+07 123 47
257000 1.69333e+08 6.44359e+09 1.78106e+10 5.10462e+07 2.36409e+07 4.20246e+07 2.50113e+07 149 41
258000 1.80215e+08 6.1704e+09 2.09729e+10 4.25047e+07 1.85541e+07 2.53821e+07 1.4268e+07 154 44
259000 1.60572e+08 6.05311e+09 1.82109e+10 4.68533e+07 1.83235e+07 3.92094e+07 1.906e+07 165 44
260000 1.5209e+08 5.93981e+09 1.72534e+10 2.88639e+07 1.65233e+07 4.08845e+07 1.33784e+07 168 48
261000 1.39827e+08 5.89356e+09 1.6375e+10 3.0665e+07 1.81762e+07 2.46324e+07 9.59302e+06 170 55
262000 1.36994e+08 5.87557e+09 2.02376e+10 3.34018e+07 1.93856e+07 4.78403e+07 1.71877e+07 141 57
263000 1.26076e+08 5.89046e+09 1.79956e+10 3.83171e+07 2.77253e+07 2.15995e+07 9.38337e+06 135 56
264000 1.17072e+08 5.9337e+09 1.34671e+10 2.5868e+07 1.54979e+07 6.53444e+07 2.37969e+07 146 59
265000 1.11904e+08 5.9994e+09 1.69714e+10 2.48534e+07 1.43852e+07 2.31423e+07 1.08914e+07 147 52
266000 1.08146e+08 6.07434e+09 2.10288e+10 2.56822e+07 1.47726e+07 2.38397e+07 1.16667e+07 141 45
267000 1.0313e+08 6.16325e+09 3.23586e+10 2.62454e+07 1.52726e+07 2.26691e+07 1.14307e+07 133 43
268000 1.02512e+08 6.26134e+09 2.9747e+10 2.67883e+07 1.67367e+07 2.18803e+07 9.9358e+06 133 44
269000 1.06724e+08 6.3387e+09 2.14058e+10 2.90451e+07 1.74131e+07 2.02452e+07 9.00729e+06 133 46
270000 1.14125e+08 6.38229e+09 1.71824e+10 3.66457e+07 2.27059e+07 2.44734e+07 1.28036e+07 126 40
271000 1.17493e+08 6.4145e+09 1.94418e+10 3.31249e+07 1.8742e+07 2.36492e+07 1.30956e+07 126 40
272000 1.11842e+08 6.4649e+09 2.43344e+10 3.0699e+07 1.78647e+07 2.2764e+07 1.2069e+07 127 43
273000 1.11714e+08 6.52424e+09 2.67731e+10 3.23473e+07 2.16429e+07 2.5385e+07 1.1736e+07 126 48
274000 1.24321e+08 6.51691e+09 3.45707e+10 6.60515e+07 5.22879e+07 2.70939e+07 1.41658e+07 129 38
275000 1.41808e+08 6.43101e+09 3.0148e+10 3.92953e+07 2.1266e+07 3.15497e+07 1.91803e+07 139 36
276000 1.45839e+08 6.33926e+09 2.10925e+10 3.69521e+07 1.79383e+07 3.31821e+07 2.02441e+07 144 35
277000 1.40208e+08 6.29005e+09 2.38441e+10 3.46238e+07 1.70652e+07 3.0004e+07 1.73764e+07 138 38
278000 1.2647e+08 6.27884e+09 3.91884e+10 3.07672e+07 1.42854e+07 2.55538e+07 1.46164e+07 143 41
279000 1.19133e+08 6.31168e+09 3.35077e+10 2.77867e+07 1.35188e+07 2.6535e+07 1.46638e+07 148 40
280000 1.13969e+08 6.37174e+09 2.74222e+10 2.97959e+07 1.641e+07 2.67069e+07 1.50917e+07 140 40
281000 1.12938e+08 6.43072e+09 2.8784e+10 2.98211e+07 1.76799e+07 2.668e+07 1.59632e+07 126 43
282000 1.20371e+08 6.43403e+09 3.68541e+10 3.83428e+07 1.8383e+07 2.4348e+07 1.18989e+07 120 48
283000 1.30179e+08 6.41647e+09 2.32027e+10 3.92971e+07 2.16522e+07 2.82491e+07 1.60326e+07 118 47
284000 1.24516e+08 6.41993e+09 1.24236e+10 3.16236e+07 1.73356e+07 2.94503e+07 1.60833e+07 134 49
285000 1.15947e+08 6.44978e+09 1.38524e+10 2.61459e+07 1.45424e+07 2.37579e+07 1.12768e+07 141 58
286000 1.14313e+08 6.49526e+09 2.48429e+10 2.80867e+07 1.67299e+07 2.29572e+07 1.01533e+07 129 59
287000 1.17854e+08 6.52149e+09 3.32316e+10 3.76836e+07 2.41757e+07 2.20504e+07 9.76704e+06 111 60
288000 1.30025e+08 6.48892e+09 2.49233e+10 3.97711e+07 2.08852e+07 2.16993e+07 9.94853e+06 120 60
289000 1.4079e+08 6.42202e+09 1.75688e+10 3.85503e+07 1.87339e+07 2.59334e+07 1.41091e+07 130 53
290000 1.35456e+08 6.37723e+09 1.361e+10 3.40309e+07 1.74772e+07 2.82803e+07 1.72972e+07 129 52
291000 1.29557e+08 6.3768e+09 1.06558e+10 3.04866e+07 1.82417e+07 4.00868e+07 2.69076e+07 136 44
292000 1.245e+08 6.36651e+09 3.29069e+10 2.79664e+07 1.45022e+07 3.61455e+07 1.66412e+07 137 50
293000 1.24591e+08 6.34873e+09 5.38107e+10 3.17822e+07 1.67148e+07 3.4239e+07 1.6103e+07 122 50
294000 1.33894e+08 6.30888e+09 3.42091e+10 3.5831e+07 1.85346e+07 2.54939e+07 1.11509e+07 132 56
295000 1.30314e+08 6.28146e+09 3.00721e+10 3.38877e+07 1.87036e+07 2.13978e+07 8.27099e+06 129 59
296000 1.22589e+08 6.30536e+09 3.03224e+10 3.68927e+07 2.23511e+07 1.98398e+07 9.52712e+06 120 60
297000 1.17865e+08 6.33268e+09 2.43112e+10 2.83701e+07 1.57626e+07 2.38527e+07 1.44677e+07 140 60
298000 1.14057e+08 6.37491e+09 2.52138e+10 2.56744e+07 1.49993e+07 2.40183e+07 1.13667e+07 141 64
299000 1.17848e+08 6.40771e+09 3.39879e+10 2.80013e+07 1.54734e+07 3.16476e+07 1.6124e+07 137 50
300000 1.26396e+08 6.39895e+09 3.31489e+10 3.11562e+07 1.72398e+07 2.80274e+07 1.23428e+07 133 57
301000 1.3003e+08 6.37695e+09 3.3463e+10 3.24761e+07 1.60227e+07 2.74658e+07 1.3346e+07 139 56
302000 1.35249e+08 6.33664e+09 1.59699e+10 3.60959e+07 2.00811e+07 2.60791e+07 1.16925e+07 142 57
303000 1.27639e+08 6.31842e+09 2.73752e+10 2.90217e+07 1.52898e+07 2.72228e+07 1.18878e+07 137 55
304000 1.23945e+08 6.34499e+09 2.15172e+10 2.8995e+07 1.67758e+07 2.8652e+07 1.45576e+07 136 57
305000 1.21189e+08 6.36415e+09 2.6037e+10 4.33565e+07 2.72703e+07 2.89064e+07 1.53741e+07 125 56
306000 1.25658e+08 6.3574e+09 2.48644e+10 3.7228e+07 2.06275e+07 2.84264e+07 1.60698e+07 121 60
307000 1.25292e+08 6.33295e+09 2.40042e+10 2.95078e+07 1.54822e+07 2.42873e+07 1.06863e+07 136 64
308000 1.25709e+08 6.3482e+09 1.62594e+10 3.19658e+07 1.93312e+07 2.49287e+07 1.40298e+07 126 60
309000 1.1402e+08 6.38668e+09 3.85582e+10 2.98391e+07 1.68204e+07 2.66084e+07 1.55095e+07 118 61
310000 1.16391e+08 6.44874e+09 3.30375e+10 4.22428e+07 2.80206e+07 3.24921e+07 1.77003e+07 115 58
311000 1.18563e+08 6.46645e+09 3.06557e+10 4.14435e+07 2.28098e+07 2.51981e+07 1.40229e+07 113 65
312000 1.22965e+08 6.48131e+09 2.7129e+10 3.42762e+07 1.83953e+07 3.04336e+07 1.80896e+07 111 53
313000 1.1333e+08 6.52698e+09 4.32384e+10 3.50244e+07 2.07562e+07 2.9109e+07 1.62839e+07 105 58
314000 1.08042e+08 6.59338e+09 3.48756e+10 3.1103e+07 1.94362e+07 2.58988e+07 1.22874e+07 100 62
315000 1.12307e+08 6.65116e+09 3.93965e+10 3.74323e+07 2.55582e+07 3.0797e+07 1.86285e+07 98 62
316000 1.2681e+08 6.61967e+09 3.96189e+10 3.96183e+07 2.01256e+07 2.90789e+07 1.53385e+07 96 70
317000 1.17605e+08 6.63894e+09 4.27633e+10 3.33014e+07 1.69986e+07 2.34725e+07 1.13942e+07 92 78
318000 1.0327e+08 6.73707e+09 4.12265e+10 2.79912e+07 1.44501e+07 2.13403e+07 1.10324e+07 98 75
319000 9.76784e+07 6.86339e+09 4.40305e+10 3.16244e+07 1.8785e+07 2.02311e+07 1.09116e+07 87 75
320000 9.6473e+07 6.98626e+09 4.09448e+10 3.39772e+07 2.23175e+07 2.18427e+07 1.24145e+07 83 70
321000 9.79883e+07 7.09638e+09 4.42263e+10 3.15165e+07 1.71451e+07 3.16956e+07 2.08276e+07 91 55
322000 9.68147e+07 7.19691e+09 5.40366e+10 2.91858e+07 1.45005e+07 3.34209e+07 1.81208e+07 86 57
323000 1.05132e+08 7.2568e+09 4.95095e+10 3.29587e+07 1.93658e+07 3.6695e+07 1.65944e+07 76 69
324000 1.16388e+08 7.2842e+09 3.98254e+10 4.34443e+07 2.73391e+07 3.29376e+07 1.86334e+07 74 72
325000 1.31039e+08 7.23097e+09 4.83674e+10 5.43579e+07 3.27747e+07 3.84005e+07 1.72544e+07 80 69
326000 1.43344e+08 7.12047e+09 3.69714e+10 4.68789e+07 2.77483e+07 3.02514e+07 1.2628e+07 91 73
327000 1.4077e+08 7.04818e+09 2.83591e+10 4.38673e+07 2.68734e+07 2.06698e+07 9.51644e+06 105 88
328000 1.42564e+08 6.96526e+09 2.81145e+10 4.07527e+07 1.96517e+07 2.1944e+07 1.17963e+07 114 77
329000 1.56845e+08 6.82732e+09 2.67094e+10 5.06936e+07 2.30016e+07 2.44438e+07 1.50002e+07 123 69
330000 1.60694e+08 6.67536e+09 1.83213e+10 3.91993e+07 1.86256e+07 2.61496e+07 1.63605e+07 136 63
331000 1.5218e+08 6.5753e+09 2.19256e+10 3.73449e+07 1.6745e+07 2.79417e+07 1.90517e+07 130 66
332000 1.40124e+08 6.4969e+09 3.55588e+10 4.03683e+07 1.78191e+07 2.54808e+07 1.52669e+07 128 72
333000 1.29312e+08 6.48954e+09 3.1532e+10 2.8656e+07 1.455e+07 2.81286e+07 1.49506e+07 127 73
334000 1.26701e+08 6.49107e+09 1.8365e+10 2.78806e+07 1.54082e+07 3.09483e+07 1.65523e+07 124 72
335000 1.30247e+08 6.45959e+09 1.63033e+10 2.80589e+07 1.4337e+07 3.03891e+07 1.30446e+07 139 78
336000 1.47634e+08 6.34013e+09 2.1484e+10 3.34359e+07 1.35377e+07 3.56124e+07 1.83976e+07 142 71
337000 1.61047e+08 6.17547e+09 1.49527e+10 3.11301e+07 1.30983e+07 3.15424e+07 1.31978e+07 148 83
338000 1.32772e+08 6.15788e+09 1.78197e+10 2.26603e+07 1.0353e+07 2.44571e+07 1.00185e+07 147 80
339000 1.1045e+08 6.23906e+09 2.44672e+10 4.21753e+07 1.77067e+07 2.03325e+07 8.7068e+06 148 89
340000 1.06288e+08 6.34022e+09 2.12243e+10 2.25493e+07 1.4007e+07 2.28407e+07 1.10897e+07 126 83
341000 1.08052e+08 6.41292e+09 2.06639e+10 2.29557e+07 1.37639e+07 2.95662e+07 1.56704e+07 119 76
342000 1.14389e+08 6.44662e+09 1.85921e+10 2.3875e+07 1.34624e+07 2.98449e+07 1.34402e+07 111 86
343000 1.11776e+08 6.50042e+09 2.43303e+10 2.59981e+07 1.43673e+07 2.9589e+07 1.38947e+07 98 77
344000 1.08405e+08 6.58167e+09 1.27529e+10 2.78363e+07 1.73287e+07 2.44852e+07 1.29097e+07 91 88
345000 1.01126e+08 6.67293e+09 1.50297e+10 2.57503e+07 1.56207e+07 2.19615e+07 1.06013e+07 99 85
346000 9.76033e+07 6.77541e+09 1.88437e+10 3.13723e+07 2.1019e+07 2.09273e+07 1.06538e+07 96 83
347000 9.91496e+07 6.86963e+09 3.11561e+10 3.13868e+07 1.87315e+07 1.89244e+07 9.26289e+06 94 83
348000 1.11223e+08 6.92108e+09 1.94357e+10 3.73265e+07 2.15958e+07 2.09555e+07 1.18449e+07 96 77
349000 1.18569e+08 6.9348e+09 1.39053e+10 3.43049e+07 1.93195e+07 2.27883e+07 1.30295e+07 115 75
350000 1.22678e+08 6.92331e+09 1.85167e+10 3.74273e+07 1.97566e+07 2.38749e+07 1.41118e+07 114 74
351000 1.32853e+08 6.87159e+09 2.022e+10 3.306e+07 1.64281e+07 3.39152e+07 1.60182e+07 113 78
352000 1.45295e+08 6.76644e+09 2.22875e+10 3.49516e+07 1.65105e+07 3.69989e+07 1.59408e+07 111 83
353000 1.37152e+08 6.71109e+09 1.99129e+10 3.0414e+07 1.65439e+07 3.12791e+07 1.48156e+07 103 84
354000 1.2197e+08 6.72254e+09 3.57533e+10 2.65839e+07 1.38825e+07 2.55237e+07 1.31019e+07 108 94
355000 1.24769e+08 6.74373e+09 2.19947e+10 3.23541e+07 2.23162e+07 3.89884e+07 2.04167e+07 101 91
356000 1.45994e+08 6.64822e+09 2.60521e+10 5.24032e+07 2.70694e+07 2.92531e+07 1.60369e+07 103 90
357000 1.73365e+08 6.38048e+09 3.14168e+10 4.60506e+07 1.95865e+07 3.00147e+07 1.66362e+07 116 88
358000 1.58625e+08 6.24751e+09 2.90496e+10 3.81053e+07 2.03215e+07 2.83447e+07 1.43899e+07 121 89
359000 1.40311e+08 6.20303e+09 3.28463e+10 2.9289e+07 1.68113e+07 3.19942e+07 1.46359e+07 112 93
360000 1.35624e+08 6.15864e+09 3.70014e+10 2.71156e+07 1.59774e+07 3.57443e+07 1.64099e+07 105 88
361000 1.28797e+08 6.14089e+09 3.10717e+10 3.22783e+07 2.0252e+07 2.52504e+07 1.15406e+07 109 96
362000 1.40986e+08 6.0686e+09 3.10833e+10 4.12819e+07 1.89849e+07 2.71326e+07 1.64739e+07 105 94
363000 1.34465e+08 6.00672e+09 3.99935e+10 3.43219e+07 1.6265e+07 2.06808e+07 9.49389e+06 103 102
364000 1.20415e+08 6.04437e+09 3.01456e+10 2.75428e+07 1.31895e+07 2.20346e+07 1.0768e+07 106 97
365000 1.09161e+08 6.1303e+09 2.40822e+10 2.65192e+07 1.42144e+07 2.2875e+07 1.23645e+07 97 93
366000 1.03593e+08 6.22827e+09 1.52543e+10 2.22166e+07 1.22583e+07 2.33764e+07 1.42771e+07 109 92
367000 1.02528e+08 6.33373e+09 2.49991e+10 2.76224e+07 1.83622e+07 2.81639e+07 1.88513e+07 85 91
368000 1.08134e+08 6.40271e+09 1.75336e+10 3.12913e+07 2.08818e+07 2.58583e+07 1.69142e+07 90 91
369000 1.13128e+08 6.42191e+09 2.81004e+10 3.20032e+07 1.98387e+07 2.66479e+07 1.59736e+07 95 86
370000 1.1913e+08 6.41524e+09 3.20475e+10 3.4177e+07 1.99667e+07 5.16075e+07 1.88647e+07 93 90
371000 1.21321e+08 6.41673e+09 2.6188e+10 3.34641e+07 1.98863e+07 2.46712e+07 1.23275e+07 91 97
372000 1.19077e+08 6.434e+09 3.10045e+10 3.16621e+07 1.69053e+07 3.25741e+07 2.14569e+07 91 93
373000 1.16858e+08 6.46617e+09 3.38879e+10 3.37642e+07 1.879e+07 2.61535e+07 1.34869e+07 85 93
374000 1.18807e+08 6.48809e+09 2.65652e+10 3.39154e+07 1.80786e+07 2.77592e+07 1.42426e+07 83 92
375000 1.14345e+08 6.52184e+09 2.43312e+10 2.92352e+07 1.64168e+07 2.71703e+07 1.23138e+07 88 96
376000 1.1132e+08 6.5775e+09 2.62587e+10 2.90637e+07 1.90308e+07 2.54745e+07 1.19057e+07 84 95
377000 1.08674e+08 6.63433e+09 4.16121e+10 3.3588e+07 2.15102e+07 2.62593e+07 1.23918e+07 81 95
378000 1.16686e+08 6.66058e+09 2.76585e+10 3.19499e+07 1.64559e+07 2.99594e+07 1.75503e+07 85 91
379000 1.23822e+08 6.65728e+09 1.41574e+10 3.21203e+07 1.77167e+07 3.50646e+07 2.10262e+07 91 84
380000 1.26125e+08 6.63342e+09 1.41884e+10 3.50393e+07 2.05951e+07 2.92155e+07 1.60589e+07 87 94
381000 1.29228e+08 6.595e+09 1.26842e+10 4.41538e+07 1.94618e+07 4.36105e+07 3.1472e+07 91 101
382000 1.28544e+08 6.57486e+09 1.77507e+10 4.42001e+07 3.17381e+07 3.128e+07 1.77049e+07 85 106
383000 1.35438e+08 6.51586e+09 1.5436e+10 3.5594e+07 2.2627e+07 3.50606e+07 1.74359e+07 88 106
384000 1.48839e+08 6.39081e+09 1.17599e+10 4.0137e+07 1.74493e+07 3.02663e+07 1.61153e+07 98 108
385000 1.5239e+08 6.24122e+09 1.04723e+10 3.41995e+07 1.38553e+07 2.91949e+07 1.4635e+07 101 117
386000 1.45565e+08 6.14917e+09 8.3944e+09 2.9485e+07 1.43461e+07 2.76315e+07 1.27464e+07 97 129
387000 1.35162e+08 6.10171e+09 1.39608e+10 2.45013e+07 1.27964e+07 2.53387e+07 1.03249e+07 105 129
388000 1.22623e+08 6.11217e+09 1.8025e+10 2.38418e+07 1.33516e+07 2.42855e+07 1.07165e+07 102 120
389000 1.1815e+08 6.14812e+09 1.20447e+10 2.45798e+07 1.49573e+07 2.03419e+07 9.25854e+06 102 130
390000 1.15327e+08 6.17555e+09 1.50013e+10 2.94871e+07 1.77908e+07 2.02632e+07 1.06835e+07 94 124
391000 1.22796e+08 6.19258e+09 1.10079e+10 3.35916e+07 1.87935e+07 2.71675e+07 1.74617e+07 91 119
392000 1.24529e+08 6.19065e+09 6.07411e+09 3.3947e+07 2.10649e+07 2.19662e+07 1.1254e+07 91 116
393000 1.23212e+08 6.18772e+09 8.34234e+09 3.28392e+07 1.91923e+07 2.70767e+07 1.4328e+07 99 104
394000 1.22028e+08 6.19202e+09 8.36526e+09 2.76234e+07 1.48532e+07 2.33205e+07 1.10554e+07 102 113
395000 1.2262e+08 6.21131e+09 1.44579e+10 3.27908e+07 2.11617e+07 2.3987e+07 1.24529e+07 89 112
396000 1.23051e+08 6.20912e+09 2.0439e+10 3.08732e+07 1.77989e+07 2.62076e+07 1.50099e+07 99 97
397000 1.26548e+08 6.19155e+09 3.10638e+10 3.64339e+07 1.76953e+07 2.62272e+07 1.46484e+07 93 94
398000 1.25698e+08 6.16906e+09 3.55011e+10 3.50547e+07 1.79007e+07 2.38949e+07 1.14418e+07 94 92
399000 1.2108e+08 6.20118e+09 2.00888e+10 4.12955e+07 2.26346e+07 2.41233e+07 1.3405e+07 89 96
400000 1.15821e+08 6.2489e+09 1.48846e+10 2.62915e+07 1.42682e+07 3.02643e+07 1.78431e+07 103 90
401000 1.12283e+08 6.30152e+09 2.00946e+10 3.76412e+07 2.35567e+07 2.79518e+07 1.58158e+07 92 91
402000 1.11186e+08 6.35878e+09 1.93205e+10 2.9825e+07 1.84096e+07 2.95258e+07 1.73118e+07 86 91
403000 1.07611e+08 6.4179e+09 1.68842e+10 3.00903e+07 1.85897e+07 2.52289e+07 1.41625e+07 83 90
404000 1.0521e+08 6.48965e+09 2.12822e+10 2.73933e+07 1.56272e+07 2.60989e+07 1.55043e+07 87 87
405000 1.11061e+08 6.55079e+09 1.60153e+10 3.31218e+07 2.10298e+07 2.99992e+07 1.87002e+07 81 82
406000 1.13244e+08 6.57507e+09 1.83095e+10 2.56475e+07 1.34409e+07 3.25842e+07 1.92219e+07 96 87
407000 1.1316e+08 6.59677e+09 2.4542e+10 2.45244e+07 1.3696e+07 3.30191e+07 1.93956e+07 93 87
408000 1.13459e+08 6.64484e+09 2.71639e+10 3.68042e+07 2.28394e+07 3.20568e+07 1.95906e+07 81 86
409000 1.1442e+08 6.68091e+09 2.56778e+10 3.5655e+07 2.35131e+07 3.55718e+07 2.32777e+07 83 91
410000 1.18324e+08 6.68612e+09 3.63851e+10 3.88495e+07 2.42199e+07 2.60934e+07 1.37739e+07 77 95
411000 1.327e+08 6.63242e+09 3.24059e+10 4.40621e+07 2.34034e+07 2.81936e+07 1.65779e+07 79 97
412000 1.47939e+08 6.51268e+09 2.73602e+10 4.20151e+07 2.29257e+07 3.68905e+07 1.89164e+07 86 94
413000 1.50851e+08 6.37493e+09 2.77952e+10 3.49008e+07 1.82283e+07 3.83683e+07 1.96025e+07 94 103
414000 1.47304e+08 6.27888e+09 2.19428e+10 3.4311e+07 1.70897e+07 3.34969e+07 1.5967e+07 91 102
415000 1.38762e+08 6.21411e+09 1.49755e+10 3.08048e+07 1.75919e+07 2.99308e+07 1.44088e+07 91 112
416000 1.25186e+08 6.21507e+09 1.32584e+10 2.78079e+07 1.58882e+07 2.31087e+07 1.03495e+07 90 127
417000 1.14691e+08 6.2804e+09 2.07113e+10 3.2106e+07 2.04993e+07 2.29583e+07 1.11456e+07 79 111
418000 1.08806e+08 6.35617e+09 2.22909e+10 2.90766e+07 1.79427e+07 2.48012e+07 1.44047e+07 79 101
419000 1.06461e+08 6.42963e+09 2.34355e+10 3.93133e+07 2.91315e+07 2.33626e+07 1.18007e+07 71 105
420000 1.04484e+08 6.49638e+09 3.16917e+10 2.96249e+07 1.74329e+07 2.41862e+07 1.28877e+07 80 101
421000 1.12846e+08 6.54275e+09 2.16593e+10 3.29455e+07 1.73424e+07 2.54527e+07 1.40981e+07 81 103
422000 1.22201e+08 6.53175e+09 1.54715e+10 3.33199e+07 1.58014e+07 2.72511e+07 1.49037e+07 82 105
423000 1.27163e+08 6.50331e+09 1.56819e+10 2.94044e+07 1.5474e+07 2.815e+07 1.30823e+07 80 120
424000 1.28032e+08 6.46958e+09 2.43891e+10 3.03722e+07 1.94935e+07 3.57536e+07 1.93724e+07 81 115
425000 1.27789e+08 6.45035e+09 2.91426e+10 3.76434e+07 2.41414e+07 2.93993e+07 1.38627e+07 80 105
426000 1.29438e+08 6.41232e+09 2.66322e+10 4.82078e+07 2.5732e+07 2.86912e+07 1.4139e+07 77 110
427000 1.40645e+08 6.34138e+09 1.14681e+10 4.01287e+07 2.46884e+07 3.03798e+07 1.50261e+07 85 113
428000 1.36231e+08 6.27405e+09 1.61215e+10 3.45623e+07 1.91573e+07 2.59501e+07 1.1776e+07 79 124
429000 1.28671e+08 6.27691e+09 1.88302e+10 3.1117e+07 1.85388e+07 2.62981e+07 1.26429e+07 83 114
430000 1.19929e+08 6.28532e+09 1.86656e+10 3.32944e+07 2.24231e+07 2.3386e+07 1.2133e+07 75 122
431000 1.19519e+08 6.31145e+09 2.5856e+10 3.71918e+07 2.4639e+07 2.48868e+07 1.29268e+07 71 116
432000 1.20822e+08 6.31136e+09 3.13747e+10 3.71855e+07 2.09316e+07 2.5785e+07 1.35043e+07 67 114
433000 1.24299e+08 6.30088e+09 3.21258e+10 3.77843e+07 2.22539e+07 2.80721e+07 1.51e+07 67 113
434000 1.23124e+08 6.29046e+09 2.51265e+10 3.13656e+07 1.72567e+07 2.78249e+07 1.46064e+07 73 117
435000 1.19638e+08 6.30859e+09 2.12867e+10 2.68689e+07 1.5866e+07 3.06111e+07 1.7153e+07 78 110
436000 1.16366e+08 6.33089e+09 2.18991e+10 2.7184e+07 1.70121e+07 2.78087e+07 1.38484e+07 72 116
437000 1.15577e+08 6.35941e+09 2.77985e+10 2.78636e+07 1.63051e+07 2.90525e+07 1.6727e+07 69 118
438000 1.13129e+08 6.38656e+09 3.5052e+10 3.12394e+07 1.70796e+07 2.88753e+07 1.35156e+07 68 120
439000 1.11423e+08 6.44304e+09 2.80246e+10 2.8213e+07 1.42695e+07 2.54239e+07 1.41721e+07 71 117
440000 1.09201e+08 6.49582e+09 2.30981e+10 3.19512e+07 1.62431e+07 2.30156e+07 1.21728e+07 67 125
441000 1.07833e+08 6.5586e+09 2.18143e+10 3.72521e+07 1.87806e+07 2.33969e+07 1.29208e+07 68 119
442000 1.05776e+08 6.63486e+09 1.88847e+10 2.75512e+07 1.46046e+07 2.39224e+07 1.39343e+07 72 113
443000 1.06613e+08 6.70451e+09 2.27811e+10 3.23038e+07 1.96565e+07 2.37809e+07 1.32923e+07 65 117
444000 1.10846e+08 6.74907e+09 2.57573e+10 2.9125e+07 1.52104e+07 2.8063e+07 1.57589e+07 71 115
445000 1.13843e+08 6.78182e+09 3.26061e+10 3.48402e+07 2.13823e+07 2.78238e+07 1.55974e+07 61 111
446000 1.19437e+08 6.78571e+09 2.34722e+10 3.40782e+07 1.9444e+07 3.15772e+07 1.81077e+07 63 118
447000 1.27042e+08 6.75967e+09 1.82959e+10 3.69463e+07 2.32113e+07 3.32076e+07 1.65609e+07 64 124
448000 1.39583e+08 6.67579e+09 1.58218e+10 3.34686e+07 2.03889e+07 3.61443e+07 1.79661e+07 70 129
449000 1.49102e+08 6.53233e+09 2.20938e+10 3.1433e+07 1.75452e+07 4.09043e+07 1.89348e+07 67 131
450000 1.40721e+08 6.43351e+09 3.59921e+10 2.7514e+07 1.45888e+07 3.15642e+07 1.43536e+07 65 143
451000 1.42359e+08 6.35985e+09 2.69409e+10 3.16802e+07 1.53304e+07 3.38076e+07 1.60957e+07 64 142
452000 1.40305e+08 6.2804e+09 2.02707e+10 2.97927e+07 1.81586e+07 2.90043e+07 1.21553e+07 61 163
453000 1.40726e+08 6.20883e+09 1.31659e+10 2.8579e+07 1.52023e+07 3.07202e+07 1.53832e+07 65 149
454000 1.34174e+08 6.15377e+09 1.83904e+10 3.52157e+07 2.19123e+07 2.60393e+07 1.1427e+07 64 153
455000 1.28729e+08 6.13007e+09 1.50632e+10 2.99362e+07 1.52444e+07 2.5415e+07 1.22126e+07 58 156
456000 1.2095e+08 6.14382e+09 1.71613e+10 2.91977e+07 1.59869e+07 2.33949e+07 1.10004e+07 57 156
457000 1.12346e+08 6.19563e+09 1.68846e+10 2.69051e+07 1.577e+07 2.33422e+07 1.18757e+07 56 148
458000 1.04881e+08 6.27368e+09 1.9586e+10 2.50808e+07 1.43603e+07 2.63801e+07 1.55066e+07 57 140
459000 1.01817e+08 6.35821e+09 2.04839e+10 2.50149e+07 1.37837e+07 2.38821e+07 1.29776e+07 54 142
460000 1.05584e+08 6.43342e+09 2.18113e+10 2.66168e+07 1.54659e+07 2.61687e+07 1.3766e+07 53 137
461000 1.11111e+08 6.47781e+09 1.37084e+10 4.96833e+07 3.948e+07 2.4643e+07 1.25367e+07 45 151
462000 1.1215e+08 6.51423e+09 1.42051e+10 3.06064e+07 1.71658e+07 3.03257e+07 1.5492e+07 47 143
463000 1.09777e+08 6.56351e+09 1.31431e+10 3.78381e+07 2.6226e+07 2.33938e+07 1.24616e+07 37 152
464000 1.07213e+08 6.61796e+09 1.16246e+10 2.89661e+07 1.87946e+07 2.39117e+07 1.44146e+07 48 147
465000 1.04498e+08 6.67694e+09 2.76089e+10 3.66296e+07 2.58549e+07 2.3683e+07 1.30398e+07 40 142
466000 1.08573e+08 6.711e+09 3.81705e+10 3.65873e+07 2.37002e+07 2.54087e+07 1.4568e+07 39 156
467000 1.30477e+08 6.65008e+09 2.53228e+10 4.493e+07 2.83126e+07 3.45803e+07 1.70405e+07 43 161
468000 1.51578e+08 6.49966e+09 1.53202e+10 5.03426e+07 2.60921e+07 2.86657e+07 1.35873e+07 50 163
469000 1.48732e+08 6.37548e+09 2.31682e+10 3.81439e+07 1.8762e+07 2.87458e+07 1.41061e+07 53 171
470000 1.40306e+08 6.31633e+09 1.43552e+10 3.55302e+07 2.07511e+07 2.52658e+07 1.2081e+07 56 170
471000 1.36313e+08 6.27341e+09 1.42944e+10 3.53313e+07 2.05159e+07 2.58184e+07 1.31219e+07 58 162
472000 1.32503e+08 6.22496e+09 1.45275e+10 3.60733e+07 1.88938e+07 2.54605e+07 1.28503e+07 56 157
473000 1.29134e+08 6.19879e+09 1.08756e+10 4.78743e+07 3.16835e+07 2.74104e+07 1.5666e+07 60 150
474000 1.21887e+08 6.19792e+09 1.08859e+10 2.9929e+07 1.6076e+07 2.60137e+07 1.54934e+07 57 162
475000 1.17386e+08 6.22428e+09 1.02369e+10 2.74293e+07 1.68219e+07 2.31986e+07 1.19263e+07 58 160
476000 1.14954e+08 6.24762e+09 1.56677e+10 3.54979e+07 2.49624e+07 2.27714e+07 1.12426e+07 56 174
477000 1.18923e+08 6.25335e+09 2.28059e+10 2.5586e+07 1.35208e+07 2.7513e+07 1.32908e+07 53 151
478000 1.22667e+08 6.24666e+09 1.46858e+10 3.18134e+07 1.78328e+07 2.67655e+07 1.39373e+07 51 156
479000 1.20334e+08 6.24277e+09 2.0243e+10 2.64156e+07 1.42657e+07 2.9374e+07 1.51419e+07 55 161
480000 1.24802e+08 6.23381e+09 1.02207e+10 3.3378e+07 2.11119e+07 2.49059e+07 1.25253e+07 48 167
481000 1.2421e+08 6.21211e+09 6.86604e+09 3.2951e+07 1.77084e+07 2.41477e+07 1.25335e+07 50 164
482000 1.22691e+08 6.22322e+09 1.47858e+10 3.05158e+07 1.79246e+07 2.63038e+07 1.52371e+07 49 156
483000 1.2003e+08 6.23363e+09 1.15664e+10 2.94213e+07 1.83869e+07 2.4723e+07 1.29926e+07 49 158
484000 1.17469e+08 6.25557e+09 1.44282e+10 3.99114e+07 2.98905e+07 2.53825e+07 1.3955e+07 41 155
485000 1.16661e+08 6.27368e+09 1.17477e+10 3.41418e+07 2.49948e+07 2.79851e+07 1.68307e+07 42 151
486000 1.17331e+08 6.28823e+09 5.8498e+09 3.12892e+07 2.21407e+07 2.44684e+07 1.23376e+07 46 161
487000 1.17971e+08 6.30395e+09 1.23473e+10 3.43563e+07 2.41125e+07 2.65517e+07 1.44534e+07 42 147
488000 1.18645e+08 6.3054e+09 1.65757e+10 3.92268e+07 2.46389e+07 2.46261e+07 1.26937e+07 42 157
489000 1.21062e+08 6.2961e+09 1.07646e+10 3.90978e+07 2.51266e+07 2.42543e+07 1.23668e+07 43 159
490000 1.15214e+08 6.31727e+09 2.96645e+10 3.18356e+07 1.74337e+07 2.45348e+07 1.22742e+07 49 143
491000 1.13925e+08 6.35422e+09 2.8931e+10 2.84817e+07 1.54726e+07 2.89723e+07 1.65046e+07 51 134
492000 1.13956e+08 6.38845e+09 1.92085e+10 3.20799e+07 2.08349e+07 2.55452e+07 1.3316e+07 53 146
493000 1.11881e+08 6.42712e+09 2.17266e+10 3.1263e+07 2.07691e+07 2.54243e+07 1.37652e+07 41 145
494000 1.09297e+08 6.47649e+09 2.81997e+10 3.15189e+07 2.1624e+07 2.59443e+07 1.46957e+07 40 143
495000 1.06805e+08 6.53223e+09 4.00888e+10 4.89908e+07 3.68263e+07 2.65375e+07 1.41403e+07 35 141
496000 1.08758e+08 6.57934e+09 4.10255e+10 4.03554e+07 3.21354e+07 3.45492e+07 1.55687e+07 39 140
497000 1.13204e+08 6.60861e+09 3.37767e+10 5.46935e+07 4.32651e+07 2.76633e+07 1.48468e+07 45 143
498000 1.15345e+08 6.62891e+09 2.9963e+10 3.73841e+07 2.50387e+07 2.71416e+07 1.43812e+07 39 143
499000 1.18397e+08 6.64584e+09 2.16247e+10 3.69969e+07 2.52713e+07 3.21911e+07 1.92534e+07 41 137
500000 1.15129e+08 6.66712e+09 2.54488e+10 3.57675e+07 2.37917e+07 2.83243e+07 1.64604e+07 39 134
501000 1.14936e+08 6.69616e+09 2.54407e+10 4.22609e+07 2.8647e+07 2.81153e+07 1.66848e+07 40 139
502000 1.14996e+08 6.71031e+09 2.48574e+10 4.49501e+07 2.62236e+07 2.28342e+07 1.14859e+07 42 151
503000 1.17212e+08 6.72189e+09 2.0095e+10 6.05092e+07 3.33634e+07 2.21601e+07 1.09235e+07 43 154
504000 1.18821e+08 6.73999e+09 1.36477e+10 5.05004e+07 3.16497e+07 2.35553e+07 1.2369e+07 51 147
505000 1.16801e+08 6.75799e+09 1.61147e+10 3.64307e+07 2.21811e+07 2.34704e+07 1.19244e+07 52 146
506000 1.18655e+08 6.77286e+09 1.58305e+10 4.03438e+07 2.43374e+07 2.84861e+07 1.71244e+07 48 144
507000 1.23826e+08 6.75335e+09 1.526e+10 4.71336e+07 2.76272e+07 2.47924e+07 1.31453e+07 45 148
508000 1.31966e+08 6.69453e+09 1.76183e+10 4.41138e+07 2.35751e+07 2.77314e+07 1.24479e+07 48 160
509000 1.39169e+08 6.58346e+09 2.55078e+10 4.05087e+07 2.00643e+07 3.05555e+07 1.53655e+07 47 165
510000 1.30829e+08 6.56051e+09 2.02462e+10 3.78328e+07 2.48792e+07 2.18476e+07 9.25508e+06 50 174
511000 1.23704e+08 6.55939e+09 2.31804e+10 3.5145e+07 2.11049e+07 3.03321e+07 1.93611e+07 49 157
512000 1.29184e+08 6.52367e+09 2.79049e+10 2.72265e+07 1.49089e+07 3.02715e+07 1.51167e+07 54 155
513000 1.40481e+08 6.43033e+09 2.7422e+10 3.62048e+07 2.37636e+07 3.26878e+07 1.46893e+07 54 154
514000 1.49586e+08 6.2887e+09 2.57373e+10 4.90298e+07 2.70656e+07 2.75972e+07 1.19603e+07 47 172
515000 1.46227e+08 6.18868e+09 1.76416e+10 4.68862e+07 2.56893e+07 2.79058e+07 1.429e+07 49 173
516000 1.34304e+08 6.1555e+09 8.33447e+09 3.67255e+07 2.14041e+07 2.29993e+07 1.04344e+07 49 175
517000 1.26036e+08 6.1571e+09 1.03747e+10 3.03386e+07 1.95981e+07 2.48222e+07 1.12871e+07 47 173
518000 1.17788e+08 6.16918e+09 1.95835e+10 2.86217e+07 1.92147e+07 2.55824e+07 1.24662e+07 45 172
519000 1.17399e+08 6.19969e+09 1.17385e+10 3.08694e+07 2.17746e+07 2.22212e+07 1.13682e+07 48 169
520000 1.17285e+08 6.22691e+09 1.64186e+10 3.22499e+07 2.03519e+07 2.57084e+07 1.40517e+07 50 154
521000 1.16332e+08 6.2301e+09 2.42086e+10 3.21585e+07 1.99142e+07 3.04894e+07 1.58393e+07 54 148
522000 1.20162e+08 6.23863e+09 1.85478e+10 2.91338e+07 1.55015e+07 2.61471e+07 1.35435e+07 60 144
523000 1.19878e+08 6.24648e+09 2.13757e+10 3.50927e+07 2.09572e+07 2.37722e+07 1.17369e+07 50 153
524000 1.16162e+08 6.27355e+09 2.76521e+10 3.35596e+07 2.01032e+07 4.77521e+07 3.58822e+07 47 138
525000 1.13281e+08 6.31495e+09 2.3348e+10 3.05782e+07 1.87568e+07 2.53724e+07 1.42979e+07 50 140
526000 1.09884e+08 6.36101e+09 2.32581e+10 3.09076e+07 1.9359e+07 2.51982e+07 1.30356e+07 47 146
527000 1.11387e+08 6.41043e+09 2.19254e+10 2.96993e+07 1.98894e+07 3.19395e+07 2.04588e+07 47 138
528000 1.09951e+08 6.46008e+09 2.50274e+10 3.00023e+07 1.83488e+07 2.50495e+07 1.36885e+07 43 147
529000 1.08974e+08 6.51424e+09 2.57978e+10 3.29955e+07 2.1797e+07 2.86728e+07 1.66407e+07 38 138
530000 1.09865e+08 6.56019e+09 2.34714e+10 3.73543e+07 2.69843e+07 2.80501e+07 1.64565e+07 35 135
531000 1.13037e+08 6.59103e+09 2.8295e+10 3.02029e+07 1.8002e+07 3.03139e+07 1.82508e+07 39 136
532000 1.20531e+08 6.57879e+09 2.64982e+10 3.65268e+07 2.45136e+07 3.25534e+07 1.68309e+07 38 143
533000 1.27822e+08 6.51959e+09 1.821e+10 2.77755e+07 1.43506e+07 3.63037e+07 1.73369e+07 39 161
534000 1.29955e+08 6.4737e+09 1.20398e+10 3.00706e+07 1.88949e+07 2.99556e+07 1.50957e+07 35 165
535000 1.29818e+08 6.44115e+09 1.4113e+10 3.31445e+07 2.05884e+07 3.03587e+07 1.51027e+07 32 162
536000 1.27077e+08 6.41297e+09 1.03435e+10 2.74272e+07 1.69267e+07 2.81025e+07 1.46545e+07 39 167
537000 1.21717e+08 6.41554e+09 1.43963e+10 2.59417e+07 1.4686e+07 2.82125e+07 1.5344e+07 36 158
538000 1.15972e+08 6.44311e+09 2.25441e+10 2.98415e+07 1.98114e+07 2.78096e+07 1.57886e+07 30 154
539000 1.16651e+08 6.46971e+09 1.21327e+10 3.2948e+07 2.42859e+07 2.84736e+07 1.6818e+07 31 153
540000 1.15771e+08 6.48639e+09 1.87829e+10 4.01957e+07 2.92993e+07 2.74269e+07 1.5912e+07 28 155
541000 1.1627e+08 6.48964e+09 2.44947e+10 4.60884e+07 2.99507e+07 3.57305e+07 2.29297e+07 27 162
542000 1.15011e+08 6.5014e+09 2.52673e+10 3.88189e+07 2.31949e+07 2.39661e+07 1.18249e+07 32 166
543000 1.14285e+08 6.5375e+09 1.78137e+10 3.16967e+07 1.73158e+07 2.43303e+07 1.28811e+07 34 162
544000 1.08217e+08 6.58209e+09 3.00689e+10 4.88219e+07 3.52748e+07 2.43713e+07 1.3028e+07 31 164
545000 1.10439e+08 6.6251e+09 2.90155e+10 4.57126e+07 3.66456e+07 2.90337e+07 1.30033e+07 28 162
546000 1.21143e+08 6.61862e+09 1.68289e+10 4.8268e+07 3.26493e+07 2.49784e+07 1.31987e+07 35 166
547000 1.27044e+08 6.5784e+09 3.46022e+10 5.73462e+07 3.62731e+07 2.70148e+07 1.519e+07 34 152
548000 1.41616e+08 6.48069e+09 1.75296e+10 5.87392e+07 3.39051e+07 2.66154e+07 1.4e+07 45 160
549000 1.48489e+08 6.35319e+09 1.72628e+10 5.58781e+07 2.42369e+07 2.55014e+07 1.31837e+07 44 166
550000 1.3603e+08 6.29998e+09 1.29988e+10 3.75992e+07 1.90112e+07 2.28036e+07 1.09165e+07 53 172
551000 1.2572e+08 6.29327e+09 1.82656e+10 3.36101e+07 1.66908e+07 2.67885e+07 1.55071e+07 57 152
552000 1.2586e+08 6.28589e+09 2.16797e+10 3.07467e+07 1.22045e+07 2.60295e+07 1.55693e+07 62 142
553000 1.19013e+08 6.29922e+09 2.31096e+10 2.81403e+07 1.50371e+07 2.42884e+07 1.28348e+07 59 147
554000 1.15768e+08 6.3258e+09 9.80711e+09 2.62561e+07 1.55506e+07 2.35499e+07 1.29121e+07 56 161
555000 1.14517e+08 6.35225e+09 1.62907e+10 2.836e+07 1.70083e+07 2.30208e+07 1.27122e+07 57 156
556000 1.17549e+08 6.37152e+09 1.6675e+10 3.75588e+07 2.53595e+07 2.99847e+07 1.91231e+07 59 149
557000 1.17232e+08 6.38114e+09 1.81584e+10 2.92697e+07 1.5589e+07 2.53366e+07 1.38257e+07 56 150
558000 1.1629e+08 6.40962e+09 2.63659e+10 2.87872e+07 1.68653e+07 2.55333e+07 1.35355e+07 54 146
559000 1.16656e+08 6.43038e+09 2.63345e+10 2.57703e+07 1.54177e+07 2.65339e+07 1.45555e+07 52 148
560000 1.20205e+08 6.44194e+09 1.63644e+10 2.40451e+07 1.53938e+07 3.02235e+07 1.67307e+07 58 137
561000 1.17757e+08 6.45129e+09 2.35187e+10 2.45351e+07 1.48686e+07 2.78543e+07 1.48006e+07 56 143
562000 1.16378e+08 6.46379e+09 2.34674e+10 2.25102e+07 1.23483e+07 2.81716e+07 1.52368e+07 51 150
563000 1.18848e+08 6.46365e+09 2.57815e+10 2.52842e+07 1.61862e+07 3.01532e+07 1.50262e+07 50 150
564000 1.22821e+08 6.4394e+09 2.50272e+10 2.52706e+07 1.57735e+07 2.89904e+07 1.32853e+07 52 149
565000 1.26442e+08 6.42334e+09 1.39241e+10 5.83306e+07 4.04982e+07 2.5627e+07 1.27011e+07 52 160
566000 1.24287e+08 6.40673e+09 7.32378e+09 3.06474e+07 1.39937e+07 2.35362e+07 1.16796e+07 57 162
567000 1.18319e+08 6.42405e+09 9.96153e+09 3.22477e+07 1.7275e+07 2.35667e+07 1.3273e+07 52 152
568000 1.15085e+08 6.45059e+09 1.20246e+10 3.31536e+07 1.77269e+07 2.21697e+07 1.14252e+07 50 164
569000 1.12261e+08 6.49819e+09 3.01783e+10 3.24926e+07 2.33527e+07 2.59874e+07 1.45286e+07 47 146
570000 1.13048e+08 6.54098e+09 3.63315e+10 3.55001e+07 2.41366e+07 2.61941e+07 1.51117e+07 47 136
571000 1.17467e+08 6.55066e+09 3.32675e+10 3.79318e+07 2.31299e+07 2.57743e+07 1.27877e+07 53 139
572000 1.24933e+08 6.53232e+09 1.88933e+10 3.30064e+07 1.6273e+07 2.76811e+07 1.59543e+07 58 139
573000 1.27826e+08 6.51036e+09 1.92301e+10 3.7438e+07 2.27626e+07 3.08528e+07 1.93131e+07 54 142
574000 1.30984e+08 6.45176e+09 1.65617e+10 3.78866e+07 2.06905e+07 2.72365e+07 1.37665e+07 51 153
575000 1.33116e+08 6.38463e+09 1.13199e+10 3.74626e+07 1.93225e+07 2.51495e+07 1.22237e+07 51 167
576000 1.31586e+08 6.35473e+09 8.5836e+09 3.15255e+07 1.70648e+07 2.66883e+07 1.36539e+07 54 161
577000 1.32936e+08 6.31967e+09 1.08886e+10 3.1107e+07 1.54753e+07 3.48734e+07 2.19506e+07 59 145
578000 1.32842e+08 6.25671e+09 1.08359e+10 4.33782e+07 2.76289e+07 2.59441e+07 1.31175e+07 58 158
579000 1.24927e+08 6.24572e+09 2.13685e+10 2.80953e+07 1.44655e+07 2.5909e+07 1.29727e+07 55 146
580000 1.16408e+08 6.27168e+09 2.59732e+10 2.77537e+07 1.56323e+07 2.63678e+07 1.36823e+07 50 143
581000 1.10191e+08 6.31511e+09 3.56717e+10 2.33817e+07 1.18898e+07 2.53631e+07 1.31733e+07 56 146
582000 1.14875e+08 6.36131e+09 2.12097e+10 3.02099e+07 1.44114e+07 2.57647e+07 1.50225e+07 53 149
583000 1.1614e+08 6.3682e+09 1.41092e+10 2.8624e+07 1.51358e+07 2.40762e+07 1.30702e+07 53 159
584000 1.17903e+08 6.38625e+09 2.04233e+10 3.1387e+07 2.03683e+07 2.58938e+07 1.47139e+07 48 158
585000 1.16138e+08 6.39582e+09 2.23904e+10 3.25688e+07 2.08435e+07 2.46453e+07 1.19789e+07 43 162
586000 1.19449e+08 6.40941e+09 7.64591e+09 2.91021e+07 1.78139e+07 2.4633e+07 1.2466e+07 45 170
587000 1.22565e+08 6.4097e+09 4.99243e+09 3.25207e+07 2.39323e+07 2.60711e+07 1.34339e+07 40 167
588000 1.19937e+08 6.41039e+09 2.14678e+10 3.47161e+07 2.46855e+07 2.58075e+07 1.25562e+07 40 156
589000 1.20643e+08 6.41152e+09 1.98732e+10 3.77662e+07 2.75599e+07 3.06874e+07 1.70195e+07 40 149
590000 1.20464e+08 6.40896e+09 1.70164e+10 3.40053e+07 2.02738e+07 3.16316e+07 1.96264e+07 46 154
591000 1.19894e+08 6.41112e+09 2.5463e+10 4.95198e+07 3.56396e+07 2.68216e+07 1.24664e+07 44 157
592000 1.22626e+08 6.4006e+09 2.39016e+10 4.11997e+07 2.56944e+07 2.66733e+07 1.33783e+07 38 155
593000 1.23539e+08 6.38867e+09 1.45806e+10 3.76519e+07 2.31007e+07 2.48171e+07 1.24345e+07 40 166
594000 1.15279e+08 6.40646e+09 1.66276e+10 3.24496e+07 1.80646e+07 2.30437e+07 1.14332e+07 42 161
595000 1.11097e+08 6.45372e+09 1.20026e+10 2.90654e+07 1.66882e+07 2.1869e+07 1.11193e+07 47 167
596000 1.05423e+08 6.51549e+09 1.96436e+10 3.18266e+07 1.93116e+07 2.15951e+07 1.12389e+07 46 160
597000 1.07896e+08 6.58175e+09 1.78139e+10 3.56789e+07 2.27935e+07 2.27314e+07 1.1454e+07 40 162
598000 1.14765e+08 6.6019e+09 2.06029e+10 4.72424e+07 2.77991e+07 2.69259e+07 1.51709e+07 39 148
599000 1.22852e+08 6.58588e+09 1.61743e+10 4.01477e+07 1.84492e+07 2.42913e+07 1.2251e+07 44 156
600000 1.1673e+08 6.60173e+09 1.64684e+10 2.8818e+07 1.48857e+07 2.50503e+07 1.34365e+07 48 159
601000 1.12935e+08 6.64035e+09 1.60246e+10 2.98696e+07 1.59629e+07 2.43635e+07 1.22328e+07 49 156
602000 1.14718e+08 6.67242e+09 1.32183e+10 3.48906e+07 2.44124e+07 3.10269e+07 1.64759e+07 40 150
603000 1.16817e+08 6.67427e+09 2.57474e+10 3.00176e+07 1.88838e+07 2.71777e+07 1.30844e+07 42 153
604000 1.21563e+08 6.66173e+09 3.37604e+10 3.2892e+07 2.08789e+07 3.03574e+07 1.50995e+07 38 148
605000 1.20359e+08 6.65171e+09 2.87704e+10 3.03081e+07 1.8212e+07 2.6419e+07 1.27017e+07 44 161
606000 1.23393e+08 6.64682e+09 2.38514e+10 3.62351e+07 2.39939e+07 2.78312e+07 1.42638e+07 37 158
607000 1.25491e+08 6.6077e+09 1.80817e+10 3.32155e+07 2.0331e+07 2.47873e+07 1.14954e+07 44 178
608000 1.31601e+08 6.56096e+09 1.24087e+10 2.96512e+07 1.6191e+07 2.71022e+07 1.39204e+07 51 176
609000 1.41985e+08 6.45929e+09 1.33996e+10 3.33624e+07 1.98847e+07 3.05678e+07 1.50727e+07 45 171
610000 1.31421e+08 6.39728e+09 1.86058e+10 2.93225e+07 1.50455e+07 2.62235e+07 1.27099e+07 45 170
611000 1.24985e+08 6.38442e+09 1.68347e+10 3.01458e+07 1.73897e+07 2.44547e+07 1.23429e+07 49 173
612000 1.29462e+08 6.36293e+09 1.50593e+10 3.79638e+07 1.71421e+07 2.72153e+07 1.24992e+07 47 177
613000 1.32804e+08 6.31545e+09 1.42036e+10 4.47843e+07 2.17629e+07 2.68201e+07 1.15725e+07 50 183
614000 1.31791e+08 6.26049e+09 3.05545e+10 4.04267e+07 1.59011e+07 2.21837e+07 1.08911e+07 50 168
615000 1.24383e+08 6.27243e+09 2.32551e+10 3.4255e+07 2.03144e+07 2.3119e+07 1.11538e+07 48 164
616000 1.15745e+08 6.30348e+09 2.64737e+10 3.21821e+07 1.73358e+07 2.3017e+07 1.16823e+07 46 159
617000 1.13259e+08 6.34702e+09 2.67825e+10 3.22547e+07 1.77657e+07 2.18468e+07 1.0257e+07 46 165
618000 1.09711e+08 6.38733e+09 2.4976e+10 4.07032e+07 2.90734e+07 2.14558e+07 1.00295e+07 49 163
619000 1.08417e+08 6.44757e+09 1.94144e+10 2.73735e+07 1.44063e+07 2.31426e+07 1.16789e+07 51 153
620000 1.08417e+08 6.50745e+09 2.0259e+10 2.58201e+07 1.34858e+07 2.34456e+07 1.17075e+07 52 153
621000 1.11864e+08 6.55861e+09 1.68965e+10 3.15751e+07 1.96637e+07 2.4701e+07 1.30409e+07 49 148
622000 1.15983e+08 6.58635e+09 1.1332e+10 3.77517e+07 2.52492e+07 3.03801e+07 1.84311e+07 42 138
623000 1.14711e+08 6.61002e+09 1.8262e+10 3.75035e+07 2.45405e+07 2.61188e+07 1.39174e+07 42 140
624000 1.15305e+08 6.63404e+09 1.70082e+10 3.46598e+07 2.27775e+07 2.79408e+07 1.60267e+07 43 142
625000 1.19479e+08 6.64863e+09 9.57796e+09 3.29409e+07 1.91611e+07 2.95776e+07 1.71834e+07 46 139
626000 1.22474e+08 6.62388e+09 1.4379e+10 3.55924e+07 2.12479e+07 2.89432e+07 1.64748e+07 45 144
627000 1.28568e+08 6.57115e+09 2.48489e+10 4.47954e+07 2.77575e+07 2.9307e+07 1.4957e+07 38 148
628000 1.35364e+08 6.49915e+09 2.14841e+10 4.28179e+07 2.64421e+07 3.11949e+07 1.65438e+07 37 154
629000 1.37926e+08 6.40945e+09 1.82987e+10 3.07721e+07 1.76106e+07 3.41852e+07 1.81735e+07 42 167
630000 1.46928e+08 6.2799e+09 1.2871e+10 3.57221e+07 2.46309e+07 3.1167e+07 1.24463e+07 41 179
631000 1.34561e+08 6.22855e+09 1.92907e+10 3.37235e+07 2.55935e+07 2.68712e+07 1.32796e+07 36 179
632000 1.21815e+08 6.23939e+09 1.93529e+10 3.1219e+07 2.08425e+07 2.49332e+07 1.39343e+07 39 170
633000 1.1487e+08 6.2766e+09 2.14979e+10 2.79673e+07 1.60986e+07 2.98553e+07 1.84874e+07 41 159
634000 1.09293e+08 6.32354e+09 2.29487e+10 2.6685e+07 1.52057e+07 2.59205e+07 1.53828e+07 37 165
635000 1.07649e+08 6.38677e+09 2.22799e+10 2.60198e+07 1.4615e+07 2.49423e+07 1.41686e+07 40 159
636000 1.07431e+08 6.44185e+09 2.70336e+10 3.16175e+07 1.8715e+07 2.35322e+07 1.28522e+07 33 162
637000 1.06661e+08 6.49613e+09 3.45125e+10 3.38951e+07 1.99273e+07 3.99922e+07 1.53334e+07 31 156
638000 1.08978e+08 6.54897e+09 2.39003e+10 4.55113e+07 3.23608e+07 2.52219e+07 1.24009e+07 30 156
639000 1.0757e+08 6.60339e+09 1.61027e+10 3.16668e+07 2.02538e+07 3.15571e+07 1.91904e+07 34 159
640000 1.05051e+08 6.66387e+09 1.60036e+10 3.06407e+07 1.61659e+07 2.38509e+07 1.21314e+07 32 159
641000 1.03663e+08 6.73133e+09 1.59054e+10 3.45169e+07 2.19581e+07 2.50592e+07 1.41025e+07 28 167
642000 1.08438e+08 6.78631e+09 9.50717e+09 2.88293e+07 1.48824e+07 3.37601e+07 1.89361e+07 34 154
643000 1.11352e+08 6.81968e+09 1.45906e+10 3.04643e+07 1.57132e+07 2.80459e+07 1.57281e+07 35 149
644000 1.14663e+08 6.83248e+09 2.05105e+10 2.547e+07 1.25195e+07 3.04745e+07 1.80501e+07 36 158
645000 1.20859e+08 6.8228e+09 2.34717e+10 2.79125e+07 1.70617e+07 3.95781e+07 2.51445e+07 30 156
646000 1.30441e+08 6.76127e+09 2.04787e+10 3.25967e+07 2.15118e+07 3.60984e+07 2.01136e+07 26 162
647000 1.34836e+08 6.67726e+09 2.06254e+10 3.13584e+07 1.67033e+07 3.88852e+07 1.84099e+07 28 182
648000 1.41026e+08 6.56897e+09 1.54797e+10 3.00577e+07 1.72884e+07 3.07539e+07 1.41472e+07 29 187
649000 1.42224e+08 6.46347e+09 9.18267e+09 2.7181e+07 1.48022e+07 2.93789e+07 1.38831e+07 33 194
650000 1.41251e+08 6.36522e+09 4.88047e+09 3.61078e+07 2.067e+07 2.58261e+07 1.13026e+07 29 211
651000 1.38541e+08 6.29568e+09 1.11644e+10 4.12854e+07 2.45329e+07 2.68443e+07 1.45783e+07 29 208
652000 1.31479e+08 6.25633e+09 2.07509e+10 4.08005e+07 2.51881e+07 2.36038e+07 1.17903e+07 30 199
653000 1.26411e+08 6.22771e+09 2.03007e+10 3.54777e+07 2.19368e+07 2.25988e+07 1.14487e+07 35 198
654000 1.25188e+08 6.21555e+09 1.25528e+10 3.03738e+07 1.71333e+07 2.50668e+07 1.29824e+07 37 188
655000 1.22791e+08 6.21519e+09 1.36124e+10 3.48399e+07 2.34334e+07 2.27372e+07 1.03618e+07 32 201
656000 1.17158e+08 6.22968e+09 1.96105e+10 2.65267e+07 1.36068e+07 2.87085e+07 1.33533e+07 37 191
657000 1.15201e+08 6.26961e+09 1.80881e+10 4.0361e+07 2.89839e+07 2.40733e+07 1.18192e+07 31 189
658000 1.11172e+08 6.31211e+09 2.02068e+10 3.18555e+07 2.07729e+07 2.23913e+07 1.11326e+07 24 188
659000 1.11704e+08 6.35663e+09 1.76853e+10 3.2833e+07 2.33133e+07 2.2858e+07 1.14312e+07 24 182
660000 1.12229e+08 6.4037e+09 2.23472e+10 3.08585e+07 1.93773e+07 2.58092e+07 1.37428e+07 25 171
661000 1.14314e+08 6.43445e+09 1.71848e+10 2.89721e+07 1.71116e+07 2.67946e+07 1.45665e+07 23 172
662000 1.15336e+08 6.4552e+09 2.14843e+10 2.99196e+07 1.54315e+07 2.9291e+07 1.75942e+07 20 166
663000 1.14601e+08 6.47592e+09 2.95898e+10 4.18416e+07 2.23952e+07 2.88708e+07 1.61936e+07 16 167
664000 1.15481e+08 6.49393e+09 2.64579e+10 5.04302e+07 3.78331e+07 2.85721e+07 1.60393e+07 12 163
665000 1.12389e+08 6.52467e+09 3.28826e+10 3.20761e+07 2.19108e+07 2.8362e+07 1.61207e+07 17 162
666000 1.12936e+08 6.56464e+09 2.91037e+10 2.72775e+07 1.6063e+07 3.38243e+07 1.92442e+07 19 155
667000 1.12535e+08 6.59504e+09 3.1728e+10 2.59332e+07 1.50792e+07 3.08915e+07 1.83818e+07 19 155
668000 1.13098e+08 6.61747e+09 2.37073e+10 3.39103e+07 2.57614e+07 2.77743e+07 1.35966e+07 15 170
669000 1.13399e+08 6.64649e+09 1.44757e+10 3.12582e+07 2.13082e+07 3.10341e+07 1.70653e+07 16 165
670000 1.09346e+08 6.68748e+09 1.08623e+10 2.87336e+07 2.08023e+07 2.97452e+07 1.85902e+07 18 169
671000 1.06228e+08 6.74815e+09 1.06337e+10 2.82287e+07 1.84426e+07 2.54374e+07 1.32759e+07 20 166
672000 1.05486e+08 6.80566e+09 1.45534e+10 3.45011e+07 2.19305e+07 2.63171e+07 1.55084e+07 23 160
673000 1.2447e+08 6.78654e+09 1.4719e+10 9.01325e+07 3.46281e+07 3.06024e+07 1.96771e+07 25 144
674000 1.24445e+08 6.7367e+09 2.52857e+10 3.77856e+07 1.07179e+07 2.69606e+07 1.62323e+07 33 155
675000 1.16245e+08 6.75691e+09 2.18972e+10 2.81223e+07 1.16756e+07 3.07094e+07 1.6194e+07 29 160
676000 1.18054e+08 6.76639e+09 1.41499e+10 2.49776e+07 1.25942e+07 2.88689e+07 1.63787e+07 30 164
677000 1.20684e+08 6.75624e+09 1.65125e+10 3.32532e+07 2.21985e+07 2.81995e+07 1.46869e+07 28 172
678000 1.29801e+08 6.71347e+09 1.57744e+10 6.21064e+07 4.78732e+07 2.79577e+07 1.53555e+07 25 170
679000 1.40086e+08 6.62078e+09 2.20877e+10 1.32667e+08 1.04411e+08 3.03022e+07 1.8893e+07 27 167
680000 1.47445e+08 6.4759e+09 1.36563e+10 5.23911e+07 2.40045e+07 2.9215e+07 1.40701e+07 30 181
681000 1.43632e+08 6.37766e+09 1.88567e+10 3.51627e+07 1.68329e+07 3.01456e+07 1.51006e+07 36 169
682000 1.36288e+08 6.32166e+09 1.79809e+10 3.00154e+07 1.66353e+07 2.79875e+07 1.36865e+07 36 186
683000 1.27463e+08 6.28495e+09 2.27542e+10 2.07022e+07 1.08353e+07 2.64235e+07 1.29101e+07 38 188
684000 1.22321e+08 6.27089e+09 2.29214e+10 1.97587e+07 9.4559e+06 3.23871e+07 1.93943e+07 35 198
685000 1.18813e+08 6.29014e+09 2.29724e+10 2.18846e+07 1.31522e+07 2.50156e+07 1.24002e+07 31 187
686000 1.15167e+08 6.31945e+09 1.78063e+10 3.859e+07 2.9133e+07 2.46299e+07 1.26815e+07 29 185
687000 1.12326e+08 6.36547e+09 1.45593e+10 2.56924e+07 1.69539e+07 3.00731e+07 1.81181e+07 26 178
688000 1.07775e+08 6.41833e+09 1.22227e+10 2.22958e+07 1.07862e+07 2.20843e+07 1.12694e+07 27 193
689000 1.03453e+08 6.48524e+09 9.52537e+09 2.27401e+07 1.32512e+07 2.06738e+07 1.07982e+07 26 197
690000 1.0406e+08 6.5614e+09 5.01331e+09 2.62495e+07 1.94794e+07 2.18564e+07 1.11757e+07 26 189
691000 1.05552e+08 6.61857e+09 8.76787e+09 2.39289e+07 1.40472e+07 2.40629e+07 1.37925e+07 24 181
692000 1.14307e+08 6.63291e+09 5.50131e+09 2.09425e+07 1.17603e+07 3.28435e+07 1.77214e+07 30 182
693000 1.25863e+08 6.5739e+09 5.71128e+09 2.19551e+07 1.13697e+07 2.82817e+07 1.37661e+07 32 193
694000 1.32504e+08 6.50654e+09 1.75299e+10 2.75657e+07 1.47895e+07 3.09707e+07 1.60385e+07 29 195
695000 1.34712e+08 6.4339e+09 1.06459e+10 3.00165e+07 1.55017e+07 2.66085e+07 1.27534e+07 29 200
696000 1.31932e+08 6.37802e+09 9.52477e+09 3.21496e+07 1.79981e+07 2.5778e+07 1.25582e+07 36 199
697000 1.29837e+08 6.34707e+09 1.90311e+10 3.25233e+07 2.04014e+07 2.71822e+07 1.39875e+07 33 184
698000 1.27474e+08 6.31536e+09 1.33544e+10 2.52268e+07 1.10657e+07 2.62235e+07 1.36037e+07 35 185
699000 1.20309e+08 6.31479e+09 2.37107e+10 2.82106e+07 1.53087e+07 3.12291e+07 1.37223e+07 32 188
700000 1.1925e+08 6.33128e+09 1.64839e+10 2.95781e+07 1.80409e+07 2.34848e+07 1.08895e+07 30 190
701000 1.14847e+08 6.35519e+09 2.3664e+10 2.88205e+07 1.65206e+07 2.63585e+07 1.54652e+07 29 186
702000 1.12887e+08 6.38959e+09 1.9501e+10 3.00117e+07 1.87622e+07 2.29705e+07 1.19573e+07 30 182
703000 1.12999e+08 6.43154e+09 2.14037e+10 2.90422e+07 1.71135e+07 3.93169e+07 1.92855e+07 34 175
704000 1.16802e+08 6.44998e+09 1.45348e+10 3.27575e+07 1.8619e+07 2.67223e+07 1.4741e+07 34 165
705000 1.2601e+08 6.41527e+09 1.03353e+10 3.71066e+07 1.98564e+07 2.89805e+07 1.48085e+07 34 170
706000 1.33221e+08 6.34816e+09 1.04196e+10 3.91279e+07 1.89449e+07 2.54798e+07 1.23215e+07 35 183
707000 1.24033e+08 6.33963e+09 1.08925e+10 2.91773e+07 1.13753e+07 2.48602e+07 1.43591e+07 41 178
708000 1.15338e+08 6.37794e+09 1.45087e+10 3.07929e+07 1.43756e+07 2.21103e+07 1.18016e+07 34 185
709000 1.08384e+08 6.42488e+09 1.13383e+10 2.86648e+07 1.48123e+07 2.20068e+07 1.16788e+07 32 183
710000 1.05295e+08 6.49476e+09 1.95252e+10 2.55624e+07 1.54212e+07 2.40893e+07 1.42928e+07 28 178
711000 1.06284e+08 6.55261e+09 1.95953e+10 3.17232e+07 2.39028e+07 2.32404e+07 1.30496e+07 23 178
712000 1.10731e+08 6.59471e+09 2.25723e+10 2.99264e+07 2.34876e+07 2.50101e+07 1.30006e+07 21 184
713000 1.12924e+08 6.61294e+09 1.78539e+10 3.1435e+07 2.2828e+07 2.55265e+07 1.27038e+07 21 183
714000 1.11809e+08 6.63988e+09 1.81923e+10 4.86732e+07 3.20428e+07 2.5429e+07 1.22211e+07 19 192
715000 1.08176e+08 6.68684e+09 2.97589e+10 3.51907e+07 2.41274e+07 2.38788e+07 1.25169e+07 16 183
716000 1.10644e+08 6.72566e+09 3.33498e+10 3.89606e+07 2.8422e+07 2.95749e+07 1.69751e+07 15 174
717000 1.18723e+08 6.73301e+09 2.50575e+10 3.55581e+07 2.40529e+07 2.80153e+07 1.52953e+07 18 179
718000 1.24293e+08 6.71167e+09 2.653e+10 3.41978e+07 2.25731e+07 3.02003e+07 1.50249e+07 15 177
719000 1.24729e+08 6.68177e+09 4.12791e+10 4.54816e+07 3.52469e+07 3.11077e+07 1.56263e+07 10 165
720000 1.21929e+08 6.68152e+09 5.07856e+10 4.60443e+07 3.63874e+07 3.2978e+07 1.92122e+07 11 155
721000 1.24232e+08 6.66999e+09 2.63378e+10 4.32955e+07 3.64346e+07 3.23993e+07 1.91236e+07 13 164
722000 1.353e+08 6.58784e+09 1.40556e+10 3.76434e+07 2.99668e+07 3.17621e+07 1.45585e+07 13 196
723000 1.3242e+08 6.51256e+09 1.49508e+10 3.32705e+07 2.48787e+07 2.74117e+07 1.31079e+07 15 196
724000 1.19277e+08 6.51178e+09 2.9675e+10 4.06008e+07 3.09859e+07 2.57821e+07 1.19803e+07 12 196
725000 1.18295e+08 6.53949e+09 3.21126e+10 3.94072e+07 1.90886e+07 2.72274e+07 1.365e+07 11 185
726000 1.18621e+08 6.54954e+09 2.32669e+10 5.38567e+07 3.01574e+07 2.73135e+07 1.46308e+07 10 188
727000 1.15042e+08 6.576e+09 2.01159e+10 5.91665e+07 4.38295e+07 2.52725e+07 1.3191e+07 10 180
728000 1.09536e+08 6.61924e+09 2.0807e+10 5.7494e+07 4.13953e+07 2.43487e+07 1.29961e+07 9 189
729000 1.11893e+08 6.64387e+09 1.46317e+10 8.8157e+07 7.47771e+07 2.44022e+07 1.15591e+07 11 204
730000 1.20047e+08 6.62166e+09 1.33039e+10 2.8032e+07 1.51987e+07 2.56585e+07 1.15573e+07 13 203
731000 1.1212e+08 6.65649e+09 1.88568e+10 3.24763e+07 1.98375e+07 2.4008e+07 1.20493e+07 10 194
732000 1.0406e+08 6.72034e+09 1.87383e+10 3.08792e+07 2.15745e+07 2.28751e+07 1.18676e+07 11 193
733000 1.05405e+08 6.77851e+09 2.01719e+10 3.28698e+07 1.96663e+07 2.18536e+07 1.09191e+07 11 208
734000 1.13399e+08 6.80139e+09 2.08686e+10 4.51765e+07 4.12621e+07 2.68941e+07 1.44621e+07 10 191
735000 1.18607e+08 6.79419e+09 2.205e+10 3.33748e+07 2.20952e+07 2.72047e+07 1.41241e+07 10 193
736000 1.18948e+08 6.78521e+09 2.60216e+10 4.39219e+07 3.62698e+07 2.68426e+07 1.33045e+07 11 200
737000 1.25796e+08 6.74622e+09 2.6902e+10 5.53809e+07 2.84962e+07 2.80922e+07 1.44179e+07 12 195
738000 1.35098e+08 6.67145e+09 2.58162e+10 5.18697e+07 1.84325e+07 2.87073e+07 1.3935e+07 12 200
739000 1.29676e+08 6.6282e+09 2.0063e+10 3.32005e+07 1.32835e+07 2.65056e+07 1.33934e+07 14 202
740000 1.26564e+08 6.60418e+09 1.65135e+10 2.35509e+07 1.14814e+07 2.81016e+07 1.42984e+07 15 200
741000 1.33156e+08 6.55e+09 1.48305e+10 1.80445e+07 9.16417e+06 3.0675e+07 1.4815e+07 16 197
742000 1.23432e+08 6.51585e+09 2.29814e+10 1.59342e+07 8.88371e+06 2.57705e+07 1.16214e+07 17 203
743000 1.14387e+08 6.55516e+09 2.45312e+10 2.20599e+07 1.44872e+07 2.48449e+07 1.23308e+07 13 196
744000 1.10975e+08 6.59488e+09 2.32851e+10 2.96574e+07 2.1742e+07 2.45211e+07 1.30906e+07 13 194
745000 1.16321e+08 6.60838e+09 1.51362e+10 3.29388e+07 1.78341e+07 2.5203e+07 1.35077e+07 12 205
746000 1.27323e+08 6.57044e+09 8.79716e+09 3.33471e+07 1.83353e+07 2.83246e+07 1.56079e+07 12 209
747000 1.31024e+08 6.50521e+09 1.29848e+10 3.60332e+07 2.306e+07 2.74559e+07 1.37287e+07 10 210
748000 1.24544e+08 6.47098e+09 2.20297e+10 2.08923e+07 9.84853e+06 2.60691e+07 1.31585e+07 11 209
749000 1.24288e+08 6.46801e+09 1.67853e+10 1.73032e+07 8.81777e+06 2.70313e+07 1.49558e+07 11 206
750000 1.21495e+08 6.44383e+09 2.40695e+10 1.11866e+07 4.37719e+06 2.69726e+07 1.41786e+07 9 206
751000 1.23588e+08 6.41908e+09 2.2083e+10 1.91564e+07 1.74572e+07 2.55989e+07 1.17971e+07 6 217
752000 1.2093e+08 6.40206e+09 2.26192e+10 2.0897e+07 1.51477e+07 2.56981e+07 1.34502e+07 4 215
753000 1.1889e+08 6.40799e+09 2.04852e+10 1.65898e+07 9.47171e+06 2.70032e+07 1.38606e+07 6 213
754000 1.17406e+08 6.41355e+09 2.64195e+10 3.51496e+07 1.75748e+07 2.40954e+07 1.13943e+07 4 220
755000 1.17485e+08 6.41451e+09 2.06789e+10 3.9621e+07 1.98105e+07 2.33026e+07 1.02743e+07 4 227
756000 1.17416e+08 6.4228e+09 1.3285e+10 3.69064e+07 1.84532e+07 2.50686e+07 1.34176e+07 4 230
757000 1.14409e+08 6.44857e+09 1.49482e+10 4.88397e+07 3.05968e+07 2.27764e+07 1.14554e+07 3 223
758000 1.11954e+08 6.48609e+09 1.70249e+10 9.51044e+07 9.51044e+07 2.50081e+07 1.36066e+07 1 217
759000 1.09584e+08 6.52437e+09 2.22572e+10 3.519e+07 1.7595e+07 2.28623e+07 1.10311e+07 2 224
760000 1.12798e+08 6.55451e+09 2.03906e+10 2.62868e+07 1.31434e+07 2.74153e+07 1.48348e+07 2 203
761000 1.16961e+08 6.56134e+09 1.66431e+10 2.0721e+07 1.03605e+07 2.72136e+07 1.54913e+07 2 199
762000 1.18388e+08 6.5575e+09 1.71831e+10 2.08755e+07 1.04377e+07 2.61902e+07 1.38505e+07 2 211
763000 1.21997e+08 6.54625e+09 1.15883e+10 1.7582e+07 1.19537e+07 2.79639e+07 1.5109e+07 4 204
764000 1.19786e+08 6.53156e+09 2.28195e+10 1.18245e+07 3.94151e+06 2.76815e+07 1.33894e+07 3 210
765000 1.21397e+08 6.52245e+09 1.51193e+10 1.05195e+07 3.5065e+06 2.64829e+07 1.38476e+07 3 212
766000 1.22786e+08 6.51013e+09 1.2111e+10 1.00667e+07 3.35556e+06 3.11244e+07 1.852e+07 3 207
767000 1.208e+08 6.4981e+09 2.45615e+10 1.17145e+07 3.90485e+06 2.77096e+07 1.44603e+07 3 209
768000 1.17307e+08 6.49998e+09 1.71757e+10 1.33061e+07 4.43536e+06 2.5869e+07 1.32676e+07 3 215
769000 1.14883e+08 6.53327e+09 2.36678e+10 2.78814e+07 1.39407e+07 3.37924e+07 1.87846e+07 2 191
770000 1.15694e+08 6.55481e+09 1.71438e+10 4.09984e+07 4.09984e+07 2.60898e+07 1.39122e+07 2 205
771000 1.13764e+08 6.56532e+09 2.16212e+10 2.87475e+07 2.87475e+07 2.44695e+07 1.20488e+07 1 208
771914 1.12813e+08 6.59748e+09 2.24784e+10 0 0 3.23995e+07 1.96244e+07 0 190
