0 1.27534e+08 5.8036e+09 2.4e+09 2.4e+07 1.2e+07 2.4e+07 1.2e+07 190 10
1000 1.27512e+08 5.81015e+09 1.07081e+10 2.85308e+07 1.67742e+07 2.0901e+07 9.15124e+06 185 12
2000 1.2768e+08 5.81602e+09 1.35154e+10 2.91863e+07 1.75091e+07 2.188e+07 1.22356e+07 185 11
3000 1.26844e+08 5.82935e+09 2.00392e+10 3.05571e+07 1.91787e+07 3.02514e+07 1.89428e+07 177 7
4000 1.25004e+08 5.84142e+09 2.7774e+10 3.11365e+07 1.92374e+07 3.58736e+07 2.79141e+07 167 6
5000 1.26433e+08 5.85398e+09 1.65705e+10 3.21878e+07 2.03803e+07 2.4339e+07 1.51187e+07 166 9
6000 1.24573e+08 5.86222e+09 1.45881e+10 3.17135e+07 2.01926e+07 2.53556e+07 1.68824e+07 170 8
7000 1.23046e+08 5.88196e+09 1.4431e+10 3.02114e+07 1.87544e+07 2.13803e+07 1.20839e+07 170 9
8000 1.20337e+08 5.91297e+09 2.12788e+10 3.10483e+07 1.89484e+07 2.24506e+07 1.30394e+07 168 9
9000 1.12854e+08 5.95445e+09 4.02325e+10 2.94552e+07 1.82444e+07 1.73071e+07 9.13339e+06 156 13
10000 1.15286e+08 6.01725e+09 3.72346e+10 4.55223e+07 3.39133e+07 8.33768e+07 4.86782e+07 162 8
11000 1.15152e+08 6.05913e+09 3.56275e+10 3.07741e+07 1.90134e+07 5.86974e+07 3.9357e+07 154 8
12000 1.16583e+08 6.1061e+09 2.94116e+10 3.06352e+07 1.80536e+07 5.38001e+07 4.66011e+07 151 8
13000 1.15759e+08 6.15452e+09 3.15321e+10 3.39454e+07 2.04433e+07 4.84813e+07 3.84623e+07 147 8
14000 1.14522e+08 6.20247e+09 2.96497e+10 3.07275e+07 1.87404e+07 4.04345e+07 2.27143e+07 150 10
15000 1.11394e+08 6.25685e+09 2.58771e+10 2.86783e+07 1.70221e+07 3.65915e+07 2.23151e+07 157 9
16000 1.10156e+08 6.33594e+09 2.91238e+10 3.15581e+07 2.06177e+07 3.7544e+07 2.71398e+07 140 11
17000 1.09173e+08 6.40088e+09 2.25116e+10 3.06368e+07 1.90707e+07 3.50812e+07 2.49765e+07 144 10
18000 1.08405e+08 6.47497e+09 2.80081e+10 3.20558e+07 2.02493e+07 2.89731e+07 1.88595e+07 137 13
19000 1.11913e+08 6.54887e+09 2.97653e+10 4.24112e+07 3.06067e+07 3.81289e+07 3.20089e+07 132 10
20000 1.13119e+08 6.5907e+09 2.59918e+10 3.44638e+07 2.14101e+07 4.49529e+07 3.48342e+07 133 12
21000 1.11695e+08 6.64823e+09 4.24961e+10 3.51981e+07 2.06026e+07 4.40682e+07 3.30853e+07 134 10
22000 1.13735e+08 6.69998e+09 3.57254e+10 3.97458e+07 2.48201e+07 3.86922e+07 2.60692e+07 125 11
23000 1.20651e+08 6.72366e+09 2.81686e+10 3.96339e+07 2.38686e+07 4.13448e+07 3.08301e+07 132 9
24000 1.22367e+08 6.71873e+09 2.41275e+10 3.31783e+07 1.82595e+07 3.25094e+07 2.10744e+07 150 10
25000 1.17729e+08 6.75294e+09 1.80187e+10 3.43865e+07 2.21336e+07 3.5086e+07 2.69704e+07 157 12
26000 1.19881e+08 6.77731e+09 2.58494e+10 3.35477e+07 2.05525e+07 4.21499e+07 2.9385e+07 156 10
27000 1.49993e+08 6.6567e+09 2.3675e+10 4.47459e+07 2.54275e+07 4.45909e+07 3.36798e+07 155 11
28000 1.69576e+08 6.45156e+09 3.34108e+10 4.99443e+07 2.5053e+07 4.19683e+07 2.68425e+07 161 11
29000 1.83084e+08 6.19761e+09 2.56066e+10 4.32683e+07 2.05422e+07 3.31446e+07 1.95967e+07 182 13
30000 1.71123e+08 6.01319e+09 2.17532e+10 3.58148e+07 1.70479e+07 3.85083e+07 2.93689e+07 185 12
31000 1.44376e+08 5.98037e+09 4.24214e+10 3.19871e+07 1.51638e+07 3.23215e+07 2.53602e+07 168 14
32000 1.25724e+08 6.00878e+09 3.28805e+10 2.63474e+07 1.41176e+07 3.46159e+07 2.48291e+07 180 15
33000 1.20873e+08 6.05472e+09 2.15487e+10 2.70391e+07 1.63569e+07 4.86621e+07 3.44227e+07 169 14
34000 1.21116e+08 6.0695e+09 2.37857e+10 2.61612e+07 1.38155e+07 3.62411e+07 1.3565e+07 175 25
35000 1.25127e+08 6.07518e+09 2.82439e+10 2.96847e+07 1.75741e+07 3.48736e+07 1.18338e+07 156 27
36000 1.17875e+08 6.10882e+09 4.15893e+10 3.58184e+07 2.09777e+07 3.53463e+07 1.56534e+07 137 23
37000 1.10591e+08 6.18522e+09 3.52883e+10 2.87447e+07 1.72903e+07 2.33867e+07 8.54891e+06 140 27
38000 1.06843e+08 6.29067e+09 2.82462e+10 3.45027e+07 2.29062e+07 2.43416e+07 1.45975e+07 134 25
39000 1.01228e+08 6.38793e+09 3.01408e+10 2.81075e+07 1.72878e+07 1.87742e+07 7.7968e+06 139 27
40000 1.0324e+08 6.47799e+09 3.56577e+10 3.30786e+07 2.01348e+07 1.60557e+07 5.59436e+06 127 29
41000 1.09688e+08 6.53237e+09 4.14627e+10 3.82884e+07 2.28514e+07 1.67878e+07 6.50802e+06 122 26
42000 1.1279e+08 6.59135e+09 3.426e+10 3.47142e+07 1.97635e+07 1.81323e+07 7.80857e+06 127 24
43000 1.14239e+08 6.64378e+09 3.09541e+10 3.76449e+07 2.17699e+07 1.97981e+07 8.34212e+06 129 23
44000 1.19913e+08 6.65509e+09 2.56882e+10 3.41255e+07 1.91198e+07 2.21238e+07 1.34946e+07 143 19
45000 1.17009e+08 6.70679e+09 2.83532e+10 3.66e+07 2.3727e+07 2.85684e+07 1.82986e+07 132 15
46000 1.21633e+08 6.73047e+09 2.32463e+10 3.67631e+07 2.16981e+07 2.29257e+07 1.22076e+07 136 20
47000 1.14331e+08 6.77038e+09 4.05664e+10 3.20452e+07 1.80424e+07 2.70111e+07 1.6317e+07 137 17
48000 1.08523e+08 6.84466e+09 3.72618e+10 3.22403e+07 2.06735e+07 3.27822e+07 2.02721e+07 133 15
49000 1.10973e+08 6.89609e+09 4.2976e+10 3.60294e+07 2.29498e+07 2.76979e+07 1.49024e+07 129 19
50000 1.27886e+08 6.87734e+09 3.7449e+10 3.878e+07 2.21904e+07 3.14356e+07 1.8235e+07 145 19
51000 1.42234e+08 6.78321e+09 3.13054e+10 3.65903e+07 1.93907e+07 2.94221e+07 1.32968e+07 159 22
52000 1.42294e+08 6.70621e+09 2.57928e+10 3.26356e+07 1.72556e+07 2.80982e+07 1.16631e+07 171 26
53000 1.41852e+08 6.64988e+09 2.18588e+10 3.36496e+07 1.8238e+07 2.87739e+07 1.23523e+07 164 25
54000 1.384e+08 6.60736e+09 1.66856e+10 3.24746e+07 1.77284e+07 2.44375e+07 1.00793e+07 171 25
55000 1.4321e+08 6.53594e+09 1.60131e+10 4.56417e+07 2.41602e+07 2.12641e+07 8.93242e+06 167 24
56000 1.48232e+08 6.43368e+09 1.3224e+10 3.66272e+07 1.96148e+07 1.94561e+07 9.44072e+06 174 25
57000 1.64155e+08 6.26344e+09 1.64891e+10 3.80724e+07 1.58831e+07 1.69777e+07 9.38248e+06 188 29
58000 1.59521e+08 6.11046e+09 1.70631e+10 3.32551e+07 1.5508e+07 1.73702e+07 9.22298e+06 196 26
59000 1.59454e+08 5.9684e+09 2.18759e+10 3.16658e+07 1.22785e+07 1.79329e+07 8.34716e+06 204 26
60000 1.39352e+08 5.93938e+09 2.70903e+10 3.25869e+07 1.63174e+07 2.19719e+07 1.20107e+07 193 22
61000 1.23783e+08 5.97811e+09 2.87712e+10 2.57829e+07 1.47244e+07 2.44562e+07 1.08224e+07 191 17
62000 1.24404e+08 5.99984e+09 2.41091e+10 2.90227e+07 1.68047e+07 2.08101e+07 6.8839e+06 187 20
63000 1.2962e+08 6.00055e+09 2.20993e+10 3.59551e+07 2.17455e+07 1.82402e+07 6.48704e+06 172 22
64000 1.25163e+08 6.01024e+09 3.23535e+10 2.75805e+07 1.39285e+07 1.44259e+07 3.91724e+06 173 20
65000 1.10821e+08 6.08474e+09 3.47153e+10 2.46128e+07 1.33845e+07 1.65301e+07 5.12096e+06 174 17
66000 1.00275e+08 6.20141e+09 3.36935e+10 2.21108e+07 1.2031e+07 1.39098e+07 3.75599e+06 178 19
67000 1.00003e+08 6.32985e+09 3.00592e+10 2.58664e+07 1.61582e+07 1.61144e+07 5.62021e+06 161 16
68000 1.09184e+08 6.41494e+09 2.37242e+10 4.1325e+07 2.954e+07 1.55894e+07 8.74651e+06 146 18
69000 1.18123e+08 6.4283e+09 2.92863e+10 3.52123e+07 1.99165e+07 2.14439e+07 1.51511e+07 147 15
70000 1.165e+08 6.46232e+09 3.75256e+10 3.3369e+07 1.98491e+07 2.69759e+07 1.77546e+07 144 12
71000 1.17359e+08 6.5176e+09 2.6224e+10 3.22417e+07 2.03909e+07 2.4689e+07 1.47258e+07 149 16
72000 1.15917e+08 6.54518e+09 3.54713e+10 3.35857e+07 2.03761e+07 3.12638e+07 1.836e+07 142 15
73000 1.27574e+08 6.53545e+09 2.24994e+10 3.27298e+07 1.83518e+07 3.59046e+07 1.81726e+07 165 16
74000 1.36119e+08 6.47913e+09 1.89856e+10 3.27308e+07 1.8277e+07 2.94886e+07 1.33851e+07 169 23
75000 1.4197e+08 6.40788e+09 2.54878e+10 3.43174e+07 1.79097e+07 4.80669e+07 2.1383e+07 165 17
76000 1.46974e+08 6.32052e+09 2.93407e+10 4.0757e+07 2.35207e+07 4.03406e+07 1.67241e+07 151 25
77000 1.44486e+08 6.24455e+09 2.68007e+10 5.15216e+07 2.59258e+07 5.91032e+07 3.34928e+07 156 26
78000 1.31967e+08 6.2261e+09 3.21731e+10 3.10031e+07 1.72424e+07 2.88005e+07 1.05926e+07 149 30
79000 1.2777e+08 6.22239e+09 2.80339e+10 4.08569e+07 2.60913e+07 3.85676e+07 2.37649e+07 154 30
80000 1.28405e+08 6.21874e+09 2.88979e+10 3.38791e+07 2.10197e+07 3.21123e+07 1.39625e+07 145 25
81000 1.24494e+08 6.24343e+09 4.23919e+10 3.65635e+07 2.22487e+07 2.04033e+07 6.6655e+06 133 27
82000 1.25458e+08 6.2492e+09 3.29651e+10 3.35381e+07 2.00474e+07 2.10667e+07 1.06504e+07 151 23
83000 1.24374e+08 6.2668e+09 3.59231e+10 3.41217e+07 1.95855e+07 2.0744e+07 1.0697e+07 147 21
84000 1.21412e+08 6.28794e+09 3.5719e+10 5.21464e+07 2.42647e+07 2.45589e+07 1.38738e+07 136 16
85000 1.20316e+08 6.3142e+09 2.74679e+10 3.68016e+07 2.2192e+07 1.70132e+07 7.67101e+06 135 18
86000 1.1537e+08 6.35742e+09 2.67723e+10 2.99665e+07 1.57391e+07 1.92175e+07 8.61676e+06 154 17
87000 1.12402e+08 6.42835e+09 2.0996e+10 3.10526e+07 1.96874e+07 2.25596e+07 1.46211e+07 151 15
88000 1.16934e+08 6.47046e+09 1.68119e+10 3.75848e+07 2.49169e+07 2.41288e+07 1.30544e+07 143 14
89000 1.23875e+08 6.46672e+09 2.58637e+10 3.75174e+07 2.2224e+07 2.40492e+07 1.45027e+07 143 15
90000 1.355e+08 6.43027e+09 1.24155e+10 4.01722e+07 2.5759e+07 2.23496e+07 1.50954e+07 145 18
91000 1.33959e+08 6.38926e+09 2.5406e+10 3.70148e+07 2.35386e+07 2.88533e+07 1.96826e+07 154 13
92000 1.38376e+08 6.33978e+09 2.60108e+10 3.87234e+07 2.40146e+07 3.30244e+07 2.11347e+07 156 12
93000 1.45584e+08 6.255e+09 3.65041e+10 4.14308e+07 2.39196e+07 3.76885e+07 2.9323e+07 152 10
94000 1.4746e+08 6.16829e+09 3.70312e+10 4.14316e+07 2.41166e+07 3.27601e+07 2.31488e+07 143 13
95000 1.46482e+08 6.09235e+09 2.53647e+10 3.73746e+07 2.06333e+07 2.35609e+07 1.45135e+07 159 17
96000 1.36358e+08 6.0478e+09 4.28901e+10 3.41647e+07 1.82697e+07 3.8323e+07 2.70628e+07 153 15
97000 1.26297e+08 6.06693e+09 4.01197e+10 3.29533e+07 2.05798e+07 1.51312e+08 1.38796e+08 149 17
98000 1.16515e+08 6.1209e+09 4.33448e+10 3.03384e+07 1.92473e+07 4.45737e+07 3.04601e+07 141 15
99000 1.18009e+08 6.15813e+09 3.51711e+10 3.55879e+07 2.51287e+07 3.15701e+07 1.48126e+07 138 21
100000 1.4031e+08 6.09856e+09 2.91997e+10 4.59091e+07 2.99838e+07 3.64714e+07 2.3542e+07 135 20
101000 1.40718e+08 6.02325e+09 2.3124e+10 3.53054e+07 1.91955e+07 3.40284e+07 1.79089e+07 149 22
102000 1.26678e+08 6.03621e+09 1.96246e+10 3.54341e+07 2.45337e+07 3.23959e+07 1.64117e+07 138 22
103000 1.12499e+08 6.09036e+09 3.62197e+10 3.15688e+07 1.9428e+07 2.78317e+07 1.42286e+07 136 28
104000 1.11245e+08 6.16462e+09 3.19229e+10 3.10988e+07 1.96171e+07 2.42127e+07 1.11326e+07 134 29
105000 1.05626e+08 6.25501e+09 4.45784e+10 3.22425e+07 2.022e+07 2.22163e+07 8.12106e+06 124 29
106000 1.02466e+08 6.35598e+09 4.58994e+10 4.07005e+07 2.75805e+07 1.98183e+07 7.02357e+06 125 29
107000 1.07254e+08 6.43778e+09 3.74818e+10 3.83693e+07 2.43575e+07 1.7259e+07 7.28313e+06 120 32
108000 1.15584e+08 6.47913e+09 2.73921e+10 3.87768e+07 2.60828e+07 2.50998e+07 1.27801e+07 119 28
109000 1.2112e+08 6.48955e+09 3.57604e+10 3.97192e+07 2.41126e+07 3.64351e+07 1.96192e+07 116 27
110000 1.26945e+08 6.48089e+09 4.09092e+10 4.23183e+07 2.63704e+07 4.08442e+07 1.98317e+07 111 27
111000 1.25263e+08 6.47148e+09 4.07597e+10 3.93732e+07 2.265e+07 3.51137e+07 1.58966e+07 117 28
112000 1.14667e+08 6.51721e+09 3.82881e+10 3.85273e+07 2.43922e+07 2.70641e+07 1.32024e+07 120 34
113000 1.04779e+08 6.61741e+09 2.93723e+10 2.98087e+07 1.92672e+07 2.22877e+07 1.00281e+07 121 36
114000 9.81508e+07 6.74207e+09 3.30439e+10 2.87844e+07 1.80326e+07 2.47159e+07 1.57077e+07 116 32
115000 9.51845e+07 6.86164e+09 3.34554e+10 2.9957e+07 1.74435e+07 2.64189e+07 1.56872e+07 116 31
116000 9.4477e+07 6.98165e+09 4.11026e+10 3.14136e+07 1.69311e+07 2.77027e+07 1.66931e+07 105 32
117000 9.51598e+07 7.10022e+09 4.18321e+10 3.03446e+07 1.61982e+07 3.16439e+07 2.03371e+07 114 31
118000 9.57031e+07 7.21965e+09 4.44376e+10 3.16598e+07 1.92825e+07 3.47055e+07 1.94983e+07 106 34
119000 1.08329e+08 7.27139e+09 3.97984e+10 3.31601e+07 1.86967e+07 4.11069e+07 2.05504e+07 115 35
120000 1.27145e+08 7.23982e+09 2.82666e+10 4.22422e+07 2.43951e+07 2.96881e+07 1.06891e+07 119 44
121000 1.27003e+08 7.20804e+09 2.76389e+10 3.27665e+07 1.58749e+07 3.77304e+07 1.80527e+07 132 35
122000 1.28136e+08 7.19787e+09 4.00004e+10 3.70974e+07 2.25861e+07 4.30577e+07 1.40512e+07 119 37
123000 1.2988e+08 7.18823e+09 4.13249e+10 4.22693e+07 2.92758e+07 4.63889e+07 1.99776e+07 112 42
124000 1.41395e+08 7.10991e+09 3.18806e+10 4.35173e+07 2.39364e+07 3.66102e+07 2.38132e+07 132 31
125000 1.65105e+08 6.91775e+09 2.8252e+10 4.81734e+07 2.20484e+07 1.33701e+08 1.05884e+08 136 35
126000 1.59472e+08 6.74619e+09 1.45229e+10 3.29699e+07 1.48976e+07 2.85625e+07 1.16083e+07 158 51
127000 1.44874e+08 6.68945e+09 1.05724e+10 3.24744e+07 1.5896e+07 2.68785e+07 1.53699e+07 157 47
128000 1.41846e+08 6.61834e+09 1.10433e+10 3.08058e+07 1.50547e+07 2.86322e+07 1.55206e+07 176 49
129000 1.47223e+08 6.52424e+09 7.3439e+09 3.71286e+07 1.72316e+07 3.29351e+07 1.55098e+07 170 49
130000 1.54355e+08 6.41301e+09 1.23684e+10 3.83085e+07 1.9493e+07 3.0481e+07 1.45571e+07 164 48
131000 1.57969e+08 6.26559e+09 2.13699e+10 3.68655e+07 1.72578e+07 2.81612e+07 1.46713e+07 151 46
132000 1.53094e+08 6.17131e+09 1.89478e+10 3.46391e+07 1.63379e+07 2.48846e+07 1.34665e+07 159 49
133000 1.38698e+08 6.12501e+09 3.04611e+10 3.2135e+07 1.65731e+07 2.42867e+07 1.12939e+07 142 44
134000 1.20604e+08 6.16221e+09 4.1651e+10 2.64726e+07 1.36414e+07 2.18277e+07 1.00184e+07 151 49
135000 1.13622e+08 6.24032e+09 3.37673e+10 2.8245e+07 1.73641e+07 2.40166e+07 1.25566e+07 147 47
136000 1.19271e+08 6.2771e+09 3.78169e+10 3.56529e+07 1.92545e+07 2.43949e+07 1.28103e+07 131 46
137000 1.21316e+08 6.29232e+09 4.01188e+10 3.05814e+07 1.7277e+07 4.37269e+07 2.98279e+07 129 38
138000 1.12659e+08 6.36935e+09 3.92978e+10 3.27535e+07 2.00617e+07 3.34351e+07 2.12805e+07 121 36
139000 1.08492e+08 6.43692e+09 3.26818e+10 2.88262e+07 1.54026e+07 3.18201e+07 1.94001e+07 126 37
140000 1.06852e+08 6.51866e+09 2.53074e+10 3.02101e+07 1.85757e+07 2.65334e+07 1.32906e+07 116 43
141000 1.03513e+08 6.61875e+09 3.11889e+10 3.18216e+07 2.12817e+07 2.64161e+07 1.52043e+07 109 40
142000 1.05196e+08 6.71097e+09 3.18138e+10 3.50417e+07 2.32396e+07 4.30947e+07 3.48025e+07 104 41
143000 1.07562e+08 6.76418e+09 3.89324e+10 3.67625e+07 2.06999e+07 2.53369e+07 1.77484e+07 103 43
144000 1.11354e+08 6.81583e+09 3.29128e+10 3.623e+07 2.18184e+07 3.13717e+07 2.18069e+07 103 41
145000 1.16154e+08 6.83714e+09 4.47275e+10 3.30579e+07 1.91797e+07 6.01469e+07 3.20565e+07 104 39
146000 1.269e+08 6.79427e+09 3.775e+10 3.05153e+07 1.79511e+07 4.77962e+07 2.05008e+07 111 48
147000 1.19572e+08 6.82496e+09 3.27924e+10 3.35529e+07 2.13412e+07 3.02198e+07 1.45329e+07 104 59
148000 1.13895e+08 6.86694e+09 4.16532e+10 3.32645e+07 1.96854e+07 2.78364e+07 1.60543e+07 99 62
149000 1.16248e+08 6.91287e+09 3.79618e+10 4.69272e+07 3.26173e+07 2.53385e+07 1.21765e+07 96 60
150000 1.17879e+08 6.93261e+09 4.82788e+10 4.21842e+07 2.63059e+07 3.28859e+07 2.1089e+07 89 58
151000 1.17327e+08 6.9476e+09 5.58886e+10 3.79352e+07 2.15688e+07 3.23549e+07 1.79558e+07 93 55
152000 1.21587e+08 6.9535e+09 4.14237e+10 5.05856e+07 3.67705e+07 3.31864e+07 1.69061e+07 108 60
153000 1.25606e+08 6.94055e+09 4.40526e+10 3.94422e+07 2.35895e+07 3.10144e+07 1.66327e+07 98 66
154000 1.383e+08 6.87375e+09 4.09564e+10 5.24878e+07 3.21433e+07 2.95986e+07 1.43569e+07 97 67
155000 1.41227e+08 6.78613e+09 2.82711e+10 3.78911e+07 1.9134e+07 2.93686e+07 1.35888e+07 110 69
156000 1.34806e+08 6.77075e+09 2.28643e+10 3.59142e+07 2.25179e+07 2.87449e+07 1.5551e+07 111 68
157000 1.2968e+08 6.76242e+09 2.11226e+10 3.70003e+07 2.21468e+07 3.77544e+07 1.99651e+07 115 63
158000 1.23775e+08 6.75214e+09 3.63736e+10 3.65085e+07 2.12762e+07 2.59178e+07 1.35783e+07 108 61
159000 1.24201e+08 6.76431e+09 4.15218e+10 4.1986e+07 2.64928e+07 2.80786e+07 1.53944e+07 105 57
160000 1.26568e+08 6.76009e+09 4.37898e+10 3.95663e+07 2.44452e+07 3.31082e+07 1.91144e+07 113 49
161000 1.54451e+08 6.64331e+09 2.42305e+10 8.26014e+07 6.206e+07 3.0523e+07 1.6638e+07 118 54
162000 2.08995e+08 6.22376e+09 2.71234e+10 6.0614e+07 2.47354e+07 2.88616e+07 1.59018e+07 134 52
163000 1.7626e+08 6.03285e+09 2.24084e+10 3.86035e+07 1.79759e+07 2.65681e+07 1.38577e+07 152 53
164000 1.52661e+08 5.95468e+09 2.00341e+10 3.40858e+07 1.89296e+07 3.28749e+07 1.88644e+07 151 47
165000 1.35545e+08 5.93079e+09 1.54157e+10 2.6973e+07 1.47569e+07 3.01318e+07 1.43112e+07 146 61
166000 1.2304e+08 5.95059e+09 1.18203e+10 2.55712e+07 1.51369e+07 2.40673e+07 1.00694e+07 143 70
167000 1.10286e+08 6.02732e+09 1.84881e+10 2.26715e+07 1.28157e+07 2.47027e+07 1.26631e+07 147 60
168000 1.06982e+08 6.12814e+09 1.57083e+10 2.31434e+07 1.385e+07 2.39445e+07 1.38091e+07 140 59
169000 1.04325e+08 6.21725e+09 1.54737e+10 2.48802e+07 1.50599e+07 2.47845e+07 1.46221e+07 127 57
170000 1.05251e+08 6.29639e+09 2.18837e+10 2.54995e+07 1.38991e+07 2.6331e+07 1.51313e+07 129 57
171000 1.15667e+08 6.32808e+09 1.85195e+10 2.94514e+07 1.65475e+07 3.68197e+07 2.46838e+07 127 58
172000 1.14315e+08 6.36051e+09 2.55543e+10 2.69229e+07 1.53235e+07 3.35593e+07 1.59637e+07 124 63
173000 1.09808e+08 6.4202e+09 2.89738e+10 3.11131e+07 2.02733e+07 2.60395e+07 1.29759e+07 118 59
174000 1.13355e+08 6.46711e+09 2.79936e+10 3.79076e+07 2.46753e+07 2.9718e+07 1.78022e+07 118 53
175000 1.21289e+08 6.47434e+09 1.88552e+10 3.45604e+07 1.94871e+07 2.72729e+07 1.58952e+07 113 62
176000 1.23248e+08 6.47531e+09 2.37847e+10 3.43831e+07 1.96901e+07 2.64625e+07 1.34663e+07 110 66
177000 1.21159e+08 6.4918e+09 2.6205e+10 3.25321e+07 1.81121e+07 2.89264e+07 1.59461e+07 113 59
178000 1.18179e+08 6.51409e+09 2.21461e+10 3.25701e+07 1.89827e+07 2.33468e+07 1.0858e+07 110 71
179000 1.18267e+08 6.53193e+09 2.50474e+10 3.33754e+07 1.79258e+07 2.48772e+07 1.20613e+07 115 72
180000 1.19012e+08 6.54204e+09 1.65783e+10 3.04436e+07 1.62161e+07 2.2465e+07 1.06445e+07 122 78
181000 1.19993e+08 6.55565e+09 1.83586e+10 2.85807e+07 1.5935e+07 2.7388e+07 1.42211e+07 125 71
182000 1.33245e+08 6.50731e+09 2.03048e+10 2.88628e+07 1.6401e+07 4.07396e+07 2.00623e+07 122 73
183000 1.42782e+08 6.4022e+09 2.4289e+10 2.88977e+07 1.59757e+07 3.6186e+07 1.58663e+07 125 81
184000 1.487e+08 6.28217e+09 2.13699e+10 3.20624e+07 1.49379e+07 3.11139e+07 1.39969e+07 135 84
185000 1.55277e+08 6.14255e+09 1.70803e+10 3.34595e+07 1.55946e+07 3.00341e+07 1.43341e+07 139 77
186000 1.46994e+08 6.05271e+09 1.51974e+10 2.87039e+07 1.31173e+07 2.76348e+07 1.42974e+07 148 74
187000 1.33805e+08 6.02665e+09 1.27277e+10 2.65238e+07 1.41346e+07 2.73094e+07 1.57889e+07 148 81
188000 1.22745e+08 6.05879e+09 1.82953e+10 4.69466e+07 1.78938e+07 2.12061e+07 1.04484e+07 133 85
189000 1.14525e+08 6.11354e+09 2.3845e+10 2.46585e+07 1.24651e+07 2.15738e+07 1.15579e+07 126 82
190000 1.12388e+08 6.17081e+09 2.63261e+10 2.596e+07 1.33893e+07 1.96913e+07 9.23415e+06 125 86
191000 1.16852e+08 6.20554e+09 2.77991e+10 3.68424e+07 2.44395e+07 2.08071e+07 9.25337e+06 118 84
192000 1.23155e+08 6.21109e+09 3.8274e+10 3.09109e+07 1.60343e+07 2.56761e+07 1.33344e+07 118 74
193000 1.29157e+08 6.18499e+09 2.81939e+10 3.46347e+07 2.11526e+07 2.60751e+07 1.42516e+07 115 75
194000 1.28994e+08 6.16231e+09 2.52893e+10 3.37426e+07 2.04412e+07 2.54887e+07 1.35611e+07 121 73
195000 1.30186e+08 6.16389e+09 2.18352e+10 4.06884e+07 2.8075e+07 3.16577e+07 1.9797e+07 110 66
196000 1.25912e+08 6.16093e+09 1.70718e+10 3.16957e+07 1.82375e+07 2.64492e+07 1.5382e+07 117 68
197000 1.20971e+08 6.17173e+09 1.44123e+10 2.97374e+07 1.73682e+07 2.45436e+07 1.45869e+07 119 75
198000 1.17774e+08 6.19988e+09 1.97925e+10 2.9427e+07 1.65091e+07 2.29575e+07 1.29253e+07 118 78
199000 1.16563e+08 6.22796e+09 1.86461e+10 2.87916e+07 1.43806e+07 2.3864e+07 1.43056e+07 118 75
200000 1.15139e+08 6.269e+09 2.21022e+10 2.97229e+07 1.80903e+07 3.6992e+07 1.95836e+07 106 79
201000 1.11136e+08 6.31913e+09 3.12789e+10 2.95759e+07 1.75007e+07 2.77006e+07 1.59004e+07 104 68
202000 1.14989e+08 6.35288e+09 2.38149e+10 2.99471e+07 1.68785e+07 2.65171e+07 1.44114e+07 107 75
203000 1.20915e+08 6.3659e+09 2.68148e+10 3.46103e+07 2.19643e+07 2.53157e+07 1.18724e+07 98 87
204000 1.29266e+08 6.34157e+09 2.36079e+10 3.42774e+07 2.03278e+07 2.94786e+07 1.56573e+07 103 83
205000 1.36858e+08 6.27482e+09 1.76319e+10 3.74893e+07 2.22881e+07 3.39574e+07 1.60717e+07 105 78
206000 1.37572e+08 6.21455e+09 1.72216e+10 3.14609e+07 1.72289e+07 3.54146e+07 1.89678e+07 105 79
207000 1.28004e+08 6.19506e+09 1.47557e+10 2.75126e+07 1.5223e+07 2.83748e+07 1.48584e+07 111 88
208000 1.18609e+08 6.22015e+09 1.40647e+10 2.69706e+07 1.61807e+07 2.41769e+07 1.19608e+07 108 93
209000 1.12863e+08 6.26625e+09 1.72852e+10 2.50934e+07 1.34508e+07 4.02211e+07 1.95422e+07 112 91
210000 1.14646e+08 6.31572e+09 1.60231e+10 2.93709e+07 1.78595e+07 2.70794e+07 1.6974e+07 102 84
211000 1.18708e+08 6.34314e+09 1.84394e+10 3.18887e+07 1.99352e+07 2.96236e+07 1.70335e+07 97 86
212000 1.23885e+08 6.33479e+09 1.3226e+10 3.29652e+07 1.97021e+07 4.87137e+07 2.08707e+07 100 87
213000 1.26631e+08 6.31192e+09 1.93445e+10 3.3138e+07 1.98241e+07 2.70918e+07 1.46539e+07 103 87
214000 1.25354e+08 6.29801e+09 3.17463e+10 3.24072e+07 1.8301e+07 3.12968e+07 1.4495e+07 106 88
215000 1.26699e+08 6.27351e+09 2.41186e+10 2.89152e+07 1.62621e+07 2.64491e+07 1.30756e+07 112 92
216000 1.27263e+08 6.26444e+09 1.38279e+10 2.94838e+07 1.70963e+07 2.57558e+07 1.39293e+07 111 91
217000 1.22748e+08 6.26486e+09 1.35828e+10 2.92498e+07 1.62687e+07 2.50668e+07 1.32108e+07 110 91
218000 1.21838e+08 6.27146e+09 2.09869e+10 3.34209e+07 1.8904e+07 2.85281e+07 1.70797e+07 103 88
219000 1.20077e+08 6.30125e+09 2.13437e+10 3.14152e+07 1.6904e+07 2.98386e+07 1.41147e+07 107 87
220000 1.17409e+08 6.33314e+09 2.65391e+10 2.94487e+07 1.6363e+07 2.42049e+07 1.23029e+07 104 86
221000 1.15564e+08 6.37564e+09 2.79032e+10 3.14752e+07 1.65101e+07 2.58016e+07 1.4471e+07 103 83
222000 1.14129e+08 6.4263e+09 2.89514e+10 3.03413e+07 1.80109e+07 2.61517e+07 1.45867e+07 97 80
223000 1.12032e+08 6.47897e+09 2.66078e+10 3.33635e+07 2.30132e+07 3.04388e+07 1.47985e+07 90 78
224000 1.09747e+08 6.53977e+09 2.16097e+10 3.02434e+07 1.73109e+07 2.40142e+07 1.34664e+07 94 85
225000 1.04451e+08 6.62236e+09 4.1545e+10 2.98219e+07 1.77292e+07 2.73778e+07 1.60466e+07 86 73
226000 1.09244e+08 6.69558e+09 3.21024e+10 4.09385e+07 2.94287e+07 3.24085e+07 2.04267e+07 78 69
227000 1.23246e+08 6.6724e+09 2.99266e+10 3.16726e+07 1.93643e+07 4.37219e+07 1.73827e+07 83 85
228000 1.2922e+08 6.61963e+09 3.18745e+10 3.37033e+07 2.03911e+07 3.55528e+07 1.60827e+07 77 83
229000 1.16648e+08 6.65582e+09 2.9861e+10 3.38526e+07 2.20995e+07 2.51342e+07 1.26959e+07 77 96
230000 1.13308e+08 6.70351e+09 3.09652e+10 3.87515e+07 2.59347e+07 2.26805e+07 1.12949e+07 74 96
231000 1.15383e+08 6.72563e+09 3.85366e+10 3.98944e+07 2.54947e+07 3.27202e+07 1.91322e+07 69 104
232000 1.28147e+08 6.69684e+09 3.89428e+10 4.21574e+07 2.78196e+07 3.42717e+07 1.77759e+07 78 88
233000 1.39376e+08 6.6149e+09 3.1413e+10 3.68927e+07 2.32018e+07 3.51702e+07 1.49714e+07 76 101
234000 1.38101e+08 6.54074e+09 3.09446e+10 3.46358e+07 1.9347e+07 3.18746e+07 1.52176e+07 82 107
235000 1.38633e+08 6.47588e+09 3.17763e+10 5.65958e+07 2.41528e+07 3.40162e+07 1.70479e+07 75 106
236000 1.33506e+08 6.41404e+09 4.24455e+10 3.15292e+07 1.70194e+07 3.67564e+07 1.79395e+07 77 109
237000 1.18729e+08 6.44608e+09 3.49571e+10 2.90294e+07 1.61046e+07 2.43807e+07 1.23459e+07 83 106
238000 1.13258e+08 6.51002e+09 1.82274e+10 3.27123e+07 1.91455e+07 2.37433e+07 1.3667e+07 76 107
239000 1.14429e+08 6.53188e+09 1.82007e+10 3.25931e+07 1.92582e+07 2.59283e+07 1.47634e+07 79 108
240000 1.28573e+08 6.50072e+09 1.35012e+10 3.01612e+07 1.80383e+07 3.40358e+07 1.79433e+07 87 108
241000 1.35585e+08 6.43239e+09 1.84421e+10 3.07657e+07 1.62483e+07 3.20246e+07 1.67069e+07 86 114
242000 1.3228e+08 6.38909e+09 1.96279e+10 3.24325e+07 1.74574e+07 2.69671e+07 1.43383e+07 84 116
243000 1.31208e+08 6.37651e+09 1.39121e+10 4.04305e+07 2.80317e+07 2.74068e+07 1.50388e+07 79 112
244000 1.25685e+08 6.35135e+09 3.0376e+10 2.91976e+07 1.72412e+07 3.2512e+07 1.89937e+07 79 104
245000 1.3232e+08 6.32719e+09 2.78894e+10 3.3587e+07 2.32409e+07 4.60546e+07 3.20457e+07 77 109
246000 1.33533e+08 6.2693e+09 3.41727e+10 3.43987e+07 1.79527e+07 3.84855e+07 2.45653e+07 77 101
247000 1.30549e+08 6.22938e+09 4.13573e+10 3.83788e+07 1.97988e+07 2.90194e+07 1.69702e+07 76 101
248000 1.25907e+08 6.22079e+09 3.3752e+10 4.63059e+07 2.56603e+07 2.95641e+07 1.80145e+07 78 107
249000 1.17928e+08 6.24208e+09 3.4736e+10 3.11219e+07 1.59333e+07 2.48515e+07 1.29194e+07 75 114
250000 1.15247e+08 6.28616e+09 2.39164e+10 2.83772e+07 1.74121e+07 2.48517e+07 1.33926e+07 79 113
251000 1.095e+08 6.3415e+09 2.39514e+10 2.86039e+07 1.56548e+07 2.30916e+07 1.18608e+07 76 117
252000 1.08114e+08 6.4129e+09 1.86054e+10 3.28745e+07 2.21578e+07 2.43664e+07 1.37982e+07 67 118
253000 1.06141e+08 6.48286e+09 1.94146e+10 3.23527e+07 2.16162e+07 2.20192e+07 1.16912e+07 68 115
254000 1.0516e+08 6.55845e+09 2.747e+10 3.24532e+07 2.15433e+07 2.55936e+07 1.41885e+07 68 103
255000 1.12054e+08 6.60374e+09 1.97742e+10 3.38997e+07 2.06571e+07 2.78878e+07 1.51298e+07 70 104
256000 1.16885e+08 6.62142e+09 2.06748e+10 3.37747e+07 1.79165e+07 3.6485e+07 2.07549e+07 74 108
257000 1.1923e+08 6.62576e+09 1.59885e+10 3.58102e+07 1.90103e+07 2.63054e+07 1.33611e+07 73 110
258000 1.21082e+08 6.63198e+09 1.64301e+10 3.41532e+07 1.69299e+07 3.11486e+07 1.80092e+07 72 104
259000 1.24511e+08 6.62352e+09 1.60678e+10 3.92968e+07 2.35728e+07 3.14714e+07 1.63661e+07 70 111
260000 1.24231e+08 6.58898e+09 1.5558e+10 2.83242e+07 1.4939e+07 2.94495e+07 1.41369e+07 69 129
261000 1.25392e+08 6.5607e+09 1.83202e+10 2.61535e+07 1.54956e+07 2.75032e+07 1.14578e+07 74 137
262000 1.24211e+08 6.55088e+09 2.89397e+10 3.1443e+07 2.15046e+07 2.74794e+07 1.19247e+07 63 132
263000 1.2619e+08 6.53916e+09 3.22577e+10 4.16393e+07 2.90481e+07 2.9139e+07 1.40052e+07 65 124
264000 1.49687e+08 6.42011e+09 2.18934e+10 5.62885e+07 2.94084e+07 2.91286e+07 1.54211e+07 65 129
265000 1.49453e+08 6.29181e+09 2.8232e+10 4.66218e+07 2.5385e+07 5.28214e+07 2.05182e+07 62 127
266000 1.41537e+08 6.23145e+09 1.6712e+10 3.61058e+07 2.15429e+07 2.88383e+07 1.53684e+07 68 134
267000 1.3243e+08 6.18266e+09 1.42304e+10 3.431e+07 2.07072e+07 2.64808e+07 1.25567e+07 67 138
268000 1.26316e+08 6.15936e+09 2.06515e+10 3.00779e+07 1.70206e+07 3.02361e+07 1.34636e+07 73 142
269000 1.23877e+08 6.16524e+09 1.24816e+10 2.98277e+07 1.83912e+07 2.38754e+07 1.16007e+07 69 145
270000 1.16436e+08 6.19759e+09 2.30101e+10 2.70149e+07 1.64261e+07 2.53278e+07 1.32679e+07 69 136
271000 1.13226e+08 6.2359e+09 1.49906e+10 3.1843e+07 2.17097e+07 2.39064e+07 1.3473e+07 67 143
272000 1.15874e+08 6.26017e+09 9.90167e+09 3.13854e+07 2.11324e+07 2.48986e+07 1.23115e+07 61 154
273000 1.17213e+08 6.27352e+09 1.83759e+10 3.09811e+07 2.00376e+07 2.65134e+07 1.30848e+07 63 140
274000 1.18988e+08 6.28507e+09 1.96065e+10 3.12907e+07 2.0104e+07 2.42165e+07 1.08734e+07 64 142
275000 1.16938e+08 6.30324e+09 2.3449e+10 3.48922e+07 2.12796e+07 2.33859e+07 1.08164e+07 59 138
276000 1.15022e+08 6.33912e+09 2.70387e+10 3.76537e+07 2.28028e+07 3.51117e+07 2.38449e+07 56 141
277000 1.15987e+08 6.37177e+09 1.53399e+10 3.63295e+07 2.4545e+07 2.12458e+07 1.07277e+07 60 147
278000 1.13826e+08 6.4075e+09 2.1424e+10 3.79619e+07 2.67291e+07 2.22982e+07 9.9979e+06 52 144
279000 1.15411e+08 6.42608e+09 1.35684e+10 3.20491e+07 1.98019e+07 2.40468e+07 1.21153e+07 59 138
280000 1.12322e+08 6.46617e+09 2.65133e+10 3.01602e+07 1.94476e+07 2.75893e+07 1.35351e+07 58 130
281000 1.11917e+08 6.51108e+09 3.23075e+10 3.71161e+07 2.6255e+07 2.3367e+07 1.08283e+07 53 136
282000 1.14534e+08 6.54309e+09 3.24563e+10 4.19029e+07 2.58214e+07 2.51608e+07 1.27575e+07 53 122
283000 1.12667e+08 6.57424e+09 2.56016e+10 3.65314e+07 2.23121e+07 2.64704e+07 1.4441e+07 59 119
284000 1.11257e+08 6.63154e+09 2.60195e+10 3.45654e+07 2.05887e+07 2.73598e+07 1.63836e+07 63 122
285000 1.16103e+08 6.65774e+09 1.94504e+10 3.63784e+07 2.09485e+07 2.51108e+07 1.38893e+07 68 118
286000 1.19338e+08 6.66638e+09 1.80281e+10 3.53944e+07 1.86322e+07 2.47532e+07 1.31237e+07 73 113
287000 1.1914e+08 6.67062e+09 1.48339e+10 3.5453e+07 2.14133e+07 2.49917e+07 1.37153e+07 77 111
288000 1.2602e+08 6.64865e+09 1.95273e+10 3.88022e+07 1.58305e+07 2.56576e+07 1.47475e+07 79 110
289000 1.26116e+08 6.63638e+09 1.649e+10 3.55917e+07 1.76084e+07 2.60067e+07 1.52406e+07 77 109
290000 1.16777e+08 6.65768e+09 2.6731e+10 3.09706e+07 1.50119e+07 2.39419e+07 1.34372e+07 78 114
291000 1.19044e+08 6.69458e+09 1.99184e+10 3.28095e+07 2.06249e+07 2.86081e+07 1.79736e+07 79 110
292000 1.24914e+08 6.68151e+09 1.40337e+10 3.26204e+07 2.05242e+07 3.38918e+07 2.28445e+07 76 111
293000 1.32591e+08 6.61038e+09 2.31065e+10 3.18794e+07 2.03996e+07 3.72754e+07 1.91245e+07 73 122
294000 1.41847e+08 6.49648e+09 2.56231e+10 2.48693e+07 1.50739e+07 3.72289e+07 1.74236e+07 82 125
295000 1.44055e+08 6.38733e+09 2.9291e+10 3.11235e+07 1.48453e+07 2.96703e+07 1.26552e+07 78 139
296000 1.36636e+08 6.33917e+09 2.89844e+10 3.24581e+07 1.66503e+07 2.68871e+07 1.29994e+07 67 138
297000 1.20932e+08 6.36341e+09 3.26947e+10 2.87739e+07 1.44551e+07 2.54159e+07 1.25401e+07 64 137
298000 1.15442e+08 6.42014e+09 1.72382e+10 2.484e+07 1.20952e+07 2.70799e+07 1.54693e+07 62 127
299000 1.06562e+08 6.48687e+09 1.88791e+10 2.43333e+07 1.34828e+07 2.38949e+07 1.38749e+07 60 136
300000 1.00241e+08 6.57847e+09 2.303e+10 2.59194e+07 1.61977e+07 2.21822e+07 1.11553e+07 59 137
301000 1.0029e+08 6.67072e+09 2.94521e+10 2.90044e+07 1.94215e+07 3.01402e+07 1.57158e+07 56 138
302000 1.10485e+08 6.71649e+09 2.79191e+10 3.81766e+07 2.16294e+07 2.48584e+07 1.33581e+07 58 131
303000 1.17963e+08 6.70897e+09 1.87165e+10 3.4111e+07 1.79654e+07 2.5142e+07 1.26098e+07 64 132
304000 1.29429e+08 6.67318e+09 1.17662e+10 5.18635e+07 2.36363e+07 2.62646e+07 1.30075e+07 65 138
305000 1.32081e+08 6.6117e+09 1.61307e+10 3.62652e+07 1.74974e+07 2.61098e+07 1.30373e+07 63 145
306000 1.33751e+08 6.56492e+09 2.34463e+10 4.55165e+07 2.51168e+07 2.55418e+07 1.20451e+07 59 146
307000 1.4662e+08 6.46168e+09 1.47406e+10 3.83498e+07 1.61949e+07 3.05018e+07 1.80334e+07 69 138
308000 1.3461e+08 6.40123e+09 1.56493e+10 2.6356e+07 1.31492e+07 2.84649e+07 1.51014e+07 70 142
309000 1.29588e+08 6.38208e+09 2.07328e+10 2.45457e+07 1.46297e+07 3.90026e+07 1.97838e+07 66 135
310000 1.25013e+08 6.35199e+09 2.17347e+10 2.20464e+07 1.2243e+07 3.15303e+07 1.5115e+07 69 142
311000 1.25666e+08 6.34065e+09 1.36508e+10 2.18336e+07 1.27029e+07 2.9065e+07 1.49084e+07 69 143
312000 1.23718e+08 6.33619e+09 1.62051e+10 6.06973e+07 5.18445e+07 2.72239e+07 1.402e+07 61 148
313000 1.23514e+08 6.33055e+09 1.26607e+10 2.8985e+07 1.89932e+07 2.60299e+07 1.37149e+07 61 149
314000 1.23435e+08 6.32566e+09 9.77714e+09 3.20985e+07 2.12439e+07 2.53551e+07 1.32793e+07 56 160
315000 1.16111e+08 6.34168e+09 3.13772e+10 6.43716e+07 5.15834e+07 2.76988e+07 1.60087e+07 53 156
316000 1.14526e+08 6.36598e+09 2.75893e+10 2.94696e+07 1.64854e+07 2.24607e+07 1.04388e+07 56 154
317000 1.15958e+08 6.40064e+09 2.06996e+10 3.17337e+07 2.01224e+07 2.8649e+07 1.60174e+07 54 144
318000 1.21334e+08 6.41285e+09 1.8511e+10 3.49091e+07 2.22953e+07 2.86268e+07 1.54681e+07 50 142
319000 1.19429e+08 6.40355e+09 2.41044e+10 3.20418e+07 1.86978e+07 2.50227e+07 1.23448e+07 51 148
320000 1.13291e+08 6.43804e+09 3.22347e+10 3.5998e+07 2.13607e+07 2.30865e+07 1.11507e+07 48 151
321000 1.11944e+08 6.50239e+09 3.20043e+10 3.27748e+07 2.00723e+07 2.87153e+07 1.75369e+07 44 126
322000 1.18745e+08 6.51575e+09 2.45259e+10 3.13038e+07 2.18619e+07 3.4357e+07 1.71628e+07 47 132
323000 1.24924e+08 6.46616e+09 2.81635e+10 3.00641e+07 1.98817e+07 5.70215e+07 4.31261e+07 46 139
324000 1.18085e+08 6.47571e+09 2.7358e+10 3.05209e+07 1.57498e+07 2.81756e+07 1.57588e+07 47 134
325000 1.18634e+08 6.48724e+09 2.62892e+10 3.43617e+07 1.71979e+07 2.56705e+07 1.41293e+07 43 153
326000 1.20392e+08 6.48361e+09 2.57609e+10 3.08895e+07 1.5901e+07 2.84976e+07 1.51299e+07 47 148
327000 1.21927e+08 6.48137e+09 1.98986e+10 2.62317e+07 1.27767e+07 2.99753e+07 1.4248e+07 52 154
328000 1.19248e+08 6.48662e+09 2.21898e+10 3.32263e+07 2.18157e+07 2.82353e+07 1.44028e+07 45 142
329000 1.19351e+08 6.49633e+09 1.94062e+10 3.58053e+07 1.88805e+07 2.81688e+07 1.5054e+07 49 145
330000 1.24402e+08 6.49138e+09 1.14174e+10 4.3535e+07 2.82916e+07 2.72117e+07 1.56046e+07 46 142
331000 1.1933e+08 6.48284e+09 2.22535e+10 3.56196e+07 1.9562e+07 2.44449e+07 1.32207e+07 58 145
332000 1.20188e+08 6.4836e+09 2.67891e+10 5.58681e+07 3.84309e+07 2.31023e+07 1.08371e+07 56 144
333000 1.20183e+08 6.48474e+09 2.38368e+10 3.4165e+07 1.78463e+07 2.23148e+07 1.05734e+07 65 144
334000 1.24353e+08 6.47621e+09 1.32429e+10 3.87457e+07 2.04815e+07 2.1836e+07 1.14859e+07 65 149
335000 1.32828e+08 6.43881e+09 1.75011e+10 4.4166e+07 2.28367e+07 2.38275e+07 1.32675e+07 67 135
336000 1.31418e+08 6.39626e+09 1.50232e+10 3.57499e+07 1.86791e+07 2.45707e+07 1.31234e+07 74 133
337000 1.25162e+08 6.40049e+09 1.53788e+10 2.68324e+07 1.36042e+07 2.71119e+07 1.56695e+07 80 123
338000 1.1946e+08 6.42618e+09 1.71195e+10 2.46528e+07 1.37281e+07 3.49992e+07 1.97872e+07 78 114
339000 1.16702e+08 6.44885e+09 1.70954e+10 4.05003e+07 2.33686e+07 2.91409e+07 1.56035e+07 70 121
340000 1.19841e+08 6.45799e+09 2.87129e+10 3.56282e+07 2.60517e+07 3.18173e+07 1.77252e+07 60 117
341000 1.25245e+08 6.44088e+09 2.6172e+10 4.04313e+07 3.02063e+07 2.80398e+07 1.40271e+07 55 127
342000 1.27731e+08 6.41242e+09 1.53565e+10 3.86433e+07 2.26429e+07 2.93728e+07 1.7033e+07 55 125
343000 1.25212e+08 6.39488e+09 1.21976e+10 3.59948e+07 2.14143e+07 2.52503e+07 1.24023e+07 59 140
344000 1.2496e+08 6.37196e+09 1.08719e+10 4.36307e+07 2.92088e+07 2.56017e+07 1.32116e+07 56 146
345000 1.3332e+08 6.30727e+09 8.30688e+09 3.74268e+07 1.8799e+07 2.64069e+07 1.27416e+07 64 149
346000 1.3143e+08 6.24132e+09 1.40721e+10 2.81409e+07 1.32317e+07 2.59797e+07 1.21877e+07 66 153
347000 1.2212e+08 6.23774e+09 1.35887e+10 2.37076e+07 1.21122e+07 2.73952e+07 1.30147e+07 67 151
348000 1.1575e+08 6.28268e+09 1.45443e+10 2.51619e+07 1.47648e+07 2.50893e+07 1.34191e+07 58 155
349000 1.14216e+08 6.32894e+09 1.40894e+10 2.51135e+07 1.55841e+07 2.70116e+07 1.58405e+07 57 150
350000 1.12725e+08 6.36548e+09 1.69267e+10 2.75468e+07 1.64308e+07 2.22845e+07 1.0449e+07 58 157
351000 1.07858e+08 6.4116e+09 3.04471e+10 2.78396e+07 1.68186e+07 2.20051e+07 1.05225e+07 49 154
352000 1.08474e+08 6.46199e+09 3.57333e+10 3.49174e+07 2.03651e+07 2.19393e+07 1.0665e+07 45 161
353000 1.19364e+08 6.47109e+09 2.04148e+10 3.99144e+07 2.54706e+07 2.53829e+07 1.26736e+07 43 159
354000 1.21413e+08 6.45959e+09 3.19152e+10 3.30647e+07 1.83433e+07 2.63861e+07 1.31531e+07 46 152
355000 1.22935e+08 6.46328e+09 2.46179e+10 4.15665e+07 2.69387e+07 2.90124e+07 1.65641e+07 41 149
356000 1.20511e+08 6.46631e+09 2.65208e+10 3.69761e+07 2.52259e+07 2.74938e+07 1.6006e+07 39 149
357000 1.23819e+08 6.4669e+09 2.66251e+10 4.60469e+07 3.13907e+07 3.68867e+07 2.57964e+07 35 142
358000 1.22549e+08 6.4452e+09 3.82342e+10 3.7738e+07 2.51645e+07 3.14084e+07 1.80177e+07 34 141
359000 1.23096e+08 6.42952e+09 3.56363e+10 3.46736e+07 1.8836e+07 3.0034e+07 1.66375e+07 35 146
360000 1.24139e+08 6.41734e+09 3.16419e+10 3.5904e+07 2.35618e+07 3.83987e+07 1.97727e+07 39 151
361000 1.27969e+08 6.38338e+09 2.12324e+10 3.24403e+07 2.01654e+07 3.13805e+07 1.58498e+07 37 152
362000 1.24128e+08 6.35502e+09 1.57578e+10 2.78297e+07 1.41426e+07 2.81141e+07 1.48461e+07 38 161
363000 1.18525e+08 6.3731e+09 1.41322e+10 2.49145e+07 1.21513e+07 2.81201e+07 1.65734e+07 38 167
364000 1.1664e+08 6.38973e+09 7.63901e+09 2.08029e+07 1.00895e+07 2.67151e+07 1.4795e+07 40 170
365000 1.16148e+08 6.40178e+09 8.71136e+09 2.11074e+07 9.70668e+06 2.78345e+07 1.48736e+07 35 166
366000 1.15991e+08 6.41057e+09 9.85604e+09 2.41523e+07 1.32711e+07 2.66127e+07 1.29433e+07 31 172
367000 1.11183e+08 6.44308e+09 2.23135e+10 2.27041e+07 1.21879e+07 3.62431e+07 2.30088e+07 32 170
368000 1.09641e+08 6.49093e+09 1.58031e+10 3.15142e+07 2.21391e+07 2.63144e+07 1.50482e+07 35 170
369000 1.1078e+08 6.53213e+09 8.51466e+09 2.64029e+07 1.69071e+07 2.36728e+07 1.33608e+07 33 180
370000 1.13726e+08 6.54729e+09 1.31303e+10 2.33217e+07 1.26671e+07 2.4837e+07 1.34581e+07 38 179
371000 1.19782e+08 6.53526e+09 2.09923e+10 3.64493e+07 1.9709e+07 2.43044e+07 1.18631e+07 32 187
372000 1.29447e+08 6.49993e+09 2.07677e+10 5.16706e+07 2.81049e+07 2.62689e+07 1.37652e+07 28 175
373000 1.27234e+08 6.4588e+09 2.70188e+10 3.99494e+07 1.64637e+07 2.57556e+07 1.28786e+07 31 175
374000 1.21849e+08 6.45609e+09 3.28698e+10 3.27877e+07 1.46403e+07 3.13515e+07 1.92266e+07 29 166
375000 1.20277e+08 6.46063e+09 2.8713e+10 2.92255e+07 1.40937e+07 2.63509e+07 1.47396e+07 22 187
376000 1.24425e+08 6.44231e+09 2.22913e+10 2.76697e+07 1.47562e+07 2.72969e+07 1.37235e+07 19 192
377000 1.22879e+08 6.41118e+09 2.69217e+10 3.25903e+07 2.33825e+07 2.59875e+07 1.2411e+07 16 196
378000 1.18105e+08 6.42022e+09 2.51509e+10 2.7499e+07 2.02604e+07 2.51433e+07 1.25238e+07 17 203
379000 1.16233e+08 6.44975e+09 1.99919e+10 2.53998e+07 1.57327e+07 2.85293e+07 1.55577e+07 16 192
380000 1.11399e+08 6.4765e+09 1.94184e+10 2.38462e+07 1.43195e+07 2.37875e+07 1.21243e+07 15 201
381000 1.11838e+08 6.51567e+09 1.74219e+10 2.59307e+07 1.65094e+07 2.49287e+07 1.35253e+07 16 190
382000 1.12424e+08 6.54664e+09 1.49092e+10 3.92934e+07 2.54381e+07 2.43217e+07 1.2535e+07 13 194
383000 1.1195e+08 6.57504e+09 1.12556e+10 3.42091e+07 1.71437e+07 2.88504e+07 1.7736e+07 16 188
384000 1.05228e+08 6.62044e+09 1.60681e+10 2.88228e+07 1.33623e+07 2.07621e+07 9.29543e+06 18 204
385000 1.04153e+08 6.69477e+09 1.07504e+10 3.29418e+07 1.74921e+07 2.08331e+07 9.89314e+06 16 208
386000 1.02796e+08 6.77238e+09 1.56809e+10 3.65249e+07 2.59513e+07 2.16337e+07 1.08198e+07 11 203
387000 1.01245e+08 6.85501e+09 1.91305e+10 3.87191e+07 3.00629e+07 2.19191e+07 1.05498e+07 12 190
388000 1.02963e+08 6.92414e+09 1.18475e+10 3.76027e+07 2.77871e+07 2.23727e+07 1.22331e+07 12 193
389000 1.05024e+08 6.97415e+09 2.00058e+10 3.30581e+07 2.08704e+07 2.56631e+07 1.32596e+07 12 195
390000 1.10878e+08 6.99907e+09 3.13211e+10 4.59402e+07 3.98447e+07 2.84944e+07 1.56585e+07 8 191
391000 1.20179e+08 6.98737e+09 3.56246e+10 4.39806e+07 3.62086e+07 2.89057e+07 1.38512e+07 8 187
392000 1.2634e+08 6.94971e+09 2.76041e+10 6.10036e+07 5.4256e+07 2.89981e+07 1.41069e+07 9 187
393000 1.34213e+08 6.88479e+09 2.32647e+10 7.61631e+07 3.5104e+07 3.73911e+07 2.00267e+07 13 178
394000 1.40848e+08 6.78429e+09 1.85008e+10 4.0772e+07 1.8009e+07 3.44316e+07 1.81056e+07 21 190
395000 1.40347e+08 6.66542e+09 2.44011e+10 4.24177e+07 2.34715e+07 2.7886e+07 1.20614e+07 20 198
396000 1.35527e+08 6.60846e+09 1.58264e+10 4.36738e+07 2.43145e+07 2.52349e+07 1.26881e+07 20 209
397000 1.30792e+08 6.56674e+09 2.21407e+10 3.23505e+07 1.65856e+07 2.65668e+07 1.38849e+07 24 195
398000 1.28556e+08 6.53344e+09 1.98403e+10 2.7347e+07 1.47249e+07 2.57826e+07 1.213e+07 24 206
399000 1.35104e+08 6.47335e+09 1.28019e+10 2.74703e+07 1.70195e+07 2.96468e+07 1.52915e+07 22 201
400000 1.34921e+08 6.39632e+09 2.10925e+10 2.4803e+07 1.48671e+07 4.32695e+07 2.91962e+07 23 209
401000 1.26408e+08 6.35487e+09 1.90947e+10 2.11113e+07 1.18737e+07 3.07521e+07 1.74229e+07 22 203
402000 1.22891e+08 6.35851e+09 1.9387e+10 2.75612e+07 1.84562e+07 3.02876e+07 1.79483e+07 14 209
403000 1.27664e+08 6.33088e+09 1.7884e+10 2.49531e+07 1.53395e+07 3.04424e+07 1.435e+07 16 208
404000 1.28892e+08 6.27086e+09 1.89917e+10 2.56111e+07 1.15252e+07 2.58104e+07 1.18375e+07 14 207
405000 1.1398e+08 6.31064e+09 1.7225e+10 3.0927e+07 1.78187e+07 2.16452e+07 1.0219e+07 12 212
406000 1.05407e+08 6.38062e+09 1.1982e+10 2.75498e+07 1.61721e+07 2.11005e+07 1.09488e+07 12 213
407000 1.04477e+08 6.46339e+09 9.68003e+09 3.4446e+07 2.29724e+07 2.55295e+07 1.64031e+07 10 205
408000 1.04951e+08 6.5339e+09 1.31479e+10 3.26752e+07 2.01469e+07 2.26562e+07 1.2335e+07 9 204
409000 1.08381e+08 6.57888e+09 1.68593e+10 2.7108e+07 1.3554e+07 3.27947e+07 1.60459e+07 10 192
410000 1.10687e+08 6.60285e+09 1.31803e+10 1.7795e+07 7.23689e+06 2.5663e+07 1.42726e+07 14 199
411000 1.16565e+08 6.6098e+09 7.05787e+09 2.45438e+07 1.7053e+07 2.59111e+07 1.46966e+07 11 207
412000 1.23057e+08 6.58237e+09 2.10651e+10 1.62867e+07 6.30406e+06 2.87398e+07 1.4157e+07 9 193
413000 1.23187e+08 6.5575e+09 2.71821e+10 2.7734e+07 1.77671e+07 2.86714e+07 1.50065e+07 6 195
414000 1.22788e+08 6.54494e+09 2.71732e+10 2.24919e+07 1.02767e+07 3.89345e+07 2.48381e+07 7 193
415000 1.25314e+08 6.52884e+09 1.52104e+10 2.89108e+07 1.44554e+07 2.83411e+07 1.5165e+07 6 205
416000 1.24732e+08 6.49558e+09 1.72784e+10 3.50266e+07 2.52241e+07 3.0502e+07 1.50855e+07 5 208
417000 1.2681e+08 6.46091e+09 1.73686e+10 3.5402e+07 2.66775e+07 2.82441e+07 1.37234e+07 7 201
418000 1.236e+08 6.43769e+09 1.71898e+10 3.49133e+07 2.5866e+07 2.74325e+07 1.4754e+07 7 194
419000 1.17551e+08 6.45392e+09 2.52795e+10 2.51006e+07 1.10911e+07 2.78575e+07 1.5092e+07 10 192
420000 1.13846e+08 6.48691e+09 2.66411e+10 2.6952e+07 1.50243e+07 2.7333e+07 1.48929e+07 9 180
421000 1.13851e+08 6.51118e+09 2.20654e+10 3.29518e+07 1.86773e+07 2.60399e+07 1.46984e+07 8 189
422000 1.16138e+08 6.51682e+09 2.13708e+10 4.81199e+07 3.41225e+07 2.57248e+07 1.25264e+07 8 200
423000 1.16267e+08 6.51855e+09 3.0723e+10 4.59919e+07 3.59267e+07 3.26623e+07 1.61653e+07 7 193
424000 1.12372e+08 6.54568e+09 3.38771e+10 3.91582e+07 2.67193e+07 2.71226e+07 1.44738e+07 8 186
425000 1.08092e+08 6.59055e+09 2.43451e+10 3.67993e+07 2.51623e+07 2.38322e+07 1.15292e+07 10 192
426000 1.08381e+08 6.65088e+09 1.8004e+10 3.85685e+07 2.49408e+07 2.57585e+07 1.41816e+07 10 180
427000 1.07082e+08 6.70243e+09 2.26182e+10 4.70553e+07 3.5213e+07 2.47804e+07 1.32095e+07 8 185
428000 1.06748e+08 6.74614e+09 2.92494e+10 5.17931e+07 3.73585e+07 2.33365e+07 1.17041e+07 8 198
429000 1.13641e+08 6.75887e+09 2.10722e+10 4.23642e+07 3.24493e+07 2.56115e+07 1.22505e+07 10 197
430000 1.23236e+08 6.72945e+09 1.2058e+10 3.52345e+07 2.1185e+07 3.35632e+07 1.69313e+07 9 196
431000 1.32761e+08 6.66947e+09 1.59174e+10 3.0305e+07 1.39794e+07 3.0195e+07 1.53246e+07 9 199
432000 1.34794e+08 6.57573e+09 2.1239e+10 2.42663e+07 1.227e+07 2.86483e+07 1.30672e+07 11 207
433000 1.30995e+08 6.51095e+09 2.5917e+10 2.37107e+07 1.47302e+07 2.73085e+07 1.26734e+07 11 207
434000 1.26593e+08 6.49027e+09 2.05633e+10 2.59925e+07 1.6843e+07 3.00969e+07 1.74493e+07 12 218
435000 1.21941e+08 6.47625e+09 2.71491e+10 2.71682e+07 1.75872e+07 2.42911e+07 1.07762e+07 12 218
436000 1.21962e+08 6.47049e+09 2.24123e+10 3.54091e+07 2.26199e+07 2.58635e+07 1.16474e+07 10 209
437000 1.19359e+08 6.48663e+09 1.85264e+10 3.32706e+07 2.08219e+07 2.94891e+07 1.71547e+07 9 205
438000 1.1488e+08 6.51737e+09 1.98131e+10 2.94265e+07 1.47133e+07 2.66047e+07 1.38548e+07 10 186
439000 1.12223e+08 6.54747e+09 1.59028e+10 2.95524e+07 2.1459e+07 2.32549e+07 1.13077e+07 11 206
440000 1.10792e+08 6.57612e+09 1.15145e+10 2.84228e+07 1.77338e+07 2.29145e+07 1.14195e+07 11 210
441000 1.10876e+08 6.61421e+09 1.21003e+10 3.75609e+07 2.8976e+07 3.30052e+07 1.61482e+07 9 206
442000 1.11605e+08 6.6451e+09 2.53067e+10 3.57602e+07 2.32944e+07 2.48834e+07 1.20797e+07 8 198
443000 1.13999e+08 6.65583e+09 3.04241e+10 4.00672e+07 2.83096e+07 2.58412e+07 1.25693e+07 7 199
444000 1.22073e+08 6.64691e+09 2.07693e+10 3.6041e+07 2.3034e+07 3.11811e+07 1.75028e+07 8 198
445000 1.23621e+08 6.62632e+09 2.46219e+10 3.24355e+07 1.75279e+07 2.86601e+07 1.54084e+07 7 189
446000 1.227e+08 6.61044e+09 1.25228e+10 5.80554e+07 4.9766e+07 2.63688e+07 1.33138e+07 6 205
447000 1.18e+08 6.61316e+09 1.52333e+10 3.60294e+07 2.23756e+07 2.54124e+07 1.36026e+07 7 203
448000 1.17236e+08 6.62026e+09 7.89218e+09 4.1313e+07 3.32995e+07 2.98934e+07 1.93197e+07 7 208
449000 1.15812e+08 6.62852e+09 1.29087e+10 4.48884e+07 3.39094e+07 2.98028e+07 1.5729e+07 7 204
450000 1.24866e+08 6.59179e+09 9.47261e+09 3.96086e+07 2.35117e+07 2.75165e+07 1.43015e+07 7 219
451000 1.43495e+08 6.45075e+09 7.14798e+09 3.21468e+07 1.60734e+07 3.04916e+07 1.36864e+07 8 223
452000 1.44821e+08 6.32266e+09 9.75968e+09 2.64848e+07 1.31462e+07 2.86442e+07 1.24095e+07 9 233
453000 1.35757e+08 6.25897e+09 8.07818e+09 2.18818e+07 1.01533e+07 2.41542e+07 1.07005e+07 10 244
454000 1.24929e+08 6.25321e+09 1.01094e+10 2.18162e+07 9.65613e+06 2.82137e+07 1.29367e+07 10 230
455000 1.17352e+08 6.27883e+09 1.29594e+10 2.26668e+07 1.02611e+07 2.24952e+07 1.10407e+07 9 225
456000 1.11572e+08 6.3116e+09 1.64718e+10 2.05795e+07 9.06207e+06 2.10469e+07 9.86032e+06 10 229
457000 1.12569e+08 6.34863e+09 1.40715e+10 2.70742e+07 1.71067e+07 2.27189e+07 1.16415e+07 8 216
458000 1.13046e+08 6.37654e+09 1.63804e+10 2.82007e+07 1.41003e+07 3.54124e+07 2.21595e+07 8 215
459000 1.1269e+08 6.39721e+09 2.28352e+10 3.64704e+07 2.3196e+07 2.36798e+07 1.12546e+07 5 210
460000 1.13818e+08 6.42523e+09 1.39873e+10 2.67307e+07 1.33654e+07 2.52802e+07 1.32908e+07 6 201
461000 1.13218e+08 6.45973e+09 6.46986e+09 1.78703e+07 7.23739e+06 2.38543e+07 1.26278e+07 8 213
462000 1.11302e+08 6.50309e+09 7.57924e+09 1.41853e+07 4.61971e+06 2.77585e+07 1.53773e+07 10 195
463000 1.07061e+08 6.54427e+09 1.16514e+10 2.57148e+07 1.09575e+07 2.30745e+07 1.1816e+07 5 208
464000 1.03887e+08 6.60574e+09 2.44254e+10 5.06959e+07 3.92344e+07 2.34401e+07 1.28536e+07 3 198
465000 1.06582e+08 6.66789e+09 1.30945e+10 3.4194e+07 1.7097e+07 2.72826e+07 1.60828e+07 4 195
466000 1.07475e+08 6.71021e+09 1.30537e+10 3.06693e+07 1.53346e+07 2.44099e+07 1.28691e+07 4 200
467000 1.09829e+08 6.74037e+09 1.37697e+10 4.29895e+07 3.45286e+07 2.67223e+07 1.47129e+07 3 208
468000 1.22867e+08 6.72987e+09 2.20672e+10 3.49801e+07 1.74901e+07 3.26319e+07 1.79601e+07 4 181
469000 1.33997e+08 6.63303e+09 2.1991e+10 5.08043e+07 4.05103e+07 3.13075e+07 1.59123e+07 3 194
470000 1.41048e+08 6.53362e+09 8.30561e+09 1.93633e+08 1.14785e+08 2.66638e+07 1.31584e+07 4 221
471000 1.38292e+08 6.44682e+09 1.59858e+10 5.57677e+07 1.78982e+07 2.76644e+07 1.39283e+07 10 208
472000 1.27497e+08 6.42893e+09 2.76841e+10 3.44097e+07 1.58016e+07 2.89277e+07 1.5668e+07 9 182
473000 1.1792e+08 6.4429e+09 2.31226e+10 3.06307e+07 2.09584e+07 2.78092e+07 1.54709e+07 8 182
474000 1.11896e+08 6.47073e+09 1.59778e+10 2.32734e+07 1.71444e+07 2.31743e+07 1.24508e+07 9 213
475000 1.08133e+08 6.51126e+09 1.56702e+10 2.29281e+07 1.91543e+07 2.21059e+07 1.19059e+07 10 217
476000 1.06782e+08 6.5597e+09 1.96588e+10 2.85872e+07 1.70925e+07 2.3801e+07 1.20627e+07 9 214
477000 1.09905e+08 6.60791e+09 2.08046e+10 3.59506e+07 2.33034e+07 2.95545e+07 1.49018e+07 8 202
478000 1.122e+08 6.62337e+09 2.2274e+10 4.07145e+07 2.93604e+07 2.50994e+07 1.18187e+07 8 199
479000 1.16477e+08 6.62355e+09 1.44044e+10 7.23339e+07 3.97785e+07 2.26517e+07 1.04545e+07 8 219
480000 1.23104e+08 6.60842e+09 9.01406e+09 8.03981e+07 3.18856e+07 2.82528e+07 1.42204e+07 8 215
481000 1.23308e+08 6.58627e+09 1.15021e+10 5.95299e+07 2.92796e+07 2.62339e+07 1.26888e+07 7 224
482000 1.19762e+08 6.58426e+09 1.45473e+10 2.77067e+07 1.44403e+07 2.49721e+07 1.29234e+07 10 208
483000 1.1936e+08 6.57533e+09 9.76304e+09 1.96166e+07 1.22171e+07 2.44936e+07 1.19036e+07 11 221
484000 1.28503e+08 6.52627e+09 9.76336e+09 2.08437e+07 1.36145e+07 3.17844e+07 1.7036e+07 10 234
485000 1.34615e+08 6.44949e+09 9.91489e+09 2.70573e+07 1.30228e+07 2.69853e+07 1.41972e+07 10 224
486000 1.37352e+08 6.38429e+09 1.02716e+10 4.56534e+07 2.90622e+07 2.67495e+07 1.33383e+07 9 223
487000 1.3375e+08 6.31808e+09 1.83681e+10 3.71365e+07 1.46127e+07 2.87736e+07 1.55214e+07 13 217
488000 1.32091e+08 6.27961e+09 1.87416e+10 3.85676e+07 1.28493e+07 2.62185e+07 1.40378e+07 14 206
489000 1.27703e+08 6.24941e+09 9.67067e+09 4.04253e+07 1.47148e+07 2.38995e+07 1.25203e+07 12 220
490000 1.20627e+08 6.25008e+09 9.07644e+09 2.49367e+07 8.12109e+06 2.8761e+07 1.39259e+07 14 215
491000 1.13855e+08 6.27166e+09 1.59034e+10 2.25685e+07 9.30162e+06 2.28354e+07 1.18749e+07 12 216
492000 1.13923e+08 6.29856e+09 1.26928e+10 2.21525e+07 1.42788e+07 2.286e+07 1.15116e+07 14 213
493000 1.14739e+08 6.31818e+09 2.38455e+10 2.30658e+07 1.41046e+07 2.62403e+07 1.32156e+07 13 199
494000 1.19382e+08 6.31561e+09 1.74432e+10 2.9539e+07 2.03704e+07 2.66484e+07 1.44424e+07 11 211
495000 1.19453e+08 6.31788e+09 1.48132e+10 4.10613e+07 3.35794e+07 2.60264e+07 1.35587e+07 10 198
496000 1.1628e+08 6.3326e+09 1.64034e+10 2.25741e+07 1.1427e+07 2.54629e+07 1.41932e+07 14 209
497000 1.10936e+08 6.36553e+09 2.21702e+10 2.38622e+07 1.27064e+07 2.54226e+07 1.43883e+07 13 209
498000 1.10452e+08 6.4146e+09 1.88744e+10 2.71338e+07 1.42231e+07 2.29888e+07 1.14489e+07 11 209
499000 1.09927e+08 6.45117e+09 1.57339e+10 3.2323e+07 1.86522e+07 2.46444e+07 1.31594e+07 10 199
500000 1.11557e+08 6.48034e+09 1.09215e+10 2.35542e+07 1.24487e+07 2.28466e+07 1.09523e+07 12 213
501000 1.14208e+08 6.50759e+09 1.42184e+10 2.3712e+07 1.01816e+07 2.75064e+07 1.40586e+07 10 196
502000 1.13675e+08 6.51931e+09 1.79285e+10 2.38411e+07 1.08504e+07 2.53396e+07 1.24581e+07 7 205
503000 1.15041e+08 6.54631e+09 2.13824e+10 2.5771e+07 1.87494e+07 3.1891e+07 2.01136e+07 8 206
504000 1.13332e+08 6.5632e+09 1.76794e+10 2.58546e+07 1.47181e+07 2.38652e+07 1.1994e+07 8 211
505000 1.17392e+08 6.58095e+09 1.54356e+10 2.09446e+07 9.15939e+06 2.8499e+07 1.60986e+07 11 186
506000 1.20027e+08 6.5796e+09 2.20084e+10 2.69481e+07 1.63801e+07 3.10128e+07 1.7366e+07 8 172
507000 1.1949e+08 6.56897e+09 2.06597e+10 2.35996e+07 1.1093e+07 2.89311e+07 1.57219e+07 9 186
508000 1.20692e+08 6.56622e+09 1.40431e+10 2.4657e+07 1.15901e+07 2.8871e+07 1.64206e+07 9 185
509000 1.20274e+08 6.55837e+09 1.7064e+10 2.25038e+07 9.15588e+06 3.26087e+07 2.0155e+07 10 177
510000 1.20761e+08 6.54025e+09 1.84985e+10 2.55366e+07 1.12999e+07 2.67885e+07 1.4028e+07 9 204
511000 1.2324e+08 6.52751e+09 1.68411e+10 3.8245e+07 2.594e+07 2.77889e+07 1.56046e+07 7 194
512000 1.16514e+08 6.52473e+09 2.13649e+10 2.77755e+07 1.27086e+07 2.5762e+07 1.34718e+07 9 197
513000 1.16289e+08 6.53299e+09 1.71199e+10 3.64144e+07 2.75863e+07 2.85348e+07 1.61034e+07 7 203
514000 1.19516e+08 6.52388e+09 3.33057e+10 2.19173e+07 9.43333e+06 3.06401e+07 1.72093e+07 11 182
515000 1.28091e+08 6.48748e+09 3.10269e+10 2.08826e+07 9.08644e+06 3.16707e+07 1.61785e+07 11 185
516000 1.26228e+08 6.45941e+09 2.63397e+10 2.86353e+07 1.32025e+07 3.09333e+07 1.65977e+07 9 190
517000 1.19092e+08 6.47124e+09 2.73621e+10 4.41853e+07 3.81701e+07 2.7956e+07 1.5833e+07 6 180
518000 1.11074e+08 6.49427e+09 2.61972e+10 2.61331e+07 1.21624e+07 2.57708e+07 1.39939e+07 9 186
519000 1.10171e+08 6.54593e+09 2.56351e+10 2.79262e+07 1.39631e+07 2.66068e+07 1.64293e+07 8 179
520000 1.08279e+08 6.57653e+09 2.81567e+10 2.75387e+07 1.96101e+07 2.39608e+07 1.22258e+07 8 204
521000 1.12783e+08 6.59369e+09 2.75125e+10 2.15726e+07 1.30356e+07 2.55138e+07 1.30524e+07 7 205
522000 1.18775e+08 6.58521e+09 2.10639e+10 2.72982e+07 1.64281e+07 2.70035e+07 1.36519e+07 6 200
523000 1.19391e+08 6.57167e+09 2.21637e+10 7.52505e+07 6.83378e+07 3.02662e+07 1.50239e+07 5 206
524000 1.1989e+08 6.58272e+09 2.65616e+10 3.39523e+07 2.74822e+07 2.80401e+07 1.55699e+07 5 192
525000 1.19996e+08 6.57658e+09 1.97889e+10 3.44201e+07 2.248e+07 2.7087e+07 1.40568e+07 5 201
526000 1.19455e+08 6.56132e+09 2.21567e+10 2.89693e+07 1.44847e+07 2.6511e+07 1.43974e+07 6 205
527000 1.20334e+08 6.55189e+09 2.19451e+10 4.53666e+07 3.96849e+07 2.4667e+07 1.16791e+07 4 214
528000 1.18595e+08 6.55232e+09 2.05765e+10 3.50591e+07 2.27262e+07 2.56926e+07 1.23743e+07 5 210
529000 1.18332e+08 6.55929e+09 1.24462e+10 3.40735e+07 2.32993e+07 3.00519e+07 1.48201e+07 5 213
530000 1.1873e+08 6.5641e+09 1.42453e+10 4.31654e+07 3.59794e+07 2.89795e+07 1.64983e+07 4 209
531000 1.21627e+08 6.55537e+09 1.68209e+10 2.86673e+07 1.43336e+07 2.71128e+07 1.39755e+07 4 206
532000 1.22085e+08 6.53144e+09 2.01254e+10 3.94175e+07 2.88999e+07 2.84755e+07 1.41327e+07 3 211
533000 1.22505e+08 6.51225e+09 1.74225e+10 4.12138e+07 3.29867e+07 2.75771e+07 1.46347e+07 3 200
534000 1.22252e+08 6.49689e+09 1.3415e+10 7.57165e+07 7.57165e+07 2.60307e+07 1.33798e+07 1 213
535000 1.16354e+08 6.50311e+09 2.12793e+10 4.3123e+07 4.3123e+07 2.36577e+07 1.15644e+07 1 215
536000 1.13851e+08 6.54024e+09 2.8327e+10 5.42738e+07 5.42738e+07 3.61487e+07 2.13643e+07 1 196
537000 1.15381e+08 6.54536e+09 2.27941e+10 4.36952e+07 4.36952e+07 2.74286e+07 1.58896e+07 2 198
538000 1.22341e+08 6.52096e+09 1.78459e+10 5.86041e+07 5.86041e+07 2.77275e+07 1.36121e+07 1 207
539000 1.23434e+08 6.49464e+09 2.03914e+10 2.89754e+07 1.44877e+07 2.60565e+07 1.2477e+07 2 213
539535 1.20456e+08 6.49526e+09 2.72281e+10 0 0 2.87993e+07 1.5373e+07 0 208
