0 1.27534e+08 5.8036e+09 2.4e+09 2.4e+07 1.2e+07 2.4e+07 1.2e+07 190 10
1000 1.26784e+08 5.81017e+09 6.49956e+09 3.18415e+07 1.84809e+07 2.03221e+07 1.09132e+07 191 12
2000 1.24304e+08 5.81426e+09 1.07406e+10 2.66142e+07 1.45405e+07 2.02161e+07 1.10226e+07 202 9
3000 1.2427e+08 5.83102e+09 1.49846e+10 3.07425e+07 1.9115e+07 1.90534e+07 1.06174e+07 193 9
4000 1.25229e+08 5.85436e+09 1.96146e+10 2.99277e+07 1.84265e+07 1.59505e+07 9.28772e+06 177 11
5000 1.23582e+08 5.86171e+09 2.19225e+10 2.88031e+07 1.67291e+07 1.70659e+07 8.72462e+06 180 9
6000 1.2363e+08 5.88122e+09 2.05713e+10 3.13019e+07 1.93416e+07 1.78139e+07 6.30546e+06 168 9
7000 1.22509e+08 5.90393e+09 1.95033e+10 2.99725e+07 1.78546e+07 1.82857e+07 6.49756e+06 173 9
8000 1.21563e+08 5.93555e+09 1.96585e+10 3.80855e+07 2.66386e+07 2.53177e+07 1.13378e+07 181 7
9000 1.18908e+08 5.96697e+09 2.45976e+10 2.79267e+07 1.59279e+07 2.39176e+07 1.30879e+07 177 8
10000 1.16231e+08 6.01402e+09 3.54154e+10 3.46702e+07 2.26378e+07 2.11668e+07 7.94599e+06 161 9
11000 1.13443e+08 6.0644e+09 3.29264e+10 2.97481e+07 1.7723e+07 2.03411e+07 7.76621e+06 161 9
12000 1.16452e+08 6.12595e+09 2.60107e+10 3.3735e+07 2.13787e+07 2.26343e+07 8.68106e+06 151 9
13000 1.17856e+08 6.16746e+09 1.81209e+10 3.16435e+07 1.89527e+07 2.91365e+07 1.76776e+07 158 7
14000 1.15946e+08 6.21247e+09 2.50299e+10 3.25666e+07 1.94268e+07 3.36051e+07 1.68025e+07 154 6
15000 1.15863e+08 6.26089e+09 1.97228e+10 3.41066e+07 2.23404e+07 2.72931e+07 1.85687e+07 143 8
16000 1.1375e+08 6.31775e+09 1.95721e+10 3.37247e+07 2.18801e+07 3.22523e+07 2.06767e+07 148 8
17000 1.12475e+08 6.37726e+09 1.51545e+10 3.11998e+07 2.06996e+07 3.10486e+07 1.38622e+07 152 11
18000 1.10813e+08 6.44054e+09 2.9857e+10 3.37224e+07 2.25752e+07 4.64391e+07 1.82109e+07 134 10
19000 1.13075e+08 6.47721e+09 2.53131e+10 3.23244e+07 1.9473e+07 2.67184e+07 6.71336e+06 143 14
20000 1.12469e+08 6.53657e+09 2.62495e+10 3.17937e+07 1.9155e+07 2.56656e+07 9.74931e+06 144 12
21000 1.06661e+08 6.6079e+09 3.38236e+10 3.24968e+07 1.9188e+07 1.98926e+07 6.04996e+06 143 10
22000 1.04953e+08 6.69605e+09 4.07345e+10 3.24133e+07 1.88904e+07 1.51743e+07 4.60857e+06 136 11
23000 1.08027e+08 6.76805e+09 3.73353e+10 4.03304e+07 2.63042e+07 1.21893e+07 4.43204e+06 145 12
24000 1.17624e+08 6.80513e+09 2.61556e+10 3.61878e+07 2.18605e+07 1.29839e+07 7.43252e+06 148 10
25000 1.24888e+08 6.78666e+09 4.60635e+10 4.12329e+07 2.40965e+07 1.21061e+07 4.56548e+06 139 10
26000 1.42684e+08 6.70918e+09 4.74693e+10 4.9548e+07 2.81518e+07 1.14856e+07 3.90133e+06 136 11
27000 1.48273e+08 6.61195e+09 3.332e+10 3.859e+07 1.96618e+07 1.47433e+07 5.68463e+06 161 9
28000 1.33232e+08 6.58962e+09 3.64253e+10 3.35717e+07 1.77821e+07 1.67486e+07 6.06731e+06 165 7
29000 1.3293e+08 6.58229e+09 2.46704e+10 3.44385e+07 1.87312e+07 1.73545e+07 6.26496e+06 168 7
30000 1.33643e+08 6.55812e+09 2.25885e+10 3.72681e+07 2.39675e+07 1.95945e+07 7.00991e+06 163 7
31000 1.35813e+08 6.51086e+09 2.74345e+10 3.46895e+07 1.81319e+07 2.55747e+07 9.61104e+06 167 6
32000 1.35432e+08 6.48584e+09 1.72944e+10 3.40117e+07 1.87524e+07 4.21407e+07 2.8447e+07 172 4
33000 1.36457e+08 6.44726e+09 2.11866e+10 3.47694e+07 1.89898e+07 2.88444e+07 1.80125e+07 169 6
34000 1.28238e+08 6.444e+09 1.9137e+10 2.81778e+07 1.58263e+07 4.15374e+07 2.72029e+07 184 4
35000 1.22743e+08 6.47473e+09 2.2148e+10 3.21388e+07 2.12777e+07 2.75933e+07 1.78702e+07 177 5
36000 1.4316e+08 6.39686e+09 2.6562e+10 4.26384e+07 2.2572e+07 2.30833e+07 1.55788e+07 180 6
37000 1.80028e+08 6.12547e+09 1.77662e+10 4.32456e+07 2.10805e+07 1.82908e+07 1.04471e+07 193 7
38000 1.75468e+08 5.92229e+09 8.49516e+09 3.48961e+07 1.79535e+07 1.8836e+07 1.25879e+07 210 7
39000 1.55478e+08 5.83639e+09 1.14807e+10 3.00357e+07 1.5269e+07 2.35664e+07 1.54848e+07 207 7
40000 1.41875e+08 5.80224e+09 8.22156e+09 2.88644e+07 1.57982e+07 3.089e+07 2.15692e+07 200 7
41000 1.32448e+08 5.78877e+09 1.43446e+10 2.5653e+07 1.47375e+07 2.79986e+07 1.21164e+07 207 11
42000 1.28362e+08 5.79275e+09 2.69244e+10 2.66401e+07 1.37412e+07 6.96311e+07 4.89409e+07 194 7
43000 1.25027e+08 5.81511e+09 2.9067e+10 3.05241e+07 1.91591e+07 4.88792e+07 2.07551e+07 169 10
44000 1.19222e+08 5.85683e+09 3.33126e+10 3.09154e+07 1.99541e+07 3.97673e+07 2.07266e+07 157 11
45000 1.14155e+08 5.91448e+09 3.40018e+10 2.91518e+07 1.7134e+07 3.40124e+07 1.79872e+07 167 10
46000 1.13551e+08 5.98157e+09 2.5901e+10 2.97942e+07 1.91597e+07 3.15283e+07 1.41619e+07 156 9
47000 1.09339e+08 6.0554e+09 2.5907e+10 2.75948e+07 1.62715e+07 3.03871e+07 1.81842e+07 158 8
48000 1.01858e+08 6.15015e+09 3.60958e+10 2.84498e+07 1.79063e+07 1.55248e+07 4.96027e+06 149 13
49000 1.07022e+08 6.23594e+09 2.29862e+10 3.07608e+07 2.08121e+07 1.451e+07 6.04852e+06 150 13
50000 1.09744e+08 6.30645e+09 3.52555e+10 3.31511e+07 2.02925e+07 1.53156e+07 5.81001e+06 141 10
51000 1.11778e+08 6.35935e+09 3.72547e+10 3.39691e+07 1.96731e+07 1.84874e+07 1.24783e+07 139 10
52000 1.14946e+08 6.40745e+09 3.85087e+10 3.60735e+07 2.15357e+07 2.4286e+07 1.70315e+07 141 8
53000 1.1832e+08 6.4336e+09 3.63807e+10 3.6767e+07 2.32599e+07 3.02284e+07 1.81824e+07 140 7
54000 1.20255e+08 6.45654e+09 3.0304e+10 3.87828e+07 2.22745e+07 2.16087e+07 9.24889e+06 153 10
55000 1.13529e+08 6.49371e+09 3.25687e+10 2.89511e+07 1.61328e+07 2.13678e+07 9.28902e+06 163 10
56000 1.12894e+08 6.57158e+09 3.15531e+10 3.15611e+07 1.92936e+07 1.77136e+07 7.06126e+06 150 12
57000 1.14605e+08 6.62298e+09 2.71975e+10 3.36397e+07 2.22227e+07 1.72261e+07 6.14425e+06 152 13
58000 1.25664e+08 6.60546e+09 3.9868e+10 3.96263e+07 2.33401e+07 1.9686e+07 8.27522e+06 147 12
59000 1.34666e+08 6.54943e+09 4.20235e+10 4.54629e+07 2.82316e+07 1.89866e+07 7.16419e+06 155 14
60000 1.36301e+08 6.50209e+09 3.57975e+10 3.57115e+07 1.91643e+07 1.94187e+07 6.51506e+06 163 12
61000 1.35657e+08 6.46592e+09 4.04283e+10 3.33469e+07 1.74018e+07 3.29227e+07 2.15532e+07 172 8
62000 1.36312e+08 6.41467e+09 3.43473e+10 3.25512e+07 1.53582e+07 3.3046e+07 2.07422e+07 178 9
63000 1.40749e+08 6.36391e+09 3.06998e+10 3.26809e+07 1.706e+07 3.06365e+07 1.73642e+07 183 11
64000 1.43839e+08 6.29276e+09 2.93077e+10 3.26113e+07 1.59721e+07 3.21539e+07 1.67536e+07 183 12
65000 1.33324e+08 6.27042e+09 2.90311e+10 2.98569e+07 1.53178e+07 2.93995e+07 1.04081e+07 175 14
66000 1.24028e+08 6.29588e+09 2.18591e+10 2.67774e+07 1.38415e+07 3.53043e+07 1.40438e+07 175 12
67000 1.18189e+08 6.34544e+09 2.04636e+10 2.65941e+07 1.49581e+07 4.75088e+07 2.77667e+07 177 9
68000 1.21251e+08 6.36616e+09 2.05566e+10 3.01599e+07 1.59199e+07 2.63047e+07 9.87038e+06 171 13
69000 1.22856e+08 6.37485e+09 2.04118e+10 2.80329e+07 1.46733e+07 3.05266e+07 1.6679e+07 183 10
70000 1.25601e+08 6.38415e+09 2.89645e+10 3.21255e+07 1.6613e+07 2.64969e+07 1.45224e+07 171 10
71000 1.34514e+08 6.34637e+09 2.30021e+10 3.16641e+07 1.53106e+07 3.09456e+07 2.21534e+07 182 8
72000 1.27285e+08 6.35072e+09 2.57317e+10 3.05528e+07 1.71333e+07 2.33019e+07 1.41862e+07 169 10
73000 1.24788e+08 6.36642e+09 2.18655e+10 2.98385e+07 1.63942e+07 2.70275e+07 1.81739e+07 179 10
74000 1.30352e+08 6.34892e+09 1.86267e+10 3.19672e+07 1.69928e+07 3.49785e+07 2.91629e+07 176 8
75000 1.39622e+08 6.30956e+09 9.35929e+09 3.5344e+07 2.08746e+07 3.52946e+07 2.75135e+07 176 7
76000 1.41517e+08 6.24413e+09 1.39452e+10 3.78758e+07 2.23919e+07 2.72918e+07 1.54525e+07 173 9
77000 1.3185e+08 6.2184e+09 3.46806e+10 3.32152e+07 1.97889e+07 3.1531e+07 2.18639e+07 156 8
78000 1.20748e+08 6.24175e+09 5.18297e+10 2.94743e+07 1.66173e+07 3.58333e+07 3.02699e+07 168 8
79000 1.293e+08 6.24381e+09 3.68816e+10 3.45992e+07 2.01173e+07 2.55061e+07 1.41621e+07 164 11
80000 1.372e+08 6.20587e+09 2.51351e+10 4.05208e+07 2.66589e+07 3.71278e+07 2.89421e+07 165 8
81000 1.3864e+08 6.13522e+09 3.33076e+10 3.69463e+07 1.86848e+07 2.52592e+07 1.19271e+07 172 11
82000 1.44473e+08 6.08787e+09 1.43674e+10 3.3099e+07 2.03347e+07 2.32867e+07 1.05285e+07 181 12
83000 1.39826e+08 6.02342e+09 2.80961e+10 3.12559e+07 1.68595e+07 2.88628e+07 1.44314e+07 188 10
84000 1.28343e+08 6.02182e+09 3.27629e+10 2.77766e+07 1.59727e+07 2.5114e+07 1.15094e+07 182 12
85000 1.23567e+08 6.04266e+09 3.43563e+10 3.04589e+07 1.86039e+07 2.36705e+07 1.14992e+07 170 15
86000 1.31285e+08 6.03828e+09 2.22069e+10 3.53329e+07 2.35528e+07 4.86443e+07 4.13535e+07 166 9
87000 1.28589e+08 6.03043e+09 1.51542e+10 3.20568e+07 2.08468e+07 9.85222e+07 5.02631e+07 168 14
88000 1.22006e+08 6.04115e+09 2.00271e+10 2.7202e+07 1.6198e+07 3.76437e+07 2.19489e+07 178 13
89000 1.2611e+08 6.04975e+09 1.91057e+10 2.92012e+07 1.71608e+07 3.8029e+07 2.35336e+07 178 13
90000 1.31189e+08 6.01354e+09 2.96049e+10 3.24743e+07 1.83989e+07 2.57918e+07 1.17206e+07 171 15
91000 1.35229e+08 5.9687e+09 2.26937e+10 3.16852e+07 1.60182e+07 3.10453e+07 1.6858e+07 178 12
92000 1.33732e+08 5.95771e+09 2.01342e+10 3.40498e+07 1.88599e+07 3.03654e+07 1.8545e+07 176 12
93000 1.24188e+08 5.97824e+09 1.9427e+10 2.93853e+07 1.62965e+07 2.21062e+07 9.75201e+06 176 15
94000 1.16356e+08 6.04056e+09 2.59496e+10 3.33869e+07 2.00505e+07 2.14985e+07 1.20028e+07 153 12
95000 1.08372e+08 6.11623e+09 3.40269e+10 3.15208e+07 1.97965e+07 2.1086e+07 1.18756e+07 153 13
96000 1.03623e+08 6.21671e+09 4.38069e+10 2.89531e+07 1.93421e+07 2.51036e+07 1.43836e+07 151 8
97000 9.90493e+07 6.32925e+09 5.69261e+10 2.94911e+07 1.94981e+07 2.10589e+07 9.67728e+06 140 10
98000 1.0143e+08 6.43632e+09 4.94891e+10 3.04119e+07 1.92752e+07 2.7612e+07 1.61438e+07 140 10
99000 1.08284e+08 6.50405e+09 3.69633e+10 3.27905e+07 2.11235e+07 4.67258e+07 4.20313e+07 137 9
100000 1.14854e+08 6.54466e+09 4.13163e+10 4.15392e+07 2.53626e+07 3.66394e+07 2.27263e+07 141 14
101000 1.21294e+08 6.5622e+09 4.63677e+10 4.06006e+07 2.68621e+07 4.14544e+07 2.10227e+07 124 15
102000 1.23696e+08 6.55223e+09 4.67e+10 3.8799e+07 2.22677e+07 4.12286e+07 2.16212e+07 128 17
103000 1.27939e+08 6.5354e+09 3.64942e+10 3.48193e+07 1.85627e+07 3.07253e+07 1.54438e+07 142 24
104000 1.29814e+08 6.51936e+09 2.59276e+10 3.49761e+07 2.00491e+07 3.2899e+07 1.90914e+07 144 25
105000 1.26631e+08 6.50543e+09 3.06732e+10 3.07172e+07 1.79736e+07 3.50717e+07 1.7762e+07 152 26
106000 1.23607e+08 6.50573e+09 3.75828e+10 3.77606e+07 2.17099e+07 3.00843e+07 1.14962e+07 143 30
107000 1.27511e+08 6.49967e+09 3.95719e+10 8.05272e+07 6.26221e+07 5.03684e+07 2.24916e+07 140 37
108000 1.42651e+08 6.41327e+09 3.28844e+10 4.17966e+07 2.35634e+07 2.11572e+07 9.69416e+06 147 35
109000 1.57221e+08 6.27032e+09 2.85342e+10 4.02157e+07 2.11223e+07 1.24523e+08 1.14668e+08 158 36
110000 1.59219e+08 6.14413e+09 2.51311e+10 4.04427e+07 2.16808e+07 2.80308e+07 1.47066e+07 158 31
111000 1.46871e+08 6.07017e+09 2.79054e+10 3.64648e+07 1.94552e+07 2.56252e+07 1.23347e+07 153 28
112000 1.3538e+08 6.05868e+09 2.87297e+10 3.84236e+07 2.46849e+07 2.67575e+07 1.42746e+07 147 24
113000 1.27827e+08 6.06842e+09 2.34178e+10 3.23139e+07 1.81715e+07 2.69893e+07 1.97974e+07 151 24
114000 1.29093e+08 6.06718e+09 2.88219e+10 3.86415e+07 2.24816e+07 2.97071e+07 2.04335e+07 140 20
115000 1.29697e+08 6.05531e+09 2.17323e+10 3.87691e+07 2.36153e+07 2.54507e+07 1.70641e+07 155 21
116000 1.29672e+08 6.04479e+09 2.22184e+10 3.59197e+07 2.1091e+07 3.20997e+07 2.22861e+07 145 18
117000 1.33329e+08 6.01585e+09 3.23507e+10 3.69584e+07 2.05088e+07 2.72976e+07 1.55177e+07 149 21
118000 1.25177e+08 6.01257e+09 3.43686e+10 3.34158e+07 1.81327e+07 3.93854e+07 2.62871e+07 152 18
119000 1.14794e+08 6.07852e+09 2.08214e+10 2.71584e+07 1.57061e+07 2.65695e+07 1.25297e+07 154 23
120000 1.05305e+08 6.17221e+09 2.3338e+10 2.51585e+07 1.38693e+07 2.28402e+07 1.15082e+07 146 28
121000 1.02537e+08 6.28064e+09 3.09019e+10 2.95912e+07 1.87784e+07 4.43113e+07 2.19578e+07 133 26
122000 1.06312e+08 6.3574e+09 2.89238e+10 3.33558e+07 2.13206e+07 2.38986e+07 9.79235e+06 128 26
123000 1.14088e+08 6.40906e+09 2.71223e+10 4.7754e+07 3.36777e+07 7.59176e+07 3.8995e+07 142 20
124000 1.17664e+08 6.43525e+09 3.06867e+10 3.35843e+07 1.84834e+07 3.55457e+07 1.9035e+07 143 16
125000 1.20879e+08 6.45014e+09 2.53513e+10 3.22618e+07 1.71372e+07 5.88996e+07 3.1769e+07 148 19
126000 1.15018e+08 6.49456e+09 3.04382e+10 3.56304e+07 2.12994e+07 6.91058e+07 5.46312e+07 138 20
127000 1.09826e+08 6.5579e+09 3.12646e+10 3.21937e+07 2.07586e+07 2.81081e+07 1.54438e+07 137 19
128000 1.20091e+08 6.58469e+09 2.63992e+10 3.60374e+07 2.28639e+07 2.7221e+07 1.61691e+07 143 20
129000 1.36207e+08 6.52882e+09 2.67556e+10 4.13077e+07 2.47964e+07 2.30507e+07 1.13613e+07 143 23
130000 1.44565e+08 6.43328e+09 3.10524e+10 4.08559e+07 2.30926e+07 2.39597e+07 1.10193e+07 150 24
131000 1.45651e+08 6.35585e+09 2.02914e+10 4.47384e+07 2.80605e+07 2.69331e+07 1.48209e+07 156 24
132000 1.40135e+08 6.30817e+09 2.46935e+10 3.74949e+07 2.21293e+07 2.48115e+07 1.19529e+07 144 26
133000 1.33628e+08 6.28714e+09 2.36066e+10 3.17758e+07 1.76899e+07 2.62293e+07 1.31949e+07 162 25
134000 1.26484e+08 6.28502e+09 2.75268e+10 3.14601e+07 1.78946e+07 2.21762e+07 9.66125e+06 150 29
135000 1.2184e+08 6.32477e+09 2.56978e+10 3.28286e+07 2.03251e+07 2.4953e+07 1.18695e+07 145 27
136000 1.12973e+08 6.37522e+09 2.63038e+10 2.89188e+07 1.65918e+07 3.08582e+07 2.02949e+07 152 23
137000 1.11037e+08 6.43555e+09 2.24653e+10 2.69699e+07 1.57449e+07 2.61481e+07 1.55618e+07 160 25
138000 1.24946e+08 6.43717e+09 2.46672e+10 3.42768e+07 1.95853e+07 3.71227e+07 2.36733e+07 146 28
139000 1.40645e+08 6.35719e+09 1.82016e+10 3.46297e+07 2.17866e+07 4.95043e+07 2.62752e+07 148 29
140000 1.33876e+08 6.31535e+09 2.07342e+10 3.04296e+07 1.73571e+07 3.41929e+07 1.36196e+07 150 34
141000 1.27086e+08 6.29627e+09 2.9046e+10 3.01828e+07 1.60924e+07 2.44703e+07 9.96192e+06 157 37
142000 1.31213e+08 6.27585e+09 2.82615e+10 3.36225e+07 1.81796e+07 2.125e+07 8.51632e+06 154 36
143000 1.30642e+08 6.24646e+09 4.15319e+10 3.3442e+07 1.66906e+07 2.33497e+07 1.01073e+07 146 35
144000 1.31015e+08 6.23032e+09 3.84574e+10 3.6982e+07 1.8607e+07 1.93707e+07 9.11376e+06 146 34
145000 1.29093e+08 6.22802e+09 3.40714e+10 3.46803e+07 1.88723e+07 2.15842e+07 1.22059e+07 143 32
146000 1.16386e+08 6.28654e+09 3.05059e+10 3.0174e+07 1.71552e+07 2.1312e+07 1.27569e+07 138 33
147000 1.09545e+08 6.37095e+09 2.92306e+10 2.94011e+07 1.7661e+07 2.23025e+07 1.32865e+07 145 31
148000 1.09717e+08 6.41904e+09 2.1139e+10 2.56731e+07 1.26464e+07 2.65371e+07 1.71861e+07 157 33
149000 1.10856e+08 6.47318e+09 2.77405e+10 2.5471e+07 1.39205e+07 3.63297e+07 2.12397e+07 142 35
150000 1.13475e+08 6.53412e+09 1.96536e+10 2.75601e+07 1.73931e+07 3.26049e+07 1.23951e+07 138 39
151000 1.0898e+08 6.59316e+09 2.39509e+10 2.58085e+07 1.59531e+07 2.65021e+07 9.97269e+06 141 40
152000 1.10638e+08 6.65063e+09 2.21868e+10 2.91724e+07 1.67339e+07 2.5039e+07 1.27132e+07 138 43
153000 1.15408e+08 6.67364e+09 3.15567e+10 3.4528e+07 1.96675e+07 2.31268e+07 1.06786e+07 138 44
154000 1.21751e+08 6.67062e+09 2.32159e+10 3.12482e+07 1.65247e+07 2.07935e+07 9.14439e+06 149 48
155000 1.29388e+08 6.6697e+09 1.45129e+10 3.0663e+07 1.58068e+07 2.62413e+07 1.21603e+07 154 40
156000 1.33354e+08 6.64508e+09 1.82139e+10 3.57803e+07 1.96348e+07 2.93455e+07 1.88658e+07 143 39
157000 1.48132e+08 6.52945e+09 2.25611e+10 3.79421e+07 1.99072e+07 3.35782e+07 2.2827e+07 152 40
158000 1.55731e+08 6.38813e+09 2.44941e+10 3.94337e+07 2.00156e+07 3.39559e+07 1.85583e+07 148 41
159000 1.49902e+08 6.29066e+09 2.35962e+10 3.30193e+07 1.67255e+07 2.56127e+07 1.21887e+07 164 47
160000 1.45494e+08 6.22754e+09 2.05496e+10 3.52515e+07 1.98231e+07 2.25866e+07 1.2185e+07 159 46
161000 1.35158e+08 6.19598e+09 4.44873e+10 3.26481e+07 1.76996e+07 2.29278e+07 1.21781e+07 152 39
162000 1.36255e+08 6.15877e+09 3.26025e+10 3.4274e+07 1.89386e+07 1.95131e+07 9.3561e+06 155 46
163000 1.35003e+08 6.12408e+09 3.96494e+10 3.47377e+07 1.94174e+07 2.24543e+07 1.17458e+07 143 39
164000 1.28799e+08 6.1421e+09 2.90558e+10 3.43543e+07 2.10009e+07 3.01586e+07 1.57824e+07 148 38
165000 1.24212e+08 6.16303e+09 1.68297e+10 3.24167e+07 2.07099e+07 2.2693e+07 1.25644e+07 147 45
166000 1.22463e+08 6.17165e+09 2.72298e+10 3.19241e+07 1.72743e+07 2.52239e+07 1.36195e+07 146 37
167000 1.2809e+08 6.15437e+09 2.41329e+10 3.08113e+07 1.55571e+07 3.27604e+07 1.7743e+07 155 34
168000 1.25834e+08 6.15242e+09 1.94808e+10 2.65821e+07 1.3473e+07 3.2557e+07 1.57419e+07 159 37
169000 1.17215e+08 6.18581e+09 1.63761e+10 2.2963e+07 1.08433e+07 3.27688e+07 1.81686e+07 167 35
170000 1.1255e+08 6.25898e+09 2.21359e+10 2.52648e+07 1.4939e+07 3.19433e+07 1.72437e+07 153 37
171000 1.08507e+08 6.33254e+09 3.32617e+10 2.70126e+07 1.63877e+07 2.97673e+07 1.30924e+07 142 36
172000 1.08427e+08 6.40422e+09 2.55055e+10 2.69252e+07 1.61017e+07 3.15301e+07 1.78546e+07 141 34
173000 1.10805e+08 6.46294e+09 2.94617e+10 3.05803e+07 1.78949e+07 2.83385e+07 1.32675e+07 135 37
174000 1.20848e+08 6.46086e+09 2.81784e+10 3.27529e+07 1.55431e+07 2.63871e+07 1.34229e+07 137 39
175000 1.14194e+08 6.50452e+09 3.13749e+10 3.38617e+07 1.94254e+07 2.84183e+07 1.66853e+07 132 33
176000 1.09832e+08 6.58758e+09 2.44159e+10 2.97327e+07 1.73895e+07 2.23194e+07 1.09559e+07 130 41
177000 1.08281e+08 6.66805e+09 2.91736e+10 3.02584e+07 1.89037e+07 2.6658e+07 1.27397e+07 128 39
178000 1.11406e+08 6.71605e+09 2.44231e+10 3.03746e+07 1.73421e+07 3.11427e+07 1.57126e+07 129 37
179000 1.14426e+08 6.75514e+09 2.08496e+10 3.32327e+07 1.95722e+07 2.44757e+07 1.14059e+07 124 44
180000 1.18058e+08 6.77968e+09 2.2463e+10 3.25723e+07 1.86187e+07 2.94091e+07 1.87609e+07 129 37
181000 1.24194e+08 6.76823e+09 2.68533e+10 4.59622e+07 2.53564e+07 3.01069e+07 1.98077e+07 133 38
182000 1.3832e+08 6.69597e+09 3.79336e+10 4.04234e+07 2.02829e+07 3.10825e+07 1.79123e+07 133 38
183000 1.48401e+08 6.57598e+09 4.1914e+10 4.9446e+07 3.09557e+07 2.69146e+07 1.17905e+07 143 47
184000 1.62798e+08 6.41752e+09 2.67944e+10 4.04388e+07 1.97556e+07 3.35422e+07 1.30894e+07 161 47
185000 1.73937e+08 6.20195e+09 2.11886e+10 4.17311e+07 1.9424e+07 2.79102e+07 1.1572e+07 155 46
186000 1.55269e+08 6.10366e+09 1.88949e+10 3.44488e+07 1.66091e+07 2.31038e+07 1.21396e+07 160 49
187000 1.37013e+08 6.08124e+09 1.30763e+10 2.89758e+07 1.57396e+07 2.11008e+07 1.13099e+07 166 52
188000 1.29681e+08 6.07399e+09 1.28345e+10 2.82739e+07 1.51e+07 3.03226e+07 1.61278e+07 158 52
189000 1.25538e+08 6.09353e+09 1.76388e+10 2.86598e+07 1.52731e+07 2.62481e+07 1.60858e+07 149 46
190000 1.21613e+08 6.11767e+09 2.22236e+10 2.82712e+07 1.51238e+07 2.86463e+07 1.47853e+07 145 42
191000 1.18224e+08 6.15526e+09 2.10345e+10 3.2998e+07 2.0008e+07 2.34173e+07 1.07911e+07 136 51
192000 1.13687e+08 6.22347e+09 1.8324e+10 2.86423e+07 1.68366e+07 2.61144e+07 1.42566e+07 131 43
193000 1.05503e+08 6.31246e+09 2.4817e+10 2.64498e+07 1.49061e+07 2.83398e+07 1.50926e+07 130 39
194000 1.04069e+08 6.40584e+09 2.06757e+10 2.8114e+07 1.71467e+07 2.74655e+07 1.59383e+07 127 41
195000 1.09223e+08 6.46998e+09 1.44315e+10 3.03373e+07 1.85269e+07 2.41523e+07 1.26634e+07 132 46
196000 1.10608e+08 6.52212e+09 1.79308e+10 2.81485e+07 1.47429e+07 2.63719e+07 1.53467e+07 131 43
197000 1.06119e+08 6.59531e+09 2.57259e+10 2.7843e+07 1.56908e+07 2.5733e+07 1.42515e+07 128 44
198000 9.9954e+07 6.69552e+09 3.8844e+10 7.99124e+07 6.99515e+07 2.92437e+07 1.94077e+07 116 41
199000 1.11238e+08 6.7497e+09 3.57877e+10 3.75469e+07 2.2587e+07 2.7439e+07 1.5958e+07 109 49
200000 1.19899e+08 6.7584e+09 2.58289e+10 3.3506e+07 1.95492e+07 3.21617e+07 2.1899e+07 124 44
201000 1.23316e+08 6.75568e+09 2.79878e+10 3.33557e+07 2.0248e+07 3.92594e+07 2.10599e+07 116 47
202000 1.35314e+08 6.69155e+09 2.82975e+10 3.52637e+07 1.88261e+07 4.61429e+07 1.96436e+07 122 53
203000 1.39078e+08 6.61499e+09 1.52986e+10 3.20791e+07 1.79781e+07 3.54226e+07 1.5578e+07 125 59
204000 1.30288e+08 6.59542e+09 1.21294e+10 3.0494e+07 1.97027e+07 2.63387e+07 1.16294e+07 132 68
205000 1.275e+08 6.57896e+09 1.6503e+10 3.02835e+07 1.94741e+07 2.35243e+07 1.12731e+07 138 67
206000 1.29937e+08 6.5549e+09 3.56968e+10 3.47921e+07 1.99634e+07 2.24363e+07 9.93235e+06 127 63
207000 1.31822e+08 6.52579e+09 3.48993e+10 3.63724e+07 2.11333e+07 1.97702e+07 8.98116e+06 130 64
208000 1.32921e+08 6.49376e+09 3.34311e+10 3.59862e+07 1.80169e+07 2.0842e+07 1.1111e+07 132 63
209000 1.2967e+08 6.47988e+09 2.18983e+10 3.05753e+07 1.61928e+07 3.41506e+07 1.55117e+07 143 66
210000 1.25107e+08 6.49006e+09 2.14995e+10 3.49033e+07 1.85944e+07 1.83668e+07 8.60305e+06 140 64
211000 1.21933e+08 6.51774e+09 2.32545e+10 3.06504e+07 1.52658e+07 1.87198e+07 7.44274e+06 141 58
212000 1.15895e+08 6.56627e+09 2.14901e+10 3.04685e+07 1.71332e+07 2.24416e+07 1.17927e+07 138 51
213000 1.13261e+08 6.62233e+09 1.31386e+10 3.0131e+07 1.90872e+07 2.10211e+07 1.04786e+07 139 53
214000 1.12901e+08 6.66609e+09 2.19795e+10 3.04318e+07 1.69654e+07 2.47908e+07 1.19568e+07 130 51
215000 1.1727e+08 6.69475e+09 2.27829e+10 3.34619e+07 1.90237e+07 1.99668e+07 9.62729e+06 129 54
216000 1.24532e+08 6.68962e+09 2.39198e+10 3.31954e+07 1.86563e+07 2.33769e+07 1.44371e+07 142 47
217000 1.53063e+08 6.56521e+09 2.81896e+10 4.54887e+07 1.76939e+07 2.27716e+07 1.3243e+07 149 52
218000 1.53174e+08 6.44297e+09 2.67617e+10 3.52281e+07 1.50814e+07 2.22914e+07 1.26536e+07 151 57
219000 1.34194e+08 6.42406e+09 3.39785e+10 3.4605e+07 1.99882e+07 2.7459e+07 1.74073e+07 130 50
220000 1.25348e+08 6.45467e+09 4.10498e+10 3.46978e+07 1.95702e+07 3.43008e+07 1.64914e+07 122 48
221000 1.30289e+08 6.42062e+09 2.35807e+10 2.96241e+07 1.43638e+07 3.03179e+07 1.41669e+07 138 57
222000 1.24672e+08 6.44475e+09 1.94207e+10 2.71595e+07 1.54318e+07 3.22028e+07 1.83916e+07 131 55
223000 1.12509e+08 6.50139e+09 2.93154e+10 2.89086e+07 1.96753e+07 2.43432e+07 1.08974e+07 112 65
224000 1.08548e+08 6.5656e+09 2.59041e+10 2.81975e+07 1.66613e+07 2.51155e+07 1.27609e+07 120 57
225000 1.07172e+08 6.64111e+09 2.85205e+10 4.0905e+07 2.3821e+07 2.26541e+07 1.16995e+07 113 63
226000 1.10742e+08 6.69376e+09 3.4485e+10 3.59803e+07 2.38854e+07 2.30335e+07 1.06328e+07 111 62
227000 1.52607e+08 6.55024e+09 2.15815e+10 5.10665e+07 2.65496e+07 2.40958e+07 1.14717e+07 120 66
228000 1.56923e+08 6.3969e+09 2.36341e+10 4.19109e+07 2.05451e+07 3.29744e+07 1.92175e+07 123 70
229000 1.47768e+08 6.31102e+09 1.8925e+10 3.63556e+07 2.00338e+07 2.68662e+07 1.18446e+07 126 64
230000 1.33755e+08 6.28002e+09 2.69865e+10 2.94005e+07 1.47468e+07 2.71225e+07 1.38921e+07 128 68
231000 1.26157e+08 6.28693e+09 2.70902e+10 2.64671e+07 1.40607e+07 2.92584e+07 1.47037e+07 135 63
232000 1.16718e+08 6.31758e+09 3.9513e+10 2.34253e+07 1.29723e+07 3.11108e+07 1.63981e+07 133 60
233000 1.15132e+08 6.36388e+09 3.65809e+10 2.73684e+07 1.7661e+07 3.40674e+07 1.98835e+07 124 62
234000 1.2368e+08 6.37472e+09 2.75287e+10 3.07553e+07 1.97572e+07 2.68784e+07 1.32213e+07 132 62
235000 1.37696e+08 6.3138e+09 1.62674e+10 3.91079e+07 1.96924e+07 2.9964e+07 1.80848e+07 137 58
236000 1.44518e+08 6.23108e+09 1.70903e+10 4.28492e+07 2.40078e+07 3.84109e+07 2.25432e+07 127 65
237000 1.41805e+08 6.14943e+09 2.30403e+10 3.15423e+07 1.75245e+07 3.33722e+07 1.40888e+07 127 64
238000 1.29377e+08 6.14048e+09 2.12978e+10 3.06064e+07 1.88221e+07 2.64692e+07 1.16796e+07 126 65
239000 1.20855e+08 6.16228e+09 2.28146e+10 2.75581e+07 1.61631e+07 2.61049e+07 1.43784e+07 133 63
240000 1.21727e+08 6.18708e+09 1.23447e+10 3.29355e+07 2.16704e+07 2.37538e+07 1.27907e+07 127 67
241000 1.20971e+08 6.20914e+09 2.77667e+10 3.2659e+07 2.23008e+07 2.54158e+07 1.44558e+07 123 58
242000 1.32465e+08 6.171e+09 3.41517e+10 3.61731e+07 1.8418e+07 2.98011e+07 1.84895e+07 131 55
243000 1.33788e+08 6.11529e+09 3.78795e+10 3.81305e+07 1.79126e+07 2.69506e+07 1.63544e+07 131 52
244000 1.24627e+08 6.13867e+09 3.73693e+10 3.1383e+07 1.57047e+07 2.61208e+07 1.66995e+07 126 51
245000 1.16395e+08 6.19617e+09 3.16383e+10 3.02846e+07 1.64e+07 2.86461e+07 1.79112e+07 125 46
246000 1.11081e+08 6.25786e+09 2.08832e+10 2.88192e+07 1.62462e+07 3.09062e+07 1.9484e+07 121 46
247000 1.07626e+08 6.33311e+09 2.46873e+10 2.73458e+07 1.50333e+07 3.06798e+07 1.70378e+07 120 45
248000 1.05258e+08 6.42298e+09 3.27563e+10 2.96737e+07 1.94197e+07 2.56805e+07 1.43289e+07 116 48
249000 1.04089e+08 6.50991e+09 3.64405e+10 2.98288e+07 1.8292e+07 3.13014e+07 1.92156e+07 110 42
250000 1.04334e+08 6.59267e+09 3.98944e+10 3.31553e+07 2.15735e+07 2.9345e+07 1.79187e+07 109 44
251000 1.1055e+08 6.64521e+09 2.76317e+10 3.09577e+07 1.61157e+07 3.4253e+07 2.4805e+07 119 44
252000 1.15211e+08 6.67773e+09 2.44495e+10 3.56179e+07 1.98748e+07 3.33968e+07 2.23285e+07 111 46
253000 1.12729e+08 6.71963e+09 3.00257e+10 3.12969e+07 1.72186e+07 3.25403e+07 2.25574e+07 109 50
254000 1.05639e+08 6.78602e+09 3.88553e+10 2.97682e+07 1.64123e+07 3.04317e+07 1.83417e+07 104 50
255000 1.09167e+08 6.8525e+09 2.37067e+10 3.16854e+07 1.98092e+07 2.52989e+07 1.09855e+07 109 59
256000 1.09983e+08 6.88834e+09 3.4159e+10 3.08194e+07 1.71413e+07 3.02033e+07 1.54003e+07 112 58
257000 1.2027e+08 6.89541e+09 3.22156e+10 3.35464e+07 1.7136e+07 2.44617e+07 1.09547e+07 116 67
258000 1.23281e+08 6.88868e+09 2.79792e+10 3.4576e+07 1.85115e+07 2.17228e+07 1.00953e+07 120 65
259000 1.19829e+08 6.91262e+09 2.78607e+10 3.09072e+07 1.62205e+07 2.58888e+07 1.4217e+07 124 53
260000 1.15841e+08 6.9458e+09 2.60624e+10 2.92234e+07 1.66564e+07 2.34065e+07 1.18192e+07 132 55
261000 1.19382e+08 6.98234e+09 1.98914e+10 3.33817e+07 2.00681e+07 2.4651e+07 1.3507e+07 129 60
262000 1.22042e+08 6.99033e+09 2.19111e+10 3.27538e+07 1.88676e+07 3.05502e+07 2.0089e+07 127 53
263000 1.43051e+08 6.90264e+09 2.99858e+10 5.2326e+07 2.95749e+07 2.57824e+07 1.28808e+07 116 59
264000 1.53829e+08 6.7555e+09 2.52303e+10 3.79254e+07 1.72881e+07 2.94398e+07 1.62058e+07 133 55
265000 1.44008e+08 6.70589e+09 2.55954e+10 3.56094e+07 2.07012e+07 3.43933e+07 2.00928e+07 130 50
266000 1.49943e+08 6.59414e+09 3.85214e+10 4.27999e+07 2.09655e+07 3.65889e+07 1.87932e+07 125 53
267000 1.71745e+08 6.36436e+09 3.60269e+10 4.26456e+07 2.17962e+07 4.95269e+07 2.25938e+07 135 52
268000 1.76957e+08 6.12857e+09 2.41023e+10 3.62686e+07 1.63364e+07 3.82252e+07 1.66299e+07 144 61
269000 1.5042e+08 6.04965e+09 1.97722e+10 2.83139e+07 1.52262e+07 2.94087e+07 1.22277e+07 147 65
270000 1.27201e+08 6.07362e+09 3.45839e+10 2.77477e+07 1.62767e+07 3.095e+07 1.5463e+07 135 52
271000 1.1752e+08 6.11738e+09 3.66483e+10 5.90279e+07 4.51904e+07 2.61579e+07 1.37477e+07 133 57
272000 1.2062e+08 6.13581e+09 2.51715e+10 3.07661e+07 1.51061e+07 2.40142e+07 1.32818e+07 133 58
273000 1.21447e+08 6.14728e+09 2.19096e+10 3.1418e+07 1.55659e+07 2.35157e+07 1.35237e+07 127 61
274000 1.17374e+08 6.1943e+09 1.55383e+10 3.37401e+07 1.74784e+07 2.36424e+07 1.26448e+07 125 62
275000 1.09339e+08 6.27633e+09 1.73313e+10 3.09981e+07 2.05521e+07 2.23222e+07 1.15819e+07 122 65
276000 1.02831e+08 6.37243e+09 2.42015e+10 2.92643e+07 1.85158e+07 2.49326e+07 1.56555e+07 112 60
277000 1.01537e+08 6.46765e+09 2.78993e+10 3.35392e+07 2.36344e+07 2.56195e+07 1.59853e+07 113 58
278000 1.1369e+08 6.50303e+09 1.63147e+10 3.01193e+07 1.89653e+07 3.28226e+07 1.96189e+07 113 62
279000 1.26701e+08 6.47019e+09 1.91095e+10 3.47229e+07 2.21587e+07 3.83401e+07 1.96845e+07 112 60
280000 1.3846e+08 6.38604e+09 1.97766e+10 3.75765e+07 2.30964e+07 3.24425e+07 1.50613e+07 117 68
281000 1.39987e+08 6.29937e+09 2.45675e+10 3.65813e+07 1.82126e+07 2.57737e+07 1.17916e+07 115 73
282000 1.26694e+08 6.30514e+09 1.95076e+10 3.02242e+07 1.5804e+07 2.54939e+07 1.32036e+07 118 69
283000 1.16169e+08 6.35533e+09 1.44182e+10 2.62413e+07 1.46072e+07 2.36833e+07 1.38206e+07 121 81
284000 1.14502e+08 6.39661e+09 1.78704e+10 2.75118e+07 1.68411e+07 2.94916e+07 1.53084e+07 111 76
285000 1.18583e+08 6.41773e+09 1.8656e+10 2.57135e+07 1.46372e+07 3.20086e+07 1.73571e+07 125 70
286000 1.21555e+08 6.42275e+09 2.15366e+10 3.1572e+07 1.84723e+07 2.55382e+07 1.21893e+07 114 72
287000 1.23133e+08 6.4258e+09 2.17231e+10 4.56638e+07 2.88686e+07 2.3987e+07 1.27937e+07 114 78
288000 1.20905e+08 6.4344e+09 1.98502e+10 2.98967e+07 1.56643e+07 2.22251e+07 1.11731e+07 120 81
289000 1.20981e+08 6.45526e+09 1.61122e+10 3.0636e+07 1.78805e+07 2.20597e+07 1.13108e+07 120 82
290000 1.21767e+08 6.47091e+09 1.1681e+10 3.27967e+07 1.9222e+07 2.49848e+07 1.42798e+07 120 74
291000 1.29603e+08 6.45067e+09 1.66136e+10 3.67739e+07 2.12138e+07 2.77799e+07 1.8342e+07 111 75
292000 1.35712e+08 6.40101e+09 1.56552e+10 3.78925e+07 2.23498e+07 2.76221e+07 1.59049e+07 107 74
293000 1.32935e+08 6.35239e+09 1.88242e+10 3.78766e+07 2.04017e+07 2.73523e+07 1.53243e+07 117 79
294000 1.32491e+08 6.28739e+09 1.44957e+10 3.06084e+07 1.28311e+07 2.17924e+07 1.05639e+07 134 85
295000 1.32613e+08 6.25385e+09 7.24518e+09 2.75022e+07 1.1596e+07 2.21407e+07 1.22032e+07 145 87
296000 1.25221e+08 6.2696e+09 1.23884e+10 2.63613e+07 1.32962e+07 2.34573e+07 1.27877e+07 129 83
297000 1.189e+08 6.31084e+09 1.33881e+10 2.7741e+07 1.70749e+07 2.42822e+07 1.29841e+07 129 81
298000 1.16767e+08 6.33941e+09 2.73937e+10 3.49573e+07 2.38187e+07 2.76022e+07 1.39964e+07 121 80
299000 1.17565e+08 6.35326e+09 2.28428e+10 2.29812e+07 1.26565e+07 2.88541e+07 1.56186e+07 128 83
300000 1.21832e+08 6.36602e+09 2.00783e+10 2.39301e+07 1.23306e+07 3.73668e+07 2.36622e+07 132 77
301000 1.28483e+08 6.34098e+09 2.39028e+10 2.48607e+07 1.11769e+07 3.17598e+07 1.7969e+07 132 85
302000 1.31881e+08 6.29949e+09 1.07351e+10 2.51661e+07 1.33512e+07 3.21453e+07 1.61908e+07 125 87
303000 1.25261e+08 6.2916e+09 2.13732e+10 2.58636e+07 1.64833e+07 2.65468e+07 1.33053e+07 113 94
304000 1.25916e+08 6.28483e+09 2.05417e+10 2.68586e+07 1.50831e+07 3.14121e+07 1.66394e+07 115 102
305000 1.34264e+08 6.23056e+09 1.32629e+10 3.02187e+07 1.56097e+07 4.0431e+07 2.039e+07 119 106
306000 1.37222e+08 6.16643e+09 1.56188e+10 2.84167e+07 1.47855e+07 2.75497e+07 1.23665e+07 113 100
307000 1.28253e+08 6.13992e+09 2.0221e+10 2.82217e+07 1.4008e+07 2.34526e+07 1.05799e+07 120 104
308000 1.18817e+08 6.16208e+09 2.70023e+10 2.4499e+07 1.13513e+07 2.16583e+07 1.06119e+07 122 100
309000 1.14351e+08 6.21758e+09 2.96205e+10 2.62846e+07 1.36247e+07 2.45267e+07 1.18533e+07 114 96
310000 1.13125e+08 6.27359e+09 2.01551e+10 2.54928e+07 1.25657e+07 2.2036e+07 1.13088e+07 117 96
311000 1.1044e+08 6.32317e+09 3.16385e+10 2.54244e+07 1.30757e+07 2.2037e+07 1.11912e+07 114 93
312000 1.22483e+08 6.33525e+09 2.19422e+10 3.11712e+07 1.55916e+07 2.51111e+07 1.20418e+07 109 93
313000 1.24507e+08 6.31478e+09 2.17424e+10 2.61977e+07 1.25953e+07 3.39849e+07 2.10335e+07 122 89
314000 1.19385e+08 6.34581e+09 2.87216e+10 2.52609e+07 1.34548e+07 3.93507e+07 1.83784e+07 111 89
315000 1.20672e+08 6.37531e+09 2.82328e+10 3.03695e+07 1.77504e+07 2.86539e+07 1.81548e+07 98 89
316000 1.22965e+08 6.37082e+09 2.81179e+10 4.2773e+07 2.93386e+07 2.64736e+07 1.60503e+07 105 86
317000 1.32244e+08 6.34065e+09 1.5934e+10 3.79445e+07 2.23571e+07 2.73748e+07 1.61524e+07 104 86
318000 1.37171e+08 6.28197e+09 1.0647e+10 3.6037e+07 1.97401e+07 3.59019e+07 2.14432e+07 111 88
319000 1.38602e+08 6.21816e+09 1.08856e+10 4.24923e+07 2.44312e+07 2.533e+07 1.22016e+07 111 94
320000 1.36509e+08 6.16706e+09 1.46161e+10 3.5262e+07 1.96682e+07 2.49394e+07 1.28263e+07 103 95
321000 1.34532e+08 6.12557e+09 2.02753e+10 3.83237e+07 2.18307e+07 2.29439e+07 1.10339e+07 95 104
322000 1.2946e+08 6.10704e+09 1.5389e+10 3.25323e+07 1.77295e+07 2.4863e+07 1.30135e+07 102 97
323000 1.21289e+08 6.12118e+09 1.44803e+10 2.99341e+07 1.81054e+07 2.47411e+07 1.43067e+07 104 99
324000 1.17768e+08 6.147e+09 1.24494e+10 2.61053e+07 1.41363e+07 2.60238e+07 1.56551e+07 110 106
325000 1.20404e+08 6.1754e+09 1.30924e+10 2.86522e+07 1.60305e+07 2.55504e+07 1.43577e+07 99 103
326000 1.15359e+08 6.19422e+09 2.39774e+10 2.74311e+07 1.59785e+07 2.42835e+07 1.1318e+07 93 105
327000 1.14588e+08 6.24312e+09 1.62279e+10 2.80623e+07 1.7556e+07 2.47359e+07 1.28627e+07 100 100
328000 1.1165e+08 6.29967e+09 1.28244e+10 2.58839e+07 1.51755e+07 2.57217e+07 1.47232e+07 98 93
329000 1.10438e+08 6.36268e+09 1.93102e+10 3.10311e+07 2.12951e+07 2.64545e+07 1.5001e+07 85 92
330000 1.13112e+08 6.39614e+09 1.74987e+10 3.31259e+07 2.34002e+07 3.08476e+07 1.98035e+07 86 92
331000 1.24013e+08 6.37875e+09 2.20288e+10 3.57106e+07 2.39156e+07 2.94993e+07 1.44267e+07 85 99
332000 1.32323e+08 6.3257e+09 2.66837e+10 5.02854e+07 3.7568e+07 2.87942e+07 1.34285e+07 77 102
333000 1.32079e+08 6.28e+09 2.25075e+10 4.31161e+07 3.0077e+07 2.61472e+07 1.15491e+07 83 105
334000 1.29723e+08 6.25209e+09 2.33523e+10 3.99916e+07 2.65421e+07 2.63031e+07 1.25723e+07 82 102
335000 1.36427e+08 6.19832e+09 1.70211e+10 4.27808e+07 2.50747e+07 2.5715e+07 1.32516e+07 93 96
336000 1.39555e+08 6.11772e+09 1.17867e+10 3.62458e+07 1.82595e+07 2.48352e+07 1.33285e+07 104 97
337000 1.31881e+08 6.10023e+09 1.57139e+10 3.23846e+07 1.81504e+07 2.51276e+07 1.30439e+07 105 89
338000 1.21863e+08 6.1092e+09 1.31054e+10 3.06296e+07 1.87259e+07 2.23111e+07 1.17162e+07 111 98
339000 1.14581e+08 6.15056e+09 2.58672e+10 2.7842e+07 1.68498e+07 2.22546e+07 1.1106e+07 105 93
340000 1.13485e+08 6.20605e+09 2.28623e+10 3.84037e+07 2.70251e+07 1.98658e+07 9.52626e+06 98 101
341000 1.12522e+08 6.25818e+09 2.72528e+10 3.68889e+07 2.57648e+07 1.85692e+07 8.40586e+06 82 108
342000 1.11023e+08 6.3143e+09 2.62406e+10 3.254e+07 2.00975e+07 3.0942e+07 2.10161e+07 92 100
343000 1.12347e+08 6.35531e+09 1.71311e+10 3.16277e+07 2.01474e+07 2.03454e+07 9.02028e+06 95 102
344000 1.16649e+08 6.38705e+09 1.87374e+10 3.98598e+07 2.83433e+07 2.42574e+07 1.30108e+07 98 93
345000 1.19843e+08 6.39332e+09 2.80481e+10 2.99623e+07 1.64919e+07 2.5897e+07 1.32753e+07 103 92
346000 1.23879e+08 6.38268e+09 2.85294e+10 3.22e+07 1.79064e+07 2.64006e+07 1.35298e+07 97 97
347000 1.22445e+08 6.38005e+09 2.04203e+10 2.86294e+07 1.49637e+07 2.3603e+07 1.04918e+07 101 105
348000 1.16561e+08 6.41047e+09 1.88706e+10 2.82614e+07 1.65528e+07 2.2069e+07 1.06552e+07 95 111
349000 1.11887e+08 6.46282e+09 3.17781e+10 2.86131e+07 1.76575e+07 2.39775e+07 1.23988e+07 82 108
350000 1.18543e+08 6.4884e+09 3.15608e+10 3.17813e+07 2.07992e+07 2.79697e+07 1.3874e+07 82 106
351000 1.29626e+08 6.45883e+09 3.20808e+10 4.78393e+07 2.64882e+07 3.56088e+07 1.9764e+07 75 99
352000 1.33286e+08 6.39268e+09 3.11611e+10 3.3721e+07 2.19853e+07 3.47183e+07 1.60595e+07 75 110
353000 1.30623e+08 6.35595e+09 3.13129e+10 3.33425e+07 2.06169e+07 2.98493e+07 1.4508e+07 76 111
354000 1.2953e+08 6.35063e+09 2.49088e+10 3.51897e+07 2.28877e+07 3.23955e+07 1.93045e+07 72 111
355000 1.23946e+08 6.33323e+09 3.20048e+10 3.38665e+07 1.96516e+07 2.73071e+07 1.34104e+07 74 115
356000 1.25331e+08 6.32678e+09 1.91472e+10 3.47105e+07 2.22236e+07 2.52494e+07 1.22356e+07 78 118
357000 1.25529e+08 6.32179e+09 1.74422e+10 3.99561e+07 2.47108e+07 2.48726e+07 1.25187e+07 72 124
358000 1.27282e+08 6.30441e+09 1.71092e+10 3.66812e+07 1.95278e+07 2.63739e+07 1.51653e+07 81 109
359000 1.26393e+08 6.28788e+09 1.87476e+10 3.60237e+07 1.86614e+07 2.43212e+07 1.26016e+07 83 109
360000 1.20617e+08 6.31678e+09 2.08092e+10 3.11773e+07 1.81314e+07 2.75685e+07 1.61173e+07 83 108
361000 1.15034e+08 6.35471e+09 2.23977e+10 3.05536e+07 1.85686e+07 2.74341e+07 1.58775e+07 82 103
362000 1.15612e+08 6.38393e+09 2.26881e+10 3.09311e+07 1.74353e+07 3.6402e+07 1.89139e+07 85 93
363000 1.14347e+08 6.4072e+09 2.25279e+10 3.18389e+07 1.7681e+07 2.68638e+07 1.51695e+07 80 97
364000 1.12213e+08 6.4572e+09 2.4928e+10 3.05926e+07 1.67063e+07 2.80148e+07 1.66124e+07 79 100
365000 1.08921e+08 6.51557e+09 2.38632e+10 4.64027e+07 2.00441e+07 2.36841e+07 1.23608e+07 79 108
366000 1.09227e+08 6.57163e+09 2.47719e+10 2.63904e+07 1.46689e+07 3.53473e+07 1.58313e+07 84 99
367000 1.10486e+08 6.62141e+09 2.62358e+10 3.02188e+07 1.75699e+07 2.79249e+07 1.619e+07 79 95
368000 1.16102e+08 6.66083e+09 2.13976e+10 3.89808e+07 2.61088e+07 2.56519e+07 1.39798e+07 67 106
369000 1.19936e+08 6.66068e+09 1.59529e+10 3.91981e+07 2.29194e+07 2.37449e+07 1.14971e+07 72 115
370000 1.2159e+08 6.66807e+09 1.25083e+10 3.53581e+07 2.06299e+07 2.53647e+07 1.40016e+07 78 112
371000 1.20072e+08 6.68e+09 9.71756e+09 3.57227e+07 2.38388e+07 2.55254e+07 1.51272e+07 74 110
372000 1.24518e+08 6.65918e+09 3.00538e+10 4.33797e+07 2.3372e+07 2.91142e+07 1.71973e+07 76 105
373000 1.46642e+08 6.53131e+09 2.32734e+10 4.9068e+07 2.11117e+07 2.71366e+07 1.59899e+07 77 115
374000 1.47297e+08 6.41934e+09 1.01273e+10 3.68364e+07 1.83358e+07 2.58983e+07 1.38474e+07 87 124
375000 1.3974e+08 6.36215e+09 1.81355e+10 3.55051e+07 1.96177e+07 3.00165e+07 1.73852e+07 83 112
376000 1.39837e+08 6.28544e+09 1.55046e+10 3.49202e+07 1.98814e+07 2.95905e+07 1.49837e+07 87 120
377000 1.3858e+08 6.21233e+09 2.12313e+10 3.27338e+07 1.88209e+07 4.03524e+07 2.57568e+07 88 116
378000 1.35935e+08 6.16704e+09 1.67285e+10 2.77631e+07 1.6011e+07 3.27897e+07 1.72623e+07 83 115
379000 1.25202e+08 6.15387e+09 1.87142e+10 2.50485e+07 1.46174e+07 2.84799e+07 1.43373e+07 80 125
380000 1.19745e+08 6.17635e+09 2.03745e+10 2.70316e+07 1.72738e+07 2.78639e+07 1.50195e+07 81 126
381000 1.16482e+08 6.20313e+09 3.48924e+10 3.1886e+07 2.10882e+07 2.9298e+07 1.55482e+07 74 116
382000 1.17607e+08 6.23055e+09 3.1557e+10 3.61817e+07 2.57676e+07 2.83454e+07 1.43603e+07 69 117
383000 1.20116e+08 6.24022e+09 2.79182e+10 3.81991e+07 2.29993e+07 2.59665e+07 1.44797e+07 58 124
384000 1.19867e+08 6.25025e+09 3.36435e+10 4.08548e+07 2.19636e+07 2.81779e+07 1.5866e+07 56 118
385000 1.13476e+08 6.29437e+09 2.76424e+10 3.3475e+07 1.94812e+07 2.53639e+07 1.37391e+07 64 116
386000 1.04317e+08 6.37467e+09 3.04889e+10 2.76239e+07 1.64967e+07 2.3254e+07 1.24149e+07 72 114
387000 1.02389e+08 6.46042e+09 2.38472e+10 2.75952e+07 1.68702e+07 2.54962e+07 1.42779e+07 69 106
388000 1.03572e+08 6.54122e+09 2.77458e+10 3.23148e+07 1.90233e+07 2.55113e+07 1.32519e+07 65 104
389000 1.09799e+08 6.5907e+09 2.28869e+10 3.81243e+07 2.06534e+07 2.71404e+07 1.4961e+07 62 106
390000 1.09302e+08 6.64132e+09 2.85455e+10 3.37152e+07 1.93897e+07 2.48247e+07 1.23274e+07 66 110
391000 1.11627e+08 6.6913e+09 2.09696e+10 3.11139e+07 1.81169e+07 3.34321e+07 1.89121e+07 71 99
392000 1.11663e+08 6.72869e+09 2.33459e+10 5.31958e+07 4.10371e+07 3.2435e+07 2.05924e+07 65 105
393000 1.16088e+08 6.75493e+09 2.04267e+10 3.84468e+07 2.62546e+07 2.82127e+07 1.63058e+07 59 112
394000 1.25871e+08 6.72611e+09 2.05357e+10 3.70673e+07 1.92912e+07 3.27513e+07 1.86174e+07 68 107
395000 1.32008e+08 6.64549e+09 3.17325e+10 3.58382e+07 1.69945e+07 3.07178e+07 1.48247e+07 72 117
396000 1.31409e+08 6.59912e+09 3.13023e+10 3.2725e+07 1.69678e+07 2.89737e+07 1.42948e+07 71 121
397000 1.31486e+08 6.56732e+09 2.24878e+10 4.83366e+07 2.67655e+07 3.45986e+07 2.00195e+07 68 130
398000 1.32903e+08 6.5229e+09 2.82398e+10 4.17127e+07 2.53736e+07 2.82638e+07 1.41133e+07 66 127
399000 1.31224e+08 6.48067e+09 2.8827e+10 4.01225e+07 2.60481e+07 2.82105e+07 1.28117e+07 67 130
400000 1.28283e+08 6.45134e+09 2.9966e+10 3.1067e+07 1.92976e+07 3.08701e+07 1.4203e+07 65 128
401000 1.2685e+08 6.41877e+09 2.78661e+10 2.80572e+07 1.67324e+07 2.71921e+07 1.17214e+07 58 150
402000 1.21851e+08 6.42472e+09 2.74198e+10 3.00328e+07 1.63211e+07 2.66024e+07 1.2076e+07 60 146
403000 1.1753e+08 6.44403e+09 3.0907e+10 2.50432e+07 1.54612e+07 2.97714e+07 1.41077e+07 58 135
404000 1.18826e+08 6.4497e+09 2.45241e+10 2.18439e+07 1.07435e+07 2.86109e+07 1.34542e+07 63 142
405000 1.21042e+08 6.4568e+09 1.46749e+10 2.7565e+07 1.74155e+07 2.59371e+07 1.29555e+07 54 162
406000 1.17927e+08 6.47396e+09 1.82144e+10 3.00728e+07 2.04247e+07 2.43766e+07 1.25195e+07 46 161
407000 1.15693e+08 6.49813e+09 2.97618e+10 3.56322e+07 2.61738e+07 2.44661e+07 1.14916e+07 41 156
408000 1.21634e+08 6.49304e+09 1.84081e+10 3.41685e+07 2.4065e+07 2.74676e+07 1.42339e+07 42 160
409000 1.30986e+08 6.43419e+09 1.87524e+10 3.33268e+07 2.1255e+07 3.2898e+07 1.63339e+07 40 165
410000 1.26909e+08 6.39964e+09 2.43774e+10 3.3413e+07 1.99962e+07 3.72797e+07 2.28651e+07 42 164
411000 1.14513e+08 6.42514e+09 3.01368e+10 3.21384e+07 1.94972e+07 2.02957e+07 8.55513e+06 39 176
412000 1.07587e+08 6.49669e+09 3.87454e+10 2.85156e+07 1.67792e+07 2.97924e+07 1.46959e+07 44 159
413000 1.08456e+08 6.5535e+09 3.87557e+10 3.68967e+07 2.12973e+07 2.81768e+07 1.60191e+07 40 149
414000 1.17528e+08 6.54868e+09 4.07041e+10 4.10055e+07 1.91004e+07 3.06258e+07 1.38167e+07 41 149
415000 1.2305e+08 6.53818e+09 3.43298e+10 4.17783e+07 2.09707e+07 2.88908e+07 1.61273e+07 46 152
416000 1.24605e+08 6.53545e+09 2.49687e+10 4.10732e+07 2.00577e+07 2.63835e+07 1.38756e+07 46 144
417000 1.18225e+08 6.54886e+09 2.36798e+10 2.9831e+07 1.5069e+07 2.57321e+07 1.29055e+07 50 147
418000 1.14896e+08 6.59144e+09 1.80566e+10 2.90727e+07 1.47085e+07 2.73539e+07 1.49754e+07 42 143
419000 1.09818e+08 6.65174e+09 2.4081e+10 3.56659e+07 2.46653e+07 4.02582e+07 2.28984e+07 42 135
420000 1.1011e+08 6.71262e+09 1.87889e+10 5.5583e+07 2.70667e+07 2.74611e+07 1.56591e+07 41 143
421000 1.05777e+08 6.76422e+09 3.13268e+10 2.81837e+07 2.10412e+07 2.72174e+07 1.49018e+07 39 136
422000 1.10201e+08 6.80392e+09 2.67353e+10 3.04743e+07 2.0513e+07 2.97483e+07 1.64343e+07 39 137
423000 1.17764e+08 6.80612e+09 3.62554e+10 3.2803e+07 1.86463e+07 3.29156e+07 1.64774e+07 39 131
424000 1.27613e+08 6.77078e+09 2.42731e+10 4.17259e+07 2.90059e+07 3.12888e+07 1.50779e+07 38 141
425000 1.31533e+08 6.71913e+09 1.79607e+10 3.56912e+07 2.00042e+07 3.47142e+07 2.01557e+07 43 138
426000 1.27545e+08 6.67901e+09 1.99491e+10 3.22129e+07 1.79753e+07 2.97387e+07 1.42895e+07 43 146
427000 1.26211e+08 6.65788e+09 2.10264e+10 3.08786e+07 1.87107e+07 3.10274e+07 1.50864e+07 41 147
428000 1.26425e+08 6.62736e+09 2.06439e+10 2.92455e+07 1.76252e+07 3.78739e+07 1.88239e+07 36 156
429000 1.2891e+08 6.59135e+09 1.80986e+10 2.75388e+07 1.5535e+07 3.14437e+07 1.59309e+07 37 160
430000 1.26746e+08 6.55515e+09 2.64618e+10 3.20132e+07 1.91997e+07 2.99988e+07 1.29424e+07 32 159
431000 1.1368e+08 6.58987e+09 2.22268e+10 3.17292e+07 2.12142e+07 2.2895e+07 1.06034e+07 32 166
432000 1.04856e+08 6.65947e+09 1.70826e+10 3.04355e+07 1.81248e+07 2.13665e+07 1.11801e+07 34 174
433000 1.07395e+08 6.71175e+09 1.13052e+10 2.97415e+07 1.73934e+07 2.55214e+07 1.2322e+07 32 177
434000 1.1129e+08 6.74576e+09 1.93429e+10 3.05224e+07 1.89205e+07 2.34395e+07 1.0428e+07 30 182
435000 1.11432e+08 6.78189e+09 2.07049e+10 3.09917e+07 1.94352e+07 2.60276e+07 1.32703e+07 27 164
436000 1.14736e+08 6.80726e+09 2.37168e+10 4.10004e+07 2.4287e+07 2.73484e+07 1.58759e+07 27 161
437000 1.32223e+08 6.74738e+09 2.65355e+10 5.21612e+07 2.03744e+07 2.91687e+07 1.43696e+07 33 164
438000 1.34734e+08 6.66628e+09 2.81094e+10 3.11678e+07 1.28332e+07 2.83594e+07 1.42513e+07 41 171
439000 1.36428e+08 6.61094e+09 2.93059e+10 3.27879e+07 1.76291e+07 3.79254e+07 2.13334e+07 33 156
440000 1.41941e+08 6.49634e+09 2.34045e+10 4.16604e+07 2.25015e+07 3.11899e+07 1.33275e+07 33 176
441000 1.32492e+08 6.44052e+09 1.99261e+10 3.42673e+07 1.63556e+07 2.46685e+07 1.14605e+07 37 193
442000 1.23348e+08 6.44968e+09 1.82058e+10 3.83113e+07 2.31309e+07 2.36413e+07 1.11153e+07 35 173
443000 1.1534e+08 6.47583e+09 1.15774e+10 2.93446e+07 1.53144e+07 2.52655e+07 1.36616e+07 44 171
444000 1.1088e+08 6.51877e+09 7.84149e+09 3.37582e+07 1.85577e+07 2.11434e+07 1.08962e+07 38 176
445000 1.07612e+08 6.57795e+09 9.74108e+09 2.96933e+07 1.50805e+07 2.49609e+07 1.40007e+07 39 174
446000 1.06268e+08 6.64413e+09 1.31638e+10 2.68313e+07 1.30135e+07 3.14686e+07 1.7137e+07 37 173
447000 1.07102e+08 6.68842e+09 1.74451e+10 2.41099e+07 1.14378e+07 2.0957e+07 1.06769e+07 40 193
448000 1.17845e+08 6.70306e+09 1.61024e+10 2.73939e+07 1.31341e+07 2.59678e+07 1.35811e+07 35 182
449000 1.32169e+08 6.63387e+09 1.31643e+10 2.85644e+07 1.36117e+07 3.04047e+07 1.5739e+07 36 177
450000 1.39997e+08 6.53106e+09 1.1019e+10 3.89803e+07 1.91848e+07 2.7661e+07 1.22486e+07 30 193
451000 1.38753e+08 6.43894e+09 1.21875e+10 3.96776e+07 2.01933e+07 2.44816e+07 1.07256e+07 27 214
452000 1.37351e+08 6.37678e+09 9.11473e+09 2.80166e+07 1.52615e+07 2.82188e+07 1.41848e+07 33 214
453000 1.39876e+08 6.29186e+09 1.01512e+10 2.15154e+07 1.16115e+07 3.00193e+07 1.49579e+07 33 196
454000 1.32808e+08 6.24536e+09 7.97161e+09 2.5284e+07 1.70961e+07 2.89822e+07 1.46158e+07 27 197
455000 1.22838e+08 6.25129e+09 1.56449e+10 2.2104e+07 1.21158e+07 2.5005e+07 1.28578e+07 28 196
456000 1.16275e+08 6.26873e+09 1.48814e+10 2.33418e+07 1.39039e+07 2.57089e+07 1.22978e+07 28 201
457000 1.17165e+08 6.29574e+09 1.66094e+10 2.57115e+07 1.28103e+07 2.47287e+07 1.27392e+07 26 191
458000 1.22623e+08 6.28744e+09 1.13237e+10 2.51162e+07 1.55483e+07 2.63034e+07 1.35748e+07 29 190
459000 1.206e+08 6.28021e+09 1.6595e+10 3.12375e+07 2.01677e+07 2.53904e+07 1.27993e+07 25 188
460000 1.15087e+08 6.29235e+09 2.04734e+10 3.30186e+07 1.76469e+07 2.25782e+07 1.17616e+07 23 197
461000 1.15281e+08 6.31487e+09 1.95629e+10 4.14453e+07 2.46931e+07 2.42665e+07 1.38068e+07 23 185
462000 1.16113e+08 6.33264e+09 2.03365e+10 4.62074e+07 2.63292e+07 2.26933e+07 1.14779e+07 22 188
463000 1.16388e+08 6.35705e+09 1.9205e+10 3.42994e+07 1.53344e+07 3.24596e+07 2.06883e+07 25 173
464000 1.16108e+08 6.37724e+09 1.31873e+10 2.79073e+07 1.37767e+07 3.07867e+07 1.71525e+07 27 171
465000 1.12312e+08 6.39996e+09 2.72973e+10 3.06901e+07 1.99894e+07 2.34324e+07 1.19551e+07 24 178
466000 1.11183e+08 6.43251e+09 3.77502e+10 3.04129e+07 2.0227e+07 2.67495e+07 1.48837e+07 25 173
467000 1.14592e+08 6.45184e+09 2.82347e+10 2.6676e+07 1.72158e+07 2.87292e+07 1.65674e+07 27 180
468000 1.19579e+08 6.45165e+09 1.70004e+10 2.95314e+07 2.0795e+07 2.66802e+07 1.46863e+07 24 180
469000 1.20118e+08 6.45676e+09 1.44148e+10 3.02721e+07 2.04942e+07 2.66181e+07 1.47694e+07 24 178
470000 1.18706e+08 6.45276e+09 1.1049e+10 3.11018e+07 2.07298e+07 2.85339e+07 1.51661e+07 25 184
471000 1.20177e+08 6.44967e+09 1.41759e+10 3.00902e+07 1.61187e+07 3.16095e+07 1.956e+07 26 185
472000 1.20895e+08 6.4356e+09 1.7867e+10 3.15767e+07 1.61994e+07 4.39779e+07 3.22787e+07 26 185
473000 1.23989e+08 6.41437e+09 1.39065e+10 3.18469e+07 1.71935e+07 2.53586e+07 1.26602e+07 27 188
474000 1.26312e+08 6.39285e+09 1.39356e+10 3.12738e+07 1.87468e+07 3.09314e+07 1.85061e+07 27 183
475000 1.27505e+08 6.35729e+09 1.74081e+10 2.76113e+07 1.63372e+07 2.66577e+07 1.25366e+07 30 190
476000 1.27064e+08 6.32075e+09 8.08471e+09 3.82795e+07 2.24994e+07 2.5918e+07 1.26879e+07 32 191
477000 1.22481e+08 6.31071e+09 9.69512e+09 2.96945e+07 2.03243e+07 2.56362e+07 1.27723e+07 31 190
478000 1.22208e+08 6.31214e+09 1.22111e+10 3.36891e+07 2.49363e+07 3.14355e+07 1.4376e+07 28 184
479000 1.22779e+08 6.2996e+09 9.48168e+09 3.6594e+07 2.8752e+07 2.56368e+07 1.50097e+07 24 187
480000 1.18524e+08 6.29903e+09 8.82079e+09 3.69626e+07 2.67816e+07 2.12293e+07 1.05555e+07 26 208
481000 1.16495e+08 6.32386e+09 8.20518e+09 4.08885e+07 2.95867e+07 2.21435e+07 1.16638e+07 24 194
482000 1.12438e+08 6.36133e+09 1.40929e+10 3.30858e+07 2.0903e+07 2.45522e+07 1.3657e+07 27 192
483000 1.11037e+08 6.40018e+09 1.49365e+10 2.93197e+07 1.64002e+07 2.41849e+07 1.31511e+07 28 183
484000 1.09786e+08 6.43569e+09 1.93135e+10 3.00001e+07 1.99484e+07 2.28365e+07 1.15942e+07 31 185
485000 1.11731e+08 6.45954e+09 1.87206e+10 2.4917e+07 1.34858e+07 2.31589e+07 1.09853e+07 33 195
486000 1.1958e+08 6.45169e+09 1.06257e+10 2.52133e+07 1.35018e+07 2.44512e+07 1.04503e+07 32 201
487000 1.19566e+08 6.45016e+09 1.77547e+10 2.51513e+07 1.45288e+07 2.90323e+07 1.6015e+07 33 183
488000 1.17472e+08 6.45827e+09 1.63298e+10 2.80179e+07 1.52176e+07 2.44043e+07 1.19792e+07 29 188
489000 1.18147e+08 6.46299e+09 1.51438e+10 2.35814e+07 1.11983e+07 2.48571e+07 1.17837e+07 34 189
490000 1.18394e+08 6.47441e+09 1.17104e+10 2.1475e+07 7.81813e+06 2.6137e+07 1.41622e+07 35 187
491000 1.18635e+08 6.49123e+09 8.62985e+09 2.79381e+07 1.68933e+07 2.52845e+07 1.4017e+07 28 184
492000 1.14794e+08 6.51052e+09 1.94107e+10 2.65708e+07 1.53196e+07 2.47e+07 1.18293e+07 23 185
493000 1.12468e+08 6.53047e+09 2.15753e+10 3.20897e+07 1.99137e+07 2.37863e+07 1.21542e+07 22 194
494000 1.18777e+08 6.54317e+09 2.06436e+10 6.21802e+07 3.27848e+07 2.69992e+07 1.4415e+07 22 185
495000 1.24364e+08 6.52299e+09 2.1613e+10 3.08243e+07 1.68824e+07 2.84307e+07 1.4765e+07 21 184
496000 1.26955e+08 6.49207e+09 1.74968e+10 2.87141e+07 1.5135e+07 2.9639e+07 1.65306e+07 22 179
497000 1.26225e+08 6.46467e+09 1.09833e+10 3.31022e+07 2.21087e+07 3.01524e+07 1.61469e+07 22 188
498000 1.2278e+08 6.4497e+09 1.17738e+10 2.96785e+07 1.93456e+07 2.68043e+07 1.37062e+07 20 188
499000 1.15399e+08 6.46561e+09 2.20905e+10 2.82809e+07 1.68137e+07 2.55214e+07 1.29105e+07 22 182
500000 1.14045e+08 6.49845e+09 1.45612e+10 3.67474e+07 2.72682e+07 2.42005e+07 1.26946e+07 22 187
501000 1.12684e+08 6.52071e+09 1.59817e+10 4.42746e+07 2.41266e+07 2.16109e+07 1.09702e+07 21 198
502000 1.18251e+08 6.53651e+09 1.80438e+10 5.49255e+07 3.1373e+07 2.49578e+07 1.39034e+07 20 178
503000 1.22912e+08 6.51946e+09 1.91698e+10 4.64923e+07 2.88134e+07 2.83687e+07 1.43768e+07 21 173
504000 1.27982e+08 6.48054e+09 1.66625e+10 3.45987e+07 2.08659e+07 2.73591e+07 1.28634e+07 26 181
505000 1.19836e+08 6.48683e+09 2.49007e+10 3.43768e+07 2.01251e+07 3.91768e+07 2.59194e+07 24 172
506000 1.13054e+08 6.52249e+09 2.20325e+10 3.10766e+07 1.87286e+07 2.54939e+07 1.24475e+07 26 175
507000 1.1353e+08 6.56835e+09 7.61763e+09 3.43414e+07 2.00561e+07 2.59287e+07 1.48954e+07 27 166
508000 1.10075e+08 6.61277e+09 1.4741e+10 4.0916e+07 2.62066e+07 2.38725e+07 1.33853e+07 23 171
509000 1.10303e+08 6.65992e+09 1.41847e+10 4.66144e+07 3.2311e+07 2.41365e+07 1.39609e+07 19 173
510000 1.1052e+08 6.70126e+09 2.00756e+10 3.26584e+07 1.77779e+07 2.81009e+07 1.74228e+07 23 156
511000 1.12547e+08 6.72175e+09 2.39592e+10 3.55715e+07 2.30542e+07 2.86123e+07 1.5722e+07 20 165
512000 1.2277e+08 6.69701e+09 1.37013e+10 3.50362e+07 2.33989e+07 3.06492e+07 1.66288e+07 21 170
513000 1.38155e+08 6.5987e+09 1.95151e+10 7.73645e+07 6.33329e+07 3.26615e+07 1.55936e+07 21 186
514000 1.44281e+08 6.46562e+09 9.77913e+09 4.01655e+07 2.3308e+07 2.79004e+07 1.26355e+07 22 205
515000 1.36354e+08 6.39291e+09 1.27184e+10 3.78473e+07 2.00377e+07 2.63979e+07 1.21691e+07 21 200
516000 1.29799e+08 6.35887e+09 1.07157e+10 3.18157e+07 1.92144e+07 2.63994e+07 1.38813e+07 21 197
517000 1.23241e+08 6.3338e+09 1.35335e+10 3.31994e+07 2.25047e+07 3.10036e+07 1.30653e+07 18 202
518000 1.23408e+08 6.31792e+09 8.63227e+09 3.13733e+07 2.19656e+07 2.82953e+07 1.4034e+07 17 212
519000 1.20853e+08 6.31418e+09 6.39996e+09 2.76568e+07 1.84577e+07 2.38771e+07 1.17764e+07 19 211
520000 1.12255e+08 6.34479e+09 1.30829e+10 2.50473e+07 1.59661e+07 2.06519e+07 1.06731e+07 19 220
521000 1.04136e+08 6.41293e+09 2.97528e+10 2.42688e+07 1.644e+07 2.22294e+07 1.27019e+07 19 218
522000 1.04914e+08 6.48666e+09 3.02362e+10 2.63484e+07 2.01379e+07 2.1484e+07 1.12371e+07 18 204
523000 1.08777e+08 6.54628e+09 2.72831e+10 2.40927e+07 1.34892e+07 2.63921e+07 1.58595e+07 20 181
524000 1.14675e+08 6.566e+09 2.08663e+10 3.01117e+07 2.18561e+07 2.60855e+07 1.37789e+07 17 196
525000 1.22628e+08 6.54615e+09 1.37888e+10 3.28282e+07 2.29932e+07 2.75832e+07 1.62189e+07 14 194
526000 1.24076e+08 6.50923e+09 2.41511e+10 4.47271e+07 3.6906e+07 2.70195e+07 1.37069e+07 14 197
527000 1.26011e+08 6.4879e+09 2.76591e+10 3.18748e+07 2.45428e+07 2.82175e+07 1.41678e+07 12 193
528000 1.24857e+08 6.47594e+09 2.09121e+10 3.88754e+07 2.92123e+07 2.84573e+07 1.49415e+07 13 193
529000 1.17744e+08 6.4798e+09 2.96324e+10 5.34986e+07 4.42984e+07 2.48721e+07 1.2399e+07 12 190
530000 1.17976e+08 6.48741e+09 2.03603e+10 4.91769e+07 1.99493e+07 2.35582e+07 1.25916e+07 16 196
531000 1.13321e+08 6.51596e+09 2.30082e+10 4.64897e+07 2.29276e+07 2.41611e+07 1.34999e+07 15 196
532000 1.11009e+08 6.56296e+09 2.78495e+10 4.12314e+07 2.55924e+07 2.41911e+07 1.41323e+07 15 189
533000 1.14505e+08 6.60627e+09 1.73414e+10 2.91059e+07 1.93406e+07 2.73697e+07 1.75498e+07 23 175
534000 1.11977e+08 6.62183e+09 3.43838e+10 2.82709e+07 1.66148e+07 2.63625e+07 1.3476e+07 22 176
535000 1.16204e+08 6.62147e+09 3.05925e+10 2.85661e+07 1.67657e+07 2.55265e+07 1.15717e+07 23 187
536000 1.20688e+08 6.61833e+09 2.53964e+10 3.50817e+07 1.49936e+07 2.79545e+07 1.49094e+07 25 177
537000 1.24487e+08 6.59765e+09 2.7183e+10 3.49413e+07 2.09461e+07 2.8644e+07 1.37169e+07 25 172
538000 1.19473e+08 6.58282e+09 2.79316e+10 4.91423e+07 3.41141e+07 2.45359e+07 1.17756e+07 26 185
539000 1.18501e+08 6.60115e+09 2.33021e+10 2.99268e+07 1.46657e+07 2.56889e+07 1.27576e+07 29 177
540000 1.21675e+08 6.59401e+09 2.15703e+10 3.85554e+07 2.86875e+07 2.64981e+07 1.39919e+07 28 180
541000 1.23209e+08 6.57523e+09 2.0681e+10 3.26988e+07 2.40606e+07 2.61853e+07 1.36758e+07 26 184
542000 1.19335e+08 6.55696e+09 3.50996e+10 2.77617e+07 1.38444e+07 2.4667e+07 1.16883e+07 26 197
543000 1.25563e+08 6.53974e+09 2.00304e+10 3.01268e+07 2.14462e+07 2.49756e+07 1.17921e+07 28 200
544000 1.1996e+08 6.53648e+09 1.74777e+10 3.29207e+07 2.60127e+07 2.27023e+07 1.03583e+07 24 201
545000 1.14623e+08 6.57285e+09 1.64351e+10 3.46136e+07 2.20156e+07 2.16561e+07 1.02548e+07 20 206
546000 1.10538e+08 6.61189e+09 1.23742e+10 3.64466e+07 2.68933e+07 2.10246e+07 9.67239e+06 18 208
547000 1.09479e+08 6.65104e+09 9.97981e+09 2.75041e+07 1.69837e+07 2.13064e+07 1.01188e+07 22 209
548000 1.15111e+08 6.68418e+09 1.18769e+10 2.79758e+07 1.91731e+07 2.63698e+07 1.43408e+07 22 183
549000 1.19059e+08 6.66668e+09 8.6063e+09 2.19309e+07 1.11927e+07 2.65641e+07 1.21609e+07 26 195
550000 1.25073e+08 6.63353e+09 1.06942e+10 2.13634e+07 1.12424e+07 2.71038e+07 1.2673e+07 25 200
551000 1.37477e+08 6.56161e+09 7.56605e+09 2.91019e+07 2.1339e+07 2.9607e+07 1.4021e+07 21 204
552000 1.39765e+08 6.45594e+09 8.46989e+09 2.54768e+07 1.55181e+07 2.76708e+07 1.24982e+07 24 214
553000 1.40651e+08 6.35974e+09 1.18819e+10 3.43554e+07 2.39693e+07 2.80966e+07 1.30375e+07 19 212
554000 1.32626e+08 6.31097e+09 1.49956e+10 3.48406e+07 2.54403e+07 2.40918e+07 1.07196e+07 19 218
555000 1.2247e+08 6.29982e+09 1.40344e+10 2.75968e+07 1.75114e+07 2.43105e+07 1.10916e+07 26 225
556000 1.20402e+08 6.31009e+09 1.69187e+10 2.23566e+07 1.0793e+07 3.04126e+07 1.52922e+07 26 202
557000 1.17693e+08 6.3271e+09 1.54398e+10 2.19675e+07 9.55812e+06 2.63191e+07 1.47997e+07 26 206
558000 1.1832e+08 6.34381e+09 1.6879e+10 8.18854e+07 4.27521e+07 2.59305e+07 1.49099e+07 23 188
559000 1.18594e+08 6.35592e+09 1.9508e+10 2.49077e+07 1.10948e+07 2.62813e+07 1.34633e+07 27 183
560000 1.17152e+08 6.364e+09 2.3378e+10 2.75294e+07 1.38691e+07 2.5544e+07 1.3597e+07 25 177
561000 1.18795e+08 6.37909e+09 1.64971e+10 2.90717e+07 1.74844e+07 2.99585e+07 1.61208e+07 36 166
562000 1.19496e+08 6.39175e+09 1.99364e+10 3.30937e+07 1.45198e+07 2.71038e+07 1.50709e+07 32 162
563000 1.15023e+08 6.4133e+09 3.27747e+10 3.14045e+07 1.35194e+07 2.65756e+07 1.43815e+07 30 155
564000 1.15034e+08 6.44365e+09 3.08796e+10 3.68662e+07 2.30019e+07 3.49874e+07 2.05858e+07 24 146
565000 1.12924e+08 6.4665e+09 2.26557e+10 2.54382e+07 1.346e+07 2.9811e+07 1.65691e+07 32 147
566000 1.10394e+08 6.50633e+09 2.22704e+10 2.41593e+07 1.1929e+07 2.94511e+07 1.58159e+07 34 156
567000 1.08441e+08 6.55259e+09 1.79966e+10 2.75535e+07 1.91382e+07 2.31847e+07 1.19538e+07 29 180
568000 1.06827e+08 6.6029e+09 1.92972e+10 2.75886e+07 1.53434e+07 2.37789e+07 1.20383e+07 29 169
569000 1.0491e+08 6.67122e+09 2.93356e+10 2.54057e+07 1.42244e+07 2.71258e+07 1.51311e+07 30 146
570000 1.06936e+08 6.73135e+09 2.54336e+10 2.53848e+07 1.42628e+07 2.86607e+07 1.69868e+07 32 147
571000 1.14209e+08 6.74958e+09 1.32777e+10 2.75429e+07 1.59759e+07 2.71317e+07 1.40279e+07 31 169
572000 1.19425e+08 6.73612e+09 2.22362e+10 3.17132e+07 2.02181e+07 2.71333e+07 1.34782e+07 30 177
573000 1.21809e+08 6.72475e+09 2.15552e+10 3.23053e+07 2.10253e+07 3.54353e+07 1.65681e+07 26 167
574000 1.24385e+08 6.70997e+09 1.70223e+10 3.35468e+07 2.25931e+07 3.06596e+07 1.63199e+07 25 163
575000 1.33463e+08 6.64451e+09 1.56768e+10 3.99879e+07 3.21401e+07 3.6708e+07 1.47948e+07 21 174
576000 1.3187e+08 6.58656e+09 1.1747e+10 3.26779e+07 2.44056e+07 2.95971e+07 1.57674e+07 24 178
577000 1.22673e+08 6.57822e+09 1.99948e+10 4.02728e+07 3.24552e+07 5.66435e+07 1.6362e+07 20 179
578000 1.16925e+08 6.58946e+09 3.00699e+10 3.73813e+07 2.83492e+07 2.53064e+07 1.18654e+07 20 178
579000 1.15544e+08 6.60717e+09 1.633e+10 5.36837e+07 4.34963e+07 2.43611e+07 1.2556e+07 23 193
580000 1.14219e+08 6.62924e+09 1.50184e+10 3.93072e+07 2.6437e+07 2.36489e+07 1.26363e+07 23 189
581000 1.23989e+08 6.60682e+09 1.13753e+10 4.64638e+07 2.83806e+07 2.6611e+07 1.34635e+07 25 184
582000 1.36426e+08 6.51874e+09 1.01586e+10 4.03303e+07 1.95972e+07 2.74449e+07 1.19397e+07 30 190
583000 1.32979e+08 6.46045e+09 7.96592e+09 3.54716e+07 1.45455e+07 2.43843e+07 1.1135e+07 31 196
584000 1.22206e+08 6.46961e+09 1.54949e+10 3.63835e+07 2.04969e+07 2.30717e+07 1.20863e+07 29 186
585000 1.10227e+08 6.5139e+09 3.26704e+10 2.76475e+07 1.26298e+07 2.63811e+07 1.32754e+07 28 185
586000 1.115e+08 6.57338e+09 2.64755e+10 3.28611e+07 1.75937e+07 2.98478e+07 1.76724e+07 23 182
587000 1.11608e+08 6.59956e+09 2.38057e+10 2.58895e+07 1.23102e+07 2.56782e+07 1.32273e+07 25 178
588000 1.12166e+08 6.62909e+09 2.21482e+10 2.52373e+07 1.538e+07 2.43522e+07 1.2493e+07 23 192
589000 1.13416e+08 6.65948e+09 1.80301e+10 2.84034e+07 1.86171e+07 2.52771e+07 1.27441e+07 22 188
590000 1.21929e+08 6.64341e+09 1.24095e+10 3.30813e+07 1.50405e+07 2.87263e+07 1.16734e+07 24 197
591000 1.20238e+08 6.63701e+09 1.94354e+10 2.4751e+07 1.41512e+07 2.65393e+07 1.40029e+07 24 193
592000 1.12293e+08 6.67841e+09 1.52909e+10 2.22324e+07 9.95034e+06 2.51457e+07 1.417e+07 26 185
593000 1.11012e+08 6.72442e+09 1.14699e+10 2.08717e+07 1.03685e+07 2.79272e+07 1.66824e+07 29 179
594000 1.12827e+08 6.75226e+09 1.9977e+10 3.50393e+07 1.82921e+07 2.66889e+07 1.4697e+07 29 165
595000 1.25677e+08 6.73183e+09 2.25597e+10 5.11041e+07 1.65415e+07 2.73118e+07 1.45414e+07 27 170
596000 1.1685e+08 6.72379e+09 2.05724e+10 2.74377e+07 9.94635e+06 2.53531e+07 1.33134e+07 31 175
597000 1.14072e+08 6.76342e+09 1.84745e+10 2.7477e+07 1.43098e+07 2.61444e+07 1.5076e+07 27 181
598000 1.22357e+08 6.74279e+09 1.21021e+10 3.62587e+07 1.85459e+07 2.7578e+07 1.48139e+07 24 191
599000 1.37302e+08 6.63651e+09 2.66343e+10 3.55658e+07 1.56588e+07 3.14587e+07 1.37607e+07 26 184
600000 1.41138e+08 6.52728e+09 2.58897e+10 2.93295e+07 1.2783e+07 2.9589e+07 1.37226e+07 25 194
601000 1.3126e+08 6.48413e+09 1.52064e+10 2.39981e+07 1.15692e+07 2.80848e+07 1.45062e+07 25 206
602000 1.27043e+08 6.47054e+09 1.25176e+10 2.36545e+07 1.49579e+07 2.56721e+07 1.3643e+07 25 206
603000 1.25519e+08 6.44723e+09 1.22213e+10 2.05266e+07 9.88078e+06 2.78036e+07 1.48875e+07 23 205
604000 1.23244e+08 6.44739e+09 1.55646e+10 2.05239e+07 1.01432e+07 2.77832e+07 1.45368e+07 20 188
605000 1.19334e+08 6.46006e+09 1.60419e+10 1.86915e+07 1.3231e+07 3.19165e+07 1.59702e+07 22 187
606000 1.18447e+08 6.46194e+09 1.57425e+10 1.92136e+07 1.20329e+07 2.88358e+07 1.63811e+07 21 184
607000 1.25256e+08 6.43975e+09 1.48109e+10 1.46806e+07 9.14391e+06 2.87415e+07 1.52274e+07 25 202
608000 1.20464e+08 6.42566e+09 2.4901e+10 1.23866e+07 4.58418e+06 2.75875e+07 1.48993e+07 24 188
609000 1.13493e+08 6.4608e+09 2.82436e+10 1.41291e+07 6.68589e+06 2.88548e+07 1.64145e+07 22 187
610000 1.06947e+08 6.51366e+09 2.58424e+10 1.48959e+07 7.12679e+06 2.45555e+07 1.36022e+07 21 181
611000 1.10027e+08 6.57052e+09 2.78387e+10 1.94526e+07 1.0601e+07 2.842e+07 1.57155e+07 18 170
612000 1.11631e+08 6.58561e+09 2.21473e+10 2.09513e+07 1.03506e+07 2.60815e+07 1.43086e+07 18 185
613000 1.10153e+08 6.6276e+09 1.38042e+10 2.606e+07 1.30192e+07 2.34795e+07 1.27246e+07 16 196
614000 1.09233e+08 6.66685e+09 1.90207e+10 2.36573e+07 1.02781e+07 2.41168e+07 1.23703e+07 18 191
615000 1.13224e+08 6.69139e+09 2.78985e+10 3.40676e+07 1.98188e+07 3.21455e+07 1.6763e+07 14 174
616000 1.20368e+08 6.68389e+09 1.94881e+10 2.93478e+07 1.27199e+07 2.83839e+07 1.45298e+07 14 184
617000 1.19671e+08 6.68336e+09 1.70655e+10 8.02098e+07 3.18956e+07 2.9848e+07 1.65348e+07 14 180
618000 1.16878e+08 6.70184e+09 1.67472e+10 3.52926e+07 2.47933e+07 3.33497e+07 2.07702e+07 12 176
619000 1.15855e+08 6.72162e+09 1.3939e+10 3.62329e+07 2.85737e+07 2.76383e+07 1.5941e+07 13 180
620000 1.15745e+08 6.73195e+09 1.97046e+10 5.47394e+07 4.7689e+07 2.62891e+07 1.43185e+07 12 185
621000 1.24519e+08 6.69704e+09 2.24197e+10 1.23056e+08 9.62404e+07 2.66203e+07 1.52143e+07 14 176
622000 1.31115e+08 6.63581e+09 1.91662e+10 6.7276e+07 2.78348e+07 2.71102e+07 1.48483e+07 19 190
623000 1.2749e+08 6.6053e+09 1.61677e+10 4.97026e+07 2.21797e+07 2.73809e+07 1.55143e+07 20 182
624000 1.22925e+08 6.59126e+09 1.60802e+10 2.90116e+07 1.1275e+07 2.92761e+07 1.66219e+07 29 177
625000 1.24016e+08 6.57597e+09 1.91481e+10 2.2735e+07 9.69072e+06 3.14407e+07 1.91765e+07 29 168
626000 1.35821e+08 6.49596e+09 2.13038e+10 1.92431e+07 8.90508e+06 3.49598e+07 1.6429e+07 24 185
627000 1.39335e+08 6.37266e+09 2.67765e+10 1.65811e+07 8.25014e+06 3.16209e+07 1.35942e+07 23 190
628000 1.27035e+08 6.37049e+09 1.1989e+10 1.60749e+07 1.02727e+07 3.18301e+07 1.66852e+07 22 188
629000 1.14951e+08 6.40578e+09 2.0324e+10 1.67974e+07 1.18179e+07 2.92431e+07 1.79644e+07 19 185
630000 1.10866e+08 6.44284e+09 2.02925e+10 1.76427e+07 1.08889e+07 2.86533e+07 1.52992e+07 19 186
631000 1.11712e+08 6.47957e+09 1.66219e+10 2.17281e+07 1.0652e+07 2.63099e+07 1.53094e+07 18 182
632000 1.12514e+08 6.50914e+09 1.56591e+10 2.69188e+07 1.78931e+07 2.45634e+07 1.24347e+07 17 191
633000 1.11637e+08 6.54276e+09 2.0914e+10 3.98966e+07 3.07262e+07 2.51261e+07 1.29339e+07 14 183
634000 1.11479e+08 6.57387e+09 1.27324e+10 3.11751e+07 1.9392e+07 2.53808e+07 1.42703e+07 16 185
635000 1.14429e+08 6.60657e+09 9.40044e+09 3.64622e+07 2.61183e+07 2.6605e+07 1.49646e+07 13 187
636000 1.13093e+08 6.63508e+09 1.15318e+10 5.07684e+07 4.13617e+07 2.60197e+07 1.3708e+07 11 183
637000 1.10223e+08 6.67238e+09 1.20742e+10 2.9993e+07 1.94385e+07 2.48566e+07 1.35503e+07 14 184
638000 1.09489e+08 6.71645e+09 1.77636e+10 4.41627e+07 3.31287e+07 2.61893e+07 1.46625e+07 12 174
639000 1.1532e+08 6.74592e+09 1.96303e+10 8.08105e+07 6.74239e+07 2.91181e+07 1.80538e+07 11 164
640000 1.2321e+08 6.72376e+09 2.71053e+10 6.09469e+07 3.90639e+07 3.40475e+07 2.15748e+07 12 158
641000 1.4068e+08 6.60323e+09 2.92999e+10 4.36246e+07 2.3481e+07 3.61059e+07 1.78505e+07 13 183
642000 1.41869e+08 6.48083e+09 2.61539e+10 5.21248e+07 3.24877e+07 3.10174e+07 1.48608e+07 10 194
643000 1.32237e+08 6.42543e+09 2.31093e+10 3.36085e+07 1.72484e+07 2.66819e+07 1.2398e+07 9 210
644000 1.25876e+08 6.40493e+09 3.04433e+10 3.71663e+07 1.85832e+07 3.07169e+07 1.53949e+07 8 199
645000 1.21024e+08 6.39815e+09 2.91875e+10 3.40467e+07 2.10173e+07 2.54251e+07 1.2605e+07 5 204
646000 1.1146e+08 6.43923e+09 3.81861e+10 3.62369e+07 2.89392e+07 2.52206e+07 1.40557e+07 4 196
647000 1.12457e+08 6.48814e+09 2.13187e+10 2.36482e+07 1.76627e+07 3.36691e+07 1.87707e+07 6 194
648000 1.12451e+08 6.52532e+09 1.77558e+10 2.70797e+07 2.56516e+07 2.90118e+07 1.70845e+07 5 193
649000 1.09318e+08 6.55454e+09 1.87758e+10 2.19022e+07 1.70299e+07 2.49751e+07 1.26046e+07 6 195
650000 1.09051e+08 6.60825e+09 2.6394e+10 2.04525e+07 1.20678e+07 2.81898e+07 1.57984e+07 5 177
651000 1.12484e+08 6.64123e+09 1.91125e+10 2.97343e+07 2.6092e+07 4.159e+07 2.82926e+07 4 183
652000 1.174e+08 6.63685e+09 9.38601e+09 2.28601e+07 1.3273e+07 2.80843e+07 1.47723e+07 5 194
653000 1.18182e+08 6.62384e+09 1.57661e+10 2.65906e+07 1.32953e+07 2.82897e+07 1.48429e+07 4 196
654000 1.16181e+08 6.63127e+09 1.8321e+10 3.14585e+07 1.57293e+07 2.78628e+07 1.4996e+07 4 189
655000 1.15806e+08 6.64408e+09 2.59284e+10 3.05377e+07 1.52689e+07 3.03577e+07 1.75009e+07 4 185
656000 1.22537e+08 6.62962e+09 2.16454e+10 2.76602e+07 1.62166e+07 3.03826e+07 1.57373e+07 3 188
657000 1.25307e+08 6.58934e+09 2.26178e+10 3.14388e+07 1.57194e+07 2.95909e+07 1.41088e+07 2 194
658000 1.23309e+08 6.56678e+09 1.68882e+10 1.66142e+07 5.53807e+06 2.82027e+07 1.43674e+07 3 198
659000 1.2164e+08 6.55531e+09 1.66335e+10 1.44534e+07 4.81782e+06 2.92151e+07 1.5955e+07 3 201
660000 1.24434e+08 6.53186e+09 1.82698e+10 6.09472e+07 6.09472e+07 2.92707e+07 1.53818e+07 1 201
661000 1.25804e+08 6.49287e+09 2.28161e+10 2.83503e+07 1.41751e+07 2.93199e+07 1.58981e+07 2 199
662000 1.28489e+08 6.45594e+09 1.78043e+10 2.57731e+07 1.28865e+07 3.00328e+07 1.68058e+07 2 197
663000 1.2349e+08 6.42985e+09 2.12667e+10 2.3317e+07 1.16585e+07 2.93279e+07 1.51678e+07 2 210
664000 1.22977e+08 6.41706e+09 1.5117e+10 2.12073e+07 1.06036e+07 2.69865e+07 1.45788e+07 2 210
665000 1.2341e+08 6.39689e+09 9.53287e+09 2.53321e+07 1.2666e+07 2.57181e+07 1.36148e+07 2 220
666000 1.2129e+08 6.38798e+09 1.34191e+10 2.38845e+07 1.19423e+07 2.65478e+07 1.50145e+07 2 214
667000 1.17401e+08 6.38943e+09 1.99014e+10 2.32057e+07 1.16029e+07 2.72627e+07 1.48473e+07 2 213
668000 1.16498e+08 6.41258e+09 1.65666e+10 5.77468e+07 5.77468e+07 2.58875e+07 1.36481e+07 1 209
669000 1.13136e+08 6.4418e+09 1.91316e+10 4.54778e+07 4.54778e+07 2.48854e+07 1.3489e+07 2 201
670000 1.09275e+08 6.47569e+09 2.15255e+10 1.2009e+08 1.2009e+08 2.37822e+07 1.22059e+07 2 206
671000 1.14432e+08 6.49933e+09 1.52972e+10 1.21322e+08 6.18885e+07 2.3297e+07 1.25098e+07 5 206
672000 1.16615e+08 6.5023e+09 1.54591e+10 8.74758e+07 3.1994e+07 2.50313e+07 1.37307e+07 6 195
673000 1.1753e+08 6.51763e+09 1.44473e+10 3.98973e+07 1.71938e+07 2.50011e+07 1.34912e+07 8 205
674000 1.19976e+08 6.51578e+09 9.05763e+09 3.18357e+07 1.23793e+07 3.01866e+07 1.90159e+07 8 202
675000 1.20734e+08 6.50108e+09 1.79544e+10 4.58736e+07 2.61907e+07 2.74666e+07 1.53909e+07 6 207
676000 1.25088e+08 6.47507e+09 1.29806e+10 3.20566e+07 9.85354e+06 3.34874e+07 2.21682e+07 9 200
677000 1.25629e+08 6.44216e+09 2.25173e+10 3.51673e+07 1.6618e+07 3.0098e+07 1.66073e+07 8 187
678000 1.21617e+08 6.43303e+09 3.3815e+10 1.88028e+07 3.64656e+06 2.74128e+07 1.35605e+07 9 197
679000 1.20009e+08 6.44049e+09 1.5033e+10 1.47563e+07 3.27353e+06 2.6159e+07 1.36965e+07 8 204
680000 1.1457e+08 6.45631e+09 1.39304e+10 1.17938e+07 3.11232e+06 2.49911e+07 1.37904e+07 7 205
681000 1.15012e+08 6.46921e+09 1.54691e+10 8.67875e+06 2.36761e+06 2.72463e+07 1.56702e+07 7 198
682000 1.18294e+08 6.46097e+09 1.64222e+10 9.11961e+06 3.03987e+06 2.70329e+07 1.32685e+07 6 208
683000 1.18902e+08 6.47212e+09 1.89396e+10 1.21548e+07 5.60259e+06 2.75167e+07 1.51009e+07 5 193
684000 1.16038e+08 6.48493e+09 1.91144e+10 1.60573e+07 8.02865e+06 2.68098e+07 1.49228e+07 4 195
685000 1.11831e+08 6.50563e+09 2.91521e+10 2.19371e+07 1.6404e+07 2.72432e+07 1.50299e+07 6 187
686000 1.15295e+08 6.52481e+09 2.51837e+10 3.75557e+07 1.87779e+07 3.39679e+07 2.14919e+07 6 192
687000 1.16757e+08 6.51756e+09 2.70968e+10 3.85328e+07 1.15056e+07 2.61469e+07 1.32721e+07 8 197
688000 1.1592e+08 6.52095e+09 2.16405e+10 4.42088e+07 1.6256e+07 2.3055e+07 1.06437e+07 7 218
689000 1.15088e+08 6.54953e+09 2.13716e+10 2.20013e+07 5.32325e+06 2.69877e+07 1.35849e+07 11 197
690000 1.13144e+08 6.57872e+09 2.47584e+10 2.6076e+07 9.71027e+06 2.79204e+07 1.55661e+07 8 181
691000 1.16046e+08 6.5861e+09 1.78457e+10 2.84168e+07 1.2534e+07 2.75388e+07 1.45915e+07 7 197
692000 1.24118e+08 6.55342e+09 1.16795e+10 3.66166e+07 2.79777e+07 2.66769e+07 1.25831e+07 6 218
693000 1.27875e+08 6.50416e+09 1.32063e+10 2.68675e+07 1.27749e+07 3.10925e+07 1.80423e+07 7 209
694000 1.28301e+08 6.46638e+09 1.07354e+10 3.0068e+07 2.01003e+07 4.11791e+07 2.41762e+07 6 201
695000 1.26799e+08 6.42633e+09 1.03508e+10 2.60341e+07 1.21513e+07 2.74785e+07 1.50717e+07 7 209
696000 1.26445e+08 6.39874e+09 1.48593e+10 2.55793e+07 1.65077e+07 2.96019e+07 1.60948e+07 7 209
697000 1.23123e+08 6.3725e+09 1.83695e+10 2.40613e+07 1.07371e+07 2.50174e+07 1.30893e+07 7 218
698000 1.20367e+08 6.36177e+09 1.42215e+10 2.6064e+07 1.52105e+07 2.29574e+07 1.1097e+07 6 234
699000 1.20573e+08 6.35892e+09 1.42549e+10 4.36965e+07 3.07546e+07 2.49272e+07 1.20377e+07 3 218
700000 1.1935e+08 6.36032e+09 1.8576e+10 4.21295e+07 3.45502e+07 2.66449e+07 1.35176e+07 3 210
701000 1.20555e+08 6.35872e+09 7.85347e+09 3.98048e+07 2.79716e+07 2.49396e+07 1.2125e+07 3 221
702000 1.18186e+08 6.37232e+09 1.30203e+10 6.15199e+07 6.15199e+07 2.51325e+07 1.29632e+07 2 210
703000 1.1743e+08 6.38663e+09 1.52195e+10 4.35353e+07 3.84925e+07 2.55198e+07 1.35871e+07 4 206
704000 1.16628e+08 6.39248e+09 1.4759e+10 4.1073e+07 3.3314e+07 2.84278e+07 1.63795e+07 3 196
705000 1.16282e+08 6.40148e+09 1.16327e+10 7.97375e+07 7.97375e+07 2.61212e+07 1.43217e+07 2 198
706000 1.17658e+08 6.41305e+09 1.46576e+10 6.27755e+07 6.27755e+07 3.10206e+07 1.80774e+07 3 192
707000 1.19142e+08 6.41638e+09 1.89117e+10 3.59124e+07 2.11354e+07 3.02616e+07 1.77991e+07 5 196
708000 1.20624e+08 6.39741e+09 1.91491e+10 3.45455e+07 2.06777e+07 2.65175e+07 1.36338e+07 5 202
709000 1.21295e+08 6.38692e+09 2.09201e+10 3.07699e+07 1.53849e+07 2.78009e+07 1.39391e+07 4 197
710000 1.15098e+08 6.39156e+09 3.01253e+10 2.14728e+07 7.94002e+06 2.7111e+07 1.37486e+07 6 184
711000 1.1381e+08 6.4281e+09 2.54462e+10 3.71867e+07 2.68848e+07 3.53736e+07 1.90352e+07 4 186
712000 1.11005e+08 6.46885e+09 2.47934e+10 2.85873e+07 1.26425e+07 2.75035e+07 1.60498e+07 5 194
713000 1.0995e+08 6.50764e+09 2.53039e+10 8.21941e+07 8.21941e+07 2.64951e+07 1.4144e+07 2 188
714000 1.07383e+08 6.54556e+09 3.0317e+10 2.53969e+07 1.26985e+07 2.83469e+07 1.53715e+07 2 196
715000 1.10645e+08 6.57779e+09 1.22888e+10 2.42224e+07 1.21112e+07 3.67685e+07 2.47891e+07 2 202
716000 1.1297e+08 6.61468e+09 1.83939e+10 2.19101e+07 1.0955e+07 2.79613e+07 1.6636e+07 2 186
717000 1.15381e+08 6.63424e+09 2.47302e+10 2.24977e+07 1.12488e+07 2.97667e+07 1.71731e+07 2 180
718000 1.15142e+08 6.63088e+09 2.87292e+10 2.19655e+07 1.09827e+07 2.85162e+07 1.54626e+07 2 190
719000 1.17983e+08 6.62794e+09 3.67065e+10 1.00206e+07 2.50514e+06 2.88235e+07 1.56641e+07 4 190
720000 1.19062e+08 6.61406e+09 3.43539e+10 1.16179e+07 2.90447e+06 3.52367e+07 1.80701e+07 4 191
721000 1.16301e+08 6.62705e+09 3.91948e+10 1.31446e+07 3.28615e+06 2.75418e+07 1.37377e+07 4 191
722000 1.14271e+08 6.65231e+09 2.95776e+10 2.12535e+07 7.08449e+06 2.80333e+07 1.44071e+07 3 187
723000 1.14886e+08 6.67799e+09 1.50549e+10 2.0381e+07 6.79368e+06 3.24505e+07 2.06358e+07 3 191
724000 1.14442e+08 6.70399e+09 1.36599e+10 3.7723e+07 1.88615e+07 3.12526e+07 1.81367e+07 2 192
725000 1.10812e+08 6.73006e+09 2.56283e+10 1.83317e+07 4.58292e+06 2.59108e+07 1.36561e+07 4 194
726000 1.12202e+08 6.75687e+09 2.69797e+10 1.68185e+07 4.20463e+06 3.09328e+07 1.85523e+07 4 190
727000 1.16521e+08 6.75309e+09 1.9819e+10 2.28926e+07 7.63086e+06 3.10928e+07 1.67794e+07 3 191
728000 1.24463e+08 6.71737e+09 1.85794e+10 1.98717e+07 6.62391e+06 3.10374e+07 1.73156e+07 3 191
729000 1.31765e+08 6.64268e+09 1.92196e+10 3.12922e+07 1.56461e+07 2.91299e+07 1.406e+07 2 213
730000 1.33753e+08 6.57016e+09 1.54846e+10 1.35121e+07 3.37802e+06 2.98928e+07 1.47364e+07 4 216
731000 1.26179e+08 6.53964e+09 1.52494e+10 3.03619e+07 1.5181e+07 2.62147e+07 1.2859e+07 2 213
732000 1.20655e+08 6.54406e+09 2.35175e+10 2.65833e+07 1.32917e+07 2.69477e+07 1.38661e+07 2 199
733000 1.20294e+08 6.53354e+09 1.78531e+10 5.68387e+07 5.68387e+07 3.09858e+07 1.78271e+07 1 215
733128 1.19815e+08 6.53442e+09 1.9307e+10 0 0 2.5547e+07 1.29195e+07 0 212
