0 1.27534e+08 5.8036e+09 2.4e+09 2.4e+07 1.2e+07 2.4e+07 1.2e+07 190 10
1000 1.27705e+08 5.81278e+09 8.64662e+09 2.70493e+07 1.50988e+07 2.31749e+07 1.2772e+07 193 11
2000 1.26229e+08 5.81276e+09 1.22709e+10 2.68411e+07 1.51262e+07 1.87788e+07 1.0365e+07 195 12
3000 1.24034e+08 5.82838e+09 2.35234e+10 2.86498e+07 1.6746e+07 1.76667e+07 7.75469e+06 189 12
4000 1.27529e+08 5.84087e+09 1.35482e+10 3.07548e+07 1.95132e+07 1.81787e+07 8.6005e+06 177 11
5000 1.23369e+08 5.85327e+09 2.11262e+10 2.8988e+07 1.71596e+07 2.04788e+07 1.18723e+07 178 10
6000 1.21579e+08 5.87103e+09 1.48661e+10 2.69165e+07 1.5857e+07 1.54393e+07 6.53737e+06 190 13
7000 1.19439e+08 5.91007e+09 2.30622e+10 2.82566e+07 1.6537e+07 2.1149e+07 1.25285e+07 177 11
8000 1.20567e+08 5.93499e+09 1.12927e+10 2.76079e+07 1.6272e+07 2.43884e+07 1.46321e+07 182 10
9000 1.18778e+08 5.97194e+09 1.8316e+10 2.8466e+07 1.77078e+07 2.78768e+07 1.92991e+07 175 9
10000 1.19717e+08 6.00774e+09 1.92903e+10 2.81146e+07 1.68626e+07 2.24246e+07 9.70663e+06 182 12
11000 1.20747e+08 6.02939e+09 2.08223e+10 3.11313e+07 1.9444e+07 2.85578e+07 1.31628e+07 173 9
12000 1.20105e+08 6.05404e+09 4.25705e+10 3.19565e+07 2.03689e+07 3.48494e+07 2.0274e+07 154 9
13000 1.19092e+08 6.08083e+09 5.71208e+10 3.27652e+07 1.97226e+07 3.51716e+07 2.14655e+07 148 10
14000 1.25667e+08 6.08848e+09 3.9384e+10 3.36161e+07 1.96979e+07 2.70693e+07 1.4771e+07 158 12
15000 1.27142e+08 6.08537e+09 3.45944e+10 3.42921e+07 1.96558e+07 2.59018e+07 1.01807e+07 153 13
16000 1.24047e+08 6.09433e+09 2.92041e+10 3.14795e+07 1.81467e+07 2.49e+07 1.0066e+07 162 13
17000 1.22061e+08 6.12267e+09 1.85187e+10 2.99195e+07 1.76998e+07 2.99316e+07 1.97435e+07 168 12
18000 1.1531e+08 6.16869e+09 2.86444e+10 2.98996e+07 1.85508e+07 2.06518e+07 1.00428e+07 155 17
19000 1.12165e+08 6.22629e+09 2.5641e+10 2.70557e+07 1.51864e+07 2.90341e+07 1.9386e+07 169 13
20000 1.15804e+08 6.28301e+09 2.53586e+10 2.96338e+07 1.77664e+07 3.32764e+07 1.95574e+07 164 11
21000 1.20141e+08 6.3027e+09 1.67433e+10 3.13996e+07 1.88381e+07 2.99665e+07 1.57871e+07 162 12
22000 1.21707e+08 6.31634e+09 1.2831e+10 3.16872e+07 1.76531e+07 3.06928e+07 1.77498e+07 160 12
23000 1.21289e+08 6.34016e+09 9.04886e+09 2.82685e+07 1.55268e+07 2.27628e+07 1.0477e+07 176 17
24000 1.18006e+08 6.36933e+09 2.09354e+10 3.41502e+07 2.21977e+07 2.49464e+07 1.20256e+07 177 15
25000 1.21267e+08 6.38173e+09 2.87226e+10 3.09699e+07 1.69369e+07 2.50155e+07 1.02214e+07 169 14
26000 1.25815e+08 6.37657e+09 2.64022e+10 3.10477e+07 1.76123e+07 2.7188e+07 1.3594e+07 166 12
27000 1.26817e+08 6.38384e+09 2.34432e+10 3.22642e+07 1.88027e+07 3.35402e+07 2.36429e+07 165 11
28000 1.3226e+08 6.36572e+09 2.24168e+10 3.50037e+07 2.08196e+07 3.10416e+07 1.88105e+07 162 9
29000 1.33717e+08 6.31786e+09 2.64119e+10 3.30754e+07 1.74328e+07 2.61123e+07 1.60686e+07 177 7
30000 1.37755e+08 6.27127e+09 2.28346e+10 3.20358e+07 1.56399e+07 2.20216e+07 8.0281e+06 186 9
31000 1.37526e+08 6.22301e+09 2.07003e+10 3.15493e+07 1.54021e+07 2.41227e+07 9.47763e+06 184 8
32000 1.36144e+08 6.20167e+09 1.75543e+10 3.72212e+07 1.97963e+07 2.67322e+07 1.14699e+07 179 7
33000 1.26283e+08 6.21497e+09 2.65867e+10 3.04277e+07 1.71703e+07 3.08473e+07 2.10399e+07 173 6
34000 1.15129e+08 6.2752e+09 2.34544e+10 2.72616e+07 1.58758e+07 1.88957e+07 7.47662e+06 177 8
35000 1.16336e+08 6.33e+09 2.70768e+10 3.2422e+07 1.9751e+07 1.89481e+07 1.13451e+07 159 7
36000 1.18751e+08 6.35672e+09 3.50007e+10 3.34013e+07 1.85494e+07 1.5071e+07 5.99761e+06 148 8
37000 1.12337e+08 6.42751e+09 3.59004e+10 3.01839e+07 1.73158e+07 1.40016e+07 5.51915e+06 157 8
38000 1.08444e+08 6.51125e+09 3.41169e+10 3.30648e+07 2.12366e+07 2.71627e+07 2.00442e+07 145 5
39000 1.09972e+08 6.57959e+09 3.37618e+10 3.17237e+07 1.80125e+07 2.51487e+07 1.91015e+07 153 8
40000 1.14931e+08 6.62065e+09 3.87002e+10 3.50412e+07 2.0976e+07 4.18025e+07 3.86994e+07 141 6
41000 1.19972e+08 6.64825e+09 3.71478e+10 3.36563e+07 1.8847e+07 5.83099e+07 3.86546e+07 147 6
42000 1.24474e+08 6.6531e+09 2.70273e+10 4.90041e+07 3.49519e+07 5.92632e+07 2.87375e+07 147 9
43000 1.28673e+08 6.63495e+09 3.55233e+10 3.50215e+07 1.97313e+07 9.97276e+07 6.63831e+07 148 5
44000 1.38095e+08 6.57739e+09 3.08243e+10 3.91576e+07 2.21335e+07 4.69888e+07 2.82412e+07 152 8
45000 1.41716e+08 6.51742e+09 2.94487e+10 4.38987e+07 2.51071e+07 2.70044e+07 1.05845e+07 145 11
46000 1.35445e+08 6.48899e+09 3.30629e+10 4.04695e+07 2.26865e+07 2.85851e+07 1.2987e+07 145 9
47000 1.35107e+08 6.4611e+09 2.85533e+10 4.6053e+07 2.50644e+07 2.50263e+07 1.43359e+07 159 10
48000 1.30766e+08 6.45073e+09 3.19433e+10 4.11582e+07 2.55094e+07 2.47998e+07 1.04866e+07 153 10
49000 1.29875e+08 6.45245e+09 2.98135e+10 3.96999e+07 2.52841e+07 2.50477e+07 1.41864e+07 146 9
50000 1.23747e+08 6.46452e+09 3.64e+10 3.56663e+07 2.15334e+07 2.70807e+07 1.35404e+07 144 8
51000 1.2065e+08 6.50319e+09 3.22635e+10 3.48395e+07 2.03513e+07 1.8e+07 8.89539e+06 143 12
52000 1.11924e+08 6.55899e+09 4.27766e+10 3.34372e+07 1.92816e+07 2.96207e+07 2.22097e+07 136 9
53000 1.04917e+08 6.65084e+09 4.25899e+10 3.13663e+07 1.95147e+07 3.12067e+07 2.09259e+07 136 12
54000 1.1258e+08 6.71859e+09 4.10216e+10 4.06092e+07 2.10626e+07 4.63718e+07 3.10312e+07 132 13
55000 1.23375e+08 6.6779e+09 4.30421e+10 3.09133e+07 1.65899e+07 4.77091e+07 1.90029e+07 143 14
56000 1.15137e+08 6.75042e+09 2.87512e+10 3.74194e+07 2.02179e+07 4.25615e+07 2.05995e+07 140 18
57000 1.14446e+08 6.78724e+09 4.94695e+10 3.16723e+07 1.79385e+07 4.78234e+07 1.91523e+07 142 16
58000 1.25209e+08 6.77912e+09 3.68247e+10 3.68817e+07 2.24514e+07 4.58246e+07 1.6788e+07 139 19
59000 1.33437e+08 6.72877e+09 3.31507e+10 3.80715e+07 2.34473e+07 3.20237e+07 9.95664e+06 144 19
60000 1.32808e+08 6.70272e+09 3.85028e+10 3.59515e+07 2.00326e+07 1.89297e+07 6.77183e+06 147 23
61000 1.24367e+08 6.71566e+09 3.4847e+10 3.35016e+07 1.90853e+07 2.32894e+07 9.65747e+06 151 22
62000 1.237e+08 6.73197e+09 3.06182e+10 3.4092e+07 2.20083e+07 2.45337e+07 1.06321e+07 150 22
63000 1.34743e+08 6.69237e+09 2.70224e+10 5.03788e+07 2.86603e+07 2.63142e+07 1.21948e+07 149 19
64000 1.38564e+08 6.64902e+09 1.86839e+10 3.61842e+07 2.12911e+07 2.75022e+07 1.1478e+07 153 19
65000 1.28737e+08 6.632e+09 2.40138e+10 3.12829e+07 1.73855e+07 3.35177e+07 1.8139e+07 160 20
66000 1.18626e+08 6.65906e+09 3.31028e+10 2.90307e+07 1.58495e+07 2.39477e+07 8.14618e+06 158 20
67000 1.17042e+08 6.70933e+09 3.03304e+10 3.27977e+07 2.15131e+07 2.49578e+07 1.00723e+07 145 19
68000 1.2788e+08 6.69523e+09 2.26274e+10 3.72061e+07 2.11564e+07 2.345e+07 1.14358e+07 162 17
69000 1.52764e+08 6.54e+09 2.89068e+10 3.75551e+07 1.69325e+07 2.42757e+07 1.28316e+07 175 15
70000 1.39693e+08 6.49939e+09 3.07949e+10 3.18602e+07 1.71618e+07 1.97989e+07 8.7639e+06 173 16
71000 1.30524e+08 6.50619e+09 3.22194e+10 3.31868e+07 1.78512e+07 2.23911e+07 1.19179e+07 168 14
72000 1.38769e+08 6.43734e+09 2.73125e+10 3.18859e+07 1.48114e+07 2.2606e+07 1.45489e+07 179 14
73000 1.23443e+08 6.47212e+09 2.96909e+10 2.75363e+07 1.44356e+07 1.99347e+07 1.23433e+07 177 15
74000 1.34547e+08 6.45084e+09 2.68245e+10 3.90125e+07 1.88827e+07 2.79725e+07 2.16781e+07 173 12
75000 1.35974e+08 6.37618e+09 2.40146e+10 2.97641e+07 1.51905e+07 2.04223e+07 9.41665e+06 175 16
76000 1.27745e+08 6.40196e+09 1.86012e+10 2.9748e+07 1.53608e+07 2.56663e+07 1.79511e+07 180 12
77000 1.31244e+08 6.38397e+09 1.3995e+10 3.28902e+07 1.92721e+07 2.50729e+07 1.39073e+07 181 13
78000 1.32825e+08 6.36333e+09 1.64306e+10 3.64622e+07 2.50638e+07 2.38638e+07 1.33942e+07 170 14
79000 1.38614e+08 6.28689e+09 2.80473e+10 3.10854e+07 1.61845e+07 2.63769e+07 1.59353e+07 181 14
80000 1.38436e+08 6.25772e+09 2.67513e+10 3.54975e+07 2.06242e+07 2.92111e+07 1.5103e+07 170 14
81000 1.49271e+08 6.14695e+09 2.80846e+10 3.68608e+07 1.8645e+07 3.31283e+07 1.74039e+07 173 14
82000 1.46811e+08 6.06574e+09 2.1824e+10 3.15193e+07 1.58544e+07 2.88973e+07 1.53101e+07 183 18
83000 1.33931e+08 6.04939e+09 1.9336e+10 2.71247e+07 1.3708e+07 2.56612e+07 1.1737e+07 184 20
84000 1.18353e+08 6.10365e+09 3.74954e+10 3.34876e+07 2.09538e+07 2.64606e+07 1.30487e+07 163 18
85000 1.0713e+08 6.19802e+09 3.96816e+10 2.61681e+07 1.47307e+07 2.22956e+07 8.32199e+06 153 22
86000 1.0462e+08 6.29913e+09 2.24107e+10 2.57043e+07 1.60386e+07 2.44063e+07 1.04609e+07 154 23
87000 1.00638e+08 6.401e+09 2.32698e+10 2.43316e+07 1.46801e+07 2.20667e+07 8.40888e+06 158 28
88000 1.05644e+08 6.47765e+09 2.65639e+10 2.68124e+07 1.68791e+07 3.54181e+07 1.49376e+07 151 30
89000 1.27411e+08 6.43308e+09 3.43407e+10 3.11483e+07 1.79125e+07 4.1104e+07 9.27854e+06 145 42
90000 1.34745e+08 6.383e+09 2.97979e+10 3.4116e+07 1.89506e+07 3.4205e+07 1.20004e+07 150 32
91000 1.27944e+08 6.37143e+09 2.85403e+10 3.34405e+07 1.81426e+07 1.74915e+07 8.66458e+06 147 39
92000 1.23706e+08 6.39355e+09 2.37802e+10 3.16554e+07 1.6061e+07 1.74174e+07 7.86198e+06 152 41
93000 1.20665e+08 6.42127e+09 1.91914e+10 2.89592e+07 1.58199e+07 2.23157e+07 1.22732e+07 156 36
94000 1.225e+08 6.43248e+09 1.75239e+10 3.00561e+07 1.64373e+07 2.47933e+07 1.44494e+07 155 37
95000 1.28328e+08 6.41212e+09 2.46195e+10 3.31632e+07 1.6296e+07 2.53182e+07 1.1059e+07 158 38
96000 1.31693e+08 6.40214e+09 2.23532e+10 3.36501e+07 1.94988e+07 2.76826e+07 1.41086e+07 152 36
97000 1.21194e+08 6.41769e+09 3.26013e+10 2.96604e+07 1.57531e+07 2.55453e+07 1.29712e+07 141 42
98000 1.20551e+08 6.45359e+09 2.82903e+10 3.05895e+07 1.7764e+07 3.09231e+07 1.65191e+07 147 34
99000 1.23077e+08 6.46665e+09 2.38265e+10 2.93617e+07 1.71535e+07 3.09245e+07 1.29753e+07 152 32
100000 1.27529e+08 6.46622e+09 2.03373e+10 4.05882e+07 2.09856e+07 3.78629e+07 1.72246e+07 147 32
101000 1.25626e+08 6.45278e+09 2.20185e+10 3.10202e+07 1.74475e+07 3.16123e+07 1.28982e+07 139 37
102000 1.20752e+08 6.46946e+09 2.38638e+10 2.73473e+07 1.48833e+07 2.66956e+07 1.24965e+07 152 40
103000 1.22722e+08 6.47631e+09 2.47141e+10 3.31523e+07 1.8665e+07 2.15059e+07 1.05345e+07 145 43
104000 1.39047e+08 6.41305e+09 1.82497e+10 3.7585e+07 2.01173e+07 1.71146e+07 8.1149e+06 152 48
105000 1.39269e+08 6.35717e+09 2.04517e+10 3.588e+07 1.96045e+07 1.63455e+07 8.26798e+06 147 51
106000 1.4271e+08 6.29153e+09 1.96451e+10 3.72424e+07 1.937e+07 2.6732e+07 1.25989e+07 144 51
107000 1.46175e+08 6.19469e+09 2.00332e+10 3.34011e+07 1.781e+07 3.13049e+07 1.10698e+07 143 48
108000 1.30499e+08 6.18797e+09 2.52357e+10 2.89934e+07 1.49658e+07 2.87404e+07 1.26956e+07 144 46
109000 1.22311e+08 6.22724e+09 2.41482e+10 3.49443e+07 2.15488e+07 2.97212e+07 1.45219e+07 135 43
110000 1.18868e+08 6.2751e+09 1.61581e+10 3.06543e+07 1.91095e+07 3.33317e+07 2.03421e+07 135 38
111000 1.08556e+08 6.34199e+09 2.93021e+10 2.76627e+07 1.53423e+07 3.12608e+07 1.91053e+07 130 37
112000 1.06256e+08 6.42429e+09 3.04776e+10 2.89519e+07 1.84903e+07 3.53016e+07 2.06791e+07 128 35
113000 1.09086e+08 6.48887e+09 2.62828e+10 3.06303e+07 1.94698e+07 4.411e+07 3.13772e+07 122 38
114000 1.12011e+08 6.5382e+09 3.1316e+10 3.74491e+07 2.57822e+07 2.92888e+07 1.80734e+07 114 39
115000 1.18968e+08 6.5458e+09 3.26763e+10 3.53019e+07 1.99709e+07 2.64809e+07 1.38719e+07 125 44
116000 1.23328e+08 6.54932e+09 2.64834e+10 3.33157e+07 1.93038e+07 2.84969e+07 1.44936e+07 127 44
117000 1.21114e+08 6.56429e+09 2.81081e+10 3.52081e+07 2.09632e+07 2.86852e+07 1.74922e+07 118 43
118000 1.19558e+08 6.57699e+09 3.0127e+10 3.66086e+07 2.11744e+07 2.17684e+07 1.0418e+07 116 51
119000 1.29221e+08 6.56541e+09 1.716e+10 3.80711e+07 2.04506e+07 2.02616e+07 9.65282e+06 126 57
120000 1.25929e+08 6.56615e+09 2.43315e+10 3.64022e+07 1.90426e+07 2.51077e+07 1.53307e+07 116 45
121000 1.11109e+08 6.62095e+09 2.46577e+10 2.81942e+07 1.42054e+07 2.49401e+07 1.13798e+07 127 46
122000 1.07091e+08 6.71903e+09 1.7388e+10 2.81556e+07 1.69991e+07 3.16077e+07 2.00339e+07 125 43
123000 1.05554e+08 6.80847e+09 1.36975e+10 3.12143e+07 2.04487e+07 2.75984e+07 1.69138e+07 111 44
124000 1.04007e+08 6.88424e+09 1.70358e+10 2.9079e+07 1.74991e+07 2.7846e+07 1.63449e+07 114 48
125000 1.08432e+08 6.94734e+09 2.53947e+10 3.61413e+07 2.54468e+07 3.0521e+07 1.97543e+07 109 44
126000 1.1743e+08 6.95774e+09 3.50956e+10 3.5761e+07 1.90083e+07 3.22072e+07 1.8353e+07 103 57
127000 1.3253e+08 6.89881e+09 3.68547e+10 3.33665e+07 1.75841e+07 5.05758e+07 2.60866e+07 104 61
128000 1.48784e+08 6.76051e+09 3.04188e+10 3.71373e+07 2.17331e+07 4.05382e+07 1.56175e+07 107 77
129000 1.64673e+08 6.55688e+09 2.87811e+10 4.41368e+07 1.89289e+07 3.88007e+07 1.81427e+07 108 76
130000 1.5332e+08 6.4349e+09 2.0285e+10 3.00894e+07 1.52514e+07 3.38768e+07 1.22089e+07 116 88
131000 1.30637e+08 6.43301e+09 2.60579e+10 2.78462e+07 1.64302e+07 3.66146e+07 2.3061e+07 109 102
132000 1.22112e+08 6.45367e+09 2.32034e+10 2.90206e+07 1.78812e+07 2.33818e+07 1.28277e+07 114 97
133000 1.23394e+08 6.45145e+09 1.90337e+10 2.76305e+07 1.32585e+07 2.30095e+07 1.20477e+07 122 95
134000 1.19257e+08 6.47345e+09 2.05937e+10 2.6774e+07 1.46471e+07 2.32794e+07 1.26252e+07 118 91
135000 1.27659e+08 6.46721e+09 2.42284e+10 4.0437e+07 2.60106e+07 3.99038e+07 2.64353e+07 115 80
136000 1.52091e+08 6.33026e+09 1.88546e+10 3.89565e+07 1.93265e+07 5.00523e+07 3.83795e+07 131 79
137000 1.63052e+08 6.15347e+09 1.14307e+10 3.69848e+07 1.81264e+07 2.89666e+07 1.45122e+07 133 81
138000 1.49715e+08 6.05023e+09 2.19756e+10 3.0666e+07 1.54875e+07 3.08973e+07 1.56915e+07 136 75
139000 1.41528e+08 5.98179e+09 1.77038e+10 2.87566e+07 1.49621e+07 2.31572e+07 1.03632e+07 141 91
140000 1.31863e+08 5.95922e+09 3.09895e+10 2.74485e+07 1.50232e+07 3.44043e+07 1.79433e+07 137 77
141000 1.27026e+08 5.96807e+09 2.07846e+10 2.96305e+07 1.67423e+07 2.24025e+07 1.11223e+07 131 79
142000 1.26111e+08 5.98329e+09 1.62381e+10 3.04642e+07 1.74881e+07 2.31123e+07 1.27039e+07 130 72
143000 1.23016e+08 5.9834e+09 2.17142e+10 3.01693e+07 1.5591e+07 2.08582e+07 1.24418e+07 130 76
144000 1.19737e+08 6.01025e+09 2.29836e+10 2.90925e+07 1.48776e+07 2.20023e+07 1.20163e+07 122 76
145000 1.17268e+08 6.05814e+09 2.38502e+10 2.9343e+07 1.54348e+07 2.68539e+07 1.73489e+07 120 60
146000 1.13257e+08 6.11108e+09 1.93794e+10 4.56113e+07 3.28819e+07 2.30461e+07 1.2094e+07 119 71
147000 1.09315e+08 6.17415e+09 1.74914e+10 2.89929e+07 1.76035e+07 2.44974e+07 1.47409e+07 116 69
148000 1.04473e+08 6.25977e+09 2.68278e+10 2.49143e+07 1.38968e+07 2.69732e+07 1.53091e+07 115 67
149000 1.04912e+08 6.34546e+09 2.57467e+10 2.53435e+07 1.45358e+07 3.93617e+07 2.76056e+07 113 65
150000 1.02984e+08 6.42429e+09 3.17763e+10 2.41711e+07 1.32209e+07 2.98797e+07 1.74852e+07 109 68
151000 1.07426e+08 6.49773e+09 2.38503e+10 2.49297e+07 1.45765e+07 3.21008e+07 2.00123e+07 107 68
152000 1.08604e+08 6.55871e+09 3.41782e+10 2.72837e+07 1.57253e+07 3.24719e+07 1.67842e+07 97 66
153000 1.10379e+08 6.6083e+09 3.49999e+10 3.16554e+07 1.95272e+07 3.18638e+07 1.839e+07 92 72
154000 1.17083e+08 6.61893e+09 2.97648e+10 3.29272e+07 1.64807e+07 2.88751e+07 1.51028e+07 102 75
155000 1.28023e+08 6.59043e+09 1.67408e+10 3.19968e+07 1.45369e+07 4.46544e+07 1.90506e+07 118 76
156000 1.25156e+08 6.58284e+09 2.28891e+10 3.07558e+07 1.61157e+07 2.74909e+07 1.34773e+07 113 67
157000 1.17734e+08 6.62693e+09 2.78002e+10 4.25998e+07 3.07457e+07 2.76973e+07 1.49681e+07 95 70
158000 1.1963e+08 6.6497e+09 2.07479e+10 3.57728e+07 2.44389e+07 2.56952e+07 1.30614e+07 96 77
159000 1.20577e+08 6.64202e+09 3.19096e+10 3.56389e+07 2.06463e+07 2.61728e+07 1.26428e+07 99 74
160000 1.24781e+08 6.64423e+09 2.979e+10 4.04037e+07 2.61626e+07 2.5133e+07 1.23296e+07 95 73
161000 1.25767e+08 6.62984e+09 3.21154e+10 4.11719e+07 2.51009e+07 2.40575e+07 1.12024e+07 99 71
162000 1.31683e+08 6.60172e+09 2.61475e+10 3.83635e+07 2.08042e+07 2.75585e+07 1.67451e+07 111 73
163000 1.3025e+08 6.57054e+09 2.74787e+10 3.3045e+07 1.71126e+07 2.99057e+07 1.75712e+07 116 71
164000 1.31441e+08 6.54442e+09 2.43706e+10 2.93181e+07 1.51915e+07 3.73081e+07 2.43882e+07 118 66
165000 1.32823e+08 6.49491e+09 2.52925e+10 2.97974e+07 1.70521e+07 3.82091e+07 1.67711e+07 113 71
166000 1.3555e+08 6.45135e+09 2.39735e+10 3.28744e+07 1.81565e+07 3.72857e+07 1.72389e+07 115 67
167000 1.34698e+08 6.39837e+09 2.2116e+10 3.43882e+07 1.83322e+07 2.70639e+07 1.06698e+07 119 75
168000 1.28591e+08 6.37905e+09 2.56745e+10 3.34407e+07 1.72906e+07 2.394e+07 1.0481e+07 117 70
169000 1.22152e+08 6.40787e+09 2.65189e+10 3.21836e+07 1.82149e+07 2.72841e+07 1.49668e+07 115 66
170000 1.32596e+08 6.37431e+09 1.95383e+10 3.04951e+07 1.67084e+07 3.72583e+07 1.2943e+07 122 74
171000 1.30533e+08 6.33755e+09 1.41442e+10 3.08101e+07 1.64614e+07 2.35057e+07 1.07483e+07 117 83
172000 1.15052e+08 6.3806e+09 2.54899e+10 2.95716e+07 1.45812e+07 1.79477e+07 8.77261e+06 111 87
173000 1.06608e+08 6.47125e+09 2.89069e+10 2.80174e+07 1.40413e+07 1.95388e+07 1.11506e+07 106 78
174000 1.03372e+08 6.58093e+09 2.88211e+10 3.10781e+07 1.96851e+07 2.28219e+07 1.32433e+07 93 67
175000 1.0229e+08 6.68204e+09 3.00511e+10 3.13964e+07 1.98861e+07 2.66172e+07 1.5576e+07 97 58
176000 1.04252e+08 6.76622e+09 2.68675e+10 3.03592e+07 1.75879e+07 3.30834e+07 2.1921e+07 97 63
177000 1.06446e+08 6.82281e+09 3.48133e+10 3.21225e+07 1.91993e+07 2.78483e+07 1.47532e+07 96 67
178000 1.18001e+08 6.84131e+09 3.91568e+10 4.74851e+07 3.37108e+07 3.16224e+07 1.76208e+07 84 66
179000 1.28527e+08 6.80918e+09 2.73474e+10 4.36859e+07 2.53466e+07 3.49416e+07 1.81455e+07 95 66
180000 1.29154e+08 6.78246e+09 2.00686e+10 3.21646e+07 1.72407e+07 3.13609e+07 1.59069e+07 101 78
181000 1.27869e+08 6.76394e+09 2.42795e+10 2.93364e+07 1.67113e+07 3.8537e+07 1.76778e+07 108 74
182000 1.3342e+08 6.71809e+09 2.06397e+10 3.09651e+07 1.89426e+07 4.15058e+07 2.00997e+07 99 75
183000 1.44017e+08 6.62023e+09 2.03085e+10 3.48413e+07 2.08374e+07 4.35427e+07 1.83172e+07 94 90
184000 1.52587e+08 6.46679e+09 2.61682e+10 4.16287e+07 2.62133e+07 3.1546e+07 1.22037e+07 92 100
185000 1.44566e+08 6.37297e+09 2.47446e+10 3.98225e+07 2.24187e+07 2.55411e+07 1.05544e+07 97 101
186000 1.37674e+08 6.3367e+09 2.13628e+10 4.39808e+07 2.57249e+07 2.35976e+07 1.10407e+07 101 94
187000 1.32623e+08 6.29908e+09 3.0121e+10 3.44445e+07 1.74498e+07 2.38646e+07 1.37579e+07 112 86
188000 1.29305e+08 6.29434e+09 2.84145e+10 3.56546e+07 2.07309e+07 2.23437e+07 1.138e+07 103 85
189000 1.22002e+08 6.31569e+09 1.92599e+10 3.33797e+07 2.08437e+07 2.08058e+07 9.74415e+06 105 85
190000 1.16814e+08 6.36433e+09 3.08681e+10 3.28853e+07 1.95544e+07 2.67117e+07 1.51156e+07 102 78
191000 1.16051e+08 6.39405e+09 3.79652e+10 3.98963e+07 2.46573e+07 2.92001e+07 1.6675e+07 88 77
192000 1.26507e+08 6.375e+09 2.63105e+10 3.77224e+07 2.30188e+07 3.73503e+07 1.86594e+07 83 88
193000 1.33177e+08 6.32069e+09 2.28039e+10 3.55533e+07 2.09234e+07 3.2431e+07 1.40718e+07 90 86
194000 1.28595e+08 6.29875e+09 2.28305e+10 6.86362e+07 5.70284e+07 2.98242e+07 1.53691e+07 93 78
195000 1.24438e+08 6.29505e+09 2.00164e+10 3.37335e+07 1.95451e+07 2.71731e+07 1.38487e+07 101 81
196000 1.23911e+08 6.3138e+09 1.78748e+10 3.38186e+07 2.02134e+07 2.57467e+07 1.33635e+07 101 88
197000 1.30091e+08 6.26835e+09 1.97376e+10 3.92587e+07 2.2844e+07 2.55143e+07 1.12911e+07 92 94
198000 1.30758e+08 6.22944e+09 1.87697e+10 4.28075e+07 2.67e+07 2.53244e+07 1.07904e+07 98 91
199000 1.24555e+08 6.22966e+09 1.72989e+10 3.2441e+07 1.88168e+07 2.53219e+07 1.2974e+07 103 89
200000 1.13384e+08 6.25958e+09 3.59178e+10 2.68741e+07 1.37551e+07 2.2688e+07 1.10305e+07 102 94
201000 1.13149e+08 6.31709e+09 3.22359e+10 3.06171e+07 1.93021e+07 3.07768e+07 1.97796e+07 88 96
202000 1.12705e+08 6.35898e+09 3.06038e+10 3.00496e+07 1.83566e+07 2.59153e+07 1.13878e+07 89 93
203000 1.12418e+08 6.40076e+09 2.58704e+10 2.95366e+07 1.90856e+07 2.47584e+07 1.19812e+07 93 96
204000 1.1175e+08 6.46564e+09 2.26086e+10 2.8462e+07 1.75259e+07 4.13975e+07 1.91673e+07 88 85
205000 1.09455e+08 6.52694e+09 1.90709e+10 2.93238e+07 1.81013e+07 2.85397e+07 1.69456e+07 81 87
206000 1.11018e+08 6.58327e+09 1.66756e+10 2.95047e+07 1.92556e+07 3.07959e+07 1.86726e+07 84 88
207000 1.15099e+08 6.60326e+09 2.22186e+10 3.14718e+07 2.17233e+07 3.04137e+07 1.67031e+07 75 98
208000 1.24293e+08 6.57239e+09 2.00404e+10 3.35493e+07 2.05755e+07 3.21729e+07 1.51196e+07 73 108
209000 1.3388e+08 6.50353e+09 2.23967e+10 3.37482e+07 2.00931e+07 3.21462e+07 1.39424e+07 74 116
210000 1.35242e+08 6.44583e+09 2.17284e+10 3.46242e+07 2.03758e+07 3.73438e+07 1.84604e+07 76 105
211000 1.30583e+08 6.41278e+09 1.78523e+10 3.23108e+07 1.84167e+07 3.02116e+07 1.55847e+07 73 113
212000 1.21476e+08 6.41191e+09 2.22783e+10 2.80364e+07 1.5583e+07 2.56189e+07 1.32079e+07 76 124
213000 1.17176e+08 6.42466e+09 2.76688e+10 3.31094e+07 2.03082e+07 2.8123e+07 1.69621e+07 67 130
214000 1.30407e+08 6.37481e+09 1.74168e+10 3.63118e+07 2.31378e+07 2.57678e+07 1.11069e+07 68 139
215000 1.28563e+08 6.34075e+09 2.82753e+10 3.76081e+07 2.27037e+07 2.11942e+07 9.51007e+06 63 151
216000 1.2682e+08 6.33914e+09 1.88332e+10 4.0542e+07 2.59521e+07 2.20042e+07 1.09816e+07 66 138
217000 1.34337e+08 6.3006e+09 1.57826e+10 4.05364e+07 2.13861e+07 2.4707e+07 1.28528e+07 77 128
218000 1.33789e+08 6.25959e+09 1.42604e+10 3.53024e+07 2.03429e+07 2.6196e+07 1.39398e+07 74 124
219000 1.25048e+08 6.25927e+09 1.94237e+10 3.28686e+07 1.98303e+07 3.66686e+07 1.63367e+07 72 122
220000 1.2209e+08 6.27954e+09 1.95459e+10 3.57662e+07 2.31077e+07 2.89775e+07 1.72353e+07 66 109
221000 1.18602e+08 6.29635e+09 1.79936e+10 3.2444e+07 2.00462e+07 2.66844e+07 1.53165e+07 75 115
222000 1.13992e+08 6.33455e+09 2.10183e+10 3.19993e+07 2.04042e+07 2.42187e+07 1.28116e+07 65 121
223000 1.0836e+08 6.39421e+09 2.38794e+10 3.0055e+07 1.8792e+07 2.51749e+07 1.36281e+07 66 113
224000 1.06202e+08 6.46458e+09 2.51347e+10 3.24008e+07 2.30308e+07 2.38445e+07 1.20382e+07 71 120
225000 1.0579e+08 6.5235e+09 1.81751e+10 2.61671e+07 1.51977e+07 2.43846e+07 1.29418e+07 75 119
226000 1.06424e+08 6.57778e+09 2.44829e+10 2.98534e+07 1.85562e+07 2.25029e+07 1.07314e+07 71 124
227000 1.15782e+08 6.59908e+09 2.92914e+10 3.80415e+07 1.80137e+07 2.32343e+07 1.21412e+07 71 124
228000 1.24426e+08 6.59466e+09 2.34139e+10 3.83158e+07 2.07313e+07 2.74844e+07 1.47882e+07 72 122
229000 1.30227e+08 6.56089e+09 1.59386e+10 3.9447e+07 1.90208e+07 2.55571e+07 1.42132e+07 77 118
230000 1.28383e+08 6.52463e+09 1.69446e+10 3.36812e+07 1.75771e+07 2.38201e+07 1.1258e+07 83 125
231000 1.29912e+08 6.49449e+09 1.70474e+10 3.47882e+07 2.00949e+07 2.4376e+07 1.15178e+07 92 124
232000 1.30627e+08 6.45721e+09 1.78749e+10 3.41764e+07 1.9077e+07 3.5044e+07 1.68928e+07 88 131
233000 1.29942e+08 6.43943e+09 9.35634e+09 3.2899e+07 1.99021e+07 2.38143e+07 1.22227e+07 80 132
234000 1.21033e+08 6.44441e+09 2.37317e+10 2.77109e+07 1.70663e+07 2.42519e+07 1.1804e+07 78 128
235000 1.15843e+08 6.47311e+09 2.9201e+10 2.80574e+07 1.69609e+07 2.69435e+07 1.44275e+07 76 121
236000 1.18552e+08 6.49638e+09 1.60606e+10 2.61571e+07 1.47383e+07 2.73648e+07 1.57936e+07 73 127
237000 1.17384e+08 6.50697e+09 3.02284e+10 2.66962e+07 1.41596e+07 2.62819e+07 1.51375e+07 77 128
238000 1.27771e+08 6.46866e+09 3.41896e+10 3.31787e+07 2.02089e+07 3.05015e+07 1.54031e+07 70 125
239000 1.32543e+08 6.3986e+09 4.00243e+10 3.14798e+07 1.7735e+07 3.03614e+07 1.34577e+07 63 136
240000 1.37429e+08 6.33435e+09 1.38845e+10 2.79629e+07 1.38483e+07 2.93157e+07 1.30877e+07 68 147
241000 1.32764e+08 6.30653e+09 1.16505e+10 2.90421e+07 1.58916e+07 3.03569e+07 1.64207e+07 64 143
242000 1.25196e+08 6.30742e+09 1.16305e+10 2.70094e+07 1.34367e+07 2.72136e+07 1.49577e+07 64 141
243000 1.12603e+08 6.3315e+09 2.77778e+10 2.62549e+07 1.13292e+07 2.39571e+07 1.18831e+07 59 141
244000 1.09003e+08 6.38724e+09 2.55065e+10 2.45117e+07 1.24535e+07 2.6316e+07 1.43582e+07 59 135
245000 1.12156e+08 6.42773e+09 1.8147e+10 2.34543e+07 1.10731e+07 2.71165e+07 1.31971e+07 64 139
246000 1.09982e+08 6.46558e+09 2.18811e+10 2.32611e+07 1.26644e+07 2.47961e+07 1.19553e+07 58 147
247000 1.12951e+08 6.51079e+09 2.5717e+10 2.86871e+07 1.83208e+07 2.89084e+07 1.55598e+07 50 130
248000 1.14139e+08 6.54133e+09 2.23161e+10 2.90564e+07 1.87868e+07 2.63999e+07 1.31194e+07 53 138
249000 1.12148e+08 6.5776e+09 2.17157e+10 3.11662e+07 1.82121e+07 2.44138e+07 1.14214e+07 56 135
250000 1.09846e+08 6.62788e+09 2.61027e+10 3.35713e+07 1.89073e+07 2.44587e+07 1.15401e+07 53 132
251000 1.08927e+08 6.6844e+09 2.41448e+10 3.26385e+07 1.6702e+07 2.38386e+07 1.13885e+07 51 137
252000 1.0851e+08 6.74024e+09 1.62203e+10 3.17123e+07 1.83169e+07 2.70986e+07 1.51003e+07 51 136
253000 1.07186e+08 6.79885e+09 1.55832e+10 3.00108e+07 1.85051e+07 3.26403e+07 1.70221e+07 52 136
254000 1.07522e+08 6.85354e+09 1.81668e+10 2.70114e+07 1.62433e+07 2.60872e+07 1.33944e+07 56 140
255000 1.11333e+08 6.88325e+09 2.46916e+10 3.33157e+07 1.82502e+07 2.68678e+07 1.43304e+07 56 131
256000 1.25062e+08 6.84972e+09 2.62252e+10 4.53714e+07 2.44944e+07 2.56709e+07 1.32302e+07 57 132
257000 1.31878e+08 6.80354e+09 2.18754e+10 4.59616e+07 2.67772e+07 2.96872e+07 1.79273e+07 58 134
258000 1.33436e+08 6.7492e+09 3.15441e+10 4.2157e+07 2.22098e+07 2.74108e+07 1.5498e+07 61 131
259000 1.45032e+08 6.65197e+09 2.87454e+10 5.65508e+07 3.13437e+07 2.96528e+07 1.7829e+07 59 124
260000 1.7423e+08 6.40991e+09 1.79491e+10 6.4252e+07 2.52533e+07 3.13717e+07 1.85139e+07 71 127
261000 1.64331e+08 6.23632e+09 2.03504e+10 4.14303e+07 1.86299e+07 2.78241e+07 1.42879e+07 81 130
262000 1.52618e+08 6.11835e+09 1.64654e+10 4.18373e+07 1.72197e+07 2.92149e+07 1.38758e+07 81 141
263000 1.37299e+08 6.05753e+09 1.70997e+10 3.7496e+07 2.04165e+07 2.45564e+07 1.33637e+07 91 137
264000 1.20083e+08 6.08903e+09 1.40768e+10 2.16372e+07 9.48061e+06 2.31821e+07 1.16008e+07 82 138
265000 1.09398e+08 6.16197e+09 1.28511e+10 2.02942e+07 9.89753e+06 2.2515e+07 1.18391e+07 79 144
266000 1.07496e+08 6.24444e+09 1.4103e+10 1.99699e+07 1.06257e+07 2.4192e+07 1.23086e+07 75 137
267000 1.07789e+08 6.31204e+09 1.72725e+10 2.0211e+07 1.14637e+07 2.80709e+07 1.51026e+07 72 122
268000 1.09409e+08 6.35045e+09 1.09199e+10 1.92937e+07 1.05881e+07 2.75017e+07 1.37138e+07 73 135
269000 1.13386e+08 6.3742e+09 2.22274e+10 2.29147e+07 1.39946e+07 2.77896e+07 1.2951e+07 60 138
270000 1.16645e+08 6.38444e+09 2.32102e+10 2.38066e+07 1.47353e+07 3.05431e+07 1.53802e+07 61 135
271000 1.1426e+08 6.41513e+09 1.70799e+10 2.18522e+07 1.16772e+07 3.13629e+07 1.82476e+07 62 144
272000 1.06852e+08 6.46733e+09 2.46361e+10 2.55695e+07 1.52707e+07 2.42037e+07 1.16802e+07 51 143
273000 1.06253e+08 6.5354e+09 2.36082e+10 2.73052e+07 1.7787e+07 2.43464e+07 1.18985e+07 47 145
274000 1.06231e+08 6.59603e+09 2.34689e+10 2.64493e+07 1.6158e+07 2.46968e+07 1.19234e+07 50 145
275000 1.04216e+08 6.65205e+09 2.49208e+10 2.88077e+07 1.94775e+07 2.20691e+07 1.06406e+07 47 153
276000 1.05699e+08 6.72367e+09 3.18149e+10 3.40716e+07 2.38889e+07 2.43747e+07 1.31603e+07 41 143
277000 1.13407e+08 6.75564e+09 2.12084e+10 3.63382e+07 2.27939e+07 3.0549e+07 1.75313e+07 44 144
278000 1.21975e+08 6.73227e+09 1.62352e+10 3.31431e+07 1.5911e+07 2.78025e+07 1.51189e+07 50 148
279000 1.27668e+08 6.70191e+09 2.25668e+10 3.16668e+07 1.61953e+07 3.06583e+07 1.66123e+07 50 143
280000 1.31174e+08 6.64925e+09 2.00539e+10 3.52185e+07 2.05767e+07 3.02443e+07 1.54522e+07 50 148
281000 1.34049e+08 6.58797e+09 1.58877e+10 3.4129e+07 1.7785e+07 5.45618e+07 4.0819e+07 52 151
282000 1.34654e+08 6.52275e+09 1.75365e+10 3.19004e+07 1.69321e+07 3.0519e+07 1.6731e+07 51 148
283000 1.30891e+08 6.46009e+09 2.09952e+10 2.90277e+07 1.34453e+07 2.94307e+07 1.57766e+07 52 161
284000 1.3131e+08 6.42884e+09 1.81172e+10 2.65936e+07 1.38643e+07 2.9203e+07 1.58379e+07 57 153
285000 1.27604e+08 6.40539e+09 1.2885e+10 2.54203e+07 1.16365e+07 3.06613e+07 1.74925e+07 57 150
286000 1.19378e+08 6.40524e+09 1.76598e+10 2.4377e+07 1.15114e+07 2.52959e+07 1.38142e+07 56 165
287000 1.16275e+08 6.42462e+09 2.04099e+10 2.61577e+07 1.38732e+07 2.37825e+07 1.04732e+07 51 164
288000 1.18769e+08 6.45772e+09 7.78642e+09 3.75443e+07 2.51859e+07 2.5312e+07 1.38386e+07 48 155
289000 1.11983e+08 6.49849e+09 1.26171e+10 2.83019e+07 1.70075e+07 2.21725e+07 1.11383e+07 48 162
290000 1.07444e+08 6.56615e+09 2.21306e+10 2.94524e+07 1.65633e+07 2.40533e+07 1.27587e+07 45 144
291000 1.0553e+08 6.64261e+09 2.60507e+10 3.26514e+07 1.81986e+07 2.39953e+07 1.29522e+07 46 140
292000 1.10141e+08 6.69656e+09 3.02631e+10 4.76219e+07 2.89836e+07 2.80317e+07 1.70517e+07 49 125
293000 1.21507e+08 6.69095e+09 2.12682e+10 4.65175e+07 2.5385e+07 2.89264e+07 1.78266e+07 55 121
294000 1.35441e+08 6.61308e+09 1.24964e+10 4.27388e+07 2.21457e+07 3.1886e+07 1.60773e+07 53 144
295000 1.52718e+08 6.44597e+09 2.13727e+10 5.5765e+07 3.2335e+07 4.15598e+07 2.3002e+07 46 146
296000 1.37839e+08 6.37345e+09 1.63566e+10 3.15694e+07 1.57838e+07 2.9522e+07 1.5042e+07 52 143
297000 1.22126e+08 6.38219e+09 1.5727e+10 2.47722e+07 1.31675e+07 2.56677e+07 1.29042e+07 54 157
298000 1.19785e+08 6.40388e+09 1.82363e+10 2.9961e+07 2.31434e+07 2.52564e+07 1.25113e+07 42 166
299000 1.17881e+08 6.40609e+09 2.71248e+10 3.11893e+07 2.22863e+07 2.41171e+07 1.17252e+07 46 166
300000 1.20889e+08 6.41097e+09 2.70426e+10 3.41292e+07 2.41776e+07 2.5575e+07 1.18994e+07 50 150
301000 1.21887e+08 6.40178e+09 3.06501e+10 3.79829e+07 2.70858e+07 2.65897e+07 1.35904e+07 47 143
302000 1.25465e+08 6.38728e+09 2.0234e+10 3.63131e+07 1.9658e+07 2.54898e+07 1.31109e+07 50 155
303000 1.2278e+08 6.3776e+09 2.26444e+10 2.96214e+07 1.61297e+07 2.76913e+07 1.39104e+07 53 144
304000 1.20371e+08 6.393e+09 2.93356e+10 3.21235e+07 2.13074e+07 3.43345e+07 2.16601e+07 50 134
305000 1.20102e+08 6.40745e+09 2.7603e+10 6.06307e+07 4.92377e+07 3.12319e+07 1.88995e+07 60 131
306000 1.19603e+08 6.41082e+09 1.96392e+10 2.53619e+07 1.45103e+07 3.02575e+07 1.77138e+07 61 132
307000 1.21404e+08 6.39965e+09 2.04481e+10 3.23378e+07 2.21282e+07 2.74159e+07 1.40663e+07 52 144
308000 1.25487e+08 6.37345e+09 1.21321e+10 3.49619e+07 2.40977e+07 2.4904e+07 1.20145e+07 57 154
309000 1.27794e+08 6.343e+09 7.97369e+09 3.62476e+07 2.08913e+07 2.39266e+07 1.17384e+07 59 156
310000 1.27688e+08 6.30132e+09 7.57483e+09 3.85215e+07 2.22527e+07 2.22951e+07 1.1048e+07 60 161
311000 1.29243e+08 6.26601e+09 8.39273e+09 3.30831e+07 1.82013e+07 2.33005e+07 1.17691e+07 67 158
312000 1.29458e+08 6.2512e+09 1.00933e+10 2.88105e+07 1.46926e+07 3.94548e+07 1.78416e+07 66 153
313000 1.22915e+08 6.2477e+09 1.15204e+10 2.56357e+07 1.4719e+07 3.07099e+07 1.904e+07 67 146
314000 1.16937e+08 6.27308e+09 8.07347e+09 2.267e+07 1.31869e+07 2.48379e+07 1.33913e+07 68 154
315000 1.14645e+08 6.30759e+09 1.03904e+10 2.63938e+07 1.74531e+07 2.29927e+07 1.20855e+07 60 157
316000 1.18625e+08 6.3274e+09 1.51788e+10 2.87203e+07 1.74695e+07 2.54248e+07 1.3673e+07 59 150
317000 1.2264e+08 6.30915e+09 1.61744e+10 3.14665e+07 2.11029e+07 2.74324e+07 1.38877e+07 56 145
318000 1.26019e+08 6.29011e+09 1.94179e+10 7.29801e+07 3.95276e+07 2.74604e+07 1.47414e+07 50 146
319000 1.26484e+08 6.25733e+09 1.80392e+10 3.30821e+07 2.00561e+07 2.70343e+07 1.34758e+07 54 149
320000 1.25053e+08 6.23644e+09 1.88905e+10 3.13003e+07 1.93916e+07 3.06232e+07 1.81768e+07 54 152
321000 1.25386e+08 6.22635e+09 1.37457e+10 2.67075e+07 1.45943e+07 3.26429e+07 1.97718e+07 56 154
322000 1.21517e+08 6.21343e+09 2.08671e+10 2.94532e+07 1.72188e+07 2.56951e+07 1.2925e+07 51 155
323000 1.21517e+08 6.21775e+09 1.78573e+10 3.02486e+07 1.87326e+07 2.54396e+07 1.30004e+07 53 157
324000 1.20053e+08 6.23489e+09 1.25751e+10 3.18951e+07 2.16395e+07 2.43093e+07 1.25699e+07 50 155
325000 1.14086e+08 6.26447e+09 2.24496e+10 3.06571e+07 1.98258e+07 2.41192e+07 1.18029e+07 50 148
326000 1.10831e+08 6.30901e+09 2.73604e+10 3.16338e+07 1.8768e+07 2.27925e+07 1.18756e+07 47 153
327000 1.10239e+08 6.36234e+09 2.4106e+10 3.57344e+07 2.5263e+07 2.36325e+07 1.22918e+07 42 147
328000 1.06856e+08 6.41999e+09 3.68042e+10 3.11036e+07 1.80894e+07 2.571e+07 1.41468e+07 41 140
329000 1.10442e+08 6.46799e+09 2.61952e+10 3.37424e+07 2.34217e+07 2.43336e+07 1.23285e+07 44 149
330000 1.13671e+08 6.49838e+09 2.00378e+10 3.28918e+07 2.09617e+07 2.70431e+07 1.4248e+07 53 139
331000 1.16836e+08 6.51651e+09 1.66615e+10 3.67434e+07 2.37972e+07 2.73445e+07 1.44326e+07 47 133
332000 1.22558e+08 6.51543e+09 1.56436e+10 4.267e+07 2.49257e+07 2.66986e+07 1.45235e+07 49 135
333000 1.26536e+08 6.47736e+09 1.89864e+10 4.88834e+07 2.38632e+07 2.66652e+07 1.51402e+07 53 131
334000 1.25391e+08 6.46173e+09 2.05896e+10 4.15185e+07 2.58872e+07 3.25849e+07 1.75531e+07 50 135
335000 1.21266e+08 6.46302e+09 1.74605e+10 3.36206e+07 2.0277e+07 2.45399e+07 1.26691e+07 65 134
336000 1.21291e+08 6.47127e+09 1.30357e+10 3.59774e+07 1.92721e+07 2.5893e+07 1.4662e+07 59 141
337000 1.17942e+08 6.49142e+09 1.80722e+10 3.5512e+07 1.7774e+07 2.38049e+07 1.25044e+07 55 142
338000 1.15846e+08 6.5147e+09 1.40624e+10 3.84506e+07 2.44612e+07 2.49445e+07 1.34114e+07 54 138
339000 1.14834e+08 6.54207e+09 1.19847e+10 2.78225e+07 1.5133e+07 2.54025e+07 1.30801e+07 55 146
340000 1.17893e+08 6.55525e+09 1.39396e+10 2.90443e+07 1.88788e+07 2.98401e+07 1.5711e+07 50 140
341000 1.21818e+08 6.53979e+09 2.57478e+10 3.0102e+07 1.91397e+07 3.02016e+07 1.5021e+07 47 140
342000 1.26355e+08 6.52219e+09 1.98309e+10 3.68691e+07 1.88027e+07 3.0914e+07 1.70692e+07 44 144
343000 1.23962e+08 6.49423e+09 2.59308e+10 3.54606e+07 1.74214e+07 2.84843e+07 1.51102e+07 45 143
344000 1.27366e+08 6.46863e+09 1.74293e+10 3.41521e+07 2.16991e+07 2.92267e+07 1.44235e+07 43 158
345000 1.29382e+08 6.41928e+09 2.77069e+10 2.67604e+07 1.6173e+07 3.08656e+07 1.4516e+07 46 159
346000 1.38926e+08 6.33804e+09 1.35133e+10 2.85668e+07 1.93816e+07 3.67952e+07 1.7558e+07 46 159
347000 1.30872e+08 6.28952e+09 2.06692e+10 2.67567e+07 1.80849e+07 2.86518e+07 1.3332e+07 48 158
348000 1.20668e+08 6.30021e+09 2.33595e+10 6.22514e+07 5.3559e+07 2.70927e+07 1.48456e+07 47 151
349000 1.15306e+08 6.33251e+09 2.10255e+10 3.51111e+07 2.35198e+07 2.18719e+07 1.12332e+07 40 173
350000 1.15731e+08 6.3618e+09 1.29582e+10 3.67679e+07 2.37598e+07 2.38848e+07 1.29062e+07 41 163
351000 1.20826e+08 6.36894e+09 6.09409e+09 3.73952e+07 2.53416e+07 2.54916e+07 1.40438e+07 43 161
352000 1.21868e+08 6.36596e+09 1.22363e+10 3.35288e+07 2.15042e+07 2.69454e+07 1.44018e+07 46 147
353000 1.17158e+08 6.3689e+09 2.06561e+10 3.49252e+07 2.24041e+07 2.37949e+07 1.17881e+07 45 153
354000 1.14544e+08 6.39435e+09 2.56593e+10 3.48907e+07 1.92927e+07 2.37229e+07 1.2163e+07 44 153
355000 1.16607e+08 6.41643e+09 2.13247e+10 3.53069e+07 2.13942e+07 2.4649e+07 1.29828e+07 44 151
356000 1.15608e+08 6.4339e+09 2.40449e+10 3.25724e+07 1.87674e+07 2.77276e+07 1.59682e+07 46 146
357000 1.16312e+08 6.45332e+09 2.59381e+10 2.91864e+07 1.87271e+07 2.5279e+07 1.30498e+07 49 155
358000 1.16186e+08 6.46679e+09 2.68491e+10 2.91031e+07 1.73278e+07 2.6581e+07 1.35145e+07 49 147
359000 1.17629e+08 6.47445e+09 2.66807e+10 3.54631e+07 1.7998e+07 2.53531e+07 1.26175e+07 46 152
360000 1.21065e+08 6.47863e+09 1.91881e+10 3.55235e+07 1.70973e+07 2.3611e+07 1.15484e+07 49 156
361000 1.15966e+08 6.50596e+09 9.67091e+09 3.01107e+07 1.64023e+07 2.38683e+07 1.27929e+07 49 155
362000 1.09432e+08 6.55626e+09 1.66042e+10 2.65438e+07 1.67805e+07 2.29087e+07 1.20087e+07 48 159
363000 1.06636e+08 6.61454e+09 3.17522e+10 2.38183e+07 1.26411e+07 2.4823e+07 1.27246e+07 46 154
364000 1.15855e+08 6.64334e+09 2.26441e+10 2.48131e+07 1.35513e+07 3.12054e+07 1.92099e+07 45 143
365000 1.24811e+08 6.61453e+09 1.9929e+10 2.61254e+07 1.41988e+07 3.38171e+07 1.827e+07 41 149
366000 1.30052e+08 6.57395e+09 1.45389e+10 3.06301e+07 1.94797e+07 3.2008e+07 1.64586e+07 38 152
367000 1.27558e+08 6.5317e+09 1.55772e+10 2.79717e+07 1.60675e+07 2.89333e+07 1.44559e+07 42 163
368000 1.26472e+08 6.50328e+09 8.65806e+09 2.79513e+07 1.52787e+07 2.88737e+07 1.54541e+07 42 170
369000 1.23532e+08 6.48238e+09 7.71906e+09 3.01545e+07 2.10041e+07 2.58237e+07 1.28394e+07 39 180
370000 1.28629e+08 6.43809e+09 7.96438e+09 2.81309e+07 1.73068e+07 2.69498e+07 1.32156e+07 41 184
371000 1.32531e+08 6.37174e+09 1.83012e+10 2.90194e+07 1.72976e+07 3.9753e+07 1.76486e+07 42 181
372000 1.2793e+08 6.33823e+09 1.82625e+10 2.60325e+07 1.43238e+07 2.88209e+07 1.34893e+07 40 172
373000 1.22205e+08 6.35475e+09 1.03172e+10 2.48672e+07 1.32954e+07 2.39869e+07 1.27173e+07 41 179
374000 1.15206e+08 6.38249e+09 1.7693e+10 2.38828e+07 1.34077e+07 3.24674e+07 2.1563e+07 46 165
375000 1.20298e+08 6.38533e+09 1.701e+10 3.64172e+07 2.51812e+07 3.34028e+07 1.61005e+07 40 166
376000 1.2226e+08 6.35979e+09 2.08009e+10 3.33043e+07 2.26814e+07 2.63697e+07 1.29968e+07 35 169
377000 1.18071e+08 6.36257e+09 2.37055e+10 3.0619e+07 1.94391e+07 2.35544e+07 1.24011e+07 35 175
378000 1.2215e+08 6.39218e+09 1.75287e+10 3.27625e+07 2.07878e+07 2.65804e+07 1.53385e+07 39 162
379000 1.23869e+08 6.36692e+09 2.27483e+10 3.96578e+07 2.3465e+07 2.7241e+07 1.46645e+07 36 162
380000 1.25848e+08 6.33895e+09 2.8557e+10 3.64053e+07 1.78427e+07 3.06092e+07 1.72567e+07 36 155
381000 1.29158e+08 6.31111e+09 1.48457e+10 3.15943e+07 1.71255e+07 3.9772e+07 2.40073e+07 39 165
382000 1.27883e+08 6.28856e+09 1.47254e+10 3.08496e+07 1.68846e+07 3.11773e+07 1.84541e+07 36 160
383000 1.20394e+08 6.28623e+09 1.61905e+10 3.39491e+07 2.31357e+07 2.61829e+07 1.36573e+07 35 163
384000 1.13922e+08 6.31044e+09 1.52047e+10 2.66043e+07 1.42647e+07 2.75961e+07 1.52193e+07 37 164
385000 1.1262e+08 6.3495e+09 1.79787e+10 2.66622e+07 1.74451e+07 2.50588e+07 1.36034e+07 35 167
386000 1.14592e+08 6.38231e+09 2.14987e+10 2.45547e+07 1.46692e+07 2.92477e+07 1.76008e+07 34 156
387000 1.13845e+08 6.41102e+09 2.7311e+10 2.78488e+07 1.75306e+07 3.88979e+07 1.93053e+07 30 155
388000 1.12552e+08 6.43505e+09 2.33219e+10 2.89771e+07 1.59738e+07 2.71436e+07 1.49152e+07 31 156
389000 1.14422e+08 6.45656e+09 1.15612e+10 3.01567e+07 1.99145e+07 2.60345e+07 1.45942e+07 32 167
390000 1.15644e+08 6.47468e+09 8.77566e+09 2.96232e+07 1.79321e+07 2.71948e+07 1.55102e+07 33 168
391000 1.18522e+08 6.48257e+09 1.57235e+10 2.96237e+07 1.82345e+07 3.24016e+07 2.00307e+07 37 153
392000 1.18445e+08 6.48034e+09 1.851e+10 2.79016e+07 1.41484e+07 3.24754e+07 1.56421e+07 40 167
393000 1.15786e+08 6.49655e+09 2.59967e+10 3.1061e+07 1.39744e+07 2.56288e+07 1.27561e+07 37 159
394000 1.16026e+08 6.5167e+09 2.14331e+10 3.48692e+07 1.70924e+07 2.45825e+07 1.34728e+07 35 165
395000 1.13556e+08 6.5396e+09 2.72811e+10 3.3432e+07 1.93327e+07 2.36932e+07 1.20425e+07 38 162
396000 1.13501e+08 6.57659e+09 2.67881e+10 3.40444e+07 1.6863e+07 2.51378e+07 1.31147e+07 38 155
397000 1.13776e+08 6.61113e+09 1.98654e+10 3.73767e+07 2.181e+07 2.42997e+07 1.26874e+07 33 164
398000 1.1347e+08 6.64199e+09 1.75867e+10 3.02005e+07 1.48909e+07 3.47357e+07 2.1343e+07 38 154
399000 1.14138e+08 6.66168e+09 1.47592e+10 2.93459e+07 1.49547e+07 2.58516e+07 1.33885e+07 37 160
400000 1.15264e+08 6.68451e+09 1.22566e+10 2.70287e+07 1.36708e+07 2.77635e+07 1.42559e+07 41 170
401000 1.15981e+08 6.70189e+09 1.88442e+10 3.34726e+07 1.67722e+07 2.6557e+07 1.44823e+07 37 158
402000 1.19404e+08 6.68492e+09 2.95029e+10 4.12177e+07 1.71298e+07 2.81227e+07 1.39808e+07 36 159
403000 1.23175e+08 6.66165e+09 1.64125e+10 3.0227e+07 1.25605e+07 2.54443e+07 1.26244e+07 41 177
404000 1.25744e+08 6.64288e+09 2.27761e+10 2.40627e+07 1.09236e+07 2.95452e+07 1.5068e+07 42 174
405000 1.39945e+08 6.5561e+09 1.3465e+10 2.58383e+07 1.53101e+07 3.39122e+07 1.57928e+07 36 171
406000 1.34283e+08 6.49569e+09 2.022e+10 2.55401e+07 1.54859e+07 2.88835e+07 1.41579e+07 37 169
407000 1.19983e+08 6.48693e+09 2.88313e+10 2.62243e+07 1.65719e+07 2.40657e+07 1.10585e+07 36 181
408000 1.16934e+08 6.50581e+09 2.21809e+10 2.71756e+07 1.72156e+07 2.45806e+07 1.29108e+07 31 189
409000 1.22548e+08 6.50001e+09 1.99288e+10 2.37792e+07 1.36533e+07 2.73674e+07 1.40755e+07 32 180
410000 1.29789e+08 6.45629e+09 2.0658e+10 2.50278e+07 1.28649e+07 3.66598e+07 1.96448e+07 28 184
411000 1.31104e+08 6.37923e+09 2.23153e+10 2.06125e+07 8.91674e+06 2.91472e+07 1.3648e+07 31 192
412000 1.31488e+08 6.32976e+09 2.04562e+10 2.15362e+07 1.05633e+07 2.89281e+07 1.39203e+07 31 188
413000 1.22223e+08 6.31955e+09 1.70922e+10 2.04966e+07 1.03138e+07 2.59211e+07 1.36146e+07 31 185
414000 1.18414e+08 6.34968e+09 1.3204e+10 2.04684e+07 9.91882e+06 2.47315e+07 1.31776e+07 32 193
415000 1.17532e+08 6.36498e+09 1.42571e+10 2.77327e+07 1.6767e+07 2.51813e+07 1.37864e+07 23 188
416000 1.13073e+08 6.39844e+09 2.17636e+10 3.36742e+07 1.94363e+07 2.48955e+07 1.18812e+07 18 187
417000 1.1175e+08 6.44798e+09 1.88135e+10 4.18844e+07 2.90704e+07 2.54088e+07 1.31917e+07 17 179
418000 1.07073e+08 6.50272e+09 2.69367e+10 3.9427e+07 1.94042e+07 2.38677e+07 1.26575e+07 20 173
419000 1.05366e+08 6.55704e+09 2.15445e+10 3.24998e+07 1.12583e+07 2.66096e+07 1.50284e+07 24 175
420000 1.04832e+08 6.63062e+09 2.07501e+10 3.00259e+07 1.46814e+07 2.46321e+07 1.42205e+07 23 166
421000 1.05157e+08 6.68968e+09 2.40787e+10 8.07435e+07 3.19447e+07 2.49927e+07 1.41348e+07 21 178
422000 1.06138e+08 6.73596e+09 2.58106e+10 2.47801e+07 1.25163e+07 2.46672e+07 1.18049e+07 25 176
423000 1.08577e+08 6.78139e+09 2.02945e+10 2.25016e+07 1.13461e+07 2.60278e+07 1.33534e+07 26 173
424000 1.1101e+08 6.82804e+09 1.48131e+10 2.75586e+07 1.37618e+07 2.73073e+07 1.579e+07 24 169
425000 1.12437e+08 6.85583e+09 1.13447e+10 2.79326e+07 1.45713e+07 2.66396e+07 1.34119e+07 22 176
426000 1.17232e+08 6.86155e+09 1.28448e+10 2.82721e+07 1.6555e+07 2.82321e+07 1.42905e+07 20 176
427000 1.17132e+08 6.85286e+09 1.63734e+10 3.52495e+07 2.5442e+07 2.65816e+07 1.31003e+07 19 182
428000 1.19075e+08 6.8587e+09 1.59668e+10 4.24921e+07 3.34013e+07 2.64761e+07 1.38904e+07 16 187
429000 1.2764e+08 6.8085e+09 1.31018e+10 3.62252e+07 2.20231e+07 2.79858e+07 1.33102e+07 22 187
430000 1.28643e+08 6.76445e+09 1.91626e+10 3.95569e+07 2.24408e+07 2.99865e+07 1.58346e+07 21 173
431000 1.22525e+08 6.74984e+09 1.58338e+10 4.03075e+07 2.52485e+07 3.09007e+07 1.37538e+07 21 189
432000 1.22624e+08 6.72855e+09 1.09821e+10 3.2741e+07 2.0487e+07 2.58364e+07 1.16768e+07 25 198
433000 1.32782e+08 6.6543e+09 1.56335e+10 3.84528e+07 1.4625e+07 2.63912e+07 1.13385e+07 23 204
434000 1.32676e+08 6.60173e+09 1.31642e+10 3.13495e+07 1.26096e+07 2.80224e+07 1.36463e+07 25 191
435000 1.24175e+08 6.60024e+09 1.62171e+10 2.7699e+07 1.59173e+07 3.12952e+07 1.88908e+07 26 179
436000 1.18552e+08 6.61586e+09 1.63142e+10 2.84521e+07 1.52462e+07 2.82938e+07 1.40971e+07 23 185
437000 1.17961e+08 6.63692e+09 1.30422e+10 3.41915e+07 1.69796e+07 2.92737e+07 1.76964e+07 24 177
438000 1.22846e+08 6.63026e+09 6.14107e+09 4.17497e+07 2.33925e+07 2.71561e+07 1.58402e+07 19 184
439000 1.35914e+08 6.53466e+09 1.2347e+10 3.49618e+07 2.21497e+07 2.98709e+07 1.24604e+07 20 202
440000 1.3814e+08 6.42971e+09 2.04431e+10 5.05133e+07 3.99561e+07 3.05007e+07 1.42682e+07 18 188
441000 1.33312e+08 6.38459e+09 1.55077e+10 3.84858e+07 3.00742e+07 3.30201e+07 1.66318e+07 16 197
442000 1.26775e+08 6.35053e+09 1.87872e+10 3.32051e+07 1.94511e+07 2.83043e+07 1.47341e+07 16 210
443000 1.21574e+08 6.34412e+09 2.42252e+10 3.38156e+07 2.3982e+07 2.50423e+07 1.24143e+07 15 202
444000 1.26847e+08 6.32118e+09 1.92615e+10 3.2024e+07 2.27742e+07 2.79105e+07 1.30813e+07 14 201
445000 1.28142e+08 6.27187e+09 2.03788e+10 3.79243e+07 3.25269e+07 2.66113e+07 1.26588e+07 12 200
446000 1.18167e+08 6.28425e+09 2.035e+10 4.12594e+07 3.2207e+07 2.30543e+07 1.10996e+07 12 205
447000 1.11789e+08 6.32806e+09 1.89413e+10 3.75414e+07 2.34212e+07 2.40752e+07 1.27089e+07 12 205
448000 1.10763e+08 6.37793e+09 1.24791e+10 3.24216e+07 1.62108e+07 2.44266e+07 1.35399e+07 14 196
449000 1.05023e+08 6.42816e+09 2.5475e+10 3.33705e+07 1.91878e+07 2.43482e+07 1.33772e+07 15 194
450000 1.09265e+08 6.48493e+09 2.05983e+10 3.5428e+07 1.6445e+07 2.40014e+07 1.28303e+07 15 188
451000 1.12888e+08 6.51113e+09 1.88005e+10 4.34352e+07 2.00367e+07 2.58568e+07 1.47294e+07 15 180
452000 1.1723e+08 6.52439e+09 1.56555e+10 3.52654e+07 1.6651e+07 2.69772e+07 1.5383e+07 21 177
453000 1.1452e+08 6.53394e+09 1.93163e+10 2.95148e+07 1.54886e+07 2.77107e+07 1.55825e+07 22 175
454000 1.1063e+08 6.5626e+09 2.99822e+10 3.47464e+07 1.7823e+07 2.65438e+07 1.4319e+07 19 172
455000 1.14892e+08 6.58252e+09 1.92729e+10 2.54716e+07 1.581e+07 2.76868e+07 1.53552e+07 19 177
456000 1.18277e+08 6.5881e+09 2.8455e+10 2.26787e+07 1.40111e+07 2.67274e+07 1.29122e+07 21 190
457000 1.18557e+08 6.57781e+09 3.12675e+10 2.72353e+07 1.80795e+07 2.5559e+07 1.25879e+07 16 193
458000 1.1704e+08 6.58348e+09 2.84e+10 3.07236e+07 1.53259e+07 3.81029e+07 2.37197e+07 17 197
459000 1.22207e+08 6.57076e+09 2.03546e+10 2.98867e+07 1.18094e+07 2.88345e+07 1.58857e+07 18 181
460000 1.24573e+08 6.54338e+09 1.80572e+10 3.49458e+07 1.82936e+07 3.0659e+07 1.51035e+07 16 190
461000 1.25007e+08 6.52844e+09 1.20408e+10 2.63024e+07 1.29878e+07 2.77676e+07 1.46597e+07 20 189
462000 1.18499e+08 6.52956e+09 1.74415e+10 2.74709e+07 1.44147e+07 2.43718e+07 1.14527e+07 16 202
463000 1.1588e+08 6.5481e+09 1.92322e+10 2.86646e+07 1.46754e+07 2.49932e+07 1.26387e+07 12 196
464000 1.15171e+08 6.568e+09 2.14867e+10 3.38111e+07 2.14705e+07 2.6994e+07 1.58573e+07 10 197
465000 1.16538e+08 6.5861e+09 3.00018e+10 3.23996e+07 1.91864e+07 2.95113e+07 1.7156e+07 9 185
466000 1.16948e+08 6.59009e+09 1.92271e+10 2.6197e+07 1.52751e+07 2.65519e+07 1.41325e+07 11 193
467000 1.16449e+08 6.61245e+09 2.78796e+10 3.17357e+07 2.0647e+07 3.67304e+07 2.43476e+07 7 180
468000 1.16811e+08 6.613e+09 1.62514e+10 2.81537e+07 1.84954e+07 2.90735e+07 1.6863e+07 7 193
469000 1.18383e+08 6.61328e+09 1.67502e+10 3.18745e+07 2.30306e+07 2.75867e+07 1.50584e+07 8 196
470000 1.2587e+08 6.57186e+09 1.87679e+10 3.42058e+07 2.32547e+07 3.07542e+07 1.57664e+07 8 191
471000 1.26616e+08 6.5279e+09 2.14055e+10 3.55425e+07 2.46734e+07 3.09534e+07 1.72534e+07 8 193
472000 1.20484e+08 6.52674e+09 2.30935e+10 3.1901e+07 1.79157e+07 2.62291e+07 1.34849e+07 9 193
473000 1.14527e+08 6.54909e+09 2.35361e+10 2.47756e+07 1.15599e+07 3.37878e+07 1.83689e+07 11 196
474000 1.16374e+08 6.56156e+09 2.52854e+10 2.93966e+07 1.72367e+07 2.84189e+07 1.60958e+07 8 193
475000 1.23535e+08 6.52808e+09 2.03787e+10 2.45231e+07 1.02686e+07 2.69949e+07 1.26468e+07 10 199
476000 1.19197e+08 6.53182e+09 2.09361e+10 2.68162e+07 1.20291e+07 2.60471e+07 1.36316e+07 9 198
477000 1.17059e+08 6.55548e+09 1.36576e+10 2.36679e+07 1.01221e+07 2.71015e+07 1.53309e+07 10 194
478000 1.12718e+08 6.58809e+09 2.08193e+10 4.41474e+07 3.53327e+07 2.59944e+07 1.34462e+07 3 193
479000 1.10286e+08 6.63262e+09 2.52742e+10 4.34932e+07 3.62006e+07 3.2584e+07 1.73416e+07 4 178
480000 1.14628e+08 6.65612e+09 2.7576e+10 6.55623e+07 6.55623e+07 2.93268e+07 1.64067e+07 3 181
481000 1.23498e+08 6.61135e+09 2.48931e+10 4.43445e+07 2.21722e+07 2.87763e+07 1.35679e+07 2 205
482000 1.2603e+08 6.56755e+09 2.39369e+10 4.12263e+07 2.06132e+07 3.0942e+07 1.76434e+07 2 204
483000 1.26074e+08 6.5407e+09 2.33172e+10 4.12451e+07 2.06225e+07 2.94743e+07 1.61615e+07 2 195
484000 1.20818e+08 6.52974e+09 2.11571e+10 3.48734e+07 1.74367e+07 2.72043e+07 1.51794e+07 2 202
484987 1.13704e+08 6.55571e+09 2.57683e+10 0 0 2.40689e+07 1.18218e+07 0 210
