0 1.27534e+08 5.8036e+09 2.4e+09 2.4e+07 1.2e+07 2.4e+07 1.2e+07 190 10
1000 1.28021e+08 5.81274e+09 9.63662e+09 2.86313e+07 1.72142e+07 2.69863e+07 1.80191e+07 186 10
2000 1.23766e+08 5.82179e+09 2.67981e+10 2.70862e+07 1.45504e+07 2.07735e+07 9.64023e+06 189 9
3000 1.25688e+08 5.83498e+09 2.05124e+10 2.9685e+07 1.8138e+07 2.03961e+07 1.18608e+07 180 9
4000 1.2298e+08 5.85289e+09 3.12095e+10 3.03392e+07 1.75106e+07 2.03965e+07 1.1887e+07 168 9
5000 1.2185e+08 5.8779e+09 2.87877e+10 3.68437e+07 2.46626e+07 2.32057e+07 1.39896e+07 169 8
6000 1.2219e+08 5.90629e+09 2.67907e+10 3.15697e+07 2.00208e+07 2.16026e+07 1.32461e+07 161 9
7000 1.21739e+08 5.93743e+09 2.59552e+10 3.17593e+07 1.99972e+07 2.97428e+07 2.41863e+07 160 9
8000 1.18202e+08 5.96959e+09 2.50785e+10 3.43285e+07 2.24168e+07 2.73994e+07 1.71043e+07 159 10
9000 1.17373e+08 6.01043e+09 2.65185e+10 3.03598e+07 1.86711e+07 2.82685e+07 1.6911e+07 159 9
10000 1.17016e+08 6.05047e+09 2.92812e+10 3.32834e+07 2.1112e+07 2.18145e+07 1.00708e+07 148 12
11000 1.1879e+08 6.08065e+09 3.10782e+10 3.3622e+07 2.18877e+07 2.63949e+07 1.7074e+07 148 11
12000 1.17905e+08 6.11495e+09 4.53625e+10 3.67463e+07 2.31182e+07 2.38884e+07 1.48114e+07 138 9
13000 1.21366e+08 6.13953e+09 3.04681e+10 3.56752e+07 2.22064e+07 2.46254e+07 1.31588e+07 144 10
14000 1.17486e+08 6.18717e+09 3.66332e+10 3.51461e+07 2.30059e+07 1.21742e+08 1.1357e+08 147 11
15000 1.14883e+08 6.24164e+09 4.12058e+10 3.35977e+07 2.26158e+07 2.73179e+07 1.41808e+07 138 11
16000 1.09556e+08 6.29963e+09 5.18465e+10 3.47813e+07 2.2447e+07 2.89898e+07 1.28821e+07 131 10
17000 1.12952e+08 6.3561e+09 3.98283e+10 3.44444e+07 2.10858e+07 2.89528e+07 1.27268e+07 134 11
18000 1.16468e+08 6.40228e+09 3.20431e+10 4.82694e+07 3.57145e+07 2.49663e+07 1.18151e+07 137 14
19000 1.17827e+08 6.42612e+09 3.77753e+10 4.31882e+07 3.08421e+07 2.79176e+07 1.43286e+07 127 13
20000 1.19422e+08 6.44906e+09 3.89431e+10 3.90417e+07 2.48428e+07 4.05877e+07 2.98719e+07 140 13
21000 1.13949e+08 6.49009e+09 4.93182e+10 3.0712e+07 1.70268e+07 3.52951e+07 2.65381e+07 146 13
22000 1.13839e+08 6.54203e+09 4.57084e+10 3.32873e+07 2.07842e+07 3.42865e+07 2.24943e+07 136 17
23000 1.17597e+08 6.56784e+09 5.01785e+10 3.441e+07 1.98706e+07 4.80214e+07 2.35458e+07 138 17
24000 1.25325e+08 6.56541e+09 4.04926e+10 3.15064e+07 1.65493e+07 4.54394e+07 2.04367e+07 151 20
25000 1.22654e+08 6.56809e+09 4.71411e+10 3.36421e+07 1.66447e+07 3.30773e+07 1.38602e+07 139 23
26000 1.19244e+08 6.60129e+09 4.75121e+10 3.2253e+07 1.67907e+07 3.10654e+07 1.33705e+07 140 24
27000 1.20399e+08 6.63735e+09 3.50729e+10 3.39723e+07 1.93125e+07 3.05763e+07 1.39212e+07 134 27
28000 1.2367e+08 6.64986e+09 3.27862e+10 3.58636e+07 2.11478e+07 2.94767e+07 1.3101e+07 132 29
29000 1.32505e+08 6.62294e+09 2.87263e+10 4.28559e+07 2.78937e+07 2.46385e+07 9.99852e+06 126 31
30000 1.46404e+08 6.52346e+09 2.94697e+10 4.58833e+07 2.46723e+07 2.44553e+07 1.03547e+07 134 27
31000 1.50621e+08 6.40275e+09 2.55821e+10 4.01369e+07 1.97643e+07 2.09856e+07 7.72429e+06 152 28
32000 1.46744e+08 6.324e+09 1.48281e+10 3.70753e+07 1.97876e+07 2.14515e+07 9.33653e+06 163 27
33000 1.33633e+08 6.31496e+09 2.33088e+10 3.39932e+07 2.00077e+07 3.41729e+07 2.28383e+07 148 21
34000 1.30615e+08 6.29903e+09 2.78378e+10 3.4442e+07 1.69354e+07 2.37632e+07 1.2297e+07 159 22
35000 1.31922e+08 6.26977e+09 2.25507e+10 3.22752e+07 1.79989e+07 2.87395e+07 1.64548e+07 159 18
36000 1.29243e+08 6.26824e+09 1.77815e+10 3.14601e+07 1.68788e+07 2.624e+07 1.49334e+07 169 20
37000 1.33267e+08 6.23489e+09 2.01664e+10 3.37247e+07 1.82963e+07 2.39333e+07 1.21626e+07 161 23
38000 1.34645e+08 6.19261e+09 2.52344e+10 3.39611e+07 1.79559e+07 2.66407e+07 1.46119e+07 160 22
39000 1.2953e+08 6.17627e+09 3.33441e+10 2.93143e+07 1.40101e+07 5.26715e+07 3.98043e+07 168 21
40000 1.19365e+08 6.21232e+09 3.64548e+10 2.84677e+07 1.53946e+07 2.58303e+07 1.4806e+07 155 26
41000 1.18168e+08 6.25762e+09 1.97607e+10 3.59301e+07 2.12688e+07 3.23118e+07 1.72821e+07 159 26
42000 1.1764e+08 6.27966e+09 2.05943e+10 2.73401e+07 1.62574e+07 3.2323e+07 1.24939e+07 159 29
43000 1.20713e+08 6.30669e+09 1.76366e+10 2.83712e+07 1.65729e+07 2.8281e+07 1.00087e+07 160 33
44000 1.19791e+08 6.32791e+09 2.40687e+10 2.88667e+07 1.59233e+07 2.44556e+07 8.28689e+06 159 34
45000 1.22472e+08 6.34685e+09 2.31128e+10 3.66584e+07 2.21125e+07 2.69723e+07 1.44271e+07 145 30
46000 1.11603e+08 6.41224e+09 2.92243e+10 3.20242e+07 1.93272e+07 2.24302e+07 1.12386e+07 145 32
47000 1.02825e+08 6.5107e+09 3.74845e+10 3.68916e+07 2.51801e+07 2.01907e+07 8.65008e+06 139 37
48000 1.02138e+08 6.60922e+09 4.14824e+10 2.84732e+07 1.77354e+07 2.98685e+07 1.49078e+07 128 35
49000 1.05382e+08 6.6836e+09 4.40594e+10 2.92251e+07 1.65832e+07 2.85429e+07 1.31539e+07 132 33
50000 1.11315e+08 6.72008e+09 4.1084e+10 3.11626e+07 1.78045e+07 2.77276e+07 1.12091e+07 141 32
51000 1.32238e+08 6.67811e+09 3.59544e+10 3.89477e+07 1.86162e+07 4.75136e+07 3.27234e+07 140 33
52000 1.33425e+08 6.64078e+09 3.14788e+10 3.44957e+07 1.72618e+07 2.99011e+07 1.45314e+07 140 30
53000 1.24699e+08 6.6497e+09 4.03574e+10 4.01139e+07 2.45817e+07 2.21615e+07 1.02166e+07 141 37
54000 1.24149e+08 6.6704e+09 3.22541e+10 4.67474e+07 2.39828e+07 2.49092e+07 1.36922e+07 143 33
55000 1.31054e+08 6.64664e+09 2.65037e+10 3.94214e+07 2.29261e+07 2.22665e+07 1.01732e+07 140 37
56000 1.34993e+08 6.61236e+09 2.54163e+10 3.52913e+07 1.96634e+07 2.71969e+07 1.57625e+07 143 35
57000 1.4042e+08 6.55886e+09 1.76351e+10 4.08299e+07 2.43818e+07 2.75065e+07 1.32484e+07 133 34
58000 1.43531e+08 6.48518e+09 2.46936e+10 3.98406e+07 2.13833e+07 3.92554e+07 2.60376e+07 136 33
59000 1.47815e+08 6.39552e+09 1.60715e+10 4.24031e+07 2.28417e+07 2.50098e+07 1.1582e+07 139 34
60000 1.34951e+08 6.34306e+09 2.95715e+10 3.23754e+07 1.59797e+07 2.03002e+07 9.33177e+06 146 39
61000 1.26973e+08 6.36206e+09 2.06507e+10 3.22766e+07 1.8317e+07 2.09932e+07 1.0662e+07 151 38
62000 1.29335e+08 6.344e+09 2.42915e+10 3.91063e+07 2.10432e+07 2.25707e+07 1.14972e+07 141 35
63000 1.24931e+08 6.34689e+09 2.30774e+10 4.65889e+07 2.41034e+07 2.32404e+07 1.25203e+07 148 33
64000 1.30219e+08 6.34182e+09 2.61294e+10 3.44239e+07 1.7746e+07 2.48755e+07 1.29676e+07 152 29
65000 1.28416e+08 6.32791e+09 3.20311e+10 3.167e+07 1.5873e+07 2.56975e+07 1.46887e+07 150 30
66000 1.23941e+08 6.33464e+09 2.61687e+10 3.16625e+07 1.69568e+07 2.20449e+07 1.09698e+07 153 36
67000 1.3723e+08 6.28899e+09 2.7359e+10 4.09761e+07 2.17976e+07 2.69413e+07 1.64203e+07 159 34
68000 1.38292e+08 6.23227e+09 3.01022e+10 3.47746e+07 1.98993e+07 3.49754e+07 2.29124e+07 156 33
69000 1.22147e+08 6.24582e+09 4.7839e+10 2.66914e+07 1.72638e+07 4.00683e+07 2.08295e+07 142 35
70000 1.16195e+08 6.28078e+09 5.03732e+10 2.55954e+07 1.45169e+07 3.73532e+07 1.60759e+07 139 42
71000 1.21447e+08 6.29694e+09 4.09197e+10 2.91666e+07 1.72002e+07 3.83844e+07 2.24122e+07 139 43
72000 1.26815e+08 6.29584e+09 3.10885e+10 3.35509e+07 2.11457e+07 3.05057e+07 1.38491e+07 140 46
73000 1.25006e+08 6.30832e+09 3.08982e+10 3.14533e+07 1.81241e+07 4.23326e+07 1.9852e+07 132 46
74000 1.17449e+08 6.33655e+09 3.46005e+10 2.8602e+07 1.64176e+07 2.41298e+07 1.26054e+07 131 52
75000 1.14522e+08 6.39766e+09 2.95433e+10 3.02897e+07 1.88487e+07 2.55213e+07 1.20903e+07 127 51
76000 1.14534e+08 6.44188e+09 2.88531e+10 3.11695e+07 1.99748e+07 2.56236e+07 1.1669e+07 121 52
77000 1.16159e+08 6.46645e+09 3.21838e+10 3.35565e+07 2.10712e+07 2.50466e+07 9.65527e+06 118 55
78000 1.20838e+08 6.48247e+09 3.61409e+10 3.75845e+07 2.58095e+07 2.57544e+07 1.28856e+07 111 54
79000 1.27979e+08 6.46621e+09 3.69376e+10 4.03562e+07 2.17269e+07 2.5654e+07 1.26581e+07 113 53
80000 1.3209e+08 6.43333e+09 3.1393e+10 3.68922e+07 1.92332e+07 2.62261e+07 1.58099e+07 127 48
81000 1.282e+08 6.42151e+09 2.85146e+10 3.49948e+07 1.95343e+07 3.37752e+07 2.3436e+07 123 54
82000 1.25819e+08 6.42818e+09 2.03626e+10 3.26046e+07 1.80209e+07 2.56038e+07 1.44287e+07 135 53
83000 1.23319e+08 6.42498e+09 2.0566e+10 3.21638e+07 1.66875e+07 2.00743e+07 1.05209e+07 139 53
84000 1.20929e+08 6.44041e+09 2.38426e+10 3.1267e+07 1.67961e+07 1.96252e+07 9.81181e+06 138 51
85000 1.20422e+08 6.47336e+09 2.80954e+10 3.47491e+07 2.06645e+07 1.88836e+07 9.54313e+06 133 53
86000 1.35311e+08 6.42873e+09 1.37021e+10 3.61383e+07 1.80695e+07 2.28401e+07 1.2634e+07 144 49
87000 1.35394e+08 6.3856e+09 1.70827e+10 3.24286e+07 1.86973e+07 2.63136e+07 1.58103e+07 144 47
88000 1.32168e+08 6.34979e+09 2.16914e+10 3.05799e+07 1.63518e+07 3.15511e+07 1.89771e+07 148 44
89000 1.35346e+08 6.31979e+09 2.41306e+10 3.10518e+07 1.65012e+07 3.02913e+07 1.6354e+07 151 46
90000 1.33153e+08 6.28008e+09 2.66064e+10 3.05749e+07 1.60311e+07 2.77952e+07 1.522e+07 148 50
91000 1.28774e+08 6.27418e+09 3.12409e+10 2.97406e+07 1.52124e+07 2.76425e+07 1.388e+07 146 44
92000 1.23942e+08 6.2831e+09 3.50118e+10 3.09688e+07 1.65188e+07 2.42143e+07 1.04694e+07 139 47
93000 1.20849e+08 6.31061e+09 2.94243e+10 2.9179e+07 1.66372e+07 2.94016e+07 1.7409e+07 139 41
94000 1.16184e+08 6.36246e+09 2.66818e+10 2.72428e+07 1.52414e+07 6.39125e+07 3.36325e+07 137 41
95000 1.10896e+08 6.43173e+09 2.84983e+10 2.69752e+07 1.65523e+07 3.35676e+07 2.17454e+07 134 37
96000 1.11543e+08 6.49704e+09 2.46268e+10 2.91046e+07 1.78264e+07 3.01043e+07 2.03973e+07 124 45
97000 1.17074e+08 6.53184e+09 2.35285e+10 3.12343e+07 1.94535e+07 4.09223e+07 2.68217e+07 124 42
98000 1.22825e+08 6.52051e+09 1.46628e+10 2.54079e+07 1.28998e+07 3.95939e+07 2.30396e+07 141 50
99000 1.2549e+08 6.50221e+09 2.55206e+10 3.40877e+07 1.76669e+07 3.19485e+07 1.7618e+07 127 54
100000 1.43186e+08 6.40301e+09 1.96728e+10 3.7454e+07 1.86186e+07 2.93652e+07 1.76013e+07 128 59
101000 1.3028e+08 6.38542e+09 2.48563e+10 3.10258e+07 1.67746e+07 2.86993e+07 1.42556e+07 126 58
102000 1.27744e+08 6.37874e+09 2.92322e+10 3.29687e+07 1.72557e+07 2.54267e+07 1.19447e+07 122 62
103000 1.23115e+08 6.37821e+09 2.9748e+10 3.0755e+07 1.63737e+07 4.04978e+07 1.50703e+07 126 65
104000 1.22858e+08 6.40309e+09 1.20283e+10 3.0724e+07 1.85104e+07 2.70099e+07 1.41366e+07 126 62
105000 1.30719e+08 6.36261e+09 1.66361e+10 3.59456e+07 1.88083e+07 2.47066e+07 1.2281e+07 133 66
106000 1.46421e+08 6.2653e+09 1.98001e+10 3.57616e+07 1.67476e+07 2.77037e+07 1.35077e+07 139 60
107000 1.36909e+08 6.21074e+09 1.86292e+10 3.06169e+07 1.48865e+07 2.57096e+07 1.35618e+07 141 60
108000 1.24479e+08 6.22712e+09 2.07148e+10 2.92697e+07 1.6411e+07 2.02877e+07 9.27117e+06 136 67
109000 1.13431e+08 6.27393e+09 2.88218e+10 2.64085e+07 1.49625e+07 1.80991e+07 7.09064e+06 140 68
110000 1.13437e+08 6.32736e+09 2.99388e+10 2.8277e+07 1.56027e+07 2.05863e+07 9.81939e+06 136 64
111000 1.20987e+08 6.35185e+09 2.75576e+10 3.10562e+07 1.59087e+07 2.60363e+07 1.56142e+07 133 61
112000 1.15965e+08 6.39411e+09 4.03697e+10 2.80967e+07 1.44943e+07 2.36898e+07 1.18539e+07 130 52
113000 1.10033e+08 6.46535e+09 4.15102e+10 2.73942e+07 1.46859e+07 2.69074e+07 1.41956e+07 125 48
114000 1.08834e+08 6.54679e+09 3.72301e+10 3.58749e+07 2.12884e+07 2.94837e+07 1.67423e+07 110 51
115000 1.11964e+08 6.59663e+09 3.58563e+10 3.30291e+07 2.02763e+07 3.07829e+07 1.74966e+07 107 51
116000 1.2025e+08 6.60371e+09 2.23089e+10 3.51169e+07 2.2473e+07 2.9747e+07 1.70647e+07 112 56
117000 1.29249e+08 6.58212e+09 1.82007e+10 3.57289e+07 2.45899e+07 2.6372e+07 1.39742e+07 126 59
118000 1.36715e+08 6.5188e+09 2.41549e+10 3.92567e+07 2.30003e+07 2.57091e+07 1.16846e+07 121 61
119000 1.42753e+08 6.43116e+09 2.27139e+10 4.20556e+07 2.33817e+07 2.34274e+07 1.10627e+07 124 60
120000 1.4864e+08 6.3132e+09 1.87637e+10 3.73931e+07 1.73495e+07 2.04796e+07 9.04071e+06 142 65
121000 1.38836e+08 6.24498e+09 2.69245e+10 3.25243e+07 1.65818e+07 2.15375e+07 1.08879e+07 148 60
122000 1.32658e+08 6.23171e+09 3.41442e+10 3.30973e+07 2.01744e+07 2.26944e+07 1.08718e+07 137 61
123000 1.45907e+08 6.15938e+09 2.2569e+10 3.81573e+07 1.87038e+07 2.47569e+07 1.30292e+07 143 60
124000 1.47911e+08 6.05175e+09 2.34088e+10 3.6565e+07 1.9051e+07 2.31408e+07 1.19895e+07 141 66
125000 1.32757e+08 6.0338e+09 2.11863e+10 2.96409e+07 1.66188e+07 2.08682e+07 9.93116e+06 144 67
126000 1.26289e+08 6.03397e+09 2.15597e+10 3.3576e+07 1.84844e+07 2.21178e+07 1.16386e+07 140 65
127000 1.2845e+08 6.03463e+09 2.71747e+10 3.92465e+07 2.15078e+07 2.25376e+07 1.14005e+07 123 68
128000 1.23499e+08 6.04875e+09 4.01921e+10 3.48909e+07 2.18637e+07 2.46553e+07 1.28946e+07 114 60
129000 1.18244e+08 6.07719e+09 4.6669e+10 3.73588e+07 2.53159e+07 2.97224e+07 1.62599e+07 109 58
130000 1.22211e+08 6.09099e+09 3.43741e+10 3.41821e+07 2.12988e+07 3.01571e+07 1.61595e+07 106 64
131000 1.23951e+08 6.08664e+09 3.51117e+10 3.18936e+07 1.7636e+07 3.19604e+07 1.82709e+07 112 63
132000 1.26134e+08 6.08637e+09 2.8376e+10 3.14474e+07 1.7993e+07 3.92838e+07 2.19038e+07 108 67
133000 1.24618e+08 6.0975e+09 2.03078e+10 3.40545e+07 2.21141e+07 3.48796e+07 1.82988e+07 97 65
134000 1.17424e+08 6.1209e+09 1.70953e+10 3.07639e+07 1.94271e+07 3.25024e+07 1.81347e+07 97 69
135000 1.12219e+08 6.17661e+09 1.86935e+10 2.85726e+07 1.74126e+07 2.64005e+07 1.42735e+07 101 80
136000 1.09523e+08 6.23676e+09 2.18065e+10 2.68917e+07 1.53631e+07 3.06691e+07 1.67277e+07 108 74
137000 1.0873e+08 6.29514e+09 2.36196e+10 2.90107e+07 1.71099e+07 2.66175e+07 1.46941e+07 100 75
138000 1.08018e+08 6.36034e+09 2.91361e+10 2.9121e+07 1.67383e+07 2.95414e+07 1.7475e+07 95 72
139000 1.11503e+08 6.41353e+09 2.27226e+10 3.17882e+07 1.95975e+07 3.0129e+07 1.8317e+07 90 75
140000 1.15549e+08 6.44809e+09 2.00817e+10 3.22487e+07 1.82381e+07 2.84616e+07 1.6801e+07 94 79
141000 1.19648e+08 6.46042e+09 1.81348e+10 3.3683e+07 1.94662e+07 2.70369e+07 1.56948e+07 96 79
142000 1.20621e+08 6.46581e+09 2.45061e+10 3.63121e+07 2.06879e+07 3.17618e+07 2.06128e+07 86 84
143000 1.20365e+08 6.4732e+09 2.63181e+10 3.31613e+07 1.77521e+07 2.874e+07 1.56184e+07 87 86
144000 1.17278e+08 6.49714e+09 3.50579e+10 3.28582e+07 2.0344e+07 3.48555e+07 2.16444e+07 83 81
145000 1.17873e+08 6.52208e+09 2.71237e+10 3.4603e+07 2.36777e+07 2.83082e+07 1.56844e+07 93 86
146000 1.18064e+08 6.53488e+09 3.07327e+10 3.35887e+07 2.2125e+07 2.72411e+07 1.41148e+07 86 90
147000 1.24863e+08 6.52376e+09 1.58165e+10 3.57565e+07 2.39764e+07 2.7241e+07 1.52729e+07 91 91
148000 1.29661e+08 6.47493e+09 2.09033e+10 3.85612e+07 2.58893e+07 2.50619e+07 1.1512e+07 96 98
149000 1.39865e+08 6.4025e+09 1.99591e+10 3.92541e+07 2.22816e+07 2.65224e+07 1.32146e+07 103 102
150000 1.53682e+08 6.26537e+09 1.84151e+10 4.23095e+07 2.07622e+07 4.44806e+07 2.26544e+07 104 102
151000 1.44658e+08 6.1734e+09 3.16217e+10 3.52498e+07 1.78507e+07 2.77467e+07 1.36042e+07 106 94
152000 1.3547e+08 6.15968e+09 2.21349e+10 3.25478e+07 1.75745e+07 2.53992e+07 1.35269e+07 109 91
153000 1.21926e+08 6.17361e+09 2.69399e+10 3.59335e+07 2.28212e+07 2.4155e+07 1.18231e+07 106 87
154000 1.15882e+08 6.21284e+09 2.89468e+10 3.43278e+07 2.06574e+07 2.26478e+07 1.15838e+07 100 100
155000 1.20484e+08 6.2455e+09 2.37633e+10 3.94386e+07 2.32188e+07 2.52396e+07 1.4865e+07 95 88
156000 1.22461e+08 6.25646e+09 2.42866e+10 3.80414e+07 2.11708e+07 2.45168e+07 1.30169e+07 89 86
157000 1.20712e+08 6.27488e+09 1.45561e+10 2.9454e+07 1.70499e+07 2.73791e+07 1.51192e+07 103 81
158000 1.13371e+08 6.31111e+09 2.32921e+10 3.56963e+07 2.27715e+07 2.67921e+07 1.48348e+07 103 84
159000 1.15409e+08 6.34275e+09 2.68118e+10 2.895e+07 1.77862e+07 3.04282e+07 1.56332e+07 98 88
160000 1.22295e+08 6.3267e+09 3.57773e+10 3.03429e+07 1.67549e+07 3.16249e+07 1.38999e+07 95 82
161000 1.14978e+08 6.35206e+09 5.36824e+10 3.04768e+07 1.66241e+07 2.83433e+07 1.32871e+07 86 85
162000 1.15297e+08 6.40051e+09 3.64291e+10 2.83537e+07 1.54054e+07 2.74426e+07 1.4539e+07 92 93
163000 1.15706e+08 6.44435e+09 3.34377e+10 3.05169e+07 1.84166e+07 2.84951e+07 1.45195e+07 87 90
164000 1.17129e+08 6.4624e+09 2.31881e+10 2.96732e+07 1.80403e+07 3.38039e+07 1.78288e+07 89 85
165000 1.21357e+08 6.45853e+09 1.57685e+10 3.30609e+07 2.16969e+07 3.17963e+07 1.36114e+07 85 98
166000 1.23377e+08 6.44898e+09 2.00799e+10 3.73404e+07 2.32583e+07 3.96565e+07 1.5187e+07 79 107
167000 1.19477e+08 6.45686e+09 2.9394e+10 3.42123e+07 1.94615e+07 2.57322e+07 1.4409e+07 82 109
168000 1.18091e+08 6.48623e+09 2.09249e+10 3.72214e+07 2.31677e+07 2.10465e+07 9.88674e+06 76 117
169000 1.16128e+08 6.51338e+09 2.47086e+10 3.83888e+07 2.47691e+07 2.20496e+07 1.12468e+07 85 105
170000 1.24165e+08 6.51898e+09 1.80191e+10 3.97095e+07 2.47377e+07 2.207e+07 1.1248e+07 83 108
171000 1.25934e+08 6.49729e+09 2.04009e+10 3.80044e+07 2.12841e+07 2.33893e+07 1.2615e+07 87 104
172000 1.29706e+08 6.45953e+09 2.31939e+10 4.39972e+07 2.58724e+07 4.17577e+07 1.73007e+07 90 105
173000 1.32953e+08 6.42141e+09 1.89325e+10 3.68976e+07 1.9568e+07 2.24395e+07 1.12674e+07 97 106
174000 1.24566e+08 6.42072e+09 2.54055e+10 3.35177e+07 1.83463e+07 2.37e+07 1.14368e+07 89 100
175000 1.18822e+08 6.45267e+09 2.04969e+10 3.02539e+07 1.88779e+07 3.7836e+07 2.2285e+07 97 96
176000 1.18308e+08 6.47332e+09 2.07944e+10 3.0589e+07 1.74264e+07 2.44631e+07 1.25131e+07 99 95
177000 1.22465e+08 6.48236e+09 1.77071e+10 2.99528e+07 1.50561e+07 2.85425e+07 1.67132e+07 101 89
178000 1.22015e+08 6.48334e+09 2.09801e+10 2.97876e+07 1.69115e+07 3.07412e+07 1.75098e+07 103 82
179000 1.26035e+08 6.47364e+09 1.82286e+10 3.25394e+07 1.91481e+07 2.80458e+07 1.48311e+07 100 87
180000 1.29483e+08 6.44316e+09 2.20285e+10 3.2519e+07 1.61935e+07 2.68787e+07 1.43768e+07 104 91
181000 1.24055e+08 6.43005e+09 1.87371e+10 2.69683e+07 1.22986e+07 3.71326e+07 1.86076e+07 112 89
182000 1.18239e+08 6.45759e+09 1.80493e+10 2.54775e+07 1.34997e+07 3.42717e+07 2.18414e+07 110 93
183000 1.20848e+08 6.47153e+09 1.89305e+10 2.80607e+07 1.38297e+07 2.84291e+07 1.60647e+07 105 96
184000 1.34341e+08 6.41936e+09 1.62595e+10 2.95144e+07 1.42433e+07 3.82005e+07 1.94897e+07 101 91
185000 1.42196e+08 6.3432e+09 1.0747e+10 4.38946e+07 2.01408e+07 3.88968e+07 2.16065e+07 99 90
186000 1.31624e+08 6.29924e+09 1.45037e+10 2.66011e+07 1.31935e+07 3.17987e+07 1.88424e+07 102 99
187000 1.36024e+08 6.24181e+09 1.69681e+10 3.51264e+07 2.30924e+07 3.45301e+07 1.6215e+07 87 108
188000 1.31263e+08 6.18849e+09 2.97127e+10 3.03712e+07 1.76925e+07 4.28634e+07 1.8148e+07 84 108
189000 1.24705e+08 6.193e+09 2.44995e+10 2.99118e+07 1.71479e+07 2.60764e+07 1.37677e+07 90 110
190000 1.20569e+08 6.19496e+09 2.63971e+10 3.12099e+07 1.81098e+07 2.43904e+07 1.25452e+07 84 115
191000 1.21155e+08 6.20254e+09 2.66599e+10 4.46085e+07 2.05825e+07 2.42768e+07 1.25662e+07 88 116
192000 1.19988e+08 6.21553e+09 1.9496e+10 3.46835e+07 2.18595e+07 2.28862e+07 9.94538e+06 88 120
193000 1.15289e+08 6.24373e+09 1.30141e+10 2.69842e+07 1.38933e+07 2.11926e+07 1.00922e+07 93 122
194000 1.11866e+08 6.30279e+09 1.02823e+10 3.12498e+07 1.95612e+07 2.03408e+07 1.03788e+07 87 123
195000 1.0567e+08 6.37806e+09 1.98687e+10 2.8597e+07 1.51906e+07 2.1164e+07 1.07811e+07 89 111
196000 1.06591e+08 6.45795e+09 1.56851e+10 2.7983e+07 1.71392e+07 2.08591e+07 1.09588e+07 88 115
197000 1.12293e+08 6.50318e+09 5.77048e+09 4.14122e+07 2.72907e+07 2.08313e+07 9.99172e+06 84 121
198000 1.1664e+08 6.51966e+09 2.63707e+10 3.23736e+07 2.21649e+07 2.80923e+07 1.63534e+07 80 105
199000 1.21961e+08 6.5061e+09 2.9813e+10 3.43833e+07 2.25927e+07 2.86115e+07 1.5443e+07 81 108
200000 1.31835e+08 6.45594e+09 2.19718e+10 3.80501e+07 2.44172e+07 2.73541e+07 1.23545e+07 83 115
201000 1.42047e+08 6.36932e+09 1.91392e+10 4.84157e+07 2.83964e+07 2.62139e+07 1.3089e+07 85 112
202000 1.47583e+08 6.25733e+09 1.26683e+10 5.74534e+07 3.03453e+07 2.62913e+07 1.52203e+07 84 115
203000 1.36729e+08 6.19463e+09 2.48229e+10 4.47647e+07 2.60125e+07 2.14627e+07 1.09544e+07 87 123
204000 1.30554e+08 6.16747e+09 3.01999e+10 3.67665e+07 1.80726e+07 2.32694e+07 1.23999e+07 90 114
205000 1.3083e+08 6.14203e+09 2.0742e+10 3.08108e+07 1.63641e+07 2.49511e+07 1.40757e+07 96 109
206000 1.25387e+08 6.1363e+09 3.49936e+10 3.32293e+07 1.73463e+07 3.20642e+07 2.07087e+07 90 112
207000 1.29726e+08 6.1185e+09 2.3349e+10 3.0609e+07 1.69925e+07 2.9054e+07 1.50557e+07 88 110
208000 1.26277e+08 6.09536e+09 2.33757e+10 4.03235e+07 2.77597e+07 2.7508e+07 1.37841e+07 81 107
209000 1.21426e+08 6.10749e+09 3.06511e+10 2.95164e+07 1.52036e+07 2.5744e+07 1.3329e+07 85 109
210000 1.17038e+08 6.13716e+09 2.54358e+10 2.78371e+07 1.51327e+07 2.48716e+07 1.38728e+07 85 111
211000 1.08164e+08 6.19511e+09 2.88488e+10 2.59157e+07 1.49788e+07 2.35837e+07 1.21224e+07 81 112
212000 1.08872e+08 6.27741e+09 2.22099e+10 2.92844e+07 1.90068e+07 2.67564e+07 1.51645e+07 80 105
213000 1.09298e+08 6.3421e+09 1.59243e+10 2.96648e+07 1.85758e+07 2.76693e+07 1.68143e+07 77 108
214000 1.0828e+08 6.39949e+09 1.9045e+10 3.29927e+07 2.42972e+07 2.83689e+07 1.75171e+07 68 109
215000 1.0977e+08 6.46035e+09 1.98081e+10 3.01029e+07 2.12236e+07 2.69505e+07 1.53483e+07 65 113
216000 1.0699e+08 6.51224e+09 2.74381e+10 3.09315e+07 1.89713e+07 2.56993e+07 1.34881e+07 59 116
217000 1.08767e+08 6.57358e+09 2.55564e+10 3.84764e+07 2.68716e+07 2.65482e+07 1.5132e+07 53 114
218000 1.06636e+08 6.62353e+09 2.1948e+10 3.14833e+07 2.0399e+07 2.37706e+07 1.23919e+07 61 123
219000 1.06481e+08 6.69264e+09 2.20844e+10 3.10506e+07 1.90948e+07 3.13715e+07 1.60645e+07 57 121
220000 1.05543e+08 6.76292e+09 2.97759e+10 3.38796e+07 2.19828e+07 2.84904e+07 1.65204e+07 53 115
221000 1.0618e+08 6.83164e+09 2.61461e+10 2.89667e+07 1.83714e+07 3.03927e+07 1.80438e+07 57 107
222000 1.04013e+08 6.89389e+09 2.84586e+10 2.73393e+07 1.66773e+07 2.86457e+07 1.56036e+07 59 105
223000 1.06046e+08 6.96283e+09 3.21065e+10 3.30721e+07 2.17138e+07 2.85174e+07 1.59905e+07 54 106
224000 1.06151e+08 7.01045e+09 4.1544e+10 3.3403e+07 2.24376e+07 2.94184e+07 1.64864e+07 49 108
225000 1.0601e+08 7.06999e+09 4.89837e+10 3.2943e+07 2.17874e+07 3.89807e+07 2.04933e+07 55 102
226000 1.13005e+08 7.10995e+09 3.91081e+10 4.18226e+07 2.67384e+07 3.44896e+07 2.18952e+07 51 98
227000 1.24379e+08 7.09201e+09 3.20464e+10 4.49276e+07 2.41515e+07 3.06239e+07 1.7114e+07 58 108
228000 1.38354e+08 7.0065e+09 2.43106e+10 4.68716e+07 2.49874e+07 3.65809e+07 2.22552e+07 66 102
229000 1.60781e+08 6.80767e+09 1.82157e+10 4.75845e+07 2.06264e+07 3.77519e+07 1.79326e+07 77 114
230000 1.55539e+08 6.63608e+09 1.49227e+10 3.36904e+07 1.38686e+07 2.77677e+07 1.37231e+07 90 129
231000 1.41459e+08 6.5825e+09 1.18977e+10 3.29377e+07 1.63341e+07 2.68627e+07 1.42535e+07 97 123
232000 1.47383e+08 6.46903e+09 1.38926e+10 3.60922e+07 1.78236e+07 2.79774e+07 1.70338e+07 97 121
233000 1.53824e+08 6.33332e+09 1.72692e+10 3.88345e+07 1.5996e+07 2.69088e+07 1.35536e+07 97 124
234000 1.46567e+08 6.24061e+09 1.56968e+10 3.13604e+07 1.37437e+07 2.76273e+07 1.47409e+07 103 117
235000 1.36978e+08 6.20519e+09 7.3481e+09 2.9159e+07 1.52682e+07 3.4703e+07 2.30488e+07 101 125
236000 1.31979e+08 6.17278e+09 1.4528e+10 2.89359e+07 1.36979e+07 2.38197e+07 1.19417e+07 103 128
237000 1.3157e+08 6.13646e+09 1.8356e+10 3.04801e+07 1.58331e+07 2.42116e+07 1.1311e+07 91 130
238000 1.32199e+08 6.10823e+09 1.07723e+10 3.10654e+07 1.788e+07 2.91232e+07 1.67263e+07 87 117
239000 1.3129e+08 6.06963e+09 1.95545e+10 2.96496e+07 1.52738e+07 2.86107e+07 1.45172e+07 90 115
240000 1.26299e+08 6.05725e+09 2.8028e+10 2.68541e+07 1.43262e+07 2.72764e+07 1.32399e+07 89 117
241000 1.22581e+08 6.07908e+09 1.80454e+10 2.56475e+07 1.48421e+07 3.02054e+07 1.81621e+07 86 112
242000 1.1737e+08 6.10653e+09 1.31353e+10 2.94655e+07 2.00073e+07 2.48069e+07 1.39784e+07 71 130
243000 1.08605e+08 6.15745e+09 3.02578e+10 2.54016e+07 1.53358e+07 2.48466e+07 1.23479e+07 73 119
244000 1.06405e+08 6.21836e+09 2.77388e+10 2.49633e+07 1.55951e+07 2.34838e+07 1.05693e+07 70 132
245000 1.07394e+08 6.29033e+09 1.79004e+10 2.6336e+07 1.7171e+07 2.28111e+07 1.0274e+07 70 132
246000 1.04075e+08 6.35286e+09 1.43854e+10 2.56683e+07 1.55184e+07 2.45406e+07 1.25219e+07 69 135
247000 1.05387e+08 6.43746e+09 1.66506e+10 3.05157e+07 2.17608e+07 2.20143e+07 1.09947e+07 61 128
248000 1.00153e+08 6.51919e+09 3.22537e+10 2.78979e+07 1.78398e+07 2.21173e+07 1.09327e+07 62 123
249000 1.02179e+08 6.61849e+09 3.01575e+10 2.86028e+07 1.81188e+07 3.01069e+07 1.92542e+07 63 116
250000 1.00706e+08 6.70003e+09 3.42196e+10 2.95481e+07 1.81496e+07 2.65217e+07 1.52927e+07 57 114
251000 1.0639e+08 6.77598e+09 3.05661e+10 3.0236e+07 1.88215e+07 3.12153e+07 1.83116e+07 56 102
252000 1.09343e+08 6.8193e+09 3.45984e+10 3.33567e+07 2.11399e+07 3.06056e+07 1.61732e+07 54 106
253000 1.10793e+08 6.8519e+09 3.38294e+10 3.55099e+07 2.28033e+07 2.8397e+07 1.54553e+07 50 116
254000 1.08392e+08 6.89774e+09 3.55991e+10 2.96597e+07 1.61267e+07 2.59524e+07 1.28642e+07 58 121
255000 1.11881e+08 6.93093e+09 2.89341e+10 3.47912e+07 2.18912e+07 2.77799e+07 1.45773e+07 51 133
256000 1.24022e+08 6.90452e+09 2.43659e+10 3.70166e+07 2.26808e+07 3.16275e+07 1.39916e+07 52 133
257000 1.28265e+08 6.86075e+09 3.2784e+10 3.98902e+07 2.61234e+07 2.81777e+07 1.34435e+07 54 138
258000 1.31147e+08 6.82245e+09 3.16321e+10 5.44486e+07 3.29593e+07 2.66185e+07 1.304e+07 54 133
259000 1.38839e+08 6.74484e+09 2.57809e+10 4.26989e+07 2.50044e+07 3.01205e+07 1.66457e+07 61 136
260000 1.40119e+08 6.66357e+09 2.50125e+10 4.24971e+07 2.55035e+07 2.80491e+07 1.35176e+07 61 141
261000 1.3576e+08 6.61454e+09 2.01936e+10 5.38264e+07 2.89205e+07 2.69223e+07 1.35456e+07 68 129
262000 1.30834e+08 6.59338e+09 2.33156e+10 3.97513e+07 2.50344e+07 3.26832e+07 2.15885e+07 58 128
263000 1.31415e+08 6.5385e+09 1.48649e+10 3.40546e+07 1.81118e+07 2.64519e+07 1.36112e+07 74 141
264000 1.40953e+08 6.43621e+09 1.5142e+10 3.89867e+07 2.01692e+07 2.5532e+07 1.18923e+07 76 147
265000 1.41415e+08 6.3463e+09 2.07144e+10 3.73583e+07 1.79928e+07 2.38222e+07 1.10847e+07 81 138
266000 1.36719e+08 6.30092e+09 1.81522e+10 3.52917e+07 1.71415e+07 2.43666e+07 1.24592e+07 81 130
267000 1.29713e+08 6.27251e+09 1.2754e+10 2.80847e+07 1.3817e+07 2.29402e+07 1.19513e+07 94 134
268000 1.22089e+08 6.27312e+09 1.84195e+10 2.48965e+07 1.21703e+07 2.17818e+07 1.15702e+07 87 148
269000 1.21989e+08 6.27814e+09 1.90035e+10 2.47671e+07 1.32306e+07 2.53716e+07 1.1068e+07 86 142
270000 1.26447e+08 6.26608e+09 1.68953e+10 2.34086e+07 1.387e+07 2.97592e+07 1.49118e+07 81 132
271000 1.39311e+08 6.18098e+09 1.42764e+10 2.49025e+07 1.45282e+07 3.64932e+07 1.55772e+07 73 143
272000 1.35825e+08 6.12672e+09 1.61978e+10 2.73668e+07 1.60309e+07 3.08219e+07 1.56685e+07 67 139
273000 1.23144e+08 6.14636e+09 2.13711e+10 2.86316e+07 1.52139e+07 2.76584e+07 1.36921e+07 68 142
274000 1.20033e+08 6.16713e+09 1.37927e+10 2.72755e+07 1.51773e+07 2.66624e+07 1.52092e+07 68 134
275000 1.17538e+08 6.18599e+09 1.13405e+10 2.67771e+07 1.46385e+07 2.48936e+07 1.31777e+07 68 140
276000 1.13384e+08 6.21904e+09 7.83427e+09 2.64197e+07 1.53752e+07 2.2653e+07 1.242e+07 66 151
277000 1.08663e+08 6.27829e+09 1.44505e+10 2.56993e+07 1.47924e+07 2.20754e+07 1.16028e+07 64 144
278000 1.08185e+08 6.35235e+09 2.61144e+10 4.01703e+07 2.30764e+07 2.85716e+07 1.77085e+07 52 134
279000 1.10603e+08 6.39747e+09 2.44505e+10 3.42983e+07 2.33537e+07 2.63202e+07 1.47226e+07 48 131
280000 1.11701e+08 6.42614e+09 3.0327e+10 3.46078e+07 2.14394e+07 2.52259e+07 1.27232e+07 47 137
281000 1.11034e+08 6.45246e+09 3.42358e+10 3.4334e+07 1.95226e+07 3.49833e+07 2.18765e+07 49 148
282000 1.12107e+08 6.48867e+09 3.45631e+10 3.63471e+07 2.25735e+07 2.54325e+07 1.25952e+07 45 143
283000 1.16201e+08 6.51307e+09 2.54598e+10 3.57292e+07 2.08782e+07 2.69524e+07 1.44374e+07 51 135
284000 1.23202e+08 6.51364e+09 1.35883e+10 4.46727e+07 3.01914e+07 2.68787e+07 1.37876e+07 51 139
285000 1.22331e+08 6.50416e+09 1.89956e+10 3.16119e+07 1.99064e+07 2.82263e+07 1.47885e+07 53 135
286000 1.16989e+08 6.50564e+09 2.25266e+10 5.95617e+07 4.58859e+07 2.74403e+07 1.41348e+07 55 134
287000 1.17636e+08 6.52092e+09 1.41919e+10 3.09489e+07 1.77027e+07 2.29149e+07 1.1374e+07 59 150
288000 1.16284e+08 6.53858e+09 2.19025e+10 3.14459e+07 1.58842e+07 2.48879e+07 1.35799e+07 63 139
289000 1.22894e+08 6.54341e+09 1.94188e+10 3.22666e+07 1.84122e+07 2.93702e+07 1.74994e+07 60 134
290000 1.27684e+08 6.51439e+09 1.72538e+10 2.8286e+07 1.64862e+07 3.28371e+07 1.74359e+07 68 130
291000 1.23735e+08 6.48968e+09 2.32837e+10 2.64469e+07 1.29564e+07 3.18191e+07 1.77141e+07 64 131
292000 1.19954e+08 6.50245e+09 2.26757e+10 2.96355e+07 1.71236e+07 2.5894e+07 1.31665e+07 56 143
293000 1.15209e+08 6.5451e+09 2.35195e+10 2.7903e+07 1.40863e+07 2.52976e+07 1.38295e+07 55 140
294000 1.09395e+08 6.60197e+09 2.64199e+10 6.23846e+07 4.94695e+07 2.52111e+07 1.44657e+07 55 136
295000 1.08449e+08 6.65994e+09 3.07524e+10 2.97461e+07 1.79021e+07 3.09034e+07 1.91255e+07 53 130
296000 1.10351e+08 6.71088e+09 3.39488e+10 3.54046e+07 1.95961e+07 2.97068e+07 1.81731e+07 46 114
297000 1.07447e+08 6.76976e+09 3.63042e+10 4.19803e+07 2.88355e+07 3.18037e+07 1.88988e+07 50 111
298000 1.09445e+08 6.82765e+09 2.76832e+10 3.34747e+07 2.10303e+07 3.74318e+07 2.58984e+07 46 124
299000 1.26009e+08 6.78123e+09 2.40352e+10 3.90588e+07 2.51912e+07 3.29777e+07 1.58201e+07 42 141
300000 1.34804e+08 6.68748e+09 2.43916e+10 4.04264e+07 1.84521e+07 2.9689e+07 1.43241e+07 45 148
301000 1.28022e+08 6.65624e+09 1.77196e+10 3.58709e+07 1.86509e+07 2.96449e+07 1.45405e+07 45 156
302000 1.24127e+08 6.65635e+09 1.47047e+10 2.89023e+07 1.73112e+07 2.74408e+07 1.54511e+07 45 160
303000 1.27911e+08 6.63557e+09 1.50341e+10 3.82728e+07 2.93189e+07 3.49717e+07 1.76408e+07 42 161
304000 1.28989e+08 6.58181e+09 2.01333e+10 2.57046e+07 1.59179e+07 3.15141e+07 1.56733e+07 42 161
305000 1.2658e+08 6.56232e+09 1.92285e+10 2.38478e+07 1.25094e+07 2.88308e+07 1.52216e+07 43 162
306000 1.21519e+08 6.55878e+09 2.50061e+10 2.51162e+07 1.40143e+07 3.09805e+07 1.79393e+07 44 157
307000 1.19249e+08 6.54698e+09 2.77705e+10 3.16105e+07 2.11694e+07 2.54329e+07 1.21015e+07 38 172
308000 1.21911e+08 6.54538e+09 2.04686e+10 3.65782e+07 2.24977e+07 2.63768e+07 1.25902e+07 34 165
309000 1.20089e+08 6.56175e+09 1.77734e+10 3.26266e+07 2.03755e+07 2.54248e+07 1.2419e+07 36 171
310000 1.20739e+08 6.56321e+09 1.40521e+10 3.27135e+07 2.01427e+07 2.46345e+07 1.10795e+07 36 181
311000 1.1964e+08 6.54812e+09 2.14612e+10 3.53078e+07 2.59625e+07 2.44625e+07 9.99974e+06 35 172
312000 1.13681e+08 6.58571e+09 1.93067e+10 3.33062e+07 2.14622e+07 2.34883e+07 1.19533e+07 33 166
313000 1.03134e+08 6.65258e+09 2.49335e+10 2.74902e+07 1.35081e+07 2.27405e+07 1.04772e+07 39 175
314000 1.10221e+08 6.71418e+09 1.53949e+10 3.45077e+07 1.98912e+07 2.37748e+07 1.31986e+07 36 167
315000 1.241e+08 6.68962e+09 9.0452e+09 4.18318e+07 2.61038e+07 2.891e+07 1.59304e+07 36 164
316000 1.32534e+08 6.6177e+09 1.54696e+10 3.80988e+07 2.01485e+07 2.9426e+07 1.49692e+07 41 159
317000 1.25245e+08 6.59296e+09 2.74893e+10 3.90343e+07 2.02052e+07 2.50444e+07 1.25551e+07 42 161
318000 1.2856e+08 6.56432e+09 2.31687e+10 4.07908e+07 1.90883e+07 2.61618e+07 1.39838e+07 47 154
319000 1.28947e+08 6.53343e+09 2.15125e+10 3.97085e+07 2.24593e+07 2.99622e+07 1.77698e+07 43 164
320000 1.34136e+08 6.46087e+09 1.92113e+10 5.0464e+07 2.51539e+07 2.51462e+07 1.30292e+07 47 171
321000 1.46456e+08 6.32961e+09 2.15992e+10 3.89863e+07 1.32456e+07 2.4109e+07 1.16428e+07 60 174
322000 1.32332e+08 6.29979e+09 1.95709e+10 2.5988e+07 1.25051e+07 2.31615e+07 1.01345e+07 58 181
323000 1.23572e+08 6.31508e+09 1.39374e+10 1.91254e+07 8.9752e+06 2.63203e+07 1.4113e+07 61 168
324000 1.15803e+08 6.34313e+09 1.55867e+10 2.04644e+07 1.14882e+07 3.33165e+07 1.70217e+07 53 168
325000 1.12224e+08 6.38783e+09 2.08474e+10 2.40955e+07 1.55283e+07 2.54484e+07 1.39936e+07 42 164
326000 1.10498e+08 6.43819e+09 1.88872e+10 3.88538e+07 2.66174e+07 2.61796e+07 1.47739e+07 39 163
327000 1.06948e+08 6.49889e+09 2.63566e+10 2.80098e+07 1.70585e+07 2.57186e+07 1.42115e+07 39 154
328000 1.08077e+08 6.55632e+09 3.27733e+10 2.11359e+07 1.13168e+07 2.88873e+07 1.73627e+07 44 152
329000 1.15739e+08 6.55912e+09 2.80256e+10 2.16569e+07 9.72223e+06 3.02145e+07 1.54273e+07 42 159
330000 1.25015e+08 6.51829e+09 2.631e+10 2.82031e+07 1.50838e+07 2.94923e+07 1.39781e+07 34 166
331000 1.25316e+08 6.49293e+09 2.42463e+10 3.78793e+07 2.09421e+07 2.78931e+07 1.44605e+07 29 177
332000 1.28958e+08 6.45759e+09 1.68187e+10 3.6729e+07 1.53502e+07 2.76551e+07 1.41739e+07 33 172
333000 1.2543e+08 6.43104e+09 1.92441e+10 3.4861e+07 1.94752e+07 2.75933e+07 1.36464e+07 34 174
334000 1.21728e+08 6.4376e+09 1.53635e+10 2.7108e+07 1.4772e+07 2.61729e+07 1.41088e+07 32 172
335000 1.17232e+08 6.45047e+09 1.1404e+10 2.16764e+07 1.07694e+07 3.22053e+07 2.05411e+07 31 182
336000 1.14342e+08 6.47317e+09 1.32342e+10 2.81393e+07 1.76899e+07 2.31745e+07 1.09301e+07 29 193
337000 1.13971e+08 6.49975e+09 2.27623e+10 2.62475e+07 1.66707e+07 2.49317e+07 1.40635e+07 28 179
338000 1.17258e+08 6.51411e+09 2.92314e+10 3.72516e+07 2.61585e+07 2.6019e+07 1.42853e+07 27 179
339000 1.21369e+08 6.49438e+09 3.03944e+10 3.77267e+07 1.78118e+07 2.6257e+07 1.34641e+07 34 169
340000 1.26914e+08 6.46684e+09 1.79854e+10 4.26794e+07 2.08911e+07 2.71064e+07 1.46541e+07 32 171
341000 1.29452e+08 6.42897e+09 1.83055e+10 3.70621e+07 1.83038e+07 2.78797e+07 1.47701e+07 36 170
342000 1.33761e+08 6.371e+09 2.0308e+10 3.69773e+07 2.23469e+07 2.83753e+07 1.34092e+07 31 176
343000 1.3137e+08 6.32635e+09 1.66067e+10 3.54036e+07 1.76008e+07 2.68723e+07 1.43571e+07 31 179
344000 1.21754e+08 6.33006e+09 2.07846e+10 3.83561e+07 2.34416e+07 2.47652e+07 1.25977e+07 27 177
345000 1.16079e+08 6.36708e+09 2.3077e+10 3.29585e+07 1.933e+07 2.66975e+07 1.61774e+07 29 167
346000 1.1259e+08 6.40489e+09 2.30916e+10 3.60902e+07 2.27268e+07 2.54283e+07 1.37159e+07 29 165
347000 1.15386e+08 6.43087e+09 2.15979e+10 2.89739e+07 1.93456e+07 2.95107e+07 1.69499e+07 30 157
348000 1.21294e+08 6.41399e+09 1.52812e+10 2.50755e+07 1.50576e+07 3.33594e+07 1.87174e+07 34 159
349000 1.16846e+08 6.42123e+09 2.4928e+10 2.86473e+07 1.84673e+07 3.04821e+07 1.694e+07 30 158
350000 1.13515e+08 6.45379e+09 1.76552e+10 2.75665e+07 1.53239e+07 2.67815e+07 1.52327e+07 28 169
351000 1.0966e+08 6.49345e+09 1.99062e+10 2.43526e+07 1.28362e+07 2.90664e+07 1.61959e+07 27 177
352000 1.14376e+08 6.51361e+09 1.21652e+10 3.63357e+07 2.44401e+07 2.81546e+07 1.70192e+07 23 182
353000 1.20303e+08 6.51135e+09 1.81443e+10 3.75316e+07 1.8184e+07 3.24203e+07 1.93427e+07 24 164
354000 1.22362e+08 6.50166e+09 1.53437e+10 3.54276e+07 1.85977e+07 3.28258e+07 1.7571e+07 23 174
355000 1.18469e+08 6.49725e+09 3.19823e+10 3.79649e+07 2.24151e+07 2.72791e+07 1.34465e+07 17 172
356000 1.17058e+08 6.50384e+09 3.14356e+10 3.22621e+07 1.84554e+07 2.70891e+07 1.45989e+07 19 172
357000 1.16616e+08 6.513e+09 2.81693e+10 3.33212e+07 1.86604e+07 2.80545e+07 1.52517e+07 19 173
358000 1.17567e+08 6.52468e+09 2.5243e+10 3.84168e+07 2.36488e+07 3.54287e+07 1.63435e+07 18 186
359000 1.15801e+08 6.53251e+09 2.44509e+10 3.02988e+07 1.53306e+07 2.54145e+07 1.37249e+07 21 183
360000 1.1865e+08 6.52922e+09 1.7397e+10 3.20064e+07 1.84738e+07 2.67421e+07 1.44828e+07 21 181
361000 1.22018e+08 6.51064e+09 2.32009e+10 3.83836e+07 1.84552e+07 2.70925e+07 1.40552e+07 24 179
362000 1.26554e+08 6.48687e+09 1.85434e+10 4.75034e+07 2.4576e+07 2.71448e+07 1.44602e+07 21 175
363000 1.21963e+08 6.47673e+09 1.92072e+10 2.75116e+07 1.19386e+07 2.71964e+07 1.47439e+07 29 170
364000 1.21443e+08 6.48664e+09 1.06332e+10 2.45141e+07 1.15019e+07 3.01729e+07 1.7998e+07 27 169
365000 1.20906e+08 6.48205e+09 1.39516e+10 2.67804e+07 1.32689e+07 3.12398e+07 1.87237e+07 23 171
366000 1.21946e+08 6.4605e+09 1.03222e+10 2.79272e+07 1.78262e+07 2.57964e+07 1.24441e+07 21 198
367000 1.23039e+08 6.44509e+09 1.76824e+10 2.14952e+07 1.43154e+07 2.80914e+07 1.45227e+07 17 185
368000 1.17486e+08 6.44835e+09 2.43953e+10 2.45452e+07 1.78444e+07 2.72923e+07 1.40351e+07 16 177
369000 1.13408e+08 6.48314e+09 2.25056e+10 2.50045e+07 1.6972e+07 2.96441e+07 1.76715e+07 14 181
370000 1.06793e+08 6.53968e+09 3.73002e+10 3.0147e+08 2.95217e+08 2.39235e+07 1.26821e+07 14 185
371000 1.08071e+08 6.59021e+09 3.52892e+10 4.27987e+07 2.223e+07 3.36546e+07 2.27245e+07 17 169
372000 1.15239e+08 6.61345e+09 3.00408e+10 5.24538e+07 2.12576e+07 2.78152e+07 1.5889e+07 18 163
373000 1.15153e+08 6.64097e+09 1.82048e+10 3.94017e+07 1.86851e+07 2.62009e+07 1.50845e+07 18 170
374000 1.10222e+08 6.69284e+09 1.56123e+10 2.15671e+07 9.77621e+06 4.24868e+07 2.02505e+07 24 158
375000 1.03521e+08 6.74985e+09 2.62332e+10 2.90444e+07 2.00445e+07 2.59108e+07 1.42306e+07 16 168
376000 1.08596e+08 6.78878e+09 2.21288e+10 3.10375e+07 1.81786e+07 2.6474e+07 1.39422e+07 16 175
377000 1.1303e+08 6.81582e+09 2.57909e+10 3.75091e+07 1.60641e+07 2.66316e+07 1.41858e+07 17 171
378000 1.12413e+08 6.84525e+09 2.61834e+10 4.76227e+07 2.56928e+07 2.6858e+07 1.44523e+07 15 169
379000 1.14533e+08 6.87147e+09 1.86292e+10 4.76409e+07 3.38295e+07 2.57142e+07 1.42954e+07 17 176
380000 1.14094e+08 6.89995e+09 2.71264e+10 3.13723e+07 1.76187e+07 2.90604e+07 1.64961e+07 12 171
381000 1.16243e+08 6.89987e+09 3.14894e+10 2.40624e+07 9.59905e+06 4.19974e+07 2.74504e+07 11 173
382000 1.27098e+08 6.85971e+09 3.03354e+10 1.87661e+07 8.84618e+06 3.69484e+07 2.03118e+07 13 168
383000 1.4149e+08 6.73022e+09 2.12623e+10 1.80755e+07 9.52826e+06 3.2065e+07 1.41365e+07 12 200
384000 1.30573e+08 6.68068e+09 2.80136e+10 2.38582e+07 1.79786e+07 3.23192e+07 1.79618e+07 9 195
385000 1.22838e+08 6.66035e+09 3.22019e+10 1.84718e+07 1.10502e+07 2.6979e+07 1.26004e+07 11 204
386000 1.2373e+08 6.66025e+09 3.01481e+10 2.16057e+07 1.48674e+07 2.83951e+07 1.44585e+07 7 192
387000 1.16929e+08 6.65969e+09 2.34991e+10 1.84563e+07 7.98312e+06 2.72625e+07 1.5365e+07 8 203
388000 1.15192e+08 6.67709e+09 1.65964e+10 1.76588e+07 7.73696e+06 2.52364e+07 1.36689e+07 8 208
389000 1.25599e+08 6.65826e+09 1.47e+10 1.53916e+08 1.43439e+08 2.98721e+07 1.57632e+07 4 201
390000 1.32592e+08 6.56697e+09 2.48767e+10 2.32181e+07 1.08722e+07 3.07502e+07 1.42984e+07 5 204
391000 1.29934e+08 6.52268e+09 1.78556e+10 2.39414e+07 9.14091e+06 3.04198e+07 1.41499e+07 5 215
392000 1.17255e+08 6.55269e+09 2.76513e+10 2.36001e+07 7.86671e+06 2.55431e+07 1.26869e+07 3 206
393000 1.10224e+08 6.58421e+09 2.70424e+10 2.10942e+07 7.0314e+06 2.42504e+07 1.19827e+07 3 207
394000 1.16602e+08 6.59629e+09 2.66746e+10 5.20796e+07 5.20796e+07 2.64548e+07 1.26775e+07 2 205
395000 1.1737e+08 6.60299e+09 2.30445e+10 4.89777e+07 4.89777e+07 2.66471e+07 1.35995e+07 2 196
396000 1.12774e+08 6.63528e+09 2.20243e+10 2.82575e+07 1.41287e+07 2.47603e+07 1.27948e+07 2 204
397000 1.1133e+08 6.6773e+09 2.1403e+10 2.25928e+07 1.12964e+07 2.79565e+07 1.61394e+07 2 195
398000 1.09655e+08 6.71747e+09 1.9179e+10 2.05039e+07 1.02519e+07 2.62704e+07 1.50715e+07 2 196
399000 1.12994e+08 6.74277e+09 1.85762e+10 5.64099e+07 5.64099e+07 2.76225e+07 1.58138e+07 1 191
400000 1.15065e+08 6.74786e+09 2.42452e+10 6.16819e+07 6.16819e+07 2.85728e+07 1.60569e+07 1 190
401000 1.23674e+08 6.71865e+09 1.90106e+10 5.66432e+07 5.66432e+07 3.11793e+07 1.77019e+07 1 191
401884 1.28603e+08 6.65527e+09 2.03719e+10 0 0 2.90356e+07 1.4067e+07 0 209
