0 1.27534e+08 5.8036e+09 2.4e+09 2.4e+07 1.2e+07 2.4e+07 1.2e+07 190 10
1000 1.25356e+08 5.80433e+09 3.59154e+09 2.61932e+07 1.42037e+07 1.4603e+07 4.87042e+06 198 16
2000 1.24098e+08 5.81922e+09 8.82593e+09 2.71785e+07 1.55035e+07 1.60834e+07 5.91837e+06 206 14
3000 1.25383e+08 5.84158e+09 1.45362e+10 2.83567e+07 1.67117e+07 2.16147e+07 1.22063e+07 190 11
4000 1.22943e+08 5.85278e+09 2.48382e+10 2.85423e+07 1.58296e+07 2.17252e+07 1.28624e+07 178 11
5000 1.20704e+08 5.86596e+09 2.39883e+10 2.68741e+07 1.42695e+07 2.42587e+07 1.67918e+07 189 10
6000 1.23475e+08 5.8939e+09 1.8213e+10 3.38653e+07 2.20982e+07 2.29232e+07 1.64552e+07 175 11
7000 1.18298e+08 5.92191e+09 2.8648e+10 3.16418e+07 1.97685e+07 1.9369e+07 9.57148e+06 182 11
8000 1.17245e+08 5.96193e+09 2.99067e+10 3.06871e+07 1.84291e+07 2.19353e+07 1.53704e+07 177 13
9000 1.19886e+08 6.00808e+09 2.14164e+10 3.21993e+07 1.79263e+07 2.1227e+07 1.35626e+07 172 18
10000 1.18559e+08 6.04427e+09 2.928e+10 2.83842e+07 1.70637e+07 2.80973e+07 1.92839e+07 167 16
11000 1.16539e+08 6.0855e+09 4.58829e+10 3.1471e+07 1.92298e+07 2.87748e+07 1.49625e+07 148 15
12000 1.22219e+08 6.11008e+09 3.6235e+10 3.49858e+07 2.23971e+07 3.09259e+07 1.56622e+07 152 14
13000 1.26575e+08 6.10792e+09 3.07365e+10 4.21791e+07 2.58815e+07 3.39679e+07 1.85884e+07 150 16
14000 1.2625e+08 6.092e+09 3.44303e+10 3.57668e+07 2.10994e+07 2.91837e+07 1.36874e+07 159 18
15000 1.29935e+08 6.09501e+09 2.18982e+10 3.36489e+07 2.05851e+07 5.26169e+07 3.98676e+07 162 15
16000 1.28309e+08 6.08484e+09 2.38469e+10 3.2964e+07 1.95121e+07 2.84816e+07 1.52616e+07 155 17
17000 1.26557e+08 6.08251e+09 2.02945e+10 3.19658e+07 1.87838e+07 2.66048e+07 1.42895e+07 161 17
18000 1.25956e+08 6.09172e+09 2.28358e+10 3.49623e+07 2.11447e+07 3.06057e+07 2.07222e+07 159 14
19000 1.22311e+08 6.10247e+09 2.89733e+10 3.16834e+07 1.8439e+07 2.22749e+07 9.69901e+06 166 18
20000 1.2305e+08 6.1131e+09 2.91955e+10 3.05363e+07 1.63978e+07 2.34485e+07 1.13072e+07 169 18
21000 1.22878e+08 6.12345e+09 2.17083e+10 2.86448e+07 1.48516e+07 2.27953e+07 1.16975e+07 175 19
22000 1.19544e+08 6.16058e+09 2.1104e+10 3.04117e+07 1.67162e+07 1.93962e+07 9.12999e+06 163 21
23000 1.20084e+08 6.20072e+09 1.56302e+10 2.7796e+07 1.55921e+07 1.89505e+07 8.42874e+06 176 23
24000 1.17131e+08 6.22362e+09 2.93123e+10 2.78238e+07 1.51254e+07 2.28092e+07 1.11802e+07 161 20
25000 1.12137e+08 6.27951e+09 4.2189e+10 2.81476e+07 1.60708e+07 2.14416e+07 9.04803e+06 156 20
26000 1.15541e+08 6.32549e+09 2.40135e+10 2.81257e+07 1.60435e+07 2.27046e+07 1.08921e+07 167 19
27000 1.16872e+08 6.36659e+09 3.22038e+10 3.05934e+07 1.94686e+07 2.06658e+07 1.01192e+07 155 21
28000 1.20587e+08 6.38941e+09 3.15129e+10 3.16045e+07 1.92391e+07 1.97918e+07 9.41876e+06 160 22
29000 1.20611e+08 6.39702e+09 5.23089e+10 3.3738e+07 1.95903e+07 1.71523e+07 6.38539e+06 145 25
30000 1.25301e+08 6.39651e+09 4.59257e+10 3.42252e+07 1.92684e+07 2.23728e+07 1.21056e+07 148 21
31000 1.28011e+08 6.40745e+09 4.90852e+10 3.42268e+07 2.02298e+07 3.09443e+07 2.1089e+07 151 19
32000 1.31772e+08 6.38474e+09 3.52598e+10 3.76413e+07 2.32784e+07 2.68932e+07 1.30818e+07 152 21
33000 1.31334e+08 6.36976e+09 2.90199e+10 3.41411e+07 1.95095e+07 3.15733e+07 1.7328e+07 152 18
34000 1.28134e+08 6.365e+09 2.17037e+10 3.09732e+07 1.70202e+07 2.42684e+07 1.19304e+07 162 22
35000 1.21648e+08 6.38755e+09 3.43991e+10 3.23134e+07 1.7757e+07 2.28746e+07 1.05625e+07 150 20
36000 1.18311e+08 6.4302e+09 3.66961e+10 3.29868e+07 1.84425e+07 2.62031e+07 1.27852e+07 144 19
37000 1.17275e+08 6.47684e+09 2.47919e+10 4.2586e+07 2.00646e+07 2.41258e+07 1.40692e+07 149 19
38000 1.1463e+08 6.52624e+09 1.95126e+10 3.07388e+07 1.72479e+07 2.0221e+07 9.55716e+06 148 21
39000 1.145e+08 6.57895e+09 1.82398e+10 3.22765e+07 1.85937e+07 1.69893e+07 7.68213e+06 143 24
40000 1.16703e+08 6.62852e+09 2.35057e+10 3.45701e+07 1.99944e+07 2.1569e+07 1.24139e+07 138 20
41000 1.26863e+08 6.61474e+09 3.45272e+10 4.10049e+07 2.18766e+07 2.93446e+07 1.93535e+07 142 17
42000 1.31253e+08 6.56188e+09 4.00719e+10 3.57486e+07 1.89811e+07 2.74421e+07 1.6343e+07 142 20
43000 1.25507e+08 6.58132e+09 2.71724e+10 3.25591e+07 1.87604e+07 3.1286e+07 1.76194e+07 153 22
44000 1.18268e+08 6.61809e+09 3.32575e+10 2.85753e+07 1.49927e+07 3.86591e+07 1.43684e+07 148 23
45000 1.16741e+08 6.66297e+09 2.84237e+10 2.90611e+07 1.61356e+07 4.77655e+07 1.91004e+07 146 19
46000 1.14515e+08 6.70257e+09 2.73417e+10 2.90628e+07 1.66615e+07 4.05286e+07 2.25666e+07 147 20
47000 1.13216e+08 6.76117e+09 3.21099e+10 3.23626e+07 1.78707e+07 2.80637e+07 1.41062e+07 134 21
48000 1.1594e+08 6.80168e+09 2.65161e+10 3.36877e+07 2.07516e+07 1.20106e+08 1.08462e+08 139 21
49000 1.30713e+08 6.77193e+09 1.46247e+10 4.26424e+07 2.38361e+07 2.33593e+07 1.3051e+07 148 22
50000 1.52889e+08 6.62365e+09 1.51209e+10 3.89667e+07 1.82016e+07 2.98771e+07 2.03502e+07 165 21
51000 1.4434e+08 6.55897e+09 2.41396e+10 4.31258e+07 2.76281e+07 2.12896e+07 1.30086e+07 163 23
52000 1.36197e+08 6.52519e+09 3.52742e+10 3.50544e+07 1.89671e+07 9.22776e+07 3.51302e+07 170 18
53000 1.39626e+08 6.48106e+09 2.60974e+10 3.49362e+07 2.04397e+07 2.16274e+07 1.14683e+07 169 20
54000 1.47381e+08 6.38532e+09 2.10404e+10 3.49773e+07 1.70385e+07 2.31914e+07 1.46476e+07 182 16
55000 1.48138e+08 6.2874e+09 2.11058e+10 3.15616e+07 1.30423e+07 3.01314e+07 2.15272e+07 191 13
56000 1.40058e+08 6.25164e+09 1.84343e+10 3.11736e+07 1.64191e+07 2.89345e+07 2.21751e+07 182 14
57000 1.39983e+08 6.20751e+09 2.29752e+10 3.32075e+07 1.68113e+07 2.82461e+07 1.80748e+07 181 14
58000 1.42122e+08 6.14306e+09 1.63772e+10 3.21232e+07 1.62225e+07 2.70127e+07 1.41008e+07 174 17
59000 1.32157e+08 6.14496e+09 1.33096e+10 3.56597e+07 1.95866e+07 2.7886e+07 1.59352e+07 173 21
60000 1.21901e+08 6.16853e+09 2.22235e+10 2.90032e+07 1.66368e+07 4.6213e+07 3.49667e+07 163 19
61000 1.26476e+08 6.1806e+09 2.24911e+10 3.25653e+07 1.97731e+07 2.54026e+07 1.08693e+07 160 19
62000 1.29839e+08 6.16805e+09 2.51988e+10 3.44939e+07 2.06909e+07 2.8491e+07 1.19902e+07 152 17
63000 1.34307e+08 6.14483e+09 2.50691e+10 4.03359e+07 2.41763e+07 3.25453e+07 1.5112e+07 144 15
64000 1.32538e+08 6.10832e+09 2.86843e+10 5.20051e+07 3.60873e+07 2.40448e+07 9.7794e+06 150 19
65000 1.23967e+08 6.13918e+09 2.28438e+10 3.32934e+07 2.12794e+07 2.37934e+07 1.05058e+07 143 19
66000 1.12451e+08 6.20902e+09 2.57684e+10 4.77202e+07 2.11452e+07 2.10008e+07 1.01693e+07 142 22
67000 1.03844e+08 6.30265e+09 3.63882e+10 3.38914e+07 2.25377e+07 2.51039e+07 1.4616e+07 133 23
68000 1.08774e+08 6.37077e+09 3.32656e+10 3.19547e+07 2.09476e+07 4.8007e+07 2.43556e+07 125 27
69000 1.15963e+08 6.38697e+09 3.81055e+10 3.28085e+07 1.95419e+07 4.07744e+07 1.5163e+07 125 30
70000 1.1566e+08 6.40869e+09 3.88952e+10 3.147e+07 1.78888e+07 2.34918e+07 6.90196e+06 136 37
71000 1.19339e+08 6.43854e+09 2.63326e+10 3.29245e+07 1.83448e+07 2.16162e+07 8.40855e+06 139 34
72000 1.1983e+08 6.47018e+09 2.15517e+10 3.06909e+07 1.64974e+07 2.19264e+07 1.10654e+07 144 31
73000 1.12158e+08 6.52311e+09 2.64529e+10 3.19975e+07 1.96443e+07 2.03941e+07 1.17926e+07 145 30
74000 1.07224e+08 6.59795e+09 4.2253e+10 2.97178e+07 1.55632e+07 1.98106e+07 9.12209e+06 137 30
75000 1.07067e+08 6.66929e+09 4.74877e+10 3.12803e+07 1.80199e+07 2.16096e+07 1.09183e+07 135 28
76000 1.1448e+08 6.70573e+09 3.99994e+10 3.48712e+07 2.03466e+07 1.93568e+07 8.8264e+06 137 34
77000 1.32541e+08 6.68532e+09 3.15905e+10 4.07657e+07 2.46339e+07 4.90974e+07 2.88948e+07 135 31
78000 1.47806e+08 6.57195e+09 3.45266e+10 4.22819e+07 2.38854e+07 3.0985e+07 1.74436e+07 142 28
79000 1.58682e+08 6.41344e+09 3.292e+10 4.17425e+07 2.0647e+07 3.11153e+07 1.467e+07 158 29
80000 1.59256e+08 6.2635e+09 3.2745e+10 3.46213e+07 1.4894e+07 2.63294e+07 1.27064e+07 176 28
81000 1.35954e+08 6.24932e+09 3.71472e+10 2.90518e+07 1.48583e+07 2.6113e+07 1.17871e+07 167 25
82000 1.22407e+08 6.28887e+09 3.19968e+10 2.97662e+07 1.68312e+07 2.37684e+07 1.19922e+07 160 25
83000 1.23287e+08 6.32558e+09 2.66474e+10 3.06591e+07 1.79594e+07 2.87927e+07 1.97065e+07 158 23
84000 1.19058e+08 6.35119e+09 2.84726e+10 2.91769e+07 1.48617e+07 2.79694e+07 1.57276e+07 152 28
85000 1.14999e+08 6.40106e+09 2.39001e+10 2.76509e+07 1.48386e+07 2.74687e+07 1.62283e+07 151 30
86000 1.12391e+08 6.464e+09 1.90466e+10 2.79361e+07 1.68021e+07 2.52908e+07 1.07686e+07 147 34
87000 1.16906e+08 6.49232e+09 2.22215e+10 3.8335e+07 2.079e+07 2.36477e+07 1.10603e+07 147 35
88000 1.31381e+08 6.45113e+09 2.88024e+10 3.54349e+07 1.76448e+07 2.28177e+07 1.15051e+07 154 32
89000 1.28101e+08 6.43787e+09 3.67687e+10 4.0139e+07 2.08681e+07 2.43694e+07 1.31614e+07 145 31
90000 1.31116e+08 6.434e+09 3.19749e+10 3.54753e+07 2.02386e+07 3.41344e+07 1.91783e+07 145 25
91000 1.37388e+08 6.37144e+09 3.15918e+10 3.63516e+07 2.07777e+07 2.60837e+07 1.02998e+07 143 38
92000 1.38129e+08 6.32088e+09 3.5456e+10 3.62124e+07 1.92705e+07 2.76438e+07 1.13728e+07 145 34
93000 1.36885e+08 6.26536e+09 3.38409e+10 3.43278e+07 1.8214e+07 2.72624e+07 1.35009e+07 155 29
94000 1.36059e+08 6.24218e+09 2.17275e+10 3.42355e+07 1.86412e+07 2.34907e+07 1.03383e+07 157 31
95000 1.26976e+08 6.23795e+09 2.33339e+10 3.09182e+07 1.71305e+07 2.36341e+07 1.18591e+07 154 30
96000 1.23732e+08 6.26772e+09 1.89956e+10 3.16555e+07 1.97312e+07 2.07089e+07 9.14734e+06 145 35
97000 1.13074e+08 6.32061e+09 4.03587e+10 2.99341e+07 1.82007e+07 2.20241e+07 9.4578e+06 140 33
98000 1.11957e+08 6.39214e+09 4.06107e+10 3.50383e+07 1.81968e+07 2.23732e+07 1.05099e+07 138 33
99000 1.11923e+08 6.44514e+09 4.17592e+10 3.48691e+07 2.10846e+07 1.86778e+07 8.79e+06 127 40
100000 1.2307e+08 6.45479e+09 3.77356e+10 3.80664e+07 2.04379e+07 2.50558e+07 1.27667e+07 125 33
101000 1.24268e+08 6.45568e+09 3.52934e+10 3.63544e+07 2.09486e+07 2.35074e+07 1.10508e+07 130 34
102000 1.277e+08 6.44569e+09 2.94986e+10 3.65418e+07 2.11238e+07 2.38979e+07 9.84664e+06 140 31
103000 1.27147e+08 6.43483e+09 4.44934e+10 3.79385e+07 2.05841e+07 2.40203e+07 9.81152e+06 134 29
104000 1.3599e+08 6.40207e+09 3.74276e+10 4.37882e+07 2.40352e+07 2.60895e+07 1.09877e+07 135 27
105000 1.34576e+08 6.37718e+09 3.23222e+10 3.56183e+07 1.94599e+07 3.01308e+07 1.56615e+07 139 26
106000 1.20063e+08 6.40326e+09 4.36826e+10 3.22452e+07 1.86159e+07 2.52532e+07 1.08837e+07 135 27
107000 1.11631e+08 6.4707e+09 5.24576e+10 3.33718e+07 1.97207e+07 2.57787e+07 1.17875e+07 126 27
108000 1.18837e+08 6.48796e+09 4.21765e+10 3.5752e+07 1.7448e+07 2.25165e+07 9.15277e+06 139 27
109000 1.26909e+08 6.47409e+09 2.52862e+10 3.33849e+07 1.75138e+07 2.5466e+07 1.33515e+07 151 24
110000 1.27344e+08 6.47518e+09 1.97918e+10 3.26761e+07 1.82399e+07 2.40967e+07 1.53088e+07 151 29
111000 1.31221e+08 6.45436e+09 1.72341e+10 3.49291e+07 1.8508e+07 2.73017e+07 1.48973e+07 150 29
112000 1.33111e+08 6.40812e+09 2.17395e+10 3.3759e+07 1.83586e+07 2.78348e+07 1.33659e+07 149 31
113000 1.3103e+08 6.38035e+09 1.8605e+10 3.04814e+07 1.71752e+07 2.74831e+07 1.2857e+07 156 33
114000 1.332e+08 6.34042e+09 2.24752e+10 3.48302e+07 1.85267e+07 3.14181e+07 1.77927e+07 160 35
115000 1.46709e+08 6.25333e+09 2.06951e+10 3.69994e+07 1.9979e+07 5.44294e+07 2.92114e+07 158 32
116000 1.40125e+08 6.21186e+09 1.77074e+10 3.18131e+07 1.74006e+07 9.26612e+07 2.58025e+07 160 34
117000 1.30384e+08 6.20653e+09 2.86422e+10 3.53048e+07 1.96657e+07 5.29978e+07 4.06512e+07 153 33
118000 1.24624e+08 6.22249e+09 2.96645e+10 3.10473e+07 1.7102e+07 6.39428e+07 2.27646e+07 142 38
119000 1.13982e+08 6.28182e+09 3.04678e+10 2.66871e+07 1.42228e+07 4.3614e+07 3.22945e+07 144 35
120000 1.07706e+08 6.37253e+09 3.23798e+10 3.59247e+07 1.93916e+07 2.4928e+07 1.28071e+07 126 38
121000 1.03071e+08 6.46214e+09 3.34431e+10 2.61887e+07 1.39577e+07 2.32317e+07 1.28536e+07 135 38
122000 1.00635e+08 6.57391e+09 3.59573e+10 2.85167e+07 1.63583e+07 7.00108e+07 5.92554e+07 124 38
123000 1.01593e+08 6.67153e+09 3.30638e+10 3.02135e+07 1.82794e+07 2.33589e+07 1.17358e+07 121 39
124000 1.09078e+08 6.74115e+09 2.50405e+10 3.18554e+07 1.82895e+07 2.54886e+07 1.23975e+07 127 40
125000 1.17772e+08 6.75675e+09 2.70545e+10 4.12687e+07 2.48549e+07 2.45732e+07 1.08613e+07 125 37
126000 1.24925e+08 6.74613e+09 2.33793e+10 3.57093e+07 1.90069e+07 2.83593e+07 1.57602e+07 134 32
127000 1.2892e+08 6.71988e+09 1.85375e+10 3.4058e+07 1.78965e+07 2.26651e+07 1.11291e+07 144 37
128000 1.30246e+08 6.6928e+09 2.10397e+10 3.69253e+07 1.94008e+07 1.82709e+07 8.25155e+06 142 39
129000 1.3842e+08 6.62992e+09 2.20829e+10 4.16323e+07 2.12962e+07 1.86037e+07 8.80438e+06 138 38
130000 1.37517e+08 6.57461e+09 1.47316e+10 3.07965e+07 1.31998e+07 2.15193e+07 1.20759e+07 165 36
131000 1.266e+08 6.59737e+09 1.97015e+10 3.04852e+07 1.634e+07 2.19855e+07 1.17328e+07 154 35
132000 1.21265e+08 6.63176e+09 2.63682e+10 4.64261e+07 2.44474e+07 2.06458e+07 1.08065e+07 138 39
133000 1.3064e+08 6.60976e+09 2.39121e+10 3.62083e+07 1.8581e+07 2.30091e+07 1.26237e+07 144 38
134000 1.33801e+08 6.58004e+09 3.09025e+10 3.56715e+07 2.02724e+07 3.3147e+07 2.12929e+07 137 31
135000 1.39356e+08 6.52264e+09 3.8087e+10 4.29579e+07 2.38376e+07 7.33855e+07 3.95947e+07 134 25
136000 1.48064e+08 6.41679e+09 2.52595e+10 4.21307e+07 2.3153e+07 3.50992e+07 2.0828e+07 153 29
137000 1.32059e+08 6.3844e+09 2.76414e+10 2.917e+07 1.3983e+07 2.9721e+07 1.45939e+07 160 33
138000 1.28625e+08 6.38058e+09 2.25435e+10 3.42866e+07 1.74566e+07 2.93103e+07 1.8289e+07 158 33
139000 1.28898e+08 6.37525e+09 1.95277e+10 3.10778e+07 1.65061e+07 2.69507e+07 1.66937e+07 160 34
140000 1.35145e+08 6.33761e+09 2.64772e+10 4.04362e+07 2.59902e+07 2.53893e+07 1.61166e+07 161 35
141000 1.3496e+08 6.29854e+09 2.47945e+10 3.30955e+07 1.62695e+07 2.59495e+07 1.38402e+07 154 36
142000 1.33463e+08 6.27267e+09 1.69125e+10 3.04896e+07 1.45784e+07 3.09107e+07 1.90154e+07 157 34
143000 1.21701e+08 6.29362e+09 2.39463e+10 2.9435e+07 1.67277e+07 3.43818e+07 2.31722e+07 146 41
144000 1.16376e+08 6.34152e+09 1.7551e+10 2.7695e+07 1.63971e+07 4.22616e+07 3.26747e+07 152 39
145000 1.21754e+08 6.35441e+09 2.20479e+10 3.02823e+07 1.73312e+07 2.50353e+07 1.27583e+07 150 39
146000 1.24126e+08 6.34968e+09 3.77239e+10 3.02526e+07 1.36039e+07 2.37947e+07 1.03318e+07 157 36
147000 1.26377e+08 6.34251e+09 3.25716e+10 3.10506e+07 1.53206e+07 2.69687e+07 1.70619e+07 148 35
148000 1.19228e+08 6.38824e+09 2.91874e+10 2.75708e+07 1.44882e+07 6.48014e+07 5.46526e+07 151 36
149000 1.10989e+08 6.44938e+09 3.52598e+10 2.68612e+07 1.50591e+07 2.96942e+07 1.79836e+07 138 39
150000 1.10708e+08 6.51253e+09 3.67137e+10 2.79195e+07 1.51015e+07 3.79163e+07 2.09838e+07 137 38
151000 1.0801e+08 6.57762e+09 3.60381e+10 2.34637e+07 1.17395e+07 3.13367e+07 1.49899e+07 146 40
152000 1.05356e+08 6.66722e+09 3.45435e+10 2.58125e+07 1.40849e+07 3.04113e+07 1.33846e+07 134 40
153000 1.06713e+08 6.75097e+09 3.24646e+10 2.82122e+07 1.6539e+07 3.05844e+07 1.6193e+07 124 43
154000 1.12855e+08 6.78897e+09 3.46349e+10 3.33041e+07 1.77263e+07 2.77597e+07 1.38107e+07 120 47
155000 1.21248e+08 6.80582e+09 3.27175e+10 3.2646e+07 1.7105e+07 5.82681e+07 2.41123e+07 130 46
156000 1.26702e+08 6.79878e+09 3.38771e+10 4.11936e+07 2.2813e+07 3.09815e+07 1.75116e+07 122 39
157000 1.39457e+08 6.72407e+09 3.12149e+10 4.06719e+07 2.235e+07 2.89681e+07 1.69348e+07 133 40
158000 1.45214e+08 6.63624e+09 3.3636e+10 4.10192e+07 2.25202e+07 3.01969e+07 1.82171e+07 136 42
159000 1.6166e+08 6.48123e+09 2.79647e+10 5.13803e+07 2.71908e+07 4.73206e+07 3.66833e+07 148 32
160000 1.62225e+08 6.31935e+09 3.05985e+10 4.44283e+07 2.38608e+07 2.95107e+07 1.54495e+07 162 32
161000 1.59884e+08 6.19067e+09 2.01193e+10 3.78029e+07 1.79786e+07 2.68744e+07 1.6159e+07 167 38
162000 1.58463e+08 6.05747e+09 2.15527e+10 3.65558e+07 1.73213e+07 2.64186e+07 1.61242e+07 173 31
163000 1.48484e+08 5.98573e+09 1.46314e+10 3.34801e+07 1.8572e+07 4.15898e+07 3.07132e+07 171 41
164000 1.38535e+08 5.94411e+09 1.33102e+10 3.11489e+07 1.71807e+07 2.36992e+07 1.36359e+07 168 33
165000 1.31331e+08 5.9224e+09 1.71912e+10 3.44879e+07 1.78811e+07 1.9585e+07 1.0093e+07 175 41
166000 1.32974e+08 5.91851e+09 1.22381e+10 3.0878e+07 1.74784e+07 2.60411e+07 1.47022e+07 165 36
167000 1.23616e+08 5.92556e+09 2.65738e+10 2.65893e+07 1.36402e+07 2.47152e+07 1.18254e+07 161 38
168000 1.16932e+08 5.97207e+09 3.05867e+10 3.20924e+07 2.08338e+07 2.32083e+07 9.21152e+06 145 39
169000 1.11569e+08 6.03894e+09 3.08519e+10 2.61324e+07 1.40798e+07 2.60221e+07 1.28196e+07 148 36
170000 1.1066e+08 6.10875e+09 1.68011e+10 2.63957e+07 1.5287e+07 4.01408e+07 2.17893e+07 146 37
171000 1.1261e+08 6.16829e+09 1.06271e+10 2.60791e+07 1.5025e+07 3.27062e+07 1.83973e+07 146 37
172000 1.11315e+08 6.21932e+09 1.6261e+10 2.64256e+07 1.63212e+07 3.16878e+07 1.51721e+07 137 40
173000 1.13179e+08 6.26188e+09 1.62537e+10 2.55216e+07 1.56905e+07 2.97116e+07 1.4031e+07 148 48
174000 1.23012e+08 6.26379e+09 1.90738e+10 3.05519e+07 2.0844e+07 3.29734e+07 1.16063e+07 134 53
175000 1.32389e+08 6.21368e+09 1.5304e+10 3.18829e+07 1.86117e+07 2.9806e+07 9.71411e+06 139 59
176000 1.31842e+08 6.18009e+09 1.57153e+10 3.19786e+07 1.84769e+07 2.33706e+07 8.07791e+06 139 58
177000 1.293e+08 6.16477e+09 1.33201e+10 3.24387e+07 1.96324e+07 1.96796e+07 8.0433e+06 142 58
178000 1.28618e+08 6.15389e+09 2.05796e+10 3.41105e+07 1.9724e+07 1.85205e+07 8.48599e+06 140 56
179000 1.29863e+08 6.13424e+09 2.21475e+10 3.80267e+07 2.32923e+07 1.80848e+07 9.54338e+06 139 55
180000 1.27703e+08 6.12817e+09 2.37411e+10 3.04966e+07 1.70369e+07 1.90062e+07 8.09743e+06 156 47
181000 1.26111e+08 6.13919e+09 2.06639e+10 3.07027e+07 1.79402e+07 4.81743e+07 3.39157e+07 146 40
182000 1.19804e+08 6.16692e+09 2.88935e+10 3.2319e+07 1.98825e+07 1.91965e+07 8.61731e+06 137 43
183000 1.2042e+08 6.1819e+09 2.54994e+10 4.15682e+07 2.34514e+07 1.76367e+07 9.15465e+06 142 46
184000 1.26352e+08 6.19071e+09 3.17135e+10 3.75733e+07 2.34855e+07 2.07795e+07 1.14245e+07 134 48
185000 1.3153e+08 6.17004e+09 1.83999e+10 3.81663e+07 2.42313e+07 1.47516e+07 6.04003e+06 141 52
186000 1.26617e+08 6.16677e+09 2.1582e+10 3.45199e+07 2.20461e+07 1.76841e+07 8.18817e+06 148 46
187000 1.24419e+08 6.18086e+09 2.90932e+10 3.70357e+07 2.31649e+07 2.61331e+07 1.25514e+07 133 46
188000 1.25958e+08 6.16983e+09 4.01257e+10 3.46015e+07 1.88333e+07 2.15911e+07 1.01856e+07 138 44
189000 1.26017e+08 6.16581e+09 4.90661e+10 3.80304e+07 2.2746e+07 2.12026e+07 9.66668e+06 134 42
190000 1.26834e+08 6.17149e+09 3.4815e+10 3.14411e+07 1.73426e+07 2.10967e+07 1.00055e+07 145 44
191000 1.25714e+08 6.18536e+09 2.68215e+10 3.21566e+07 1.95506e+07 2.1385e+07 9.42655e+06 142 44
192000 1.24357e+08 6.19949e+09 2.37593e+10 3.40972e+07 1.99993e+07 2.54191e+07 1.58369e+07 142 40
193000 1.24479e+08 6.20904e+09 1.60342e+10 3.22428e+07 1.92141e+07 2.72719e+07 1.79346e+07 136 39
194000 1.23309e+08 6.21948e+09 1.27697e+10 3.18039e+07 1.93003e+07 2.62426e+07 1.52027e+07 140 41
195000 1.25624e+08 6.21965e+09 1.07215e+10 3.39599e+07 2.03772e+07 2.31956e+07 1.29565e+07 133 47
196000 1.25329e+08 6.21295e+09 2.48487e+10 3.58599e+07 2.04785e+07 3.95731e+07 2.11202e+07 132 45
197000 1.26739e+08 6.20884e+09 2.34606e+10 3.2694e+07 1.87647e+07 4.19612e+07 3.05774e+07 134 43
198000 1.26732e+08 6.20541e+09 2.04238e+10 3.10052e+07 1.74973e+07 2.85879e+07 1.31389e+07 139 44
199000 1.23176e+08 6.21395e+09 2.85784e+10 3.21066e+07 1.88119e+07 3.28436e+07 1.64645e+07 127 46
200000 1.21798e+08 6.23592e+09 1.66324e+10 3.20088e+07 2.06026e+07 2.48683e+07 1.07255e+07 125 52
201000 1.17657e+08 6.26789e+09 1.12879e+10 3.11315e+07 2.00316e+07 2.30311e+07 9.51311e+06 135 52
202000 1.23236e+08 6.28924e+09 1.5638e+10 4.3269e+07 2.95757e+07 2.54927e+07 1.42177e+07 126 44
203000 1.18961e+08 6.29258e+09 3.20548e+10 3.35634e+07 2.08509e+07 2.04371e+07 1.00364e+07 124 53
204000 1.26881e+08 6.29579e+09 2.82761e+10 3.6203e+07 2.31272e+07 5.58511e+07 2.3998e+07 133 44
205000 1.35019e+08 6.23038e+09 3.30085e+10 3.66269e+07 1.84376e+07 2.86068e+07 1.57226e+07 135 49
206000 1.4401e+08 6.14001e+09 2.9451e+10 3.72976e+07 1.90654e+07 3.19735e+07 1.71884e+07 132 53
207000 1.36035e+08 6.09073e+09 1.9645e+10 3.71801e+07 2.20722e+07 2.39054e+07 1.03993e+07 147 56
208000 1.27801e+08 6.10046e+09 1.36506e+10 3.11675e+07 1.89082e+07 2.47514e+07 1.0675e+07 147 50
209000 1.22561e+08 6.11271e+09 1.37566e+10 3.13265e+07 1.97829e+07 2.23647e+07 1.06247e+07 151 54
210000 1.18123e+08 6.14182e+09 2.6407e+10 2.7882e+07 1.51564e+07 2.38001e+07 1.13187e+07 149 49
211000 1.15126e+08 6.19105e+09 2.51416e+10 2.72546e+07 1.49167e+07 2.48759e+07 1.35902e+07 145 45
212000 1.14876e+08 6.25143e+09 2.5314e+10 2.87381e+07 1.80408e+07 2.30264e+07 1.27239e+07 140 46
213000 1.16174e+08 6.29241e+09 2.7332e+10 3.43996e+07 2.27384e+07 2.25159e+07 1.1043e+07 125 48
214000 1.17516e+08 6.31241e+09 3.33196e+10 3.32249e+07 1.94714e+07 2.67479e+07 1.53921e+07 123 50
215000 1.19915e+08 6.341e+09 3.81217e+10 4.43243e+07 2.37146e+07 3.03495e+07 1.48594e+07 127 46
216000 1.16905e+08 6.3694e+09 4.07789e+10 3.11231e+07 1.66219e+07 3.16972e+07 1.71754e+07 117 46
217000 1.16257e+08 6.41207e+09 4.16673e+10 3.07174e+07 1.84769e+07 3.30362e+07 1.45412e+07 116 49
218000 1.17201e+08 6.44629e+09 2.52867e+10 2.93712e+07 1.79015e+07 3.42055e+07 2.06078e+07 119 50
219000 1.133e+08 6.48906e+09 3.07488e+10 3.01142e+07 1.74506e+07 5.04437e+07 2.00391e+07 117 57
220000 1.13247e+08 6.53034e+09 3.58739e+10 3.18602e+07 1.81379e+07 2.66931e+07 1.31607e+07 113 57
221000 1.1183e+08 6.56799e+09 4.49096e+10 3.17767e+07 1.82645e+07 2.46261e+07 1.02291e+07 107 62
222000 1.1403e+08 6.61969e+09 3.02089e+10 3.33864e+07 2.08903e+07 2.38138e+07 1.05705e+07 106 63
223000 1.10946e+08 6.67284e+09 3.16394e+10 3.30053e+07 1.98748e+07 2.39922e+07 1.31538e+07 108 60
224000 1.15237e+08 6.71395e+09 3.08409e+10 3.30645e+07 1.81622e+07 2.90871e+07 1.96451e+07 112 52
225000 1.10912e+08 6.75884e+09 4.95598e+10 3.06178e+07 1.45415e+07 2.73747e+07 1.52994e+07 108 55
226000 1.13583e+08 6.80167e+09 4.00033e+10 3.41046e+07 1.91975e+07 2.90929e+07 1.58694e+07 107 54
227000 1.1523e+08 6.83122e+09 3.37959e+10 3.09037e+07 1.60753e+07 3.51753e+07 1.89033e+07 108 53
228000 1.10996e+08 6.88331e+09 3.29827e+10 2.80287e+07 1.63597e+07 3.30722e+07 1.74379e+07 117 57
229000 1.07048e+08 6.9577e+09 3.71071e+10 2.76073e+07 1.60473e+07 3.20682e+07 1.67484e+07 110 56
230000 1.06559e+08 7.03575e+09 3.45738e+10 3.84262e+07 2.0582e+07 2.94793e+07 1.58686e+07 109 54
231000 1.10046e+08 7.0858e+09 3.94162e+10 3.32377e+07 1.84632e+07 2.68892e+07 1.24626e+07 107 56
232000 1.14481e+08 7.11683e+09 5.37123e+10 3.43764e+07 1.80769e+07 3.53668e+07 2.24729e+07 103 43
233000 1.14884e+08 7.15454e+09 4.72878e+10 3.42759e+07 1.87629e+07 3.46805e+07 1.98108e+07 105 46
234000 1.10754e+08 7.21263e+09 3.80438e+10 3.2254e+07 1.79863e+07 3.12686e+07 1.56412e+07 106 48
235000 1.14689e+08 7.25277e+09 2.78059e+10 3.27644e+07 1.77216e+07 2.57169e+07 1.1448e+07 113 55
236000 1.28536e+08 7.20822e+09 4.29456e+10 3.9001e+07 1.96153e+07 3.16497e+07 1.68448e+07 114 55
237000 1.48881e+08 7.05523e+09 6.8017e+10 4.02608e+07 2.19055e+07 4.48503e+07 1.88647e+07 119 59
238000 1.81517e+08 6.81911e+09 2.78635e+10 4.76004e+07 2.58221e+07 3.88641e+07 1.58112e+07 132 67
239000 2.1303e+08 6.41807e+09 1.48226e+10 4.96558e+07 2.20832e+07 4.69106e+07 1.86054e+07 144 69
240000 2.02604e+08 6.08562e+09 1.84644e+10 3.69343e+07 1.70887e+07 3.37903e+07 1.42384e+07 158 70
241000 1.69277e+08 5.94227e+09 3.1035e+10 4.04142e+07 2.27992e+07 3.14006e+07 1.53184e+07 145 73
242000 1.45322e+08 5.8915e+09 2.07732e+10 2.79251e+07 1.34237e+07 2.89372e+07 1.45168e+07 137 77
243000 1.20503e+08 5.92536e+09 3.4224e+10 2.42513e+07 1.27352e+07 2.2541e+07 9.26455e+06 126 78
244000 1.09793e+08 6.01276e+09 2.20306e+10 2.47067e+07 1.47191e+07 2.24571e+07 1.01785e+07 128 82
245000 1.03822e+08 6.11822e+09 1.99414e+10 2.16868e+07 1.32022e+07 2.49092e+07 1.28383e+07 127 72
246000 1.01932e+08 6.21895e+09 1.0525e+10 2.18803e+07 1.30033e+07 2.43073e+07 1.07867e+07 125 73
247000 9.89083e+07 6.32524e+09 1.53169e+10 2.38667e+07 1.42927e+07 2.44371e+07 1.37196e+07 114 69
248000 1.01784e+08 6.41106e+09 2.04841e+10 2.55101e+07 1.37867e+07 3.34017e+07 2.50902e+07 117 70
249000 1.13664e+08 6.43899e+09 1.33896e+10 2.65529e+07 1.4683e+07 3.21249e+07 1.64552e+07 119 70
250000 1.16308e+08 6.46603e+09 1.89999e+10 3.1173e+07 1.68854e+07 2.30274e+07 1.18357e+07 118 75
251000 1.15257e+08 6.51601e+09 1.83384e+10 3.00842e+07 1.82823e+07 2.60154e+07 1.50579e+07 107 75
252000 1.15526e+08 6.53213e+09 3.71683e+10 3.03191e+07 1.76428e+07 2.90462e+07 1.5086e+07 112 76
253000 1.16673e+08 6.54569e+09 4.43322e+10 2.6481e+07 1.38596e+07 3.0829e+07 1.49294e+07 113 77
254000 1.23968e+08 6.53702e+09 3.0318e+10 2.94893e+07 1.73801e+07 3.08104e+07 1.40229e+07 114 84
255000 1.38507e+08 6.45649e+09 2.44305e+10 3.23418e+07 1.61553e+07 3.02887e+07 1.29724e+07 114 90
256000 1.34137e+08 6.39618e+09 3.18525e+10 2.86311e+07 1.44847e+07 2.82064e+07 1.29795e+07 118 87
257000 1.34811e+08 6.38511e+09 1.90398e+10 2.99796e+07 1.52777e+07 2.90162e+07 1.52452e+07 117 83
258000 1.28973e+08 6.37045e+09 1.7331e+10 3.2513e+07 1.77314e+07 2.7471e+07 1.60809e+07 113 83
259000 1.21544e+08 6.37481e+09 3.02751e+10 2.88288e+07 1.59772e+07 2.57299e+07 1.41767e+07 106 87
260000 1.19677e+08 6.38272e+09 2.89512e+10 2.75207e+07 1.4326e+07 2.82464e+07 1.47261e+07 110 88
261000 1.25049e+08 6.38101e+09 1.52683e+10 2.73656e+07 1.57117e+07 2.96975e+07 1.53543e+07 108 95
262000 1.26336e+08 6.37308e+09 1.56872e+10 2.59211e+07 1.35128e+07 3.31946e+07 1.92164e+07 107 88
263000 1.30504e+08 6.34627e+09 2.10567e+10 2.7426e+07 1.43914e+07 3.30571e+07 1.75282e+07 104 99
264000 1.40871e+08 6.25747e+09 1.05652e+10 2.94002e+07 1.48561e+07 3.28926e+07 1.42679e+07 103 108
265000 1.39378e+08 6.18286e+09 9.54781e+09 3.00301e+07 1.57307e+07 2.68615e+07 1.16485e+07 101 116
266000 1.27594e+08 6.16105e+09 1.05457e+10 2.79981e+07 1.50263e+07 2.18437e+07 9.45505e+06 99 124
267000 1.1582e+08 6.20652e+09 2.12033e+10 2.572e+07 1.34027e+07 2.14114e+07 1.04663e+07 96 118
268000 1.12098e+08 6.2666e+09 2.3268e+10 2.83207e+07 1.62727e+07 2.52603e+07 1.50001e+07 84 109
269000 1.13112e+08 6.3014e+09 1.65922e+10 2.9439e+07 1.70369e+07 2.43515e+07 1.29488e+07 83 113
270000 1.16616e+08 6.32804e+09 1.39266e+10 3.03056e+07 1.65968e+07 3.66531e+07 1.93484e+07 83 114
271000 1.14814e+08 6.35839e+09 1.60364e+10 2.84609e+07 1.6232e+07 2.1358e+07 1.0447e+07 87 121
272000 1.12514e+08 6.41091e+09 1.70724e+10 3.16405e+07 2.03554e+07 2.31122e+07 1.23078e+07 82 113
273000 1.10594e+08 6.46168e+09 1.89771e+10 2.64236e+07 1.48075e+07 2.38567e+07 1.1849e+07 85 114
274000 1.12049e+08 6.51481e+09 2.4422e+10 2.69182e+07 1.55068e+07 2.90624e+07 1.6405e+07 81 103
275000 1.20266e+08 6.51701e+09 2.1708e+10 2.73469e+07 1.73485e+07 3.6147e+07 1.91766e+07 83 100
276000 1.3368e+08 6.44314e+09 1.24039e+10 2.91054e+07 1.73852e+07 3.34387e+07 1.5781e+07 89 109
277000 1.26133e+08 6.41789e+09 1.77444e+10 3.10561e+07 1.79394e+07 2.42181e+07 1.1773e+07 86 120
278000 1.1731e+08 6.44951e+09 2.07911e+10 2.84117e+07 1.52378e+07 2.6433e+07 1.58677e+07 87 115
279000 1.14343e+08 6.49031e+09 1.94008e+10 3.09767e+07 1.9804e+07 2.41508e+07 1.48614e+07 83 119
280000 1.16496e+08 6.51434e+09 3.10034e+10 3.70252e+07 2.31096e+07 2.1077e+07 9.90135e+06 80 122
281000 1.31064e+08 6.47372e+09 2.39528e+10 4.35592e+07 2.48312e+07 2.30239e+07 1.2249e+07 85 114
282000 1.35557e+08 6.42508e+09 2.54927e+10 4.77546e+07 2.68504e+07 2.53324e+07 1.32919e+07 83 106
283000 1.36905e+08 6.358e+09 1.72579e+10 3.76469e+07 2.18926e+07 2.41121e+07 1.10001e+07 91 119
284000 1.36862e+08 6.29421e+09 2.70519e+10 3.51342e+07 1.81883e+07 2.65696e+07 1.31858e+07 93 112
285000 1.33893e+08 6.26015e+09 2.84579e+10 3.43389e+07 1.77458e+07 2.49414e+07 1.16371e+07 96 101
286000 1.26405e+08 6.26748e+09 2.18612e+10 3.20759e+07 1.896e+07 2.46849e+07 1.28277e+07 93 103
287000 1.16632e+08 6.30755e+09 2.32744e+10 3.11136e+07 1.96635e+07 2.25653e+07 1.03234e+07 88 104
288000 1.12841e+08 6.3624e+09 2.93088e+10 3.48802e+07 2.26267e+07 2.25883e+07 1.09073e+07 80 101
289000 1.16369e+08 6.4046e+09 2.31013e+10 3.41054e+07 2.1116e+07 3.9013e+07 2.69323e+07 85 94
290000 1.11356e+08 6.44511e+09 2.76488e+10 3.23008e+07 1.88814e+07 3.04359e+07 1.83795e+07 82 100
291000 1.09388e+08 6.50766e+09 2.33665e+10 3.12073e+07 1.86911e+07 3.2329e+07 1.65021e+07 83 94
292000 1.09855e+08 6.57558e+09 2.02397e+10 2.77226e+07 1.56494e+07 2.90736e+07 1.65873e+07 84 89
293000 1.06937e+08 6.63084e+09 4.15128e+10 2.97777e+07 1.82025e+07 2.89501e+07 1.76453e+07 76 95
294000 1.14217e+08 6.65781e+09 5.25775e+10 3.87799e+07 2.10373e+07 3.06689e+07 1.5888e+07 60 103
295000 1.26729e+08 6.63021e+09 4.32423e+10 4.15772e+07 2.08559e+07 3.21993e+07 1.82121e+07 67 99
296000 1.2874e+08 6.58854e+09 3.83603e+10 4.6735e+07 3.09811e+07 2.63523e+07 1.43017e+07 67 108
297000 1.28271e+08 6.54703e+09 5.16641e+10 7.45672e+07 2.12732e+07 2.86869e+07 1.48768e+07 82 101
298000 1.29707e+08 6.51651e+09 4.48609e+10 3.32599e+07 1.50365e+07 3.46823e+07 1.95637e+07 83 98
299000 1.33032e+08 6.49169e+09 2.32552e+10 3.04189e+07 1.57289e+07 3.45549e+07 2.03879e+07 85 97
300000 1.26292e+08 6.4715e+09 1.82262e+10 2.77457e+07 1.36684e+07 3.0723e+07 1.67653e+07 88 105
301000 1.23679e+08 6.4575e+09 1.68947e+10 3.52045e+07 2.28629e+07 2.87621e+07 1.43573e+07 87 115
302000 1.17638e+08 6.47697e+09 2.79937e+10 2.77045e+07 1.46807e+07 3.01908e+07 1.27578e+07 78 122
303000 1.13103e+08 6.53199e+09 3.4e+10 3.09912e+07 1.87738e+07 3.3239e+07 1.98344e+07 76 104
304000 1.17504e+08 6.54969e+09 1.86402e+10 3.04503e+07 1.59777e+07 2.70491e+07 1.50064e+07 84 112
305000 1.25003e+08 6.52655e+09 2.23659e+10 3.10992e+07 1.49106e+07 3.84183e+07 1.99025e+07 85 107
306000 1.29754e+08 6.49089e+09 2.94144e+10 3.28705e+07 1.82808e+07 2.83149e+07 1.37807e+07 78 112
307000 1.29423e+08 6.47429e+09 2.01785e+10 3.1761e+07 1.85495e+07 2.96344e+07 1.73609e+07 77 112
308000 1.24389e+08 6.46817e+09 1.83478e+10 3.48582e+07 1.87579e+07 2.75891e+07 1.51123e+07 80 119
309000 1.20977e+08 6.46945e+09 2.01235e+10 2.94192e+07 1.71209e+07 3.23234e+07 1.985e+07 73 127
310000 1.19584e+08 6.47088e+09 2.80254e+10 2.68609e+07 1.3644e+07 2.73091e+07 1.31336e+07 81 118
311000 1.2422e+08 6.46405e+09 2.37791e+10 3.02918e+07 1.81304e+07 2.95528e+07 1.47044e+07 75 117
312000 1.3193e+08 6.42066e+09 2.39056e+10 3.87127e+07 2.10148e+07 2.93737e+07 1.31449e+07 69 130
313000 1.38686e+08 6.34581e+09 2.18617e+10 3.86985e+07 2.22568e+07 2.7115e+07 1.32258e+07 78 126
314000 1.37873e+08 6.27987e+09 2.79006e+10 4.60775e+07 2.50251e+07 2.43963e+07 1.16612e+07 76 126
315000 1.28814e+08 6.26338e+09 3.1869e+10 3.41344e+07 1.80414e+07 2.44727e+07 1.29457e+07 74 127
316000 1.18941e+08 6.27652e+09 3.02977e+10 3.09019e+07 1.62672e+07 2.27848e+07 1.18004e+07 74 129
317000 1.13619e+08 6.32689e+09 3.43435e+10 3.07277e+07 1.73791e+07 2.31533e+07 1.09943e+07 71 123
318000 1.10365e+08 6.38421e+09 2.58506e+10 2.63136e+07 1.47656e+07 2.96893e+07 1.41604e+07 79 132
319000 1.08503e+08 6.44544e+09 2.62282e+10 2.65866e+07 1.59219e+07 2.13926e+07 9.44068e+06 79 125
320000 1.09936e+08 6.50176e+09 2.41198e+10 2.93268e+07 1.95338e+07 2.35583e+07 1.24194e+07 76 126
321000 1.12496e+08 6.53955e+09 3.05591e+10 3.73625e+07 1.8719e+07 2.34284e+07 1.26161e+07 77 114
322000 1.15772e+08 6.56338e+09 2.84465e+10 3.17009e+07 1.41079e+07 2.88641e+07 1.6171e+07 79 113
323000 1.13129e+08 6.61308e+09 2.76873e+10 3.94516e+07 1.67912e+07 2.75653e+07 1.55872e+07 72 107
324000 1.12844e+08 6.65468e+09 2.40857e+10 3.0148e+07 1.7728e+07 2.80068e+07 1.52372e+07 73 111
325000 1.19697e+08 6.65946e+09 1.72351e+10 3.32988e+07 1.93203e+07 2.88862e+07 1.63611e+07 73 115
326000 1.21248e+08 6.65028e+09 2.5978e+10 3.0463e+07 1.49015e+07 2.76991e+07 1.51598e+07 69 124
327000 1.21036e+08 6.64726e+09 1.86674e+10 2.60413e+07 1.34319e+07 2.98387e+07 1.71372e+07 68 123
328000 1.23844e+08 6.6276e+09 1.82379e+10 2.62891e+07 1.54581e+07 3.188e+07 1.59394e+07 60 137
329000 1.27596e+08 6.58134e+09 1.22126e+10 2.47267e+07 1.44538e+07 2.8755e+07 1.25731e+07 65 146
330000 1.23165e+08 6.5813e+09 1.74198e+10 2.9272e+07 1.92977e+07 2.50376e+07 1.2673e+07 63 147
331000 1.23777e+08 6.57124e+09 1.80303e+10 3.72193e+07 1.85379e+07 2.39673e+07 1.31565e+07 63 144
332000 1.27984e+08 6.54518e+09 2.76034e+10 4.47509e+07 2.38505e+07 2.25759e+07 1.15182e+07 58 142
333000 1.28869e+08 6.50877e+09 3.33562e+10 4.51675e+07 2.25182e+07 2.41067e+07 1.19971e+07 60 131
334000 1.26039e+08 6.50701e+09 2.56434e+10 3.64088e+07 1.78204e+07 2.53793e+07 1.34145e+07 66 123
335000 1.24627e+08 6.50851e+09 1.40965e+10 3.75333e+07 2.1363e+07 2.27558e+07 1.21266e+07 63 140
336000 1.21093e+08 6.51692e+09 2.28055e+10 3.4131e+07 1.93202e+07 2.33581e+07 1.23674e+07 69 134
337000 1.22198e+08 6.51565e+09 3.19757e+10 3.90921e+07 2.47395e+07 2.69829e+07 1.63193e+07 59 128
338000 1.37111e+08 6.45809e+09 1.87944e+10 4.73766e+07 2.90671e+07 2.98408e+07 1.43149e+07 62 124
339000 1.41063e+08 6.37376e+09 1.21402e+10 3.64195e+07 1.81649e+07 3.40955e+07 1.93076e+07 70 116
340000 1.26945e+08 6.35312e+09 1.23456e+10 3.01305e+07 1.79239e+07 2.5056e+07 1.32357e+07 73 131
341000 1.22057e+08 6.35951e+09 5.69724e+09 3.10612e+07 2.09325e+07 4.31341e+07 1.68336e+07 77 137
342000 1.3189e+08 6.3123e+09 7.9649e+09 3.26376e+07 1.41775e+07 3.05475e+07 1.61825e+07 87 132
343000 1.34117e+08 6.25667e+09 1.23838e+10 2.86325e+07 1.45949e+07 4.55048e+07 3.2739e+07 86 131
344000 1.28328e+08 6.24064e+09 2.05677e+10 2.62801e+07 1.26435e+07 3.72509e+07 2.53794e+07 79 125
345000 1.19992e+08 6.24195e+09 3.01085e+10 2.37939e+07 1.21327e+07 3.74565e+07 2.4456e+07 77 126
346000 1.16599e+08 6.27345e+09 2.8045e+10 2.1418e+07 1.12283e+07 3.41493e+07 2.03324e+07 76 122
347000 1.20031e+08 6.28713e+09 2.19318e+10 2.97795e+07 2.18769e+07 2.59277e+07 1.27196e+07 65 141
348000 1.21331e+08 6.28684e+09 2.06462e+10 2.99216e+07 1.77287e+07 2.81346e+07 1.52955e+07 65 136
349000 1.13126e+08 6.32582e+09 2.76064e+10 2.52649e+07 1.56851e+07 2.55669e+07 1.29671e+07 61 131
350000 1.02829e+08 6.4037e+09 3.7089e+10 2.2799e+07 1.39314e+07 2.44034e+07 1.25353e+07 57 129
351000 9.89536e+07 6.50129e+09 3.55767e+10 2.37295e+07 1.45228e+07 2.4611e+07 1.31063e+07 56 130
352000 9.99099e+07 6.60019e+09 3.97422e+10 2.6717e+07 1.5378e+07 2.93099e+07 1.68146e+07 53 122
353000 1.08171e+08 6.67204e+09 2.95932e+10 3.02259e+07 1.95777e+07 2.99518e+07 1.81609e+07 52 119
354000 1.14453e+08 6.68302e+09 2.96944e+10 4.06674e+07 2.74208e+07 2.92262e+07 1.66321e+07 50 121
355000 1.16091e+08 6.68215e+09 4.71538e+10 3.71576e+07 2.10181e+07 2.48054e+07 1.25672e+07 52 130
356000 1.11415e+08 6.70809e+09 5.43831e+10 3.61604e+07 2.07703e+07 2.59557e+07 1.28337e+07 46 135
357000 1.17961e+08 6.73301e+09 3.5787e+10 3.43021e+07 2.10743e+07 2.81484e+07 1.43877e+07 47 136
358000 1.2172e+08 6.72054e+09 2.53998e+10 3.18336e+07 1.98121e+07 2.67795e+07 1.27861e+07 54 146
359000 1.23541e+08 6.70711e+09 2.83386e+10 3.15841e+07 1.78875e+07 2.76546e+07 1.3104e+07 53 142
360000 1.20901e+08 6.7114e+09 3.10599e+10 3.2464e+07 1.91343e+07 2.75057e+07 1.44888e+07 49 145
361000 1.17242e+08 6.73371e+09 2.50137e+10 2.57878e+07 1.15699e+07 2.9177e+07 1.6252e+07 60 137
362000 1.14606e+08 6.75915e+09 3.38321e+10 2.90471e+07 1.63696e+07 2.62226e+07 1.25802e+07 46 138
363000 1.09785e+08 6.79925e+09 4.42696e+10 2.80846e+07 1.51339e+07 2.65736e+07 1.41637e+07 45 143
364000 1.11769e+08 6.83992e+09 3.26134e+10 3.07546e+07 2.05219e+07 2.68691e+07 1.39511e+07 40 144
365000 1.14092e+08 6.86054e+09 2.66695e+10 2.98936e+07 1.65772e+07 2.58747e+07 1.23624e+07 46 153
366000 1.1943e+08 6.85801e+09 3.16568e+10 3.63745e+07 1.77899e+07 2.47608e+07 1.21003e+07 42 159
367000 1.23026e+08 6.8566e+09 3.82225e+10 5.63526e+07 3.81343e+07 4.3569e+07 3.03403e+07 33 148
368000 1.32789e+08 6.78581e+09 1.81299e+10 3.87328e+07 2.47017e+07 3.00676e+07 1.45844e+07 40 165
369000 1.37706e+08 6.70301e+09 1.83874e+10 3.62976e+07 2.29269e+07 2.99912e+07 1.3764e+07 41 167
370000 1.46319e+08 6.58223e+09 2.47047e+10 3.94723e+07 2.37614e+07 3.32491e+07 1.55805e+07 41 164
371000 1.50694e+08 6.44854e+09 1.3961e+10 3.63719e+07 2.21086e+07 2.94957e+07 1.39747e+07 45 177
372000 1.38881e+08 6.36861e+09 2.87665e+10 3.20141e+07 1.75077e+07 2.77264e+07 1.34846e+07 48 172
373000 1.42449e+08 6.27567e+09 2.37357e+10 2.68745e+07 1.3578e+07 3.1193e+07 1.22132e+07 52 182
374000 1.28564e+08 6.24185e+09 3.03112e+10 2.53973e+07 1.25207e+07 2.42701e+07 1.06058e+07 49 177
375000 1.20639e+08 6.27842e+09 2.17373e+10 2.66336e+07 1.55978e+07 2.29308e+07 1.13819e+07 51 175
376000 1.13607e+08 6.31757e+09 2.30788e+10 2.92667e+07 1.79485e+07 2.44469e+07 1.17596e+07 47 167
377000 1.12391e+08 6.36704e+09 1.76415e+10 2.86626e+07 1.43928e+07 2.1831e+07 1.09548e+07 50 166
378000 1.09591e+08 6.4135e+09 2.18625e+10 3.22824e+07 1.74899e+07 2.2648e+07 1.15527e+07 41 165
379000 1.13929e+08 6.43637e+09 1.7482e+10 3.19579e+07 1.81375e+07 2.76528e+07 1.27346e+07 40 173
380000 1.17397e+08 6.47121e+09 2.48379e+10 3.99145e+07 2.48637e+07 2.86631e+07 1.62598e+07 37 148
381000 1.16949e+08 6.48767e+09 2.72378e+10 3.10885e+07 1.80458e+07 2.59811e+07 1.29081e+07 40 161
382000 1.12965e+08 6.51227e+09 3.46043e+10 3.74875e+07 2.73245e+07 3.37623e+07 2.16743e+07 35 146
383000 1.12129e+08 6.5563e+09 3.43272e+10 3.60256e+07 2.43815e+07 2.72413e+07 1.40926e+07 40 143
384000 1.15872e+08 6.57491e+09 2.34914e+10 4.08585e+07 2.30934e+07 2.44474e+07 1.31592e+07 39 157
385000 1.17324e+08 6.57602e+09 1.62663e+10 3.91297e+07 2.07035e+07 2.08353e+07 9.65854e+06 46 174
386000 1.16274e+08 6.59975e+09 1.14644e+10 3.63103e+07 2.01512e+07 2.22648e+07 1.23365e+07 43 177
387000 1.13907e+08 6.62825e+09 1.74928e+10 3.31207e+07 1.98266e+07 2.27907e+07 1.26513e+07 42 169
388000 1.16683e+08 6.64158e+09 1.55538e+10 3.51599e+07 2.1735e+07 2.2722e+07 1.1822e+07 42 178
389000 1.22173e+08 6.62325e+09 1.29165e+10 3.56664e+07 2.36152e+07 2.41423e+07 1.16797e+07 41 184
390000 1.272e+08 6.59132e+09 1.61903e+10 2.81219e+07 1.46326e+07 2.51477e+07 1.15808e+07 46 182
391000 1.27852e+08 6.55661e+09 1.78043e+10 3.21421e+07 2.11745e+07 2.5757e+07 1.23797e+07 42 186
392000 1.27097e+08 6.52261e+09 2.91027e+10 3.42075e+07 1.75757e+07 2.67954e+07 1.2674e+07 40 171
393000 1.31566e+08 6.47784e+09 1.9988e+10 5.89449e+07 4.18029e+07 2.48833e+07 1.2377e+07 43 178
394000 1.32088e+08 6.43651e+09 1.59644e+10 3.4189e+07 1.76729e+07 2.45565e+07 1.24214e+07 48 177
395000 1.25532e+08 6.40921e+09 1.98702e+10 2.83291e+07 1.28407e+07 2.3223e+07 1.21101e+07 51 181
396000 1.21271e+08 6.41164e+09 2.10877e+10 2.50501e+07 1.20183e+07 2.40148e+07 1.24795e+07 48 178
397000 1.2415e+08 6.41849e+09 1.89025e+10 2.84873e+07 1.71587e+07 2.66485e+07 1.44146e+07 39 176
398000 1.26134e+08 6.38473e+09 2.02766e+10 2.92564e+07 1.93574e+07 2.67422e+07 1.32701e+07 37 177
399000 1.26536e+08 6.36275e+09 1.91627e+10 3.25866e+07 2.22708e+07 2.56291e+07 1.20868e+07 32 185
400000 1.34709e+08 6.29897e+09 1.75292e+10 2.91526e+07 1.68997e+07 3.1146e+07 1.48381e+07 38 179
401000 1.42993e+08 6.17233e+09 1.64007e+10 4.09068e+07 2.58349e+07 3.19202e+07 1.57412e+07 34 179
402000 1.29728e+08 6.13937e+09 1.64172e+10 3.33004e+07 1.93398e+07 2.72145e+07 1.19766e+07 33 196
403000 1.19672e+08 6.16054e+09 1.85891e+10 3.19161e+07 2.08177e+07 2.18794e+07 1.00376e+07 31 195
404000 1.1287e+08 6.2048e+09 1.9972e+10 3.83015e+07 2.867e+07 2.30447e+07 1.20269e+07 36 182
405000 1.09171e+08 6.26033e+09 1.93724e+10 3.05458e+07 1.82175e+07 2.2153e+07 1.1086e+07 36 176
406000 1.13277e+08 6.30812e+09 9.19599e+09 3.66352e+07 2.63631e+07 2.27589e+07 1.22162e+07 36 172
407000 1.12511e+08 6.3295e+09 1.21262e+10 3.91077e+07 2.2241e+07 2.16898e+07 1.13698e+07 39 176
408000 1.16771e+08 6.35751e+09 1.31532e+10 4.12317e+07 2.50169e+07 2.30132e+07 1.32395e+07 36 166
409000 1.15937e+08 6.36923e+09 2.28374e+10 3.78543e+07 2.12421e+07 2.6426e+07 1.61007e+07 35 173
410000 1.16011e+08 6.38827e+09 2.41323e+10 4.10065e+07 2.46139e+07 2.45119e+07 1.3708e+07 32 167
411000 1.19336e+08 6.40028e+09 2.16216e+10 3.91845e+07 2.78401e+07 4.03566e+07 2.80633e+07 31 159
412000 1.20971e+08 6.40104e+09 2.74029e+10 4.12555e+07 2.73594e+07 5.00612e+07 3.73317e+07 31 153
413000 1.23003e+08 6.39024e+09 2.27895e+10 3.62326e+07 2.32343e+07 3.63071e+07 2.03653e+07 35 148
414000 1.21281e+08 6.37755e+09 1.57777e+10 3.3086e+07 2.09166e+07 3.09664e+07 1.88576e+07 38 161
415000 1.19279e+08 6.38835e+09 1.31508e+10 3.057e+07 1.81958e+07 2.73744e+07 1.55483e+07 38 154
416000 1.165e+08 6.41524e+09 9.42744e+09 2.84151e+07 1.84096e+07 2.67017e+07 1.52627e+07 37 158
417000 1.0969e+08 6.45474e+09 1.83011e+10 2.75522e+07 1.74458e+07 2.5054e+07 1.3339e+07 37 157
418000 1.09032e+08 6.50986e+09 1.9547e+10 3.10487e+07 2.23897e+07 2.66356e+07 1.49498e+07 36 146
419000 1.15513e+08 6.54275e+09 1.71159e+10 3.65291e+07 2.04864e+07 2.87196e+07 1.61354e+07 34 150
420000 1.18705e+08 6.53147e+09 1.80835e+10 3.47708e+07 1.48087e+07 2.84397e+07 1.63556e+07 38 157
421000 1.18902e+08 6.53142e+09 2.9377e+10 3.79886e+07 2.11307e+07 2.71572e+07 1.46975e+07 32 154
422000 1.24661e+08 6.51303e+09 1.74834e+10 3.39492e+07 1.96861e+07 2.91772e+07 1.60875e+07 32 167
423000 1.3249e+08 6.43971e+09 1.04989e+10 2.43355e+07 1.17343e+07 3.25236e+07 1.58573e+07 41 175
424000 1.31711e+08 6.39988e+09 1.18195e+10 2.70746e+07 1.64633e+07 3.10408e+07 1.57681e+07 39 164
425000 1.23624e+08 6.38222e+09 1.32626e+10 3.95171e+07 2.295e+07 2.40079e+07 1.19635e+07 39 181
426000 1.23368e+08 6.37487e+09 8.07482e+09 3.15475e+07 1.41289e+07 2.44968e+07 1.38271e+07 45 172
427000 1.20164e+08 6.38219e+09 1.74561e+10 3.53175e+07 1.89247e+07 2.42114e+07 1.35131e+07 41 168
428000 1.15239e+08 6.40684e+09 2.22872e+10 3.16473e+07 1.45251e+07 2.48094e+07 1.16656e+07 38 177
429000 1.14448e+08 6.45332e+09 1.58992e+10 3.58176e+07 2.33817e+07 2.46849e+07 1.44559e+07 33 170
430000 1.11475e+08 6.50211e+09 2.38958e+10 3.36443e+07 2.13047e+07 2.64533e+07 1.53914e+07 38 146
431000 1.10207e+08 6.53691e+09 2.85178e+10 2.98833e+07 1.82493e+07 3.00953e+07 1.80793e+07 33 147
432000 1.09227e+08 6.57022e+09 4.0567e+10 3.17433e+07 2.07285e+07 3.10293e+07 1.6575e+07 31 145
433000 1.17374e+08 6.59515e+09 2.97259e+10 2.95872e+07 1.89311e+07 3.17287e+07 1.71642e+07 33 141
434000 1.13957e+08 6.61792e+09 3.53669e+10 2.7e+07 1.48245e+07 4.39958e+07 3.05028e+07 30 140
435000 1.06737e+08 6.67303e+09 3.89294e+10 2.54003e+07 1.40771e+07 2.89255e+07 1.59041e+07 30 138
436000 1.06372e+08 6.73518e+09 3.06038e+10 3.56481e+07 2.61319e+07 2.67335e+07 1.51208e+07 25 151
437000 1.09531e+08 6.77247e+09 3.29549e+10 2.9431e+07 1.61876e+07 3.11081e+07 1.74209e+07 31 147
438000 1.22797e+08 6.7467e+09 1.81521e+10 3.34471e+07 2.00136e+07 3.13147e+07 1.74482e+07 30 160
439000 1.35181e+08 6.66219e+09 1.20661e+10 3.13293e+07 1.86146e+07 3.98953e+07 2.09999e+07 33 168
440000 1.40913e+08 6.55435e+09 1.9759e+10 3.22416e+07 1.56374e+07 3.1177e+07 1.50776e+07 27 183
441000 1.36314e+08 6.48109e+09 1.72125e+10 2.93348e+07 1.50559e+07 3.17309e+07 1.76782e+07 28 190
442000 1.28124e+08 6.45928e+09 2.76366e+10 3.39493e+07 1.99852e+07 2.94898e+07 1.68086e+07 22 169
443000 1.22158e+08 6.45876e+09 3.65167e+10 3.30114e+07 1.85343e+07 2.83338e+07 1.61602e+07 22 169
444000 1.22551e+08 6.43634e+09 3.33781e+10 3.15534e+07 1.8827e+07 3.00455e+07 1.51974e+07 24 169
445000 1.26442e+08 6.40988e+09 2.17326e+10 3.33364e+07 2.40742e+07 2.96303e+07 1.59046e+07 25 183
446000 1.2044e+08 6.41585e+09 2.43167e+10 4.50023e+07 3.53572e+07 2.52877e+07 1.37898e+07 22 180
447000 1.24669e+08 6.40586e+09 1.47481e+10 6.72139e+07 5.20106e+07 2.47383e+07 1.36193e+07 23 175
448000 1.22497e+08 6.39325e+09 1.77988e+10 4.50131e+07 2.17957e+07 2.49295e+07 1.33206e+07 31 170
449000 1.17525e+08 6.4147e+09 1.84898e+10 3.59611e+07 1.96659e+07 2.32077e+07 1.21355e+07 31 173
450000 1.11712e+08 6.45561e+09 1.84078e+10 3.27223e+07 2.16899e+07 2.41083e+07 1.26602e+07 30 171
451000 1.08479e+08 6.5201e+09 2.23661e+10 2.4295e+07 1.3397e+07 2.69095e+07 1.56892e+07 31 158
452000 1.05627e+08 6.58258e+09 2.15314e+10 2.72929e+07 1.53125e+07 2.57073e+07 1.47571e+07 26 161
453000 1.09768e+08 6.62761e+09 1.77265e+10 2.89353e+07 1.91153e+07 3.16741e+07 1.73441e+07 23 156
454000 1.15216e+08 6.64216e+09 1.81889e+10 2.42936e+07 1.50922e+07 3.02913e+07 1.67171e+07 27 158
455000 1.16399e+08 6.65089e+09 1.82033e+10 2.85893e+07 2.40921e+07 3.15054e+07 1.79496e+07 24 163
456000 1.12034e+08 6.66173e+09 3.79578e+10 3.45698e+07 2.00476e+07 2.65996e+07 1.41236e+07 29 161
457000 1.23124e+08 6.63736e+09 2.62842e+10 4.49059e+07 2.08652e+07 2.96764e+07 1.78904e+07 29 168
458000 1.24874e+08 6.60237e+09 2.31179e+10 3.35986e+07 1.45513e+07 2.7865e+07 1.49899e+07 33 168
459000 1.28273e+08 6.57428e+09 1.9479e+10 3.07681e+07 1.39649e+07 3.02941e+07 1.59644e+07 29 167
460000 1.27583e+08 6.55526e+09 1.67686e+10 2.98828e+07 1.53853e+07 3.10678e+07 1.7985e+07 31 171
461000 1.17351e+08 6.56384e+09 1.53457e+10 2.29706e+07 1.17894e+07 2.53956e+07 1.38775e+07 30 179
462000 1.1315e+08 6.58589e+09 8.88607e+09 2.02669e+07 1.06681e+07 2.45088e+07 1.43151e+07 33 188
463000 1.15205e+08 6.58767e+09 1.83847e+10 2.15968e+07 1.16299e+07 2.53797e+07 1.23512e+07 32 189
464000 1.22565e+08 6.57502e+09 1.382e+10 2.4734e+07 1.40702e+07 2.51679e+07 1.27741e+07 32 197
465000 1.27061e+08 6.54914e+09 9.60678e+09 3.52037e+07 1.98072e+07 2.95744e+07 1.71306e+07 28 186
466000 1.31319e+08 6.50736e+09 1.19612e+10 4.09405e+07 2.31045e+07 3.16508e+07 1.79923e+07 24 174
467000 1.35422e+08 6.44077e+09 1.07117e+10 4.02294e+07 2.55291e+07 2.8561e+07 1.52716e+07 27 179
468000 1.34527e+08 6.37397e+09 1.93835e+10 4.41606e+07 2.38725e+07 2.96599e+07 1.47006e+07 28 183
469000 1.3555e+08 6.30182e+09 9.88789e+09 4.64165e+07 2.66894e+07 2.7707e+07 1.41999e+07 33 181
470000 1.31084e+08 6.24805e+09 1.8905e+10 3.50793e+07 1.80037e+07 2.42623e+07 1.17777e+07 41 187
471000 1.32982e+08 6.19498e+09 2.19453e+10 4.05333e+07 1.69484e+07 2.89434e+07 1.72714e+07 37 175
472000 1.27408e+08 6.16414e+09 1.18794e+10 2.78988e+07 1.14256e+07 3.54786e+07 2.44057e+07 37 189
473000 1.20293e+08 6.17239e+09 1.02738e+10 1.95822e+07 8.50732e+06 2.49103e+07 1.19649e+07 40 194
474000 1.14649e+08 6.20007e+09 5.28458e+09 2.13959e+07 1.34961e+07 2.29184e+07 1.17787e+07 40 194
475000 1.08908e+08 6.25013e+09 1.5406e+10 1.85556e+07 9.50455e+06 2.27044e+07 1.21392e+07 35 189
476000 1.08011e+08 6.29641e+09 1.40138e+10 1.7681e+07 8.9711e+06 2.23001e+07 1.18705e+07 36 199
477000 1.09246e+08 6.33593e+09 8.21095e+09 2.1509e+07 1.31888e+07 2.24223e+07 1.1117e+07 32 200
478000 1.09674e+08 6.38614e+09 1.52007e+10 2.34784e+07 1.58797e+07 2.47714e+07 1.2695e+07 29 185
479000 1.10503e+08 6.42379e+09 1.62964e+10 2.27107e+07 1.19513e+07 2.39943e+07 1.21533e+07 33 189
480000 1.16661e+08 6.45417e+09 1.59301e+10 3.04053e+07 1.9875e+07 3.15505e+07 1.62355e+07 27 175
481000 1.17848e+08 6.44841e+09 1.94598e+10 3.14537e+07 1.74308e+07 3.00775e+07 1.7879e+07 30 176
482000 1.1878e+08 6.44325e+09 2.25114e+10 2.81527e+07 1.13365e+07 2.85925e+07 1.63611e+07 34 177
483000 1.1923e+08 6.44883e+09 2.17662e+10 2.92952e+07 1.08801e+07 2.40348e+07 1.24019e+07 32 192
484000 1.18663e+08 6.45644e+09 2.58341e+10 3.42891e+07 1.87308e+07 2.42917e+07 1.26219e+07 23 192
485000 1.19722e+08 6.45562e+09 2.35973e+10 3.3487e+07 1.76754e+07 2.62118e+07 1.36257e+07 22 189
486000 1.21969e+08 6.46249e+09 2.5074e+10 2.91566e+07 1.94292e+07 2.82531e+07 1.59813e+07 23 175
487000 1.18973e+08 6.47855e+09 2.94357e+10 2.86012e+07 1.79071e+07 3.12135e+07 1.91023e+07 25 168
488000 1.17769e+08 6.49137e+09 2.49503e+10 2.70882e+07 1.63113e+07 2.86741e+07 1.58676e+07 25 167
489000 1.16783e+08 6.48892e+09 2.05554e+10 5.62514e+07 4.67245e+07 2.65e+07 1.36534e+07 25 176
490000 1.16633e+08 6.49979e+09 2.47567e+10 3.01689e+07 2.1595e+07 2.67528e+07 1.32463e+07 24 172
491000 1.15825e+08 6.51847e+09 2.98516e+10 3.43871e+07 2.0818e+07 3.16595e+07 1.57418e+07 22 181
492000 1.11107e+08 6.54194e+09 3.45573e+10 3.58635e+07 2.2169e+07 3.44656e+07 1.31843e+07 24 180
493000 1.12336e+08 6.5804e+09 2.41543e+10 3.3601e+07 1.80616e+07 2.47749e+07 1.25145e+07 26 178
494000 1.13222e+08 6.62679e+09 2.23767e+10 3.07592e+07 1.48156e+07 3.06127e+07 1.70642e+07 25 158
495000 1.13274e+08 6.6537e+09 2.23632e+10 3.16817e+07 2.04081e+07 2.71869e+07 1.48399e+07 24 173
496000 1.1475e+08 6.67234e+09 1.77287e+10 2.75917e+07 1.79508e+07 2.6616e+07 1.41449e+07 26 173
497000 1.18223e+08 6.6626e+09 1.43032e+10 2.81934e+07 1.58524e+07 3.0051e+07 1.45473e+07 24 188
498000 1.20757e+08 6.64453e+09 1.23893e+10 2.99482e+07 1.60208e+07 2.61826e+07 1.36278e+07 22 194
499000 1.19997e+08 6.64157e+09 1.96884e+10 3.39031e+07 1.89434e+07 2.66557e+07 1.41542e+07 21 186
500000 1.18789e+08 6.64235e+09 2.31074e+10 3.11557e+07 1.54723e+07 2.57144e+07 1.3641e+07 23 182
501000 1.20238e+08 6.63117e+09 2.25861e+10 2.61988e+07 1.17554e+07 2.70827e+07 1.4159e+07 22 185
502000 1.26793e+08 6.60063e+09 2.02961e+10 2.68321e+07 1.37002e+07 2.86775e+07 1.41715e+07 22 189
503000 1.29544e+08 6.54971e+09 1.33911e+10 3.077e+07 1.81223e+07 2.91213e+07 1.54139e+07 21 193
504000 1.27293e+08 6.51782e+09 1.02768e+10 2.60672e+07 1.49821e+07 2.6246e+07 1.35781e+07 20 203
505000 1.24708e+08 6.50277e+09 1.78791e+10 2.84196e+07 1.69255e+07 2.80343e+07 1.46059e+07 17 191
506000 1.27606e+08 6.453e+09 1.95269e+10 2.3647e+07 1.36063e+07 2.82185e+07 1.30681e+07 21 199
507000 1.32382e+08 6.39368e+09 1.51177e+10 2.42052e+07 1.39408e+07 3.03024e+07 1.50068e+07 19 207
508000 1.23633e+08 6.37572e+09 2.40671e+10 3.54504e+07 2.66907e+07 2.36525e+07 1.15733e+07 14 215
509000 1.2901e+08 6.34344e+09 2.19377e+10 3.65821e+07 2.74082e+07 2.84385e+07 1.47738e+07 15 212
510000 1.2757e+08 6.31578e+09 1.78123e+10 3.93065e+07 3.06464e+07 2.82661e+07 1.5603e+07 14 187
511000 1.20994e+08 6.3175e+09 1.30587e+10 3.3792e+07 2.41963e+07 2.9019e+07 1.71644e+07 17 193
512000 1.16722e+08 6.32856e+09 1.37878e+10 3.42673e+07 2.33006e+07 3.04583e+07 1.90355e+07 17 196
513000 1.13417e+08 6.35573e+09 1.50053e+10 2.61515e+07 1.62073e+07 2.50102e+07 1.42887e+07 18 190
514000 1.13422e+08 6.39197e+09 1.25982e+10 2.55313e+07 1.22521e+07 2.39515e+07 1.27905e+07 19 194
515000 1.11297e+08 6.42641e+09 1.67856e+10 2.87859e+07 1.60734e+07 2.42646e+07 1.29638e+07 19 195
516000 1.11568e+08 6.44711e+09 1.937e+10 3.28153e+07 1.77148e+07 2.32109e+07 1.20359e+07 17 202
517000 1.19794e+08 6.45635e+09 2.03792e+10 3.36479e+07 1.82332e+07 3.21444e+07 1.91759e+07 19 176
518000 1.22407e+08 6.42859e+09 1.54668e+10 3.64378e+07 2.09653e+07 2.73958e+07 1.46394e+07 17 186
519000 1.22164e+08 6.41197e+09 1.61654e+10 3.29532e+07 1.85627e+07 2.61607e+07 1.24855e+07 18 193
520000 1.20022e+08 6.41318e+09 1.12239e+10 3.17656e+07 2.14651e+07 2.95837e+07 1.80004e+07 19 199
521000 1.14463e+08 6.43718e+09 1.68672e+10 2.79662e+07 2.09978e+07 2.37727e+07 1.35851e+07 20 198
522000 1.15967e+08 6.45765e+09 1.01032e+10 2.55004e+07 1.68114e+07 2.92871e+07 1.42336e+07 22 206
523000 1.14662e+08 6.4732e+09 1.97709e+10 2.71769e+07 1.78535e+07 2.44871e+07 1.2753e+07 21 192
524000 1.1501e+08 6.49141e+09 2.13437e+10 3.31832e+07 2.24302e+07 3.16887e+07 1.92937e+07 18 196
525000 1.18381e+08 6.49114e+09 2.05093e+10 3.855e+07 2.78643e+07 2.3579e+07 1.23623e+07 18 201
526000 1.20633e+08 6.4844e+09 2.21241e+10 3.90013e+07 2.17098e+07 2.61327e+07 1.43231e+07 19 198
527000 1.22289e+08 6.4596e+09 1.99613e+10 2.4186e+07 9.13208e+06 2.63104e+07 1.31932e+07 27 191
528000 1.24036e+08 6.44043e+09 1.8345e+10 2.58367e+07 1.23973e+07 2.51897e+07 1.22828e+07 24 201
529000 1.21579e+08 6.4392e+09 2.08108e+10 2.47728e+07 1.31454e+07 3.10982e+07 1.37234e+07 24 203
530000 1.20587e+08 6.44914e+09 1.16791e+10 2.55386e+07 1.25135e+07 2.52174e+07 1.40951e+07 22 194
531000 1.1728e+08 6.4601e+09 8.61678e+09 2.6979e+07 1.27461e+07 2.41065e+07 1.27477e+07 20 200
532000 1.14481e+08 6.48585e+09 1.27139e+10 2.39963e+07 1.25679e+07 2.43055e+07 1.30839e+07 21 193
533000 1.10185e+08 6.52038e+09 2.00836e+10 2.32927e+07 1.17732e+07 2.34235e+07 1.2452e+07 21 195
534000 1.12076e+08 6.56631e+09 1.85251e+10 2.79406e+07 1.85039e+07 2.57176e+07 1.47299e+07 18 180
535000 1.10627e+08 6.6025e+09 2.87437e+10 3.6796e+07 2.89008e+07 2.79528e+07 1.61095e+07 12 174
536000 1.11044e+08 6.63452e+09 2.97953e+10 2.52807e+07 1.37529e+07 2.66025e+07 1.47271e+07 16 180
537000 1.12118e+08 6.65997e+09 2.26589e+10 2.04173e+07 9.10667e+06 2.6691e+07 1.43289e+07 17 184
538000 1.08356e+08 6.69883e+09 3.06004e+10 2.6581e+07 1.75877e+07 2.45438e+07 1.24892e+07 12 186
539000 1.04973e+08 6.76796e+09 3.43069e+10 2.834e+07 1.77893e+07 2.49272e+07 1.28842e+07 12 181
540000 1.03724e+08 6.84036e+09 3.58685e+10 2.79158e+07 1.80227e+07 2.87229e+07 1.74118e+07 12 176
541000 1.11243e+08 6.86525e+09 2.89941e+10 2.08163e+07 8.57629e+06 2.91938e+07 1.59489e+07 13 183
542000 1.26917e+08 6.81737e+09 2.40945e+10 2.54696e+07 1.18265e+07 3.30447e+07 1.61531e+07 11 181
543000 1.28339e+08 6.76757e+09 1.2682e+10 2.10648e+07 1.12511e+07 2.88795e+07 1.42431e+07 14 192
544000 1.21983e+08 6.77155e+09 1.79659e+10 2.63759e+07 1.55974e+07 2.93904e+07 1.61123e+07 12 177
545000 1.19902e+08 6.76859e+09 1.67052e+10 2.91159e+07 2.14234e+07 2.82964e+07 1.59486e+07 12 182
546000 1.16768e+08 6.76848e+09 2.77777e+10 3.3576e+07 1.58709e+07 2.60975e+07 1.30251e+07 11 192
547000 1.27167e+08 6.72162e+09 2.85074e+10 6.41963e+07 4.75555e+07 3.08909e+07 1.28475e+07 11 197
548000 1.34495e+08 6.63628e+09 1.92357e+10 4.50381e+07 2.62341e+07 2.66604e+07 1.27143e+07 11 207
549000 1.27013e+08 6.62315e+09 1.25315e+10 4.09097e+07 2.06124e+07 2.69944e+07 1.38847e+07 12 199
550000 1.21478e+08 6.60953e+09 1.16291e+10 4.79048e+07 3.14326e+07 2.55625e+07 1.28902e+07 10 205
551000 1.20426e+08 6.59801e+09 1.17052e+10 3.36994e+07 2.10644e+07 2.56934e+07 1.08753e+07 13 222
552000 1.219e+08 6.58494e+09 1.76185e+10 3.45968e+07 2.44503e+07 2.56247e+07 1.18161e+07 11 209
553000 1.22894e+08 6.57849e+09 2.54738e+10 3.87004e+07 1.85331e+07 2.91352e+07 1.54591e+07 13 193
554000 1.22857e+08 6.55686e+09 1.20331e+10 5.7291e+07 3.3521e+07 2.35217e+07 1.14595e+07 12 213
555000 1.22639e+08 6.544e+09 7.54514e+09 3.98733e+07 1.98767e+07 2.48187e+07 1.20972e+07 16 211
556000 1.22057e+08 6.53655e+09 1.66194e+10 3.35326e+07 2.0935e+07 2.48411e+07 1.30189e+07 16 207
557000 1.24818e+08 6.51604e+09 1.71894e+10 3.33704e+07 1.71578e+07 2.62342e+07 1.21341e+07 15 204
558000 1.26221e+08 6.48709e+09 1.65593e+10 2.70797e+07 1.06129e+07 2.70073e+07 1.28521e+07 16 198
559000 1.21742e+08 6.49329e+09 1.20592e+10 2.10815e+07 8.67084e+06 2.58078e+07 1.35555e+07 16 200
560000 1.15669e+08 6.50722e+09 9.49882e+09 2.12899e+07 1.17629e+07 2.54183e+07 1.32076e+07 14 198
561000 1.12685e+08 6.53823e+09 2.52343e+10 1.45153e+07 6.11008e+06 2.50736e+07 1.22482e+07 20 196
562000 1.11965e+08 6.56258e+09 2.47235e+10 1.72578e+07 9.27805e+06 2.53779e+07 1.26397e+07 17 190
563000 1.13196e+08 6.59278e+09 1.97721e+10 2.41674e+07 1.61341e+07 2.69535e+07 1.43975e+07 14 192
564000 1.1877e+08 6.59006e+09 2.03801e+10 3.39678e+07 2.63659e+07 2.87006e+07 1.51943e+07 11 196
565000 1.1834e+08 6.58975e+09 3.22511e+10 5.86731e+07 3.71333e+07 2.64646e+07 1.411e+07 11 183
566000 1.24136e+08 6.58232e+09 2.71659e+10 4.57674e+07 1.80436e+07 3.29093e+07 1.7297e+07 17 181
567000 1.26351e+08 6.55488e+09 2.16165e+10 5.08023e+07 2.276e+07 2.82775e+07 1.5607e+07 16 179
568000 1.26729e+08 6.52965e+09 1.31916e+10 3.43202e+07 1.46636e+07 2.96273e+07 1.65708e+07 20 173
569000 1.21116e+08 6.51788e+09 9.85179e+09 2.91839e+07 1.2088e+07 2.65905e+07 1.43531e+07 19 185
570000 1.17976e+08 6.53576e+09 1.34749e+10 2.69401e+07 1.4425e+07 2.59183e+07 1.43222e+07 20 186
571000 1.20872e+08 6.53325e+09 1.56101e+10 3.06068e+07 2.15258e+07 2.93838e+07 1.6783e+07 20 178
572000 1.30627e+08 6.4791e+09 1.73601e+10 6.03113e+07 3.31868e+07 3.28589e+07 1.64368e+07 20 171
573000 1.42763e+08 6.36143e+09 1.77424e+10 7.29916e+07 2.87413e+07 2.98948e+07 1.63514e+07 23 166
574000 1.35569e+08 6.30019e+09 1.74067e+10 5.12319e+07 2.6608e+07 2.58431e+07 1.31124e+07 23 186
575000 1.23352e+08 6.28683e+09 1.30876e+10 2.72492e+07 1.31017e+07 3.07009e+07 1.8476e+07 28 186
576000 1.15052e+08 6.30554e+09 1.06243e+10 2.05761e+07 8.61996e+06 2.8426e+07 1.71278e+07 30 187
577000 1.11294e+08 6.34481e+09 1.02649e+10 1.75522e+07 8.67684e+06 2.3506e+07 1.14202e+07 32 196
578000 1.0951e+08 6.3983e+09 1.44771e+10 2.60026e+07 1.48471e+07 2.40881e+07 1.25233e+07 27 183
579000 1.10595e+08 6.45706e+09 1.39571e+10 2.27726e+07 1.40611e+07 3.07155e+07 1.64362e+07 27 183
580000 1.02921e+08 6.51526e+09 4.27977e+10 2.92278e+07 2.1044e+07 2.26882e+07 1.11162e+07 20 175
581000 1.04542e+08 6.5822e+09 5.09097e+10 3.08629e+07 1.96619e+07 2.76104e+07 1.54418e+07 16 159
582000 1.13741e+08 6.59912e+09 4.13783e+10 2.86644e+07 1.5481e+07 3.54233e+07 2.16223e+07 15 167
583000 1.18564e+08 6.59001e+09 4.78053e+10 3.35715e+07 2.21598e+07 3.09873e+07 1.52482e+07 13 171
584000 1.16911e+08 6.61579e+09 4.7859e+10 3.60778e+07 2.37647e+07 3.07453e+07 1.62448e+07 13 159
585000 1.13702e+08 6.66177e+09 3.62406e+10 2.33359e+07 1.21018e+07 3.26062e+07 1.9871e+07 14 154
586000 1.1024e+08 6.70077e+09 3.37811e+10 2.4355e+07 1.39355e+07 2.9882e+07 1.78669e+07 10 164
587000 1.10828e+08 6.73216e+09 3.27109e+10 3.94073e+07 3.12226e+07 3.11845e+07 1.80465e+07 8 160
588000 1.10607e+08 6.75489e+09 3.50408e+10 4.27466e+07 2.70392e+07 2.88856e+07 1.5527e+07 9 167
589000 1.11784e+08 6.79252e+09 3.33392e+10 3.18223e+07 1.60466e+07 3.45371e+07 1.89622e+07 15 160
590000 1.07255e+08 6.84071e+09 4.48914e+10 2.78443e+07 1.96285e+07 2.82611e+07 1.64057e+07 11 152
591000 1.00925e+08 6.92068e+09 4.93093e+10 4.11495e+07 2.9679e+07 2.81526e+07 1.56422e+07 12 154
592000 1.0575e+08 6.98743e+09 3.06249e+10 3.6134e+07 2.29048e+07 2.80303e+07 1.64072e+07 12 160
593000 1.08818e+08 7.01881e+09 3.04062e+10 4.14788e+07 2.49592e+07 2.80694e+07 1.46928e+07 12 169
594000 1.16047e+08 7.01853e+09 3.1422e+10 2.9995e+07 1.67818e+07 3.02345e+07 1.52738e+07 17 166
595000 1.19574e+08 7.00864e+09 2.0388e+10 2.72711e+07 1.34065e+07 2.76909e+07 1.33307e+07 19 181
596000 1.1535e+08 7.02044e+09 2.57124e+10 3.22087e+07 1.81987e+07 2.79188e+07 1.3878e+07 16 174
597000 1.10294e+08 7.06657e+09 2.67531e+10 3.49784e+07 2.13368e+07 2.53136e+07 1.19273e+07 17 174
598000 1.0548e+08 7.13136e+09 2.33385e+10 3.46675e+07 1.63592e+07 3.45094e+07 1.56359e+07 18 174
599000 1.01288e+08 7.20869e+09 1.73309e+10 3.51484e+07 1.77717e+07 2.18416e+07 1.15299e+07 18 183
600000 1.02031e+08 7.29196e+09 1.94466e+10 3.37767e+07 1.91519e+07 2.38939e+07 1.31992e+07 20 173
601000 1.14537e+08 7.32097e+09 1.8903e+10 1.17566e+08 5.84843e+07 3.26315e+07 2.06234e+07 21 164
602000 1.36404e+08 7.20929e+09 3.1655e+10 4.56263e+07 2.15535e+07 3.49449e+07 1.54559e+07 21 172
603000 1.37219e+08 7.11119e+09 4.71758e+10 6.61091e+07 4.93745e+07 3.90371e+07 1.99998e+07 19 170
604000 1.38873e+08 7.00727e+09 5.04755e+10 2.97479e+07 1.79937e+07 3.3525e+07 1.52888e+07 18 183
605000 1.3858e+08 6.91531e+09 3.64175e+10 3.54159e+07 2.73447e+07 2.92095e+07 1.2328e+07 14 193
606000 1.25013e+08 6.90491e+09 3.30084e+10 2.96469e+07 2.19307e+07 2.46476e+07 1.20308e+07 14 207
607000 1.16682e+08 6.9277e+09 3.98078e+10 3.02199e+07 2.23564e+07 2.52147e+07 1.16281e+07 15 195
608000 1.13723e+08 6.95239e+09 3.16305e+10 3.27246e+07 2.00898e+07 2.37052e+07 1.09942e+07 10 203
609000 1.14121e+08 6.99406e+09 3.04898e+10 1.08162e+08 9.77355e+07 2.90009e+07 1.46728e+07 10 187
610000 1.22296e+08 6.9685e+09 3.83745e+10 8.16565e+07 3.85543e+07 2.89692e+07 1.46458e+07 12 172
611000 1.40932e+08 6.86482e+09 2.83176e+10 7.45878e+07 3.43466e+07 4.0463e+07 2.42287e+07 11 185
612000 1.51049e+08 6.69443e+09 3.3162e+10 3.011e+07 1.09471e+07 3.88756e+07 2.27858e+07 18 196
613000 1.34838e+08 6.6307e+09 2.62572e+10 2.47681e+07 1.27418e+07 2.737e+07 1.20145e+07 17 204
614000 1.26134e+08 6.60976e+09 1.70128e+10 2.11933e+07 9.40562e+06 2.53773e+07 1.24971e+07 16 212
615000 1.27369e+08 6.58886e+09 2.80697e+10 2.93674e+07 2.19713e+07 2.89904e+07 1.31958e+07 12 198
616000 1.28992e+08 6.54079e+09 2.63939e+10 3.97424e+07 3.26346e+07 2.58726e+07 1.13317e+07 10 206
617000 1.18987e+08 6.54478e+09 3.10288e+10 2.92418e+07 1.7347e+07 2.89174e+07 1.31013e+07 13 198
618000 1.1733e+08 6.56261e+09 2.98526e+10 3.74026e+07 3.11114e+07 2.53611e+07 1.20461e+07 11 194
619000 1.1404e+08 6.59393e+09 2.41611e+10 3.66903e+07 3.01866e+07 2.7178e+07 1.34688e+07 10 193
620000 1.08443e+08 6.64387e+09 2.54403e+10 5.44846e+07 5.02697e+07 2.97369e+07 1.39718e+07 7 202
621000 1.1004e+08 6.69971e+09 1.95189e+10 1.20121e+08 1.18869e+08 2.48306e+07 1.29899e+07 7 193
622000 1.13073e+08 6.7225e+09 2.1689e+10 7.74153e+07 7.6091e+07 2.79328e+07 1.53545e+07 7 196
623000 1.34889e+08 6.62817e+09 2.64073e+10 6.13472e+07 4.10695e+07 3.3662e+07 1.72917e+07 7 191
624000 1.23427e+08 6.62421e+09 1.564e+10 4.30181e+07 2.92436e+07 2.52249e+07 1.40464e+07 8 202
625000 1.19888e+08 6.64006e+09 1.51464e+10 3.53263e+07 2.4303e+07 3.15742e+07 1.95063e+07 8 187
626000 1.25926e+08 6.60089e+09 1.19581e+10 5.55851e+07 4.67294e+07 3.17256e+07 1.79689e+07 7 198
627000 1.27472e+08 6.54456e+09 1.9471e+10 2.98897e+07 2.17968e+07 3.46983e+07 1.75875e+07 8 200
628000 1.32032e+08 6.47963e+09 1.42251e+10 2.61915e+07 2.14914e+07 2.87446e+07 1.48937e+07 9 207
629000 1.29031e+08 6.42405e+09 2.11165e+10 2.65798e+07 1.87134e+07 2.5148e+07 1.13893e+07 9 225
630000 1.24826e+08 6.39899e+09 1.75562e+10 2.41214e+07 1.20607e+07 2.62439e+07 1.29076e+07 8 212
631000 1.20032e+08 6.40474e+09 1.68986e+10 3.77441e+07 2.97609e+07 2.52372e+07 1.32835e+07 6 217
632000 1.18969e+08 6.42281e+09 1.287e+10 3.01597e+07 1.50799e+07 2.50955e+07 1.40864e+07 6 215
633000 1.17413e+08 6.43347e+09 1.28701e+10 3.7307e+07 2.13897e+07 2.38871e+07 1.1911e+07 5 218
634000 1.16374e+08 6.44608e+09 1.75939e+10 3.45121e+07 1.98846e+07 2.77163e+07 1.42524e+07 5 206
635000 1.15377e+08 6.45502e+09 1.36197e+10 2.3588e+07 1.1773e+07 2.4562e+07 1.21206e+07 7 214
636000 1.13483e+08 6.48156e+09 1.33557e+10 2.05446e+07 9.32939e+06 2.62463e+07 1.4611e+07 7 205
637000 1.09874e+08 6.52592e+09 2.34826e+10 2.52693e+07 1.44434e+07 2.72902e+07 1.60723e+07 6 191
638000 1.07011e+08 6.57215e+09 2.62429e+10 2.08646e+07 8.78307e+06 2.46998e+07 1.31384e+07 5 196
639000 1.14846e+08 6.60311e+09 1.53207e+10 1.92609e+07 8.21118e+06 3.2734e+07 1.83253e+07 5 182
640000 1.13705e+08 6.60182e+09 1.85007e+10 2.50638e+07 1.87614e+07 2.63544e+07 1.35453e+07 4 201
641000 1.121e+08 6.61939e+09 1.64113e+10 2.51328e+07 1.93371e+07 2.43544e+07 1.23102e+07 4 209
642000 1.1573e+08 6.6335e+09 1.5878e+10 1.00963e+07 2.01926e+06 2.61552e+07 1.36266e+07 5 207
643000 1.18028e+08 6.63077e+09 2.28474e+10 2.21372e+07 7.37906e+06 3.88116e+07 2.47463e+07 3 204
644000 1.21956e+08 6.62435e+09 1.59507e+10 3.54468e+07 1.77234e+07 2.82021e+07 1.56308e+07 2 202
645000 1.21893e+08 6.60124e+09 3.12594e+10 3.21994e+07 1.60997e+07 3.04069e+07 1.7218e+07 2 194
646000 1.27515e+08 6.56206e+09 2.46349e+10 1.43898e+07 3.59744e+06 3.3014e+07 1.92574e+07 4 202
647000 1.29488e+08 6.51149e+09 1.26593e+10 3.35117e+07 1.67559e+07 2.74366e+07 1.39001e+07 2 220
648000 1.3003e+08 6.4735e+09 1.22682e+10 6.88581e+07 6.88581e+07 2.92956e+07 1.63875e+07 1 204
649000 1.28369e+08 6.42869e+09 7.49196e+09 2.99984e+07 1.49992e+07 2.83221e+07 1.54662e+07 2 210
650000 1.28061e+08 6.3882e+09 7.17436e+09 6.10855e+07 6.10855e+07 2.78745e+07 1.46018e+07 1 211
651000 1.28264e+08 6.34282e+09 8.0542e+09 2.64523e+07 1.32262e+07 2.85091e+07 1.47732e+07 2 215
652000 1.26994e+08 6.30794e+09 1.56773e+10 2.31604e+07 1.15802e+07 2.85336e+07 1.41725e+07 2 216
653000 1.21815e+08 6.29333e+09 1.40589e+10 2.07867e+07 1.03933e+07 2.3616e+07 1.15481e+07 2 228
654000 1.14685e+08 6.31629e+09 2.09133e+10 4.75869e+07 4.75869e+07 2.46955e+07 1.30802e+07 1 214
655000 1.10712e+08 6.3537e+09 2.27258e+10 2.22341e+07 1.1117e+07 2.46524e+07 1.27097e+07 2 204
656000 1.11109e+08 6.39143e+09 2.24534e+10 2.12173e+07 1.06087e+07 2.76203e+07 1.4387e+07 2 205
657000 1.13719e+08 6.40434e+09 1.44619e+10 5.12303e+07 5.12303e+07 2.49842e+07 1.2734e+07 1 210
658000 1.15022e+08 6.42248e+09 2.30525e+10 2.51886e+07 1.25943e+07 2.89849e+07 1.72719e+07 2 201
659000 1.1671e+08 6.42632e+09 1.33091e+10 2.49858e+07 1.24929e+07 2.57331e+07 1.29048e+07 2 209
660000 1.15249e+08 6.44207e+09 1.89906e+10 6.02567e+07 6.02567e+07 2.63228e+07 1.3681e+07 1 207
661000 1.15183e+08 6.46805e+09 1.87274e+10 2.97818e+07 1.48909e+07 2.77777e+07 1.53656e+07 2 194
662000 1.1286e+08 6.48841e+09 1.84305e+10 2.91789e+07 1.45894e+07 2.59879e+07 1.40517e+07 2 194
663000 1.12355e+08 6.5262e+09 1.69395e+10 2.83225e+07 1.41612e+07 2.96195e+07 1.86805e+07 2 190
664000 1.08253e+08 6.55489e+09 1.69289e+10 6.70004e+07 6.70004e+07 2.45597e+07 1.26421e+07 1 201
665000 1.08659e+08 6.59538e+09 2.491e+10 3.17933e+07 1.58966e+07 2.56443e+07 1.39887e+07 2 196
666000 1.14393e+08 6.61457e+09 1.83544e+10 6.84015e+07 6.84015e+07 2.66566e+07 1.44199e+07 1 198
666411 1.15641e+08 6.61945e+09 1.58036e+10 0 0 2.70584e+07 1.55534e+07 0 197
