2766 0 1e+6 0.05 0.1 1e-7 0.42 3e-10 2e-4 2e-3 0.3 0.4 0.5 7e+5 5e-13 0 1e-6 1e-6 0.05 0 69493.3 401 -5.1161e-05 -1000
2766 1 1e+6 0.05 0.1 1e-7 0.42 3e-10 2e-4 2e-3 0.3 0.4 0.5 7e+5 5e-13 0 1e-6 1e-6 0.05 0.985965 1e+06 570 2.77615e-06 2.77615e-06
2766 2 1e+6 0.05 0.1 1e-7 0.42 3e-10 2e-4 2e-3 0.3 0.4 0.5 7e+5 5e-13 0 1e-6 1e-6 0.05 0.977953 1e+06 635 2.87598e-06 2.87598e-06
2766 3 1e+6 0.05 0.1 1e-7 0.42 3e-10 2e-4 2e-3 0.3 0.4 0.5 7e+5 5e-13 0 1e-6 1e-6 0.05 0 56030.8 410 -6.34535e-05 -1000
2766 4 1e+6 0.05 0.1 1e-7 0.42 3e-10 2e-4 2e-3 0.3 0.4 0.5 7e+5 5e-13 0 1e-6 1e-6 0.05 0 56556.7 395 -6.28635e-05 -1000
2766 5 1e+6 0.05 0.1 1e-7 0.42 3e-10 2e-4 2e-3 0.3 0.4 0.5 7e+5 5e-13 0 1e-6 1e-6 0.05 0 52109.6 418 -6.82283e-05 -1000
2766 6 1e+6 0.05 0.1 1e-7 0.42 3e-10 2e-4 2e-3 0.3 0.4 0.5 7e+5 5e-13 0 1e-6 1e-6 0.05 1 866045 669 3.40679e-06 3.40679e-06
2766 7 1e+6 0.05 0.1 1e-7 0.42 3e-10 2e-4 2e-3 0.3 0.4 0.5 7e+5 5e-13 0 1e-6 1e-6 0.05 0 71038.9 352 -5.00479e-05 -1000
2766 8 1e+6 0.05 0.1 1e-7 0.42 3e-10 2e-4 2e-3 0.3 0.4 0.5 7e+5 5e-13 0 1e-6 1e-6 0.05 0 116506 672 -3.05164e-05 -1000
2766 9 1e+6 0.05 0.1 1e-7 0.42 3e-10 2e-4 2e-3 0.3 0.4 0.5 7e+5 5e-13 0 1e-6 1e-6 0.05 0 102653 381 -3.46345e-05 -1000
2766 10 1e+6 0.05 0.1 1e-7 0.42 3e-10 2e-4 2e-3 0.3 0.4 0.5 7e+5 5e-13 0 1e-6 1e-6 0.05 0 65801 377 -5.40318e-05 -1000
2766 11 1e+6 0.05 0.1 1e-7 0.42 3e-10 2e-4 2e-3 0.3 0.4 0.5 7e+5 5e-13 0 1e-6 1e-6 0.05 0 105210 456 -3.3793e-05 -1000
2766 12 1e+6 0.05 0.1 1e-7 0.42 3e-10 2e-4 2e-3 0.3 0.4 0.5 7e+5 5e-13 0 1e-6 1e-6 0.05 0.883549 1e+06 541 2.61426e-06 2.61426e-06
2766 13 1e+6 0.05 0.1 1e-7 0.42 3e-10 2e-4 2e-3 0.3 0.4 0.5 7e+5 5e-13 0 1e-6 1e-6 0.05 0 78665.6 406 -4.51957e-05 -1000
2766 14 1e+6 0.05 0.1 1e-7 0.42 3e-10 2e-4 2e-3 0.3 0.4 0.5 7e+5 5e-13 0 1e-6 1e-6 0.05 1 905024 605 3.14896e-06 3.14896e-06
2766 15 1e+6 0.05 0.1 1e-7 0.42 3e-10 2e-4 2e-3 0.3 0.4 0.5 7e+5 5e-13 0 1e-6 1e-6 0.05 0 69569.8 387 -5.11047e-05 -1000
2766 16 1e+6 0.05 0.1 1e-7 0.42 3e-10 2e-4 2e-3 0.3 0.4 0.5 7e+5 5e-13 0 1e-6 1e-6 0.05 0.977444 1e+06 665 2.92162e-06 2.92162e-06
2766 17 1e+6 0.05 0.1 1e-7 0.42 3e-10 2e-4 2e-3 0.3 0.4 0.5 7e+5 5e-13 0 1e-6 1e-6 0.05 0 76023.5 378 -4.67664e-05 -1000
2766 18 1e+6 0.05 0.1 1e-7 0.42 3e-10 2e-4 2e-3 0.3 0.4 0.5 7e+5 5e-13 0 1e-6 1e-6 0.05 0.971256 1e+06 661 2.90924e-06 2.90924e-06
2766 19 1e+6 0.05 0.1 1e-7 0.42 3e-10 2e-4 2e-3 0.3 0.4 0.5 7e+5 5e-13 0 1e-6 1e-6 0.05 0.98659 1e+06 522 2.68882e-06 2.68882e-06
2766 20 1e+6 0.1 0.05 1e-7 0.42 3e-10 2e-4 2e-3 0.3 0.4 0.5 7e+5 5e-13 0 1e-6 1e-6 0.05 0 33375.6 531 -0.000110526 -1000
2766 21 1e+6 0.1 0.05 1e-7 0.42 3e-10 2e-4 2e-3 0.3 0.4 0.5 7e+5 5e-13 0 1e-6 1e-6 0.05 0 31433.8 531 -0.000117354 -1000
2766 22 1e+6 0.1 0.05 1e-7 0.42 3e-10 2e-4 2e-3 0.3 0.4 0.5 7e+5 5e-13 0 1e-6 1e-6 0.05 0 28479.8 516 -0.000129526 -1000
2766 23 1e+6 0.1 0.05 1e-7 0.42 3e-10 2e-4 2e-3 0.3 0.4 0.5 7e+5 5e-13 0 1e-6 1e-6 0.05 0 33733.4 522 -0.000109354 -1000
2766 24 1e+6 0.1 0.05 1e-7 0.42 3e-10 2e-4 2e-3 0.3 0.4 0.5 7e+5 5e-13 0 1e-6 1e-6 0.05 0 40267.7 543 -9.16088e-05 -1000
2766 25 1e+6 0.1 0.05 1e-7 0.42 3e-10 2e-4 2e-3 0.3 0.4 0.5 7e+5 5e-13 0 1e-6 1e-6 0.05 0 31459.1 522 -0.000117259 -1000
2766 26 1e+6 0.1 0.05 1e-7 0.42 3e-10 2e-4 2e-3 0.3 0.4 0.5 7e+5 5e-13 0 1e-6 1e-6 0.05 0 24942.9 580 -0.000147893 -1000
2766 27 1e+6 0.1 0.05 1e-7 0.42 3e-10 2e-4 2e-3 0.3 0.4 0.5 7e+5 5e-13 0 1e-6 1e-6 0.05 0 43373.1 506 -8.50499e-05 -1000
2766 28 1e+6 0.1 0.05 1e-7 0.42 3e-10 2e-4 2e-3 0.3 0.4 0.5 7e+5 5e-13 0 1e-6 1e-6 0.05 0 32175 534 -0.000114651 -1000
2766 29 1e+6 0.1 0.05 1e-7 0.42 3e-10 2e-4 2e-3 0.3 0.4 0.5 7e+5 5e-13 0 1e-6 1e-6 0.05 0 21568.3 595 -0.000171032 -1000
2766 30 1e+6 0.1 0.05 1e-7 0.42 3e-10 2e-4 2e-3 0.3 0.4 0.5 7e+5 5e-13 0 1e-6 1e-6 0.05 0 33173.8 520 -0.000111199 -1000
2766 31 1e+6 0.1 0.05 1e-7 0.42 3e-10 2e-4 2e-3 0.3 0.4 0.5 7e+5 5e-13 0 1e-6 1e-6 0.05 0 36822.6 499 -0.00010018 -1000
2766 32 1e+6 0.1 0.05 1e-7 0.42 3e-10 2e-4 2e-3 0.3 0.4 0.5 7e+5 5e-13 0 1e-6 1e-6 0.05 0 23541.3 617 -0.000156698 -1000
2766 33 1e+6 0.1 0.05 1e-7 0.42 3e-10 2e-4 2e-3 0.3 0.4 0.5 7e+5 5e-13 0 1e-6 1e-6 0.05 0 31322.6 536 -0.000117771 -1000
2766 34 1e+6 0.1 0.05 1e-7 0.42 3e-10 2e-4 2e-3 0.3 0.4 0.5 7e+5 5e-13 0 1e-6 1e-6 0.05 0 22539.6 596 -0.000163663 -1000
2766 35 1e+6 0.1 0.05 1e-7 0.42 3e-10 2e-4 2e-3 0.3 0.4 0.5 7e+5 5e-13 0 1e-6 1e-6 0.05 0 93311.8 591 -3.95328e-05 -1000
2766 36 1e+6 0.1 0.05 1e-7 0.42 3e-10 2e-4 2e-3 0.3 0.4 0.5 7e+5 5e-13 0 1e-6 1e-6 0.05 0 29215.3 595 -0.000126265 -1000
2766 37 1e+6 0.1 0.05 1e-7 0.42 3e-10 2e-4 2e-3 0.3 0.4 0.5 7e+5 5e-13 0 1e-6 1e-6 0.05 0 21277.9 602 -0.000173367 -1000
2766 38 1e+6 0.1 0.05 1e-7 0.42 3e-10 2e-4 2e-3 0.3 0.4 0.5 7e+5 5e-13 0 1e-6 1e-6 0.05 0 42584.9 513 -8.66242e-05 -1000
2766 39 1e+6 0.1 0.05 1e-7 0.42 3e-10 2e-4 2e-3 0.3 0.4 0.5 7e+5 5e-13 0 1e-6 1e-6 0.05 0 21178.5 611 -0.00017418 -1000
2766 40 1e+6 0.1 0.15 1e-7 0.42 3e-10 2e-4 2e-3 0.3 0.4 0.5 7e+5 5e-13 0 1e-6 1e-6 0.05 0.516179 1e+06 649 2.12525e-06 2.12525e-06
2766 41 1e+6 0.1 0.15 1e-7 0.42 3e-10 2e-4 2e-3 0.3 0.4 0.5 7e+5 5e-13 0 1e-6 1e-6 0.05 0.501931 1e+06 518 1.8718e-06 1.8718e-06
2766 42 1e+6 0.1 0.15 1e-7 0.42 3e-10 2e-4 2e-3 0.3 0.4 0.5 7e+5 5e-13 0 1e-6 1e-6 0.05 0.632588 1e+06 626 2.29253e-06 2.29253e-06
2766 43 1e+6 0.1 0.15 1e-7 0.42 3e-10 2e-4 2e-3 0.3 0.4 0.5 7e+5 5e-13 0 1e-6 1e-6 0.05 0.536496 1e+06 548 1.9947e-06 1.9947e-06
2766 44 1e+6 0.1 0.15 1e-7 0.42 3e-10 2e-4 2e-3 0.3 0.4 0.5 7e+5 5e-13 0 1e-6 1e-6 0.05 0.653901 1e+06 705 2.44452e-06 2.44452e-06
2766 45 1e+6 0.1 0.15 1e-7 0.42 3e-10 2e-4 2e-3 0.3 0.4 0.5 7e+5 5e-13 0 1e-6 1e-6 0.05 0.442276 1e+06 615 1.91692e-06 1.91692e-06
2766 46 1e+6 0.1 0.15 1e-7 0.42 3e-10 2e-4 2e-3 0.3 0.4 0.5 7e+5 5e-13 0 1e-6 1e-6 0.05 0.0954128 1e+06 545 2.62364e-07 2.62364e-07
2766 47 1e+6 0.1 0.15 1e-7 0.42 3e-10 2e-4 2e-3 0.3 0.4 0.5 7e+5 5e-13 0 1e-6 1e-6 0.05 0.127303 1e+06 597 6.41854e-07 6.41854e-07
2766 48 1e+6 0.1 0.15 1e-7 0.42 3e-10 2e-4 2e-3 0.3 0.4 0.5 7e+5 5e-13 0 1e-6 1e-6 0.05 0.47651 1e+06 596 1.96009e-06 1.96009e-06
2766 49 1e+6 0.1 0.15 1e-7 0.42 3e-10 2e-4 2e-3 0.3 0.4 0.5 7e+5 5e-13 0 1e-6 1e-6 0.05 0.681138 1e+06 668 2.43142e-06 2.43142e-06
2766 50 1e+6 0.1 0.15 1e-7 0.42 3e-10 2e-4 2e-3 0.3 0.4 0.5 7e+5 5e-13 0 1e-6 1e-6 0.05 0.375187 1e+06 669 1.83657e-06 1.83657e-06
2766 51 1e+6 0.1 0.15 1e-7 0.42 3e-10 2e-4 2e-3 0.3 0.4 0.5 7e+5 5e-13 0 1e-6 1e-6 0.05 0.585739 1e+06 589 2.15466e-06 2.15466e-06
2766 52 1e+6 0.1 0.15 1e-7 0.42 3e-10 2e-4 2e-3 0.3 0.4 0.5 7e+5 5e-13 0 1e-6 1e-6 0.05 0.668155 1e+06 672 2.41814e-06 2.41814e-06
2766 53 1e+6 0.1 0.15 1e-7 0.42 3e-10 2e-4 2e-3 0.3 0.4 0.5 7e+5 5e-13 0 1e-6 1e-6 0.05 0.286331 1e+06 695 1.60443e-06 1.60443e-06
2766 54 1e+6 0.1 0.15 1e-7 0.42 3e-10 2e-4 2e-3 0.3 0.4 0.5 7e+5 5e-13 0 1e-6 1e-6 0.05 0 204957 608 -1.79983e-05 -1000
2766 55 1e+6 0.1 0.15 1e-7 0.42 3e-10 2e-4 2e-3 0.3 0.4 0.5 7e+5 5e-13 0 1e-6 1e-6 0.05 0.381601 1e+06 587 1.72277e-06 1.72277e-06
2766 56 1e+6 0.1 0.15 1e-7 0.42 3e-10 2e-4 2e-3 0.3 0.4 0.5 7e+5 5e-13 0 1e-6 1e-6 0.05 0.348703 1e+06 694 1.80006e-06 1.80006e-06
2766 57 1e+6 0.1 0.15 1e-7 0.42 3e-10 2e-4 2e-3 0.3 0.4 0.5 7e+5 5e-13 0 1e-6 1e-6 0.05 0.542623 1e+06 610 2.11324e-06 2.11324e-06
2766 58 1e+6 0.1 0.15 1e-7 0.42 3e-10 2e-4 2e-3 0.3 0.4 0.5 7e+5 5e-13 0 1e-6 1e-6 0.05 0.503571 1e+06 560 1.95303e-06 1.95303e-06
2766 59 1e+6 0.1 0.15 1e-7 0.42 3e-10 2e-4 2e-3 0.3 0.4 0.5 7e+5 5e-13 0 1e-6 1e-6 0.05 0.654631 1e+06 637 2.34421e-06 2.34421e-06
2766 60 1e+6 0.15 0.1 1e-7 0.42 3e-10 2e-4 2e-3 0.3 0.4 0.5 7e+5 5e-13 0 1e-6 1e-6 0.05 0 21969.8 566 -0.000167907 -1000
2766 61 1e+6 0.15 0.1 1e-7 0.42 3e-10 2e-4 2e-3 0.3 0.4 0.5 7e+5 5e-13 0 1e-6 1e-6 0.05 0 62835.7 645 -5.87068e-05 -1000
2766 62 1e+6 0.15 0.1 1e-7 0.42 3e-10 2e-4 2e-3 0.3 0.4 0.5 7e+5 5e-13 0 1e-6 1e-6 0.05 0 377263 636 -9.778e-06 -1000
2766 63 1e+6 0.15 0.1 1e-7 0.42 3e-10 2e-4 2e-3 0.3 0.4 0.5 7e+5 5e-13 0 1e-6 1e-6 0.05 0 50658 604 -7.28193e-05 -1000
2766 64 1e+6 0.15 0.1 1e-7 0.42 3e-10 2e-4 2e-3 0.3 0.4 0.5 7e+5 5e-13 0 1e-6 1e-6 0.05 0 95269.3 569 -3.87206e-05 -1000
2766 65 1e+6 0.15 0.1 1e-7 0.42 3e-10 2e-4 2e-3 0.3 0.4 0.5 7e+5 5e-13 0 1e-6 1e-6 0.05 0 319820 533 -1.15342e-05 -1000
2766 66 1e+6 0.15 0.1 1e-7 0.42 3e-10 2e-4 2e-3 0.3 0.4 0.5 7e+5 5e-13 0 1e-6 1e-6 0.05 0 35197 563 -0.000104807 -1000
2766 67 1e+6 0.15 0.1 1e-7 0.42 3e-10 2e-4 2e-3 0.3 0.4 0.5 7e+5 5e-13 0 1e-6 1e-6 0.05 0 279344 549 -1.32055e-05 -1000
2766 68 1e+6 0.15 0.1 1e-7 0.42 3e-10 2e-4 2e-3 0.3 0.4 0.5 7e+5 5e-13 0 1e-6 1e-6 0.05 0 38709.4 502 -9.52968e-05 -1000
2766 69 1e+6 0.15 0.1 1e-7 0.42 3e-10 2e-4 2e-3 0.3 0.4 0.5 7e+5 5e-13 0 1e-6 1e-6 0.05 0 46786.9 601 -7.88443e-05 -1000
2766 70 1e+6 0.15 0.1 1e-7 0.42 3e-10 2e-4 2e-3 0.3 0.4 0.5 7e+5 5e-13 0 1e-6 1e-6 0.05 0 76789.8 617 -4.80387e-05 -1000
2766 71 1e+6 0.15 0.1 1e-7 0.42 3e-10 2e-4 2e-3 0.3 0.4 0.5 7e+5 5e-13 0 1e-6 1e-6 0.05 0 90080.8 557 -4.09508e-05 -1000
2766 72 1e+6 0.15 0.1 1e-7 0.42 3e-10 2e-4 2e-3 0.3 0.4 0.5 7e+5 5e-13 0 1e-6 1e-6 0.05 0 699034 568 -5.27711e-06 -1000
2766 73 1e+6 0.15 0.1 1e-7 0.42 3e-10 2e-4 2e-3 0.3 0.4 0.5 7e+5 5e-13 0 1e-6 1e-6 0.05 0 51300.6 613 -7.19071e-05 -1000
2766 74 1e+6 0.15 0.1 1e-7 0.42 3e-10 2e-4 2e-3 0.3 0.4 0.5 7e+5 5e-13 0 1e-6 1e-6 0.05 0 79493.1 603 -4.6405e-05 -1000
2766 75 1e+6 0.15 0.1 1e-7 0.42 3e-10 2e-4 2e-3 0.3 0.4 0.5 7e+5 5e-13 0 1e-6 1e-6 0.05 0 40285.4 526 -9.15686e-05 -1000
2766 76 1e+6 0.15 0.1 1e-7 0.42 3e-10 2e-4 2e-3 0.3 0.4 0.5 7e+5 5e-13 0 1e-6 1e-6 0.05 0 77678 589 -4.74894e-05 -1000
2766 77 1e+6 0.15 0.1 1e-7 0.42 3e-10 2e-4 2e-3 0.3 0.4 0.5 7e+5 5e-13 0 1e-6 1e-6 0.05 0 371263 566 -9.93602e-06 -1000
2766 78 1e+6 0.15 0.1 1e-7 0.42 3e-10 2e-4 2e-3 0.3 0.4 0.5 7e+5 5e-13 0 1e-6 1e-6 0.05 0 71202 629 -5.18087e-05 -1000
2766 79 1e+6 0.15 0.1 1e-7 0.42 3e-10 2e-4 2e-3 0.3 0.4 0.5 7e+5 5e-13 0 1e-6 1e-6 0.05 0 96841.8 666 -3.80918e-05 -1000
2766 80 1e+6 0.15 0.2 1e-7 0.42 3e-10 2e-4 2e-3 0.3 0.4 0.5 7e+5 5e-13 0 1e-6 1e-6 0.05 0.28243 1e+06 609 1.45862e-06 1.45862e-06
2766 81 1e+6 0.15 0.2 1e-7 0.42 3e-10 2e-4 2e-3 0.3 0.4 0.5 7e+5 5e-13 0 1e-6 1e-6 0.05 0.324742 1e+06 582 1.55287e-06 1.55287e-06
2766 82 1e+6 0.15 0.2 1e-7 0.42 3e-10 2e-4 2e-3 0.3 0.4 0.5 7e+5 5e-13 0 1e-6 1e-6 0.05 0 356831 611 -1.03379e-05 -1000
2766 83 1e+6 0.15 0.2 1e-7 0.42 3e-10 2e-4 2e-3 0.3 0.4 0.5 7e+5 5e-13 0 1e-6 1e-6 0.05 0.0884354 1e+06 588 2.62364e-07 2.62364e-07
2766 84 1e+6 0.15 0.2 1e-7 0.42 3e-10 2e-4 2e-3 0.3 0.4 0.5 7e+5 5e-13 0 1e-6 1e-6 0.05 0.172684 1e+06 637 1.0116e-06 1.0116e-06
2766 85 1e+6 0.15 0.2 1e-7 0.42 3e-10 2e-4 2e-3 0.3 0.4 0.5 7e+5 5e-13 0 1e-6 1e-6 0.05 0.312069 1e+06 580 1.50962e-06 1.50962e-06
2766 86 1e+6 0.15 0.2 1e-7 0.42 3e-10 2e-4 2e-3 0.3 0.4 0.5 7e+5 5e-13 0 1e-6 1e-6 0.05 0.333333 1e+06 576 1.56862e-06 1.56862e-06
2766 87 1e+6 0.15 0.2 1e-7 0.42 3e-10 2e-4 2e-3 0.3 0.4 0.5 7e+5 5e-13 0 1e-6 1e-6 0.05 0.209472 1e+06 549 1.05605e-06 1.05605e-06
2766 88 1e+6 0.15 0.2 1e-7 0.42 3e-10 2e-4 2e-3 0.3 0.4 0.5 7e+5 5e-13 0 1e-6 1e-6 0.05 0.0233333 1e+06 600 -1.04982e-06 -1.04982e-06
2766 89 1e+6 0.15 0.2 1e-7 0.42 3e-10 2e-4 2e-3 0.3 0.4 0.5 7e+5 5e-13 0 1e-6 1e-6 0.05 0 531525 624 -6.94018e-06 -1000
2766 90 1e+6 0.15 0.2 1e-7 0.42 3e-10 2e-4 2e-3 0.3 0.4 0.5 7e+5 5e-13 0 1e-6 1e-6 0.05 0.311111 1e+06 585 1.51513e-06 1.51513e-06
2766 91 1e+6 0.15 0.2 1e-7 0.42 3e-10 2e-4 2e-3 0.3 0.4 0.5 7e+5 5e-13 0 1e-6 1e-6 0.05 0.154532 1e+06 673 9.55511e-07 9.55511e-07
2766 92 1e+6 0.15 0.2 1e-7 0.42 3e-10 2e-4 2e-3 0.3 0.4 0.5 7e+5 5e-13 0 1e-6 1e-6 0.05 0.0836013 1e+06 622 2.62364e-07 2.62364e-07
2766 93 1e+6 0.15 0.2 1e-7 0.42 3e-10 2e-4 2e-3 0.3 0.4 0.5 7e+5 5e-13 0 1e-6 1e-6 0.05 0.363167 1e+06 581 1.66298e-06 1.66298e-06
2766 94 1e+6 0.15 0.2 1e-7 0.42 3e-10 2e-4 2e-3 0.3 0.4 0.5 7e+5 5e-13 0 1e-6 1e-6 0.05 0.0711921 1e+06 604 7.23207e-08 7.23207e-08
2766 95 1e+6 0.15 0.2 1e-7 0.42 3e-10 2e-4 2e-3 0.3 0.4 0.5 7e+5 5e-13 0 1e-6 1e-6 0.05 0.264331 1e+06 628 1.42311e-06 1.42311e-06
2766 96 1e+6 0.15 0.2 1e-7 0.42 3e-10 2e-4 2e-3 0.3 0.4 0.5 7e+5 5e-13 0 1e-6 1e-6 0.05 0.235185 1e+06 540 1.15531e-06 1.15531e-06
2766 97 1e+6 0.15 0.2 1e-7 0.42 3e-10 2e-4 2e-3 0.3 0.4 0.5 7e+5 5e-13 0 1e-6 1e-6 0.05 0.174757 1e+06 618 9.93252e-07 9.93252e-07
2766 98 1e+6 0.15 0.2 1e-7 0.42 3e-10 2e-4 2e-3 0.3 0.4 0.5 7e+5 5e-13 0 1e-6 1e-6 0.05 0 462714 663 -7.97227e-06 -1000
2766 99 1e+6 0.15 0.2 1e-7 0.42 3e-10 2e-4 2e-3 0.3 0.4 0.5 7e+5 5e-13 0 1e-6 1e-6 0.05 0.140713 1e+06 533 6.28609e-07 6.28609e-07
2766 100 1e+6 0.2 0.15 1e-7 0.42 3e-10 2e-4 2e-3 0.3 0.4 0.5 7e+5 5e-13 0 1e-6 1e-6 0.05 0 419445 550 -8.79466e-06 -1000
2766 101 1e+6 0.2 0.15 1e-7 0.42 3e-10 2e-4 2e-3 0.3 0.4 0.5 7e+5 5e-13 0 1e-6 1e-6 0.05 0 202067 568 -1.82557e-05 -1000
2766 102 1e+6 0.2 0.15 1e-7 0.42 3e-10 2e-4 2e-3 0.3 0.4 0.5 7e+5 5e-13 0 1e-6 1e-6 0.05 0 540560 660 -6.82418e-06 -1000
2766 103 1e+6 0.2 0.15 1e-7 0.42 3e-10 2e-4 2e-3 0.3 0.4 0.5 7e+5 5e-13 0 1e-6 1e-6 0.05 0 143433 507 -2.57186e-05 -1000
2766 104 1e+6 0.2 0.15 1e-7 0.42 3e-10 2e-4 2e-3 0.3 0.4 0.5 7e+5 5e-13 0 1e-6 1e-6 0.05 0 175430 576 -2.10276e-05 -1000
2766 105 1e+6 0.2 0.15 1e-7 0.42 3e-10 2e-4 2e-3 0.3 0.4 0.5 7e+5 5e-13 0 1e-6 1e-6 0.05 0 163929 618 -2.25028e-05 -1000
2766 106 1e+6 0.2 0.15 1e-7 0.42 3e-10 2e-4 2e-3 0.3 0.4 0.5 7e+5 5e-13 0 1e-6 1e-6 0.05 0 44357.4 618 -8.31626e-05 -1000
2766 107 1e+6 0.2 0.15 1e-7 0.42 3e-10 2e-4 2e-3 0.3 0.4 0.5 7e+5 5e-13 0 1e-6 1e-6 0.05 0 714737 600 -5.16117e-06 -1000
2766 108 1e+6 0.2 0.15 1e-7 0.42 3e-10 2e-4 2e-3 0.3 0.4 0.5 7e+5 5e-13 0 1e-6 1e-6 0.05 0 317804 562 -1.16074e-05 -1000
2766 109 1e+6 0.2 0.15 1e-7 0.42 3e-10 2e-4 2e-3 0.3 0.4 0.5 7e+5 5e-13 0 1e-6 1e-6 0.05 0 74224.7 541 -4.96988e-05 -1000
2766 110 1e+6 0.2 0.15 1e-7 0.42 3e-10 2e-4 2e-3 0.3 0.4 0.5 7e+5 5e-13 0 1e-6 1e-6 0.05 0 220105 631 -1.67596e-05 -1000
2766 111 1e+6 0.2 0.15 1e-7 0.42 3e-10 2e-4 2e-3 0.3 0.4 0.5 7e+5 5e-13 0 1e-6 1e-6 0.05 0 542093 548 -6.80488e-06 -1000
2766 112 1e+6 0.2 0.15 1e-7 0.42 3e-10 2e-4 2e-3 0.3 0.4 0.5 7e+5 5e-13 0 1e-6 1e-6 0.05 0 50497.7 583 -7.30504e-05 -1000
2766 113 1e+6 0.2 0.15 1e-7 0.42 3e-10 2e-4 2e-3 0.3 0.4 0.5 7e+5 5e-13 0 1e-6 1e-6 0.05 0 389734 589 -9.46513e-06 -1000
2766 114 1e+6 0.2 0.15 1e-7 0.42 3e-10 2e-4 2e-3 0.3 0.4 0.5 7e+5 5e-13 0 1e-6 1e-6 0.05 0.00970874 1e+06 618 -1.89712e-06 -1.89712e-06
2766 115 1e+6 0.2 0.15 1e-7 0.42 3e-10 2e-4 2e-3 0.3 0.4 0.5 7e+5 5e-13 0 1e-6 1e-6 0.05 0 625441 543 -5.89805e-06 -1000
2766 116 1e+6 0.2 0.15 1e-7 0.42 3e-10 2e-4 2e-3 0.3 0.4 0.5 7e+5 5e-13 0 1e-6 1e-6 0.05 0 937123 584 -3.93639e-06 -1000
2766 117 1e+6 0.2 0.15 1e-7 0.42 3e-10 2e-4 2e-3 0.3 0.4 0.5 7e+5 5e-13 0 1e-6 1e-6 0.05 0 127570 584 -2.89165e-05 -1000
2766 118 1e+6 0.2 0.15 1e-7 0.42 3e-10 2e-4 2e-3 0.3 0.4 0.5 7e+5 5e-13 0 1e-6 1e-6 0.05 0 212815 573 -1.73337e-05 -1000
2766 119 1e+6 0.2 0.15 1e-7 0.42 3e-10 2e-4 2e-3 0.3 0.4 0.5 7e+5 5e-13 0 1e-6 1e-6 0.05 0 942278 574 -3.91485e-06 -1000
2766 120 1e+6 0.2 0.25 1e-7 0.42 3e-10 2e-4 2e-3 0.3 0.4 0.5 7e+5 5e-13 0 1e-6 1e-6 0.05 0.0608229 1e+06 559 -1.62519e-07 -1.62519e-07
2766 121 1e+6 0.2 0.25 1e-7 0.42 3e-10 2e-4 2e-3 0.3 0.4 0.5 7e+5 5e-13 0 1e-6 1e-6 0.05 0 603538 556 -6.11209e-06 -1000
2766 122 1e+6 0.2 0.25 1e-7 0.42 3e-10 2e-4 2e-3 0.3 0.4 0.5 7e+5 5e-13 0 1e-6 1e-6 0.05 0 906069 581 -4.0713e-06 -1000
2766 123 1e+6 0.2 0.25 1e-7 0.42 3e-10 2e-4 2e-3 0.3 0.4 0.5 7e+5 5e-13 0 1e-6 1e-6 0.05 0.151515 1e+06 627 8.64997e-07 8.64997e-07
2766 124 1e+6 0.2 0.25 1e-7 0.42 3e-10 2e-4 2e-3 0.3 0.4 0.5 7e+5 5e-13 0 1e-6 1e-6 0.05 0.247019 1e+06 587 1.28785e-06 1.28785e-06
2766 125 1e+6 0.2 0.25 1e-7 0.42 3e-10 2e-4 2e-3 0.3 0.4 0.5 7e+5 5e-13 0 1e-6 1e-6 0.05 0 249170 606 -1.48047e-05 -1000
2766 126 1e+6 0.2 0.25 1e-7 0.42 3e-10 2e-4 2e-3 0.3 0.4 0.5 7e+5 5e-13 0 1e-6 1e-6 0.05 0 487262 575 -7.57063e-06 -1000
2766 127 1e+6 0.2 0.25 1e-7 0.42 3e-10 2e-4 2e-3 0.3 0.4 0.5 7e+5 5e-13 0 1e-6 1e-6 0.05 0 412081 546 -8.95182e-06 -1000
2766 128 1e+6 0.2 0.25 1e-7 0.42 3e-10 2e-4 2e-3 0.3 0.4 0.5 7e+5 5e-13 0 1e-6 1e-6 0.05 0.0910683 1e+06 571 2.62364e-07 2.62364e-07
2766 129 1e+6 0.2 0.25 1e-7 0.42 3e-10 2e-4 2e-3 0.3 0.4 0.5 7e+5 5e-13 0 1e-6 1e-6 0.05 0.153344 1e+06 613 8.54415e-07 8.54415e-07
2766 130 1e+6 0.2 0.25 1e-7 0.42 3e-10 2e-4 2e-3 0.3 0.4 0.5 7e+5 5e-13 0 1e-6 1e-6 0.05 0.307273 1e+06 550 1.44102e-06 1.44102e-06
2766 131 1e+6 0.2 0.25 1e-7 0.42 3e-10 2e-4 2e-3 0.3 0.4 0.5 7e+5 5e-13 0 1e-6 1e-6 0.05 0 352350 557 -1.04694e-05 -1000
2766 132 1e+6 0.2 0.25 1e-7 0.42 3e-10 2e-4 2e-3 0.3 0.4 0.5 7e+5 5e-13 0 1e-6 1e-6 0.05 0.0580762 1e+06 551 -2.23144e-07 -2.23144e-07
2766 133 1e+6 0.2 0.25 1e-7 0.42 3e-10 2e-4 2e-3 0.3 0.4 0.5 7e+5 5e-13 0 1e-6 1e-6 0.05 0.19258 1e+06 566 1.00247e-06 1.00247e-06
2766 134 1e+6 0.2 0.25 1e-7 0.42 3e-10 2e-4 2e-3 0.3 0.4 0.5 7e+5 5e-13 0 1e-6 1e-6 0.05 0.118299 1e+06 541 4.70004e-07 4.70004e-07
2766 135 1e+6 0.2 0.25 1e-7 0.42 3e-10 2e-4 2e-3 0.3 0.4 0.5 7e+5 5e-13 0 1e-6 1e-6 0.05 0 655747 614 -5.62546e-06 -1000
2766 136 1e+6 0.2 0.25 1e-7 0.42 3e-10 2e-4 2e-3 0.3 0.4 0.5 7e+5 5e-13 0 1e-6 1e-6 0.05 0.0692432 1e+06 621 7.23207e-08 7.23207e-08
2766 137 1e+6 0.2 0.25 1e-7 0.42 3e-10 2e-4 2e-3 0.3 0.4 0.5 7e+5 5e-13 0 1e-6 1e-6 0.05 0.223368 1e+06 582 1.17865e-06 1.17865e-06
2766 138 1e+6 0.2 0.25 1e-7 0.42 3e-10 2e-4 2e-3 0.3 0.4 0.5 7e+5 5e-13 0 1e-6 1e-6 0.05 0 701930 603 -5.25534e-06 -1000
2766 139 1e+6 0.2 0.25 1e-7 0.42 3e-10 2e-4 2e-3 0.3 0.4 0.5 7e+5 5e-13 0 1e-6 1e-6 0.05 0.162832 1e+06 565 8.32909e-07 8.32909e-07
2766 140 1e+6 0.25 0.2 1e-7 0.42 3e-10 2e-4 2e-3 0.3 0.4 0.5 7e+5 5e-13 0 1e-6 1e-6 0.05 0 894223 546 -3.97591e-06 -1000
2766 141 1e+6 0.25 0.2 1e-7 0.42 3e-10 2e-4 2e-3 0.3 0.4 0.5 7e+5 5e-13 0 1e-6 1e-6 0.05 0 446346 555 -7.96545e-06 -1000
2766 142 1e+6 0.25 0.2 1e-7 0.42 3e-10 2e-4 2e-3 0.3 0.4 0.5 7e+5 5e-13 0 1e-6 1e-6 0.05 0 122576 521 -2.90053e-05 -1000
2766 143 1e+6 0.25 0.2 1e-7 0.42 3e-10 2e-4 2e-3 0.3 0.4 0.5 7e+5 5e-13 0 1e-6 1e-6 0.05 0 406021 555 -8.75657e-06 -1000
2766 144 1e+6 0.25 0.2 1e-7 0.42 3e-10 2e-4 2e-3 0.3 0.4 0.5 7e+5 5e-13 0 1e-6 1e-6 0.05 0 521627 549 -6.81588e-06 -1000
2766 145 1e+6 0.25 0.2 1e-7 0.42 3e-10 2e-4 2e-3 0.3 0.4 0.5 7e+5 5e-13 0 1e-6 1e-6 0.05 0 721566 534 -4.92727e-06 -1000
2766 146 1e+6 0.25 0.2 1e-7 0.42 3e-10 2e-4 2e-3 0.3 0.4 0.5 7e+5 5e-13 0 1e-6 1e-6 0.05 0 642455 554 -5.534e-06 -1000
2766 147 1e+6 0.25 0.2 1e-7 0.42 3e-10 2e-4 2e-3 0.3 0.4 0.5 7e+5 5e-13 0 1e-6 1e-6 0.05 0 662745 590 -5.36458e-06 -1000
2766 148 1e+6 0.25 0.2 1e-7 0.42 3e-10 2e-4 2e-3 0.3 0.4 0.5 7e+5 5e-13 0 1e-6 1e-6 0.05 0.0126354 1e+06 554 -1.60944e-06 -1.60944e-06
2766 149 1e+6 0.25 0.2 1e-7 0.42 3e-10 2e-4 2e-3 0.3 0.4 0.5 7e+5 5e-13 0 1e-6 1e-6 0.05 0 943438 620 -3.7685e-06 -1000
2766 150 1e+6 0.25 0.2 1e-7 0.42 3e-10 2e-4 2e-3 0.3 0.4 0.5 7e+5 5e-13 0 1e-6 1e-6 0.05 0 542971 588 -6.54795e-06 -1000
2766 151 1e+6 0.25 0.2 1e-7 0.42 3e-10 2e-4 2e-3 0.3 0.4 0.5 7e+5 5e-13 0 1e-6 1e-6 0.05 0 816273 531 -4.35559e-06 -1000
2766 152 1e+6 0.25 0.2 1e-7 0.42 3e-10 2e-4 2e-3 0.3 0.4 0.5 7e+5 5e-13 0 1e-6 1e-6 0.05 0.00718133 1e+06 557 -2.16905e-06 -2.16905e-06
2766 153 1e+6 0.25 0.2 1e-7 0.42 3e-10 2e-4 2e-3 0.3 0.4 0.5 7e+5 5e-13 0 1e-6 1e-6 0.05 0 377181 562 -9.42611e-06 -1000
2766 154 1e+6 0.25 0.2 1e-7 0.42 3e-10 2e-4 2e-3 0.3 0.4 0.5 7e+5 5e-13 0 1e-6 1e-6 0.05 0 557032 542 -6.38266e-06 -1000
2766 155 1e+6 0.25 0.2 1e-7 0.42 3e-10 2e-4 2e-3 0.3 0.4 0.5 7e+5 5e-13 0 1e-6 1e-6 0.05 0 625367 581 -5.68522e-06 -1000
2766 156 1e+6 0.25 0.2 1e-7 0.42 3e-10 2e-4 2e-3 0.3 0.4 0.5 7e+5 5e-13 0 1e-6 1e-6 0.05 0.0124555 1e+06 562 -1.60944e-06 -1.60944e-06
2766 157 1e+6 0.25 0.2 1e-7 0.42 3e-10 2e-4 2e-3 0.3 0.4 0.5 7e+5 5e-13 0 1e-6 1e-6 0.05 0 367335 520 -9.67878e-06 -1000
2766 158 1e+6 0.25 0.2 1e-7 0.42 3e-10 2e-4 2e-3 0.3 0.4 0.5 7e+5 5e-13 0 1e-6 1e-6 0.05 0 360120 581 -9.87267e-06 -1000
2766 159 1e+6 0.25 0.2 1e-7 0.42 3e-10 2e-4 2e-3 0.3 0.4 0.5 7e+5 5e-13 0 1e-6 1e-6 0.05 0 440915 554 -8.06357e-06 -1000
2766 160 1e+6 0.05 0.1 5e-7 0.42 3e-10 2e-4 2e-3 0.3 0.4 0.5 7e+5 5e-13 0 1e-6 1e-6 0.05 0 69331.8 313 -5.12802e-05 -1000
2766 161 1e+6 0.05 0.1 5e-7 0.42 3e-10 2e-4 2e-3 0.3 0.4 0.5 7e+5 5e-13 0 1e-6 1e-6 0.05 0 161025 524 -2.20794e-05 -1000
2766 162 1e+6 0.05 0.1 5e-7 0.42 3e-10 2e-4 2e-3 0.3 0.4 0.5 7e+5 5e-13 0 1e-6 1e-6 0.05 0 187163 439 -1.8996e-05 -1000
2766 163 1e+6 0.05 0.1 5e-7 0.42 3e-10 2e-4 2e-3 0.3 0.4 0.5 7e+5 5e-13 0 1e-6 1e-6 0.05 1 837462 387 2.86947e-06 2.86947e-06
2766 164 1e+6 0.05 0.1 5e-7 0.42 3e-10 2e-4 2e-3 0.3 0.4 0.5 7e+5 5e-13 0 1e-6 1e-6 0.05 0 224403 570 -1.58436e-05 -1000
2766 165 1e+6 0.05 0.1 5e-7 0.42 3e-10 2e-4 2e-3 0.3 0.4 0.5 7e+5 5e-13 0 1e-6 1e-6 0.05 0 77953.1 335 -4.56088e-05 -1000
2766 166 1e+6 0.05 0.1 5e-7 0.42 3e-10 2e-4 2e-3 0.3 0.4 0.5 7e+5 5e-13 0 1e-6 1e-6 0.05 0.989704 1e+06 777 3.08974e-06 3.08974e-06
2766 167 1e+6 0.05 0.1 5e-7 0.42 3e-10 2e-4 2e-3 0.3 0.4 0.5 7e+5 5e-13 0 1e-6 1e-6 0.05 1 944980 712 3.18814e-06 3.18814e-06
2766 168 1e+6 0.05 0.1 5e-7 0.42 3e-10 2e-4 2e-3 0.3 0.4 0.5 7e+5 5e-13 0 1e-6 1e-6 0.05 1 893838 486 2.94333e-06 2.94333e-06
2766 169 1e+6 0.05 0.1 5e-7 0.42 3e-10 2e-4 2e-3 0.3 0.4 0.5 7e+5 5e-13 0 1e-6 1e-6 0.05 1 924948 662 3.17847e-06 3.17847e-06
2766 170 1e+6 0.05 0.1 5e-7 0.42 3e-10 2e-4 2e-3 0.3 0.4 0.5 7e+5 5e-13 0 1e-6 1e-6 0.05 0 75342.7 359 -4.7189e-05 -1000
2766 171 1e+6 0.05 0.1 5e-7 0.42 3e-10 2e-4 2e-3 0.3 0.4 0.5 7e+5 5e-13 0 1e-6 1e-6 0.05 0 97953.1 450 -3.62964e-05 -1000
2766 172 1e+6 0.05 0.1 5e-7 0.42 3e-10 2e-4 2e-3 0.3 0.4 0.5 7e+5 5e-13 0 1e-6 1e-6 0.05 0 45748 359 -7.77159e-05 -1000
2766 173 1e+6 0.05 0.1 5e-7 0.42 3e-10 2e-4 2e-3 0.3 0.4 0.5 7e+5 5e-13 0 1e-6 1e-6 0.05 0 132557 592 -2.68213e-05 -1000
2766 174 1e+6 0.05 0.1 5e-7 0.42 3e-10 2e-4 2e-3 0.3 0.4 0.5 7e+5 5e-13 0 1e-6 1e-6 0.05 0.962376 1e+06 505 2.63086e-06 2.63086e-06
2766 175 1e+6 0.05 0.1 5e-7 0.42 3e-10 2e-4 2e-3 0.3 0.4 0.5 7e+5 5e-13 0 1e-6 1e-6 0.05 1 675366 574 4.14188e-06 4.14188e-06
2766 176 1e+6 0.05 0.1 5e-7 0.42 3e-10 2e-4 2e-3 0.3 0.4 0.5 7e+5 5e-13 0 1e-6 1e-6 0.05 0.994074 1e+06 675 2.95342e-06 2.95342e-06
2766 177 1e+6 0.05 0.1 5e-7 0.42 3e-10 2e-4 2e-3 0.3 0.4 0.5 7e+5 5e-13 0 1e-6 1e-6 0.05 1 925891 393 2.61204e-06 2.61204e-06
2766 178 1e+6 0.05 0.1 5e-7 0.42 3e-10 2e-4 2e-3 0.3 0.4 0.5 7e+5 5e-13 0 1e-6 1e-6 0.05 0 145666 534 -2.44075e-05 -1000
2766 179 1e+6 0.05 0.1 5e-7 0.42 3e-10 2e-4 2e-3 0.3 0.4 0.5 7e+5 5e-13 0 1e-6 1e-6 0.05 0.99654 1e+06 578 2.80076e-06 2.80076e-06
2766 180 1e+6 0.1 0.05 5e-7 0.42 3e-10 2e-4 2e-3 0.3 0.4 0.5 7e+5 5e-13 0 1e-6 1e-6 0.05 0 31288.5 476 -0.000117899 -1000
2766 181 1e+6 0.1 0.05 5e-7 0.42 3e-10 2e-4 2e-3 0.3 0.4 0.5 7e+5 5e-13 0 1e-6 1e-6 0.05 0 93926.2 837 -3.92742e-05 -1000
2766 182 1e+6 0.1 0.05 5e-7 0.42 3e-10 2e-4 2e-3 0.3 0.4 0.5 7e+5 5e-13 0 1e-6 1e-6 0.05 0 53380.1 510 -6.91059e-05 -1000
2766 183 1e+6 0.1 0.05 5e-7 0.42 3e-10 2e-4 2e-3 0.3 0.4 0.5 7e+5 5e-13 0 1e-6 1e-6 0.05 0 43402.2 375 -8.4993e-05 -1000
2766 184 1e+6 0.1 0.05 5e-7 0.42 3e-10 2e-4 2e-3 0.3 0.4 0.5 7e+5 5e-13 0 1e-6 1e-6 0.05 0 100453 624 -3.67226e-05 -1000
2766 185 1e+6 0.1 0.05 5e-7 0.42 3e-10 2e-4 2e-3 0.3 0.4 0.5 7e+5 5e-13 0 1e-6 1e-6 0.05 0 108476 576 -3.40064e-05 -1000
2766 186 1e+6 0.1 0.05 5e-7 0.42 3e-10 2e-4 2e-3 0.3 0.4 0.5 7e+5 5e-13 0 1e-6 1e-6 0.05 0 80961.1 660 -4.55636e-05 -1000
2766 187 1e+6 0.1 0.05 5e-7 0.42 3e-10 2e-4 2e-3 0.3 0.4 0.5 7e+5 5e-13 0 1e-6 1e-6 0.05 0 104962 668 -3.51449e-05 -1000
2766 188 1e+6 0.1 0.05 5e-7 0.42 3e-10 2e-4 2e-3 0.3 0.4 0.5 7e+5 5e-13 0 1e-6 1e-6 0.05 0 44322.7 404 -8.32277e-05 -1000
2766 189 1e+6 0.1 0.05 5e-7 0.42 3e-10 2e-4 2e-3 0.3 0.4 0.5 7e+5 5e-13 0 1e-6 1e-6 0.05 0 82212 736 -4.48704e-05 -1000
2766 190 1e+6 0.1 0.05 5e-7 0.42 3e-10 2e-4 2e-3 0.3 0.4 0.5 7e+5 5e-13 0 1e-6 1e-6 0.05 0 46716.7 442 -7.89627e-05 -1000
2766 191 1e+6 0.1 0.05 5e-7 0.42 3e-10 2e-4 2e-3 0.3 0.4 0.5 7e+5 5e-13 0 1e-6 1e-6 0.05 0 72279.8 614 -5.10361e-05 -1000
2766 192 1e+6 0.1 0.05 5e-7 0.42 3e-10 2e-4 2e-3 0.3 0.4 0.5 7e+5 5e-13 0 1e-6 1e-6 0.05 0 46160 431 -7.99151e-05 -1000
2766 193 1e+6 0.1 0.05 5e-7 0.42 3e-10 2e-4 2e-3 0.3 0.4 0.5 7e+5 5e-13 0 1e-6 1e-6 0.05 0 70648.2 644 -5.22147e-05 -1000
2766 194 1e+6 0.1 0.05 5e-7 0.42 3e-10 2e-4 2e-3 0.3 0.4 0.5 7e+5 5e-13 0 1e-6 1e-6 0.05 0 58207.5 503 -6.33747e-05 -1000
2766 195 1e+6 0.1 0.05 5e-7 0.42 3e-10 2e-4 2e-3 0.3 0.4 0.5 7e+5 5e-13 0 1e-6 1e-6 0.05 0 32775 468 -0.000112552 -1000
2766 196 1e+6 0.1 0.05 5e-7 0.42 3e-10 2e-4 2e-3 0.3 0.4 0.5 7e+5 5e-13 0 1e-6 1e-6 0.05 0 26211.4 492 -0.000140736 -1000
2766 197 1e+6 0.1 0.05 5e-7 0.42 3e-10 2e-4 2e-3 0.3 0.4 0.5 7e+5 5e-13 0 1e-6 1e-6 0.05 0 82224.2 741 -4.48637e-05 -1000
2766 198 1e+6 0.1 0.05 5e-7 0.42 3e-10 2e-4 2e-3 0.3 0.4 0.5 7e+5 5e-13 0 1e-6 1e-6 0.05 0 128414 532 -2.87264e-05 -1000
2766 199 1e+6 0.1 0.05 5e-7 0.42 3e-10 2e-4 2e-3 0.3 0.4 0.5 7e+5 5e-13 0 1e-6 1e-6 0.05 0 67378.3 526 -5.47488e-05 -1000
2766 200 1e+6 0.1 0.15 5e-7 0.42 3e-10 2e-4 2e-3 0.3 0.4 0.5 7e+5 5e-13 0 1e-6 1e-6 0.05 0 328421 505 -1.12322e-05 -1000
2766 201 1e+6 0.1 0.15 5e-7 0.42 3e-10 2e-4 2e-3 0.3 0.4 0.5 7e+5 5e-13 0 1e-6 1e-6 0.05 0 882301 548 -4.18098e-06 -1000
2766 202 1e+6 0.1 0.15 5e-7 0.42 3e-10 2e-4 2e-3 0.3 0.4 0.5 7e+5 5e-13 0 1e-6 1e-6 0.05 0 854836 436 -4.3153e-06 -1000
2766 203 1e+6 0.1 0.15 5e-7 0.42 3e-10 2e-4 2e-3 0.3 0.4 0.5 7e+5 5e-13 0 1e-6 1e-6 0.05 0.378834 1e+06 652 1.82051e-06 1.82051e-06
2766 204 1e+6 0.1 0.15 5e-7 0.42 3e-10 2e-4 2e-3 0.3 0.4 0.5 7e+5 5e-13 0 1e-6 1e-6 0.05 0.358491 1e+06 742 1.89462e-06 1.89462e-06
2766 205 1e+6 0.1 0.15 5e-7 0.42 3e-10 2e-4 2e-3 0.3 0.4 0.5 7e+5 5e-13 0 1e-6 1e-6 0.05 0 356565 660 -1.03456e-05 -1000
2766 206 1e+6 0.1 0.15 5e-7 0.42 3e-10 2e-4 2e-3 0.3 0.4 0.5 7e+5 5e-13 0 1e-6 1e-6 0.05 0 75283.3 617 -4.9e-05 -1000
2766 207 1e+6 0.1 0.15 5e-7 0.42 3e-10 2e-4 2e-3 0.3 0.4 0.5 7e+5 5e-13 0 1e-6 1e-6 0.05 0.203065 1e+06 522 9.7456e-07 9.7456e-07
2766 208 1e+6 0.1 0.15 5e-7 0.42 3e-10 2e-4 2e-3 0.3 0.4 0.5 7e+5 5e-13 0 1e-6 1e-6 0.05 0 334949 486 -1.10133e-05 -1000
2766 209 1e+6 0.1 0.15 5e-7 0.42 3e-10 2e-4 2e-3 0.3 0.4 0.5 7e+5 5e-13 0 1e-6 1e-6 0.05 0 793174 684 -4.65078e-06 -1000
2766 210 1e+6 0.1 0.15 5e-7 0.42 3e-10 2e-4 2e-3 0.3 0.4 0.5 7e+5 5e-13 0 1e-6 1e-6 0.05 0 87392.7 685 -4.22104e-05 -1000
2766 211 1e+6 0.1 0.15 5e-7 0.42 3e-10 2e-4 2e-3 0.3 0.4 0.5 7e+5 5e-13 0 1e-6 1e-6 0.05 0.302412 1e+06 539 1.40487e-06 1.40487e-06
2766 212 1e+6 0.1 0.15 5e-7 0.42 3e-10 2e-4 2e-3 0.3 0.4 0.5 7e+5 5e-13 0 1e-6 1e-6 0.05 0 153862 543 -2.39753e-05 -1000
2766 213 1e+6 0.1 0.15 5e-7 0.42 3e-10 2e-4 2e-3 0.3 0.4 0.5 7e+5 5e-13 0 1e-6 1e-6 0.05 0 108693 589 -3.39385e-05 -1000
2766 214 1e+6 0.1 0.15 5e-7 0.42 3e-10 2e-4 2e-3 0.3 0.4 0.5 7e+5 5e-13 0 1e-6 1e-6 0.05 0.222621 1e+06 557 1.1314e-06 1.1314e-06
2766 215 1e+6 0.1 0.15 5e-7 0.42 3e-10 2e-4 2e-3 0.3 0.4 0.5 7e+5 5e-13 0 1e-6 1e-6 0.05 0.324675 1e+06 693 1.72722e-06 1.72722e-06
2766 216 1e+6 0.1 0.15 5e-7 0.42 3e-10 2e-4 2e-3 0.3 0.4 0.5 7e+5 5e-13 0 1e-6 1e-6 0.05 0.118952 1e+06 496 3.88658e-07 3.88658e-07
2766 217 1e+6 0.1 0.15 5e-7 0.42 3e-10 2e-4 2e-3 0.3 0.4 0.5 7e+5 5e-13 0 1e-6 1e-6 0.05 0.0594228 1e+06 589 -1.33531e-07 -1.33531e-07
2766 218 1e+6 0.1 0.15 5e-7 0.42 3e-10 2e-4 2e-3 0.3 0.4 0.5 7e+5 5e-13 0 1e-6 1e-6 0.05 0.629032 1e+06 558 2.17191e-06 2.17191e-06
2766 219 1e+6 0.1 0.15 5e-7 0.42 3e-10 2e-4 2e-3 0.3 0.4 0.5 7e+5 5e-13 0 1e-6 1e-6 0.05 0.54955 1e+06 444 1.80829e-06 1.80829e-06
2766 220 1e+6 0.15 0.1 5e-7 0.42 3e-10 2e-4 2e-3 0.3 0.4 0.5 7e+5 5e-13 0 1e-6 1e-6 0.05 0 111016 513 -3.32284e-05 -1000
2766 221 1e+6 0.15 0.1 5e-7 0.42 3e-10 2e-4 2e-3 0.3 0.4 0.5 7e+5 5e-13 0 1e-6 1e-6 0.05 0 274362 676 -1.34453e-05 -1000
2766 222 1e+6 0.15 0.1 5e-7 0.42 3e-10 2e-4 2e-3 0.3 0.4 0.5 7e+5 5e-13 0 1e-6 1e-6 0.05 0 102370 529 -3.60349e-05 -1000
2766 223 1e+6 0.15 0.1 5e-7 0.42 3e-10 2e-4 2e-3 0.3 0.4 0.5 7e+5 5e-13 0 1e-6 1e-6 0.05 0 268132 611 -1.37577e-05 -1000
2766 224 1e+6 0.15 0.1 5e-7 0.42 3e-10 2e-4 2e-3 0.3 0.4 0.5 7e+5 5e-13 0 1e-6 1e-6 0.05 0 254851 685 -1.44747e-05 -1000
2766 225 1e+6 0.15 0.1 5e-7 0.42 3e-10 2e-4 2e-3 0.3 0.4 0.5 7e+5 5e-13 0 1e-6 1e-6 0.05 0 952265 550 -3.8738e-06 -1000
2766 226 1e+6 0.15 0.1 5e-7 0.42 3e-10 2e-4 2e-3 0.3 0.4 0.5 7e+5 5e-13 0 1e-6 1e-6 0.05 0 276681 578 -1.33326e-05 -1000
2766 227 1e+6 0.15 0.1 5e-7 0.42 3e-10 2e-4 2e-3 0.3 0.4 0.5 7e+5 5e-13 0 1e-6 1e-6 0.05 0 118982 662 -3.10036e-05 -1000
2766 228 1e+6 0.15 0.1 5e-7 0.42 3e-10 2e-4 2e-3 0.3 0.4 0.5 7e+5 5e-13 0 1e-6 1e-6 0.05 0 109845 586 -3.35826e-05 -1000
2766 229 1e+6 0.15 0.1 5e-7 0.42 3e-10 2e-4 2e-3 0.3 0.4 0.5 7e+5 5e-13 0 1e-6 1e-6 0.05 0 129885 572 -2.84012e-05 -1000
2766 230 1e+6 0.15 0.1 5e-7 0.42 3e-10 2e-4 2e-3 0.3 0.4 0.5 7e+5 5e-13 0 1e-6 1e-6 0.05 0 212898 628 -1.7327e-05 -1000
2766 231 1e+6 0.15 0.1 5e-7 0.42 3e-10 2e-4 2e-3 0.3 0.4 0.5 7e+5 5e-13 0 1e-6 1e-6 0.05 0 162939 559 -2.26397e-05 -1000
2766 232 1e+6 0.15 0.1 5e-7 0.42 3e-10 2e-4 2e-3 0.3 0.4 0.5 7e+5 5e-13 0 1e-6 1e-6 0.05 0 117977 531 -3.12679e-05 -1000
2766 233 1e+6 0.15 0.1 5e-7 0.42 3e-10 2e-4 2e-3 0.3 0.4 0.5 7e+5 5e-13 0 1e-6 1e-6 0.05 0 88663.9 585 -4.16052e-05 -1000
2766 234 1e+6 0.15 0.1 5e-7 0.42 3e-10 2e-4 2e-3 0.3 0.4 0.5 7e+5 5e-13 0 1e-6 1e-6 0.05 0 32303.4 451 -0.000114195 -1000
2766 235 1e+6 0.15 0.1 5e-7 0.42 3e-10 2e-4 2e-3 0.3 0.4 0.5 7e+5 5e-13 0 1e-6 1e-6 0.05 0 185445 625 -1.9892e-05 -1000
2766 236 1e+6 0.15 0.1 5e-7 0.42 3e-10 2e-4 2e-3 0.3 0.4 0.5 7e+5 5e-13 0 1e-6 1e-6 0.05 0 81181 661 -4.54402e-05 -1000
2766 237 1e+6 0.15 0.1 5e-7 0.42 3e-10 2e-4 2e-3 0.3 0.4 0.5 7e+5 5e-13 0 1e-6 1e-6 0.05 0 108136 584 -3.41134e-05 -1000
2766 238 1e+6 0.15 0.1 5e-7 0.42 3e-10 2e-4 2e-3 0.3 0.4 0.5 7e+5 5e-13 0 1e-6 1e-6 0.05 0 598698 738 -6.16151e-06 -1000
2766 239 1e+6 0.15 0.1 5e-7 0.42 3e-10 2e-4 2e-3 0.3 0.4 0.5 7e+5 5e-13 0 1e-6 1e-6 0.05 0 59377.5 622 -6.21259e-05 -1000
2766 240 1e+6 0.15 0.2 5e-7 0.42 3e-10 2e-4 2e-3 0.3 0.4 0.5 7e+5 5e-13 0 1e-6 1e-6 0.05 0.0880282 1e+06 568 2.23144e-07 2.23144e-07
2766 241 1e+6 0.15 0.2 5e-7 0.42 3e-10 2e-4 2e-3 0.3 0.4 0.5 7e+5 5e-13 0 1e-6 1e-6 0.05 0.0797872 1e+06 564 1.17783e-07 1.17783e-07
2766 242 1e+6 0.15 0.2 5e-7 0.42 3e-10 2e-4 2e-3 0.3 0.4 0.5 7e+5 5e-13 0 1e-6 1e-6 0.05 0.147567 1e+06 637 8.54415e-07 8.54415e-07
2766 243 1e+6 0.15 0.2 5e-7 0.42 3e-10 2e-4 2e-3 0.3 0.4 0.5 7e+5 5e-13 0 1e-6 1e-6 0.05 0 284301 514 -1.29753e-05 -1000
2766 244 1e+6 0.15 0.2 5e-7 0.42 3e-10 2e-4 2e-3 0.3 0.4 0.5 7e+5 5e-13 0 1e-6 1e-6 0.05 0 247030 719 -1.49329e-05 -1000
2766 245 1e+6 0.15 0.2 5e-7 0.42 3e-10 2e-4 2e-3 0.3 0.4 0.5 7e+5 5e-13 0 1e-6 1e-6 0.05 0 132526 569 -2.78351e-05 -1000
2766 246 1e+6 0.15 0.2 5e-7 0.42 3e-10 2e-4 2e-3 0.3 0.4 0.5 7e+5 5e-13 0 1e-6 1e-6 0.05 0 191515 528 -1.92616e-05 -1000
2766 247 1e+6 0.15 0.2 5e-7 0.42 3e-10 2e-4 2e-3 0.3 0.4 0.5 7e+5 5e-13 0 1e-6 1e-6 0.05 0 537916 710 -6.85772e-06 -1000
2766 248 1e+6 0.15 0.2 5e-7 0.42 3e-10 2e-4 2e-3 0.3 0.4 0.5 7e+5 5e-13 0 1e-6 1e-6 0.05 0 179494 568 -2.05515e-05 -1000
2766 249 1e+6 0.15 0.2 5e-7 0.42 3e-10 2e-4 2e-3 0.3 0.4 0.5 7e+5 5e-13 0 1e-6 1e-6 0.05 0 84946.9 626 -4.34257e-05 -1000
2766 250 1e+6 0.15 0.2 5e-7 0.42 3e-10 2e-4 2e-3 0.3 0.4 0.5 7e+5 5e-13 0 1e-6 1e-6 0.05 0 95118.4 676 -3.8782e-05 -1000
2766 251 1e+6 0.15 0.2 5e-7 0.42 3e-10 2e-4 2e-3 0.3 0.4 0.5 7e+5 5e-13 0 1e-6 1e-6 0.05 0.216312 1e+06 564 1.11514e-06 1.11514e-06
2766 252 1e+6 0.15 0.2 5e-7 0.42 3e-10 2e-4 2e-3 0.3 0.4 0.5 7e+5 5e-13 0 1e-6 1e-6 0.05 0.125424 1e+06 590 6.15186e-07 6.15186e-07
2766 253 1e+6 0.15 0.2 5e-7 0.42 3e-10 2e-4 2e-3 0.3 0.4 0.5 7e+5 5e-13 0 1e-6 1e-6 0.05 0.0129241 1e+06 619 -1.60944e-06 -1.60944e-06
2766 254 1e+6 0.15 0.2 5e-7 0.42 3e-10 2e-4 2e-3 0.3 0.4 0.5 7e+5 5e-13 0 1e-6 1e-6 0.05 0.18 1e+06 550 9.0624e-07 9.0624e-07
2766 255 1e+6 0.15 0.2 5e-7 0.42 3e-10 2e-4 2e-3 0.3 0.4 0.5 7e+5 5e-13 0 1e-6 1e-6 0.05 0 482350 632 -7.64772e-06 -1000
2766 256 1e+6 0.15 0.2 5e-7 0.42 3e-10 2e-4 2e-3 0.3 0.4 0.5 7e+5 5e-13 0 1e-6 1e-6 0.05 0 196570 563 -1.87662e-05 -1000
2766 257 1e+6 0.15 0.2 5e-7 0.42 3e-10 2e-4 2e-3 0.3 0.4 0.5 7e+5 5e-13 0 1e-6 1e-6 0.05 0.239389 1e+06 589 1.25988e-06 1.25988e-06
2766 258 1e+6 0.15 0.2 5e-7 0.42 3e-10 2e-4 2e-3 0.3 0.4 0.5 7e+5 5e-13 0 1e-6 1e-6 0.05 0 105996 565 -3.48021e-05 -1000
2766 259 1e+6 0.15 0.2 5e-7 0.42 3e-10 2e-4 2e-3 0.3 0.4 0.5 7e+5 5e-13 0 1e-6 1e-6 0.05 0 758417 526 -4.86392e-06 -1000
2766 260 1e+6 0.2 0.15 5e-7 0.42 3e-10 2e-4 2e-3 0.3 0.4 0.5 7e+5 5e-13 0 1e-6 1e-6 0.05 0 386769 646 -9.53768e-06 -1000
2766 261 1e+6 0.2 0.15 5e-7 0.42 3e-10 2e-4 2e-3 0.3 0.4 0.5 7e+5 5e-13 0 1e-6 1e-6 0.05 0 724392 572 -5.09238e-06 -1000
2766 262 1e+6 0.2 0.15 5e-7 0.42 3e-10 2e-4 2e-3 0.3 0.4 0.5 7e+5 5e-13 0 1e-6 1e-6 0.05 0 691510 595 -5.33453e-06 -1000
2766 263 1e+6 0.2 0.15 5e-7 0.42 3e-10 2e-4 2e-3 0.3 0.4 0.5 7e+5 5e-13 0 1e-6 1e-6 0.05 0 116346 669 -3.17061e-05 -1000
2766 264 1e+6 0.2 0.15 5e-7 0.42 3e-10 2e-4 2e-3 0.3 0.4 0.5 7e+5 5e-13 0 1e-6 1e-6 0.05 0 212523 613 -1.73576e-05 -1000
2766 265 1e+6 0.2 0.15 5e-7 0.42 3e-10 2e-4 2e-3 0.3 0.4 0.5 7e+5 5e-13 0 1e-6 1e-6 0.05 0 740683 662 -4.98037e-06 -1000
2766 266 1e+6 0.2 0.15 5e-7 0.42 3e-10 2e-4 2e-3 0.3 0.4 0.5 7e+5 5e-13 0 1e-6 1e-6 0.05 0 117053 636 -3.15146e-05 -1000
2766 267 1e+6 0.2 0.15 5e-7 0.42 3e-10 2e-4 2e-3 0.3 0.4 0.5 7e+5 5e-13 0 1e-6 1e-6 0.05 0 789365 486 -4.67322e-06 -1000
2766 268 1e+6 0.2 0.15 5e-7 0.42 3e-10 2e-4 2e-3 0.3 0.4 0.5 7e+5 5e-13 0 1e-6 1e-6 0.05 0 205711 566 -1.79323e-05 -1000
2766 269 1e+6 0.2 0.15 5e-7 0.42 3e-10 2e-4 2e-3 0.3 0.4 0.5 7e+5 5e-13 0 1e-6 1e-6 0.05 0.0275229 1e+06 545 -9.80829e-07 -9.80829e-07
2766 270 1e+6 0.2 0.15 5e-7 0.42 3e-10 2e-4 2e-3 0.3 0.4 0.5 7e+5 5e-13 0 1e-6 1e-6 0.05 0 157615 476 -2.34044e-05 -1000
2766 271 1e+6 0.2 0.15 5e-7 0.42 3e-10 2e-4 2e-3 0.3 0.4 0.5 7e+5 5e-13 0 1e-6 1e-6 0.05 0 729841 617 -5.05436e-06 -1000
2766 272 1e+6 0.2 0.15 5e-7 0.42 3e-10 2e-4 2e-3 0.3 0.4 0.5 7e+5 5e-13 0 1e-6 1e-6 0.05 0 322976 511 -1.14215e-05 -1000
2766 273 1e+6 0.2 0.15 5e-7 0.42 3e-10 2e-4 2e-3 0.3 0.4 0.5 7e+5 5e-13 0 1e-6 1e-6 0.05 0 145441 602 -2.53635e-05 -1000
2766 274 1e+6 0.2 0.15 5e-7 0.42 3e-10 2e-4 2e-3 0.3 0.4 0.5 7e+5 5e-13 0 1e-6 1e-6 0.05 0.0400641 1e+06 624 -4.70004e-07 -4.70004e-07
2766 275 1e+6 0.2 0.15 5e-7 0.42 3e-10 2e-4 2e-3 0.3 0.4 0.5 7e+5 5e-13 0 1e-6 1e-6 0.05 0 288522 501 -1.27855e-05 -1000
2766 276 1e+6 0.2 0.15 5e-7 0.42 3e-10 2e-4 2e-3 0.3 0.4 0.5 7e+5 5e-13 0 1e-6 1e-6 0.05 0 46856.5 527 -7.87272e-05 -1000
2766 277 1e+6 0.2 0.15 5e-7 0.42 3e-10 2e-4 2e-3 0.3 0.4 0.5 7e+5 5e-13 0 1e-6 1e-6 0.05 0.0159858 1e+06 563 -1.49165e-06 -1.49165e-06
2766 278 1e+6 0.2 0.15 5e-7 0.42 3e-10 2e-4 2e-3 0.3 0.4 0.5 7e+5 5e-13 0 1e-6 1e-6 0.05 0 371856 566 -9.92019e-06 -1000
2766 279 1e+6 0.2 0.15 5e-7 0.42 3e-10 2e-4 2e-3 0.3 0.4 0.5 7e+5 5e-13 0 1e-6 1e-6 0.05 0 623136 624 -5.91986e-06 -1000
2766 280 1e+6 0.2 0.25 5e-7 0.42 3e-10 2e-4 2e-3 0.3 0.4 0.5 7e+5 5e-13 0 1e-6 1e-6 0.05 0 266799 532 -1.38264e-05 -1000
2766 281 1e+6 0.2 0.25 5e-7 0.42 3e-10 2e-4 2e-3 0.3 0.4 0.5 7e+5 5e-13 0 1e-6 1e-6 0.05 0 832610 564 -4.4305e-06 -1000
2766 282 1e+6 0.2 0.25 5e-7 0.42 3e-10 2e-4 2e-3 0.3 0.4 0.5 7e+5 5e-13 0 1e-6 1e-6 0.05 0.00715308 1e+06 699 -2.07944e-06 -2.07944e-06
2766 283 1e+6 0.2 0.25 5e-7 0.42 3e-10 2e-4 2e-3 0.3 0.4 0.5 7e+5 5e-13 0 1e-6 1e-6 0.05 0.0821256 1e+06 621 2.42946e-07 2.42946e-07
2766 284 1e+6 0.2 0.25 5e-7 0.42 3e-10 2e-4 2e-3 0.3 0.4 0.5 7e+5 5e-13 0 1e-6 1e-6 0.05 0.0202703 1e+06 592 -1.20397e-06 -1.20397e-06
2766 285 1e+6 0.2 0.25 5e-7 0.42 3e-10 2e-4 2e-3 0.3 0.4 0.5 7e+5 5e-13 0 1e-6 1e-6 0.05 0 976932 481 -3.77598e-06 -1000
2766 286 1e+6 0.2 0.25 5e-7 0.42 3e-10 2e-4 2e-3 0.3 0.4 0.5 7e+5 5e-13 0 1e-6 1e-6 0.05 0 107826 555 -3.42113e-05 -1000
2766 287 1e+6 0.2 0.25 5e-7 0.42 3e-10 2e-4 2e-3 0.3 0.4 0.5 7e+5 5e-13 0 1e-6 1e-6 0.05 0.128926 1e+06 605 6.67829e-07 6.67829e-07
2766 288 1e+6 0.2 0.25 5e-7 0.42 3e-10 2e-4 2e-3 0.3 0.4 0.5 7e+5 5e-13 0 1e-6 1e-6 0.05 0 257215 730 -1.43416e-05 -1000
2766 289 1e+6 0.2 0.25 5e-7 0.42 3e-10 2e-4 2e-3 0.3 0.4 0.5 7e+5 5e-13 0 1e-6 1e-6 0.05 0 223405 519 -1.65121e-05 -1000
2766 290 1e+6 0.2 0.25 5e-7 0.42 3e-10 2e-4 2e-3 0.3 0.4 0.5 7e+5 5e-13 0 1e-6 1e-6 0.05 0.0690738 1e+06 637 9.53102e-08 9.53102e-08
2766 291 1e+6 0.2 0.25 5e-7 0.42 3e-10 2e-4 2e-3 0.3 0.4 0.5 7e+5 5e-13 0 1e-6 1e-6 0.05 0.0616667 1e+06 600 -7.79615e-08 -7.79615e-08
2766 292 1e+6 0.2 0.25 5e-7 0.42 3e-10 2e-4 2e-3 0.3 0.4 0.5 7e+5 5e-13 0 1e-6 1e-6 0.05 0 359412 572 -1.02636e-05 -1000
2766 293 1e+6 0.2 0.25 5e-7 0.42 3e-10 2e-4 2e-3 0.3 0.4 0.5 7e+5 5e-13 0 1e-6 1e-6 0.05 0.105769 1e+06 624 5.00775e-07 5.00775e-07
2766 294 1e+6 0.2 0.25 5e-7 0.42 3e-10 2e-4 2e-3 0.3 0.4 0.5 7e+5 5e-13 0 1e-6 1e-6 0.05 0 544607 548 -6.77348e-06 -1000
2766 295 1e+6 0.2 0.25 5e-7 0.42 3e-10 2e-4 2e-3 0.3 0.4 0.5 7e+5 5e-13 0 1e-6 1e-6 0.05 0 332723 604 -1.10869e-05 -1000
2766 296 1e+6 0.2 0.25 5e-7 0.42 3e-10 2e-4 2e-3 0.3 0.4 0.5 7e+5 5e-13 0 1e-6 1e-6 0.05 0 248340 654 -1.48541e-05 -1000
2766 297 1e+6 0.2 0.25 5e-7 0.42 3e-10 2e-4 2e-3 0.3 0.4 0.5 7e+5 5e-13 0 1e-6 1e-6 0.05 0.00638978 1e+06 626 -2.30259e-06 -2.30259e-06
2766 298 1e+6 0.2 0.25 5e-7 0.42 3e-10 2e-4 2e-3 0.3 0.4 0.5 7e+5 5e-13 0 1e-6 1e-6 0.05 0 272670 540 -1.35288e-05 -1000
2766 299 1e+6 0.2 0.25 5e-7 0.42 3e-10 2e-4 2e-3 0.3 0.4 0.5 7e+5 5e-13 0 1e-6 1e-6 0.05 0 108243 556 -3.40797e-05 -1000
2766 300 1e+6 0.25 0.2 5e-7 0.42 3e-10 2e-4 2e-3 0.3 0.4 0.5 7e+5 5e-13 0 1e-6 1e-6 0.05 0.0421053 1e+06 665 -2.23144e-07 -2.23144e-07
2766 301 1e+6 0.25 0.2 5e-7 0.42 3e-10 2e-4 2e-3 0.3 0.4 0.5 7e+5 5e-13 0 1e-6 1e-6 0.05 0 459873 522 -7.73116e-06 -1000
2766 302 1e+6 0.25 0.2 5e-7 0.42 3e-10 2e-4 2e-3 0.3 0.4 0.5 7e+5 5e-13 0 1e-6 1e-6 0.05 0 288922 567 -1.23056e-05 -1000
2766 303 1e+6 0.25 0.2 5e-7 0.42 3e-10 2e-4 2e-3 0.3 0.4 0.5 7e+5 5e-13 0 1e-6 1e-6 0.05 0 813838 463 -4.36862e-06 -1000
2766 304 1e+6 0.25 0.2 5e-7 0.42 3e-10 2e-4 2e-3 0.3 0.4 0.5 7e+5 5e-13 0 1e-6 1e-6 0.05 0 91849.3 526 -3.87085e-05 -1000
2766 305 1e+6 0.25 0.2 5e-7 0.42 3e-10 2e-4 2e-3 0.3 0.4 0.5 7e+5 5e-13 0 1e-6 1e-6 0.05 0 102031 557 -3.48457e-05 -1000
2766 306 1e+6 0.25 0.2 5e-7 0.42 3e-10 2e-4 2e-3 0.3 0.4 0.5 7e+5 5e-13 0 1e-6 1e-6 0.05 0.128596 1e+06 591 7.75385e-07 7.75385e-07
2766 307 1e+6 0.25 0.2 5e-7 0.42 3e-10 2e-4 2e-3 0.3 0.4 0.5 7e+5 5e-13 0 1e-6 1e-6 0.05 0.0557325 1e+06 628 0 0
2766 308 1e+6 0.25 0.2 5e-7 0.42 3e-10 2e-4 2e-3 0.3 0.4 0.5 7e+5 5e-13 0 1e-6 1e-6 0.05 0 930613 664 -3.82044e-06 -1000
2766 309 1e+6 0.25 0.2 5e-7 0.42 3e-10 2e-4 2e-3 0.3 0.4 0.5 7e+5 5e-13 0 1e-6 1e-6 0.05 0 619478 542 -5.73927e-06 -1000
2766 310 1e+6 0.25 0.2 5e-7 0.42 3e-10 2e-4 2e-3 0.3 0.4 0.5 7e+5 5e-13 0 1e-6 1e-6 0.05 0 313718 523 -1.1333e-05 -1000
2766 311 1e+6 0.25 0.2 5e-7 0.42 3e-10 2e-4 2e-3 0.3 0.4 0.5 7e+5 5e-13 0 1e-6 1e-6 0.05 0.198397 1e+06 499 1.03977e-06 1.03977e-06
2766 312 1e+6 0.25 0.2 5e-7 0.42 3e-10 2e-4 2e-3 0.3 0.4 0.5 7e+5 5e-13 0 1e-6 1e-6 0.05 0.0824742 1e+06 582 3.15853e-07 3.15853e-07
2766 313 1e+6 0.25 0.2 5e-7 0.42 3e-10 2e-4 2e-3 0.3 0.4 0.5 7e+5 5e-13 0 1e-6 1e-6 0.05 0.0975177 1e+06 564 4.51985e-07 4.51985e-07
2766 314 1e+6 0.25 0.2 5e-7 0.42 3e-10 2e-4 2e-3 0.3 0.4 0.5 7e+5 5e-13 0 1e-6 1e-6 0.05 0.0219224 1e+06 593 -9.90399e-07 -9.90399e-07
2766 315 1e+6 0.25 0.2 5e-7 0.42 3e-10 2e-4 2e-3 0.3 0.4 0.5 7e+5 5e-13 0 1e-6 1e-6 0.05 0.137615 1e+06 545 7.6214e-07 7.6214e-07
2766 316 1e+6 0.25 0.2 5e-7 0.42 3e-10 2e-4 2e-3 0.3 0.4 0.5 7e+5 5e-13 0 1e-6 1e-6 0.05 0.244792 1e+06 576 1.39341e-06 1.39341e-06
2766 317 1e+6 0.25 0.2 5e-7 0.42 3e-10 2e-4 2e-3 0.3 0.4 0.5 7e+5 5e-13 0 1e-6 1e-6 0.05 0 488313 582 -7.28088e-06 -1000
2766 318 1e+6 0.25 0.2 5e-7 0.42 3e-10 2e-4 2e-3 0.3 0.4 0.5 7e+5 5e-13 0 1e-6 1e-6 0.05 0 200049 546 -1.77724e-05 -1000
2766 319 1e+6 0.25 0.2 5e-7 0.42 3e-10 2e-4 2e-3 0.3 0.4 0.5 7e+5 5e-13 0 1e-6 1e-6 0.05 0.0854545 1e+06 550 2.948e-07 2.948e-07
2766 320 1e+6 0.05 0.1 1.5e-6 0.42 3e-10 2e-4 2e-3 0.3 0.4 0.5 7e+5 5e-13 0 1e-6 1e-6 0.05 0.825316 1e+06 395 2.23155e-06 2.23155e-06
2766 321 1e+6 0.05 0.1 1.5e-6 0.42 3e-10 2e-4 2e-3 0.3 0.4 0.5 7e+5 5e-13 0 1e-6 1e-6 0.05 1 919426 788 3.38706e-06 3.38706e-06
2766 322 1e+6 0.05 0.1 1.5e-6 0.42 3e-10 2e-4 2e-3 0.3 0.4 0.5 7e+5 5e-13 0 1e-6 1e-6 0.05 0.557895 1e+06 570 2.2067e-06 2.2067e-06
2766 323 1e+6 0.05 0.1 1.5e-6 0.42 3e-10 2e-4 2e-3 0.3 0.4 0.5 7e+5 5e-13 0 1e-6 1e-6 0.05 0 126751 472 -2.80499e-05 -1000
2766 324 1e+6 0.05 0.1 1.5e-6 0.42 3e-10 2e-4 2e-3 0.3 0.4 0.5 7e+5 5e-13 0 1e-6 1e-6 0.05 0.50655 1e+06 687 2.29685e-06 2.29685e-06
2766 325 1e+6 0.05 0.1 1.5e-6 0.42 3e-10 2e-4 2e-3 0.3 0.4 0.5 7e+5 5e-13 0 1e-6 1e-6 0.05 0.839879 1e+06 662 2.76542e-06 2.76542e-06
2766 326 1e+6 0.05 0.1 1.5e-6 0.42 3e-10 2e-4 2e-3 0.3 0.4 0.5 7e+5 5e-13 0 1e-6 1e-6 0.05 0 77596.6 283 -4.58183e-05 -1000
2766 327 1e+6 0.05 0.1 1.5e-6 0.42 3e-10 2e-4 2e-3 0.3 0.4 0.5 7e+5 5e-13 0 1e-6 1e-6 0.05 1 904455 656 3.24042e-06 3.24042e-06
2766 328 1e+6 0.05 0.1 1.5e-6 0.42 3e-10 2e-4 2e-3 0.3 0.4 0.5 7e+5 5e-13 0 1e-6 1e-6 0.05 0 133378 763 -2.66562e-05 -1000
2766 329 1e+6 0.05 0.1 1.5e-6 0.42 3e-10 2e-4 2e-3 0.3 0.4 0.5 7e+5 5e-13 0 1e-6 1e-6 0.05 1 879942 466 2.94205e-06 2.94205e-06
2766 330 1e+6 0.05 0.1 1.5e-6 0.42 3e-10 2e-4 2e-3 0.3 0.4 0.5 7e+5 5e-13 0 1e-6 1e-6 0.05 0.967213 1e+06 732 3.0071e-06 3.0071e-06
2766 331 1e+6 0.05 0.1 1.5e-6 0.42 3e-10 2e-4 2e-3 0.3 0.4 0.5 7e+5 5e-13 0 1e-6 1e-6 0.05 0 152384 447 -2.33316e-05 -1000
2766 332 1e+6 0.05 0.1 1.5e-6 0.42 3e-10 2e-4 2e-3 0.3 0.4 0.5 7e+5 5e-13 0 1e-6 1e-6 0.05 0.952247 1e+06 712 2.9638e-06 2.9638e-06
2766 333 1e+6 0.05 0.1 1.5e-6 0.42 3e-10 2e-4 2e-3 0.3 0.4 0.5 7e+5 5e-13 0 1e-6 1e-6 0.05 0.408377 1e+06 573 1.89997e-06 1.89997e-06
2766 334 1e+6 0.05 0.1 1.5e-6 0.42 3e-10 2e-4 2e-3 0.3 0.4 0.5 7e+5 5e-13 0 1e-6 1e-6 0.05 0 180055 360 -1.97458e-05 -1000
2766 335 1e+6 0.05 0.1 1.5e-6 0.42 3e-10 2e-4 2e-3 0.3 0.4 0.5 7e+5 5e-13 0 1e-6 1e-6 0.05 0.959381 1e+06 517 2.65123e-06 2.65123e-06
2766 336 1e+6 0.05 0.1 1.5e-6 0.42 3e-10 2e-4 2e-3 0.3 0.4 0.5 7e+5 5e-13 0 1e-6 1e-6 0.05 0.994437 1e+06 719 3.01693e-06 3.01693e-06
2766 337 1e+6 0.05 0.1 1.5e-6 0.42 3e-10 2e-4 2e-3 0.3 0.4 0.5 7e+5 5e-13 0 1e-6 1e-6 0.05 0 149644 362 -2.37588e-05 -1000
2766 338 1e+6 0.05 0.1 1.5e-6 0.42 3e-10 2e-4 2e-3 0.3 0.4 0.5 7e+5 5e-13 0 1e-6 1e-6 0.05 0 187496 606 -1.89622e-05 -1000
2766 339 1e+6 0.05 0.1 1.5e-6 0.42 3e-10 2e-4 2e-3 0.3 0.4 0.5 7e+5 5e-13 0 1e-6 1e-6 0.05 0 86862.1 364 -4.09309e-05 -1000
2766 340 1e+6 0.1 0.05 1.5e-6 0.42 3e-10 2e-4 2e-3 0.3 0.4 0.5 7e+5 5e-13 0 1e-6 1e-6 0.05 0 308610 650 -1.19532e-05 -1000
2766 341 1e+6 0.1 0.05 1.5e-6 0.42 3e-10 2e-4 2e-3 0.3 0.4 0.5 7e+5 5e-13 0 1e-6 1e-6 0.05 0 74039.3 602 -4.98232e-05 -1000
2766 342 1e+6 0.1 0.05 1.5e-6 0.42 3e-10 2e-4 2e-3 0.3 0.4 0.5 7e+5 5e-13 0 1e-6 1e-6 0.05 0 29021.5 480 -0.000127109 -1000
2766 343 1e+6 0.1 0.05 1.5e-6 0.42 3e-10 2e-4 2e-3 0.3 0.4 0.5 7e+5 5e-13 0 1e-6 1e-6 0.05 0 42960.1 390 -8.58677e-05 -1000
2766 344 1e+6 0.1 0.05 1.5e-6 0.42 3e-10 2e-4 2e-3 0.3 0.4 0.5 7e+5 5e-13 0 1e-6 1e-6 0.05 0 87751.4 656 -4.20378e-05 -1000
2766 345 1e+6 0.1 0.05 1.5e-6 0.42 3e-10 2e-4 2e-3 0.3 0.4 0.5 7e+5 5e-13 0 1e-6 1e-6 0.05 0 639786 484 -5.7658e-06 -1000
2766 346 1e+6 0.1 0.05 1.5e-6 0.42 3e-10 2e-4 2e-3 0.3 0.4 0.5 7e+5 5e-13 0 1e-6 1e-6 0.05 0 39914.8 415 -9.24187e-05 -1000
2766 347 1e+6 0.1 0.05 1.5e-6 0.42 3e-10 2e-4 2e-3 0.3 0.4 0.5 7e+5 5e-13 0 1e-6 1e-6 0.05 0 229443 495 -1.60775e-05 -1000
2766 348 1e+6 0.1 0.05 1.5e-6 0.42 3e-10 2e-4 2e-3 0.3 0.4 0.5 7e+5 5e-13 0 1e-6 1e-6 0.05 0 127228 493 -2.89942e-05 -1000
2766 349 1e+6 0.1 0.05 1.5e-6 0.42 3e-10 2e-4 2e-3 0.3 0.4 0.5 7e+5 5e-13 0 1e-6 1e-6 0.05 0 69108 491 -5.33785e-05 -1000
2766 350 1e+6 0.1 0.05 1.5e-6 0.42 3e-10 2e-4 2e-3 0.3 0.4 0.5 7e+5 5e-13 0 1e-6 1e-6 0.05 0 29205.3 460 -0.000126309 -1000
2766 351 1e+6 0.1 0.05 1.5e-6 0.42 3e-10 2e-4 2e-3 0.3 0.4 0.5 7e+5 5e-13 0 1e-6 1e-6 0.05 0 306086 515 -1.20518e-05 -1000
2766 352 1e+6 0.1 0.05 1.5e-6 0.42 3e-10 2e-4 2e-3 0.3 0.4 0.5 7e+5 5e-13 0 1e-6 1e-6 0.05 0 200231 616 -1.84231e-05 -1000
2766 353 1e+6 0.1 0.05 1.5e-6 0.42 3e-10 2e-4 2e-3 0.3 0.4 0.5 7e+5 5e-13 0 1e-6 1e-6 0.05 0 176570 605 -2.08919e-05 -1000
2766 354 1e+6 0.1 0.05 1.5e-6 0.42 3e-10 2e-4 2e-3 0.3 0.4 0.5 7e+5 5e-13 0 1e-6 1e-6 0.05 0 54331.3 378 -6.7896e-05 -1000
2766 355 1e+6 0.1 0.05 1.5e-6 0.42 3e-10 2e-4 2e-3 0.3 0.4 0.5 7e+5 5e-13 0 1e-6 1e-6 0.05 0 39844.8 392 -9.25812e-05 -1000
2766 356 1e+6 0.1 0.05 1.5e-6 0.42 3e-10 2e-4 2e-3 0.3 0.4 0.5 7e+5 5e-13 0 1e-6 1e-6 0.05 0 92042.1 634 -4.00782e-05 -1000
2766 357 1e+6 0.1 0.05 1.5e-6 0.42 3e-10 2e-4 2e-3 0.3 0.4 0.5 7e+5 5e-13 0 1e-6 1e-6 0.05 0 82849.7 634 -4.4525e-05 -1000
2766 358 1e+6 0.1 0.05 1.5e-6 0.42 3e-10 2e-4 2e-3 0.3 0.4 0.5 7e+5 5e-13 0 1e-6 1e-6 0.05 0 114782 621 -3.21382e-05 -1000
2766 359 1e+6 0.1 0.05 1.5e-6 0.42 3e-10 2e-4 2e-3 0.3 0.4 0.5 7e+5 5e-13 0 1e-6 1e-6 0.05 0 231367 390 -1.59439e-05 -1000
2766 360 1e+6 0.1 0.15 1.5e-6 0.42 3e-10 2e-4 2e-3 0.3 0.4 0.5 7e+5 5e-13 0 1e-6 1e-6 0.05 0.415778 1e+06 469 1.58412e-06 1.58412e-06
2766 361 1e+6 0.1 0.15 1.5e-6 0.42 3e-10 2e-4 2e-3 0.3 0.4 0.5 7e+5 5e-13 0 1e-6 1e-6 0.05 0 130515 591 -2.8264e-05 -1000
2766 362 1e+6 0.1 0.15 1.5e-6 0.42 3e-10 2e-4 2e-3 0.3 0.4 0.5 7e+5 5e-13 0 1e-6 1e-6 0.05 0 62204.8 455 -5.93022e-05 -1000
2766 363 1e+6 0.1 0.15 1.5e-6 0.42 3e-10 2e-4 2e-3 0.3 0.4 0.5 7e+5 5e-13 0 1e-6 1e-6 0.05 0 727825 419 -5.06836e-06 -1000
2766 364 1e+6 0.1 0.15 1.5e-6 0.42 3e-10 2e-4 2e-3 0.3 0.4 0.5 7e+5 5e-13 0 1e-6 1e-6 0.05 0.184211 1e+06 456 7.41937e-07 7.41937e-07
2766 365 1e+6 0.1 0.15 1.5e-6 0.42 3e-10 2e-4 2e-3 0.3 0.4 0.5 7e+5 5e-13 0 1e-6 1e-6 0.05 0.0980036 1e+06 551 3.00105e-07 3.00105e-07
2766 366 1e+6 0.1 0.15 1.5e-6 0.42 3e-10 2e-4 2e-3 0.3 0.4 0.5 7e+5 5e-13 0 1e-6 1e-6 0.05 0.288303 1e+06 607 1.47591e-06 1.47591e-06
2766 367 1e+6 0.1 0.15 1.5e-6 0.42 3e-10 2e-4 2e-3 0.3 0.4 0.5 7e+5 5e-13 0 1e-6 1e-6 0.05 0 264924 581 -1.39243e-05 -1000
2766 368 1e+6 0.1 0.15 1.5e-6 0.42 3e-10 2e-4 2e-3 0.3 0.4 0.5 7e+5 5e-13 0 1e-6 1e-6 0.05 0 371668 694 -9.9252e-06 -1000
2766 369 1e+6 0.1 0.15 1.5e-6 0.42 3e-10 2e-4 2e-3 0.3 0.4 0.5 7e+5 5e-13 0 1e-6 1e-6 0.05 0 255923 385 -1.4414e-05 -1000
2766 370 1e+6 0.1 0.15 1.5e-6 0.42 3e-10 2e-4 2e-3 0.3 0.4 0.5 7e+5 5e-13 0 1e-6 1e-6 0.05 0 256130 526 -1.44024e-05 -1000
2766 371 1e+6 0.1 0.15 1.5e-6 0.42 3e-10 2e-4 2e-3 0.3 0.4 0.5 7e+5 5e-13 0 1e-6 1e-6 0.05 0 179784 497 -2.05184e-05 -1000
2766 372 1e+6 0.1 0.15 1.5e-6 0.42 3e-10 2e-4 2e-3 0.3 0.4 0.5 7e+5 5e-13 0 1e-6 1e-6 0.05 0.298862 1e+06 967 1.97755e-06 1.97755e-06
2766 373 1e+6 0.1 0.15 1.5e-6 0.42 3e-10 2e-4 2e-3 0.3 0.4 0.5 7e+5 5e-13 0 1e-6 1e-6 0.05 0 966148 610 -3.81813e-06 -1000
2766 374 1e+6 0.1 0.15 1.5e-6 0.42 3e-10 2e-4 2e-3 0.3 0.4 0.5 7e+5 5e-13 0 1e-6 1e-6 0.05 0.568685 1e+06 677 2.26436e-06 2.26436e-06
2766 375 1e+6 0.1 0.15 1.5e-6 0.42 3e-10 2e-4 2e-3 0.3 0.4 0.5 7e+5 5e-13 0 1e-6 1e-6 0.05 0 130323 518 -2.83056e-05 -1000
2766 376 1e+6 0.1 0.15 1.5e-6 0.42 3e-10 2e-4 2e-3 0.3 0.4 0.5 7e+5 5e-13 0 1e-6 1e-6 0.05 0 443473 480 -8.31816e-06 -1000
2766 377 1e+6 0.1 0.15 1.5e-6 0.42 3e-10 2e-4 2e-3 0.3 0.4 0.5 7e+5 5e-13 0 1e-6 1e-6 0.05 0 368443 478 -1.00121e-05 -1000
2766 378 1e+6 0.1 0.15 1.5e-6 0.42 3e-10 2e-4 2e-3 0.3 0.4 0.5 7e+5 5e-13 0 1e-6 1e-6 0.05 0 420021 439 -8.7826e-06 -1000
2766 379 1e+6 0.1 0.15 1.5e-6 0.42 3e-10 2e-4 2e-3 0.3 0.4 0.5 7e+5 5e-13 0 1e-6 1e-6 0.05 0 112600 600 -3.27611e-05 -1000
2766 380 1e+6 0.15 0.1 1.5e-6 0.42 3e-10 2e-4 2e-3 0.3 0.4 0.5 7e+5 5e-13 0 1e-6 1e-6 0.05 0 53318 561 -6.91863e-05 -1000
2766 381 1e+6 0.15 0.1 1.5e-6 0.42 3e-10 2e-4 2e-3 0.3 0.4 0.5 7e+5 5e-13 0 1e-6 1e-6 0.05 0 100890 555 -3.65635e-05 -1000
2766 382 1e+6 0.15 0.1 1.5e-6 0.42 3e-10 2e-4 2e-3 0.3 0.4 0.5 7e+5 5e-13 0 1e-6 1e-6 0.05 0 893072 600 -4.13055e-06 -1000
2766 383 1e+6 0.15 0.1 1.5e-6 0.42 3e-10 2e-4 2e-3 0.3 0.4 0.5 7e+5 5e-13 0 1e-6 1e-6 0.05 0.00312989 1e+06 639 -2.99573e-06 -2.99573e-06
2766 384 1e+6 0.15 0.1 1.5e-6 0.42 3e-10 2e-4 2e-3 0.3 0.4 0.5 7e+5 5e-13 0 1e-6 1e-6 0.05 0 117267 621 -3.14572e-05 -1000
2766 385 1e+6 0.15 0.1 1.5e-6 0.42 3e-10 2e-4 2e-3 0.3 0.4 0.5 7e+5 5e-13 0 1e-6 1e-6 0.05 0 326079 767 -1.13129e-05 -1000
2766 386 1e+6 0.15 0.1 1.5e-6 0.42 3e-10 2e-4 2e-3 0.3 0.4 0.5 7e+5 5e-13 0 1e-6 1e-6 0.05 0 539887 558 -6.83269e-06 -1000
2766 387 1e+6 0.15 0.1 1.5e-6 0.42 3e-10 2e-4 2e-3 0.3 0.4 0.5 7e+5 5e-13 0 1e-6 1e-6 0.05 0.0376766 1e+06 637 -5.10826e-07 -5.10826e-07
2766 388 1e+6 0.15 0.1 1.5e-6 0.42 3e-10 2e-4 2e-3 0.3 0.4 0.5 7e+5 5e-13 0 1e-6 1e-6 0.05 0 344330 599 -1.07132e-05 -1000
2766 389 1e+6 0.15 0.1 1.5e-6 0.42 3e-10 2e-4 2e-3 0.3 0.4 0.5 7e+5 5e-13 0 1e-6 1e-6 0.05 0.114022 1e+06 649 6.15186e-07 6.15186e-07
2766 390 1e+6 0.15 0.1 1.5e-6 0.42 3e-10 2e-4 2e-3 0.3 0.4 0.5 7e+5 5e-13 0 1e-6 1e-6 0.05 0 461046 422 -8.0011e-06 -1000
2766 391 1e+6 0.15 0.1 1.5e-6 0.42 3e-10 2e-4 2e-3 0.3 0.4 0.5 7e+5 5e-13 0 1e-6 1e-6 0.05 0 184723 442 -1.99698e-05 -1000
2766 392 1e+6 0.15 0.1 1.5e-6 0.42 3e-10 2e-4 2e-3 0.3 0.4 0.5 7e+5 5e-13 0 1e-6 1e-6 0.05 0 31632.4 420 -0.000116617 -1000
2766 393 1e+6 0.15 0.1 1.5e-6 0.42 3e-10 2e-4 2e-3 0.3 0.4 0.5 7e+5 5e-13 0 1e-6 1e-6 0.05 0.0561798 1e+06 623 -1.33531e-07 -1.33531e-07
2766 394 1e+6 0.15 0.1 1.5e-6 0.42 3e-10 2e-4 2e-3 0.3 0.4 0.5 7e+5 5e-13 0 1e-6 1e-6 0.05 0.0585938 1e+06 512 -2.87682e-07 -2.87682e-07
2766 395 1e+6 0.15 0.1 1.5e-6 0.42 3e-10 2e-4 2e-3 0.3 0.4 0.5 7e+5 5e-13 0 1e-6 1e-6 0.05 0.0585516 1e+06 649 -5.12933e-08 -5.12933e-08
2766 396 1e+6 0.15 0.1 1.5e-6 0.42 3e-10 2e-4 2e-3 0.3 0.4 0.5 7e+5 5e-13 0 1e-6 1e-6 0.05 0.00878735 1e+06 569 -2.07944e-06 -2.07944e-06
2766 397 1e+6 0.15 0.1 1.5e-6 0.42 3e-10 2e-4 2e-3 0.3 0.4 0.5 7e+5 5e-13 0 1e-6 1e-6 0.05 0 287141 467 -1.28469e-05 -1000
2766 398 1e+6 0.15 0.1 1.5e-6 0.42 3e-10 2e-4 2e-3 0.3 0.4 0.5 7e+5 5e-13 0 1e-6 1e-6 0.05 0 253999 606 -1.45232e-05 -1000
2766 399 1e+6 0.15 0.1 1.5e-6 0.42 3e-10 2e-4 2e-3 0.3 0.4 0.5 7e+5 5e-13 0 1e-6 1e-6 0.05 0 383358 617 -9.62254e-06 -1000
2766 400 1e+6 0.15 0.2 1.5e-6 0.42 3e-10 2e-4 2e-3 0.3 0.4 0.5 7e+5 5e-13 0 1e-6 1e-6 0.05 0 79932.1 684 -4.61502e-05 -1000
2766 401 1e+6 0.15 0.2 1.5e-6 0.42 3e-10 2e-4 2e-3 0.3 0.4 0.5 7e+5 5e-13 0 1e-6 1e-6 0.05 0 194538 560 -1.89623e-05 -1000
2766 402 1e+6 0.15 0.2 1.5e-6 0.42 3e-10 2e-4 2e-3 0.3 0.4 0.5 7e+5 5e-13 0 1e-6 1e-6 0.05 0 329518 506 -1.11948e-05 -1000
2766 403 1e+6 0.15 0.2 1.5e-6 0.42 3e-10 2e-4 2e-3 0.3 0.4 0.5 7e+5 5e-13 0 1e-6 1e-6 0.05 0 501377 952 -7.35749e-06 -1000
2766 404 1e+6 0.15 0.2 1.5e-6 0.42 3e-10 2e-4 2e-3 0.3 0.4 0.5 7e+5 5e-13 0 1e-6 1e-6 0.05 0 216271 483 -1.70568e-05 -1000
2766 405 1e+6 0.15 0.2 1.5e-6 0.42 3e-10 2e-4 2e-3 0.3 0.4 0.5 7e+5 5e-13 0 1e-6 1e-6 0.05 0 599036 659 -6.15803e-06 -1000
2766 406 1e+6 0.15 0.2 1.5e-6 0.42 3e-10 2e-4 2e-3 0.3 0.4 0.5 7e+5 5e-13 0 1e-6 1e-6 0.05 0 682057 428 -5.40847e-06 -1000
2766 407 1e+6 0.15 0.2 1.5e-6 0.42 3e-10 2e-4 2e-3 0.3 0.4 0.5 7e+5 5e-13 0 1e-6 1e-6 0.05 0 504934 568 -7.30567e-06 -1000
2766 408 1e+6 0.15 0.2 1.5e-6 0.42 3e-10 2e-4 2e-3 0.3 0.4 0.5 7e+5 5e-13 0 1e-6 1e-6 0.05 0 555986 619 -6.63484e-06 -1000
2766 409 1e+6 0.15 0.2 1.5e-6 0.42 3e-10 2e-4 2e-3 0.3 0.4 0.5 7e+5 5e-13 0 1e-6 1e-6 0.05 0 165500 429 -2.22893e-05 -1000
2766 410 1e+6 0.15 0.2 1.5e-6 0.42 3e-10 2e-4 2e-3 0.3 0.4 0.5 7e+5 5e-13 0 1e-6 1e-6 0.05 0 110653 501 -3.33374e-05 -1000
2766 411 1e+6 0.15 0.2 1.5e-6 0.42 3e-10 2e-4 2e-3 0.3 0.4 0.5 7e+5 5e-13 0 1e-6 1e-6 0.05 0 401025 598 -9.19864e-06 -1000
2766 412 1e+6 0.15 0.2 1.5e-6 0.42 3e-10 2e-4 2e-3 0.3 0.4 0.5 7e+5 5e-13 0 1e-6 1e-6 0.05 0 867314 451 -4.25322e-06 -1000
2766 413 1e+6 0.15 0.2 1.5e-6 0.42 3e-10 2e-4 2e-3 0.3 0.4 0.5 7e+5 5e-13 0 1e-6 1e-6 0.05 0.147217 1e+06 557 7.1784e-07 7.1784e-07
2766 414 1e+6 0.15 0.2 1.5e-6 0.42 3e-10 2e-4 2e-3 0.3 0.4 0.5 7e+5 5e-13 0 1e-6 1e-6 0.05 0 460267 519 -8.01466e-06 -1000
2766 415 1e+6 0.15 0.2 1.5e-6 0.42 3e-10 2e-4 2e-3 0.3 0.4 0.5 7e+5 5e-13 0 1e-6 1e-6 0.05 0 950725 458 -3.88007e-06 -1000
2766 416 1e+6 0.15 0.2 1.5e-6 0.42 3e-10 2e-4 2e-3 0.3 0.4 0.5 7e+5 5e-13 0 1e-6 1e-6 0.05 0 487576 626 -7.56576e-06 -1000
2766 417 1e+6 0.15 0.2 1.5e-6 0.42 3e-10 2e-4 2e-3 0.3 0.4 0.5 7e+5 5e-13 0 1e-6 1e-6 0.05 0 192967 510 -1.91167e-05 -1000
2766 418 1e+6 0.15 0.2 1.5e-6 0.42 3e-10 2e-4 2e-3 0.3 0.4 0.5 7e+5 5e-13 0 1e-6 1e-6 0.05 0 418727 518 -8.80974e-06 -1000
2766 419 1e+6 0.15 0.2 1.5e-6 0.42 3e-10 2e-4 2e-3 0.3 0.4 0.5 7e+5 5e-13 0 1e-6 1e-6 0.05 0 785923 418 -4.69369e-06 -1000
2766 420 1e+6 0.2 0.15 1.5e-6 0.42 3e-10 2e-4 2e-3 0.3 0.4 0.5 7e+5 5e-13 0 1e-6 1e-6 0.05 0 475398 586 -7.75956e-06 -1000
2766 421 1e+6 0.2 0.15 1.5e-6 0.42 3e-10 2e-4 2e-3 0.3 0.4 0.5 7e+5 5e-13 0 1e-6 1e-6 0.05 0.113367 1e+06 591 5.15813e-07 5.15813e-07
2766 422 1e+6 0.2 0.15 1.5e-6 0.42 3e-10 2e-4 2e-3 0.3 0.4 0.5 7e+5 5e-13 0 1e-6 1e-6 0.05 0 153862 502 -2.39753e-05 -1000
2766 423 1e+6 0.2 0.15 1.5e-6 0.42 3e-10 2e-4 2e-3 0.3 0.4 0.5 7e+5 5e-13 0 1e-6 1e-6 0.05 0 329752 645 -1.11868e-05 -1000
2766 424 1e+6 0.2 0.15 1.5e-6 0.42 3e-10 2e-4 2e-3 0.3 0.4 0.5 7e+5 5e-13 0 1e-6 1e-6 0.05 0.0512821 1e+06 507 -4.30783e-07 -4.30783e-07
2766 425 1e+6 0.2 0.15 1.5e-6 0.42 3e-10 2e-4 2e-3 0.3 0.4 0.5 7e+5 5e-13 0 1e-6 1e-6 0.05 0 46678.6 453 -7.90273e-05 -1000
2766 426 1e+6 0.2 0.15 1.5e-6 0.42 3e-10 2e-4 2e-3 0.3 0.4 0.5 7e+5 5e-13 0 1e-6 1e-6 0.05 0 48619 498 -7.58733e-05 -1000
2766 427 1e+6 0.2 0.15 1.5e-6 0.42 3e-10 2e-4 2e-3 0.3 0.4 0.5 7e+5 5e-13 0 1e-6 1e-6 0.05 0.0833333 1e+06 624 2.62364e-07 2.62364e-07
2766 428 1e+6 0.2 0.15 1.5e-6 0.42 3e-10 2e-4 2e-3 0.3 0.4 0.5 7e+5 5e-13 0 1e-6 1e-6 0.05 0 157761 458 -2.33827e-05 -1000
2766 429 1e+6 0.2 0.15 1.5e-6 0.42 3e-10 2e-4 2e-3 0.3 0.4 0.5 7e+5 5e-13 0 1e-6 1e-6 0.05 0 427558 544 -8.62778e-06 -1000
2766 430 1e+6 0.2 0.15 1.5e-6 0.42 3e-10 2e-4 2e-3 0.3 0.4 0.5 7e+5 5e-13 0 1e-6 1e-6 0.05 0 161294 695 -2.28705e-05 -1000
2766 431 1e+6 0.2 0.15 1.5e-6 0.42 3e-10 2e-4 2e-3 0.3 0.4 0.5 7e+5 5e-13 0 1e-6 1e-6 0.05 0 413101 491 -8.92972e-06 -1000
2766 432 1e+6 0.2 0.15 1.5e-6 0.42 3e-10 2e-4 2e-3 0.3 0.4 0.5 7e+5 5e-13 0 1e-6 1e-6 0.05 0 153447 529 -2.40402e-05 -1000
2766 433 1e+6 0.2 0.15 1.5e-6 0.42 3e-10 2e-4 2e-3 0.3 0.4 0.5 7e+5 5e-13 0 1e-6 1e-6 0.05 0 110793 596 -3.32953e-05 -1000
2766 434 1e+6 0.2 0.15 1.5e-6 0.42 3e-10 2e-4 2e-3 0.3 0.4 0.5 7e+5 5e-13 0 1e-6 1e-6 0.05 0 720374 580 -5.12078e-06 -1000
2766 435 1e+6 0.2 0.15 1.5e-6 0.42 3e-10 2e-4 2e-3 0.3 0.4 0.5 7e+5 5e-13 0 1e-6 1e-6 0.05 0.0733083 1e+06 532 -2.53178e-08 -2.53178e-08
2766 436 1e+6 0.2 0.15 1.5e-6 0.42 3e-10 2e-4 2e-3 0.3 0.4 0.5 7e+5 5e-13 0 1e-6 1e-6 0.05 0 104238 620 -3.53889e-05 -1000
2766 437 1e+6 0.2 0.15 1.5e-6 0.42 3e-10 2e-4 2e-3 0.3 0.4 0.5 7e+5 5e-13 0 1e-6 1e-6 0.05 0.111475 1e+06 610 5.30628e-07 5.30628e-07
2766 438 1e+6 0.2 0.15 1.5e-6 0.42 3e-10 2e-4 2e-3 0.3 0.4 0.5 7e+5 5e-13 0 1e-6 1e-6 0.05 0 111892 608 -3.29683e-05 -1000
2766 439 1e+6 0.2 0.15 1.5e-6 0.42 3e-10 2e-4 2e-3 0.3 0.4 0.5 7e+5 5e-13 0 1e-6 1e-6 0.05 0 564022 589 -6.54031e-06 -1000
2766 440 1e+6 0.2 0.25 1.5e-6 0.42 3e-10 2e-4 2e-3 0.3 0.4 0.5 7e+5 5e-13 0 1e-6 1e-6 0.05 0 236304 501 -1.56108e-05 -1000
2766 441 1e+6 0.2 0.25 1.5e-6 0.42 3e-10 2e-4 2e-3 0.3 0.4 0.5 7e+5 5e-13 0 1e-6 1e-6 0.05 0 308056 487 -1.19747e-05 -1000
2766 442 1e+6 0.2 0.25 1.5e-6 0.42 3e-10 2e-4 2e-3 0.3 0.4 0.5 7e+5 5e-13 0 1e-6 1e-6 0.05 0 193883 573 -1.90263e-05 -1000
2766 443 1e+6 0.2 0.25 1.5e-6 0.42 3e-10 2e-4 2e-3 0.3 0.4 0.5 7e+5 5e-13 0 1e-6 1e-6 0.05 0 415206 728 -8.88446e-06 -1000
2766 444 1e+6 0.2 0.25 1.5e-6 0.42 3e-10 2e-4 2e-3 0.3 0.4 0.5 7e+5 5e-13 0 1e-6 1e-6 0.05 0 191384 610 -1.92748e-05 -1000
2766 445 1e+6 0.2 0.25 1.5e-6 0.42 3e-10 2e-4 2e-3 0.3 0.4 0.5 7e+5 5e-13 0 1e-6 1e-6 0.05 0 728136 518 -5.0662e-06 -1000
2766 446 1e+6 0.2 0.25 1.5e-6 0.42 3e-10 2e-4 2e-3 0.3 0.4 0.5 7e+5 5e-13 0 1e-6 1e-6 0.05 0 76605.2 663 -4.81544e-05 -1000
2766 447 1e+6 0.2 0.25 1.5e-6 0.42 3e-10 2e-4 2e-3 0.3 0.4 0.5 7e+5 5e-13 0 1e-6 1e-6 0.05 0.0408526 1e+06 563 -5.53385e-07 -5.53385e-07
2766 448 1e+6 0.2 0.25 1.5e-6 0.42 3e-10 2e-4 2e-3 0.3 0.4 0.5 7e+5 5e-13 0 1e-6 1e-6 0.05 0 130589 466 -2.82479e-05 -1000
2766 449 1e+6 0.2 0.25 1.5e-6 0.42 3e-10 2e-4 2e-3 0.3 0.4 0.5 7e+5 5e-13 0 1e-6 1e-6 0.05 0 122834 590 -3.00314e-05 -1000
2766 450 1e+6 0.2 0.25 1.5e-6 0.42 3e-10 2e-4 2e-3 0.3 0.4 0.5 7e+5 5e-13 0 1e-6 1e-6 0.05 0 205308 706 -1.79676e-05 -1000
2766 451 1e+6 0.2 0.25 1.5e-6 0.42 3e-10 2e-4 2e-3 0.3 0.4 0.5 7e+5 5e-13 0 1e-6 1e-6 0.05 0 345429 666 -1.06791e-05 -1000
2766 452 1e+6 0.2 0.25 1.5e-6 0.42 3e-10 2e-4 2e-3 0.3 0.4 0.5 7e+5 5e-13 0 1e-6 1e-6 0.05 0 325069 593 -1.1348e-05 -1000
2766 453 1e+6 0.2 0.25 1.5e-6 0.42 3e-10 2e-4 2e-3 0.3 0.4 0.5 7e+5 5e-13 0 1e-6 1e-6 0.05 0 477499 535 -7.72542e-06 -1000
2766 454 1e+6 0.2 0.25 1.5e-6 0.42 3e-10 2e-4 2e-3 0.3 0.4 0.5 7e+5 5e-13 0 1e-6 1e-6 0.05 0 463793 693 -7.95372e-06 -1000
2766 455 1e+6 0.2 0.25 1.5e-6 0.42 3e-10 2e-4 2e-3 0.3 0.4 0.5 7e+5 5e-13 0 1e-6 1e-6 0.05 0 111946 488 -3.29524e-05 -1000
2766 456 1e+6 0.2 0.25 1.5e-6 0.42 3e-10 2e-4 2e-3 0.3 0.4 0.5 7e+5 5e-13 0 1e-6 1e-6 0.05 0 151988 656 -2.42708e-05 -1000
2766 457 1e+6 0.2 0.25 1.5e-6 0.42 3e-10 2e-4 2e-3 0.3 0.4 0.5 7e+5 5e-13 0 1e-6 1e-6 0.05 0 358150 437 -1.02998e-05 -1000
2766 458 1e+6 0.2 0.25 1.5e-6 0.42 3e-10 2e-4 2e-3 0.3 0.4 0.5 7e+5 5e-13 0 1e-6 1e-6 0.05 0 351032 565 -1.05087e-05 -1000
2766 459 1e+6 0.2 0.25 1.5e-6 0.42 3e-10 2e-4 2e-3 0.3 0.4 0.5 7e+5 5e-13 0 1e-6 1e-6 0.05 0 140453 569 -2.62642e-05 -1000
2766 460 1e+6 0.25 0.2 1.5e-6 0.42 3e-10 2e-4 2e-3 0.3 0.4 0.5 7e+5 5e-13 0 1e-6 1e-6 0.05 0.0780255 1e+06 628 3.36472e-07 3.36472e-07
2766 461 1e+6 0.25 0.2 1.5e-6 0.42 3e-10 2e-4 2e-3 0.3 0.4 0.5 7e+5 5e-13 0 1e-6 1e-6 0.05 0.173217 1e+06 687 1.22378e-06 1.22378e-06
2766 462 1e+6 0.25 0.2 1.5e-6 0.42 3e-10 2e-4 2e-3 0.3 0.4 0.5 7e+5 5e-13 0 1e-6 1e-6 0.05 0 117366 486 -3.02928e-05 -1000
2766 463 1e+6 0.25 0.2 1.5e-6 0.42 3e-10 2e-4 2e-3 0.3 0.4 0.5 7e+5 5e-13 0 1e-6 1e-6 0.05 0.189953 1e+06 637 1.24044e-06 1.24044e-06
2766 464 1e+6 0.25 0.2 1.5e-6 0.42 3e-10 2e-4 2e-3 0.3 0.4 0.5 7e+5 5e-13 0 1e-6 1e-6 0.05 0 113446 556 -3.13395e-05 -1000
2766 465 1e+6 0.25 0.2 1.5e-6 0.42 3e-10 2e-4 2e-3 0.3 0.4 0.5 7e+5 5e-13 0 1e-6 1e-6 0.05 0.0705394 1e+06 482 -2.89875e-08 -2.89875e-08
2766 466 1e+6 0.25 0.2 1.5e-6 0.42 3e-10 2e-4 2e-3 0.3 0.4 0.5 7e+5 5e-13 0 1e-6 1e-6 0.05 0 916299 410 -3.88012e-06 -1000
2766 467 1e+6 0.25 0.2 1.5e-6 0.42 3e-10 2e-4 2e-3 0.3 0.4 0.5 7e+5 5e-13 0 1e-6 1e-6 0.05 0.35085 1e+06 647 1.8696e-06 1.8696e-06
2766 468 1e+6 0.25 0.2 1.5e-6 0.42 3e-10 2e-4 2e-3 0.3 0.4 0.5 7e+5 5e-13 0 1e-6 1e-6 0.05 0 677529 726 -5.24752e-06 -1000
2766 469 1e+6 0.25 0.2 1.5e-6 0.42 3e-10 2e-4 2e-3 0.3 0.4 0.5 7e+5 5e-13 0 1e-6 1e-6 0.05 0.116554 1e+06 592 6.78758e-07 6.78758e-07
2766 470 1e+6 0.25 0.2 1.5e-6 0.42 3e-10 2e-4 2e-3 0.3 0.4 0.5 7e+5 5e-13 0 1e-6 1e-6 0.05 0 136449 448 -2.60563e-05 -1000
2766 471 1e+6 0.25 0.2 1.5e-6 0.42 3e-10 2e-4 2e-3 0.3 0.4 0.5 7e+5 5e-13 0 1e-6 1e-6 0.05 0 670834 473 -5.29989e-06 -1000
2766 472 1e+6 0.25 0.2 1.5e-6 0.42 3e-10 2e-4 2e-3 0.3 0.4 0.5 7e+5 5e-13 0 1e-6 1e-6 0.05 0 781272 479 -4.55072e-06 -1000
2766 473 1e+6 0.25 0.2 1.5e-6 0.42 3e-10 2e-4 2e-3 0.3 0.4 0.5 7e+5 5e-13 0 1e-6 1e-6 0.05 0 505475 610 -7.03368e-06 -1000
2766 474 1e+6 0.25 0.2 1.5e-6 0.42 3e-10 2e-4 2e-3 0.3 0.4 0.5 7e+5 5e-13 0 1e-6 1e-6 0.05 0 117134 524 -3.03527e-05 -1000
2766 475 1e+6 0.25 0.2 1.5e-6 0.42 3e-10 2e-4 2e-3 0.3 0.4 0.5 7e+5 5e-13 0 1e-6 1e-6 0.05 0.348915 1e+06 599 1.78699e-06 1.78699e-06
2766 476 1e+6 0.25 0.2 1.5e-6 0.42 3e-10 2e-4 2e-3 0.3 0.4 0.5 7e+5 5e-13 0 1e-6 1e-6 0.05 0.334426 1e+06 610 1.76277e-06 1.76277e-06
2766 477 1e+6 0.25 0.2 1.5e-6 0.42 3e-10 2e-4 2e-3 0.3 0.4 0.5 7e+5 5e-13 0 1e-6 1e-6 0.05 0.305118 1e+06 508 1.48808e-06 1.48808e-06
2766 478 1e+6 0.25 0.2 1.5e-6 0.42 3e-10 2e-4 2e-3 0.3 0.4 0.5 7e+5 5e-13 0 1e-6 1e-6 0.05 0 248363 497 -1.43151e-05 -1000
2766 479 1e+6 0.25 0.2 1.5e-6 0.42 3e-10 2e-4 2e-3 0.3 0.4 0.5 7e+5 5e-13 0 1e-6 1e-6 0.05 0.383051 1e+06 590 1.86519e-06 1.86519e-06
