2770 0 1e+6 0.25 0.3 1e-7 0.42 3e-10 2e-4 2e-3 0.3 0.4 0.5 7e+5 5e-13 0 1e-6 1e-6 0.05 0.175141 1e+06 531 9.77251e-07 9.77251e-07
2770 1 1e+6 0.25 0.3 1e-7 0.42 3e-10 2e-4 2e-3 0.3 0.4 0.5 7e+5 5e-13 0 1e-6 1e-6 0.05 0.184258 1e+06 559 1.07938e-06 1.07938e-06
2770 2 1e+6 0.25 0.3 1e-7 0.42 3e-10 2e-4 2e-3 0.3 0.4 0.5 7e+5 5e-13 0 1e-6 1e-6 0.05 0.0344203 1e+06 552 -6.10909e-07 -6.10909e-07
2770 3 1e+6 0.25 0.3 1e-7 0.42 3e-10 2e-4 2e-3 0.3 0.4 0.5 7e+5 5e-13 0 1e-6 1e-6 0.05 0 426328 537 -8.33946e-06 -1000
2770 4 1e+6 0.25 0.3 1e-7 0.42 3e-10 2e-4 2e-3 0.3 0.4 0.5 7e+5 5e-13 0 1e-6 1e-6 0.05 0 287170 555 -1.23806e-05 -1000
2770 5 1e+6 0.25 0.3 1e-7 0.42 3e-10 2e-4 2e-3 0.3 0.4 0.5 7e+5 5e-13 0 1e-6 1e-6 0.05 0.0760668 1e+06 539 1.58224e-07 1.58224e-07
2770 6 1e+6 0.25 0.3 1e-7 0.42 3e-10 2e-4 2e-3 0.3 0.4 0.5 7e+5 5e-13 0 1e-6 1e-6 0.05 0 840632 568 -4.22938e-06 -1000
2770 7 1e+6 0.25 0.3 1e-7 0.42 3e-10 2e-4 2e-3 0.3 0.4 0.5 7e+5 5e-13 0 1e-6 1e-6 0.05 0.051756 1e+06 541 -2.23144e-07 -2.23144e-07
2770 8 1e+6 0.25 0.3 1e-7 0.42 3e-10 2e-4 2e-3 0.3 0.4 0.5 7e+5 5e-13 0 1e-6 1e-6 0.05 0.118584 1e+06 565 6.49345e-07 6.49345e-07
2770 9 1e+6 0.25 0.3 1e-7 0.42 3e-10 2e-4 2e-3 0.3 0.4 0.5 7e+5 5e-13 0 1e-6 1e-6 0.05 0.0418118 1e+06 574 -3.77294e-07 -3.77294e-07
2770 10 1e+6 0.25 0.3 1e-7 0.42 3e-10 2e-4 2e-3 0.3 0.4 0.5 7e+5 5e-13 0 1e-6 1e-6 0.05 0.0653358 1e+06 551 2.81709e-08 2.81709e-08
2770 11 1e+6 0.25 0.3 1e-7 0.42 3e-10 2e-4 2e-3 0.3 0.4 0.5 7e+5 5e-13 0 1e-6 1e-6 0.05 0.138728 1e+06 519 7.21318e-07 7.21318e-07
2770 12 1e+6 0.25 0.3 1e-7 0.42 3e-10 2e-4 2e-3 0.3 0.4 0.5 7e+5 5e-13 0 1e-6 1e-6 0.05 0 351878 598 -1.01039e-05 -1000
2770 13 1e+6 0.25 0.3 1e-7 0.42 3e-10 2e-4 2e-3 0.3 0.4 0.5 7e+5 5e-13 0 1e-6 1e-6 0.05 0.133562 1e+06 584 8.01361e-07 8.01361e-07
2770 14 1e+6 0.25 0.3 1e-7 0.42 3e-10 2e-4 2e-3 0.3 0.4 0.5 7e+5 5e-13 0 1e-6 1e-6 0.05 0.0851419 1e+06 599 3.76478e-07 3.76478e-07
2770 15 1e+6 0.25 0.3 1e-7 0.42 3e-10 2e-4 2e-3 0.3 0.4 0.5 7e+5 5e-13 0 1e-6 1e-6 0.05 0.204225 1e+06 568 1.19824e-06 1.19824e-06
2770 16 1e+6 0.25 0.3 1e-7 0.42 3e-10 2e-4 2e-3 0.3 0.4 0.5 7e+5 5e-13 0 1e-6 1e-6 0.05 0 391749 566 -9.07558e-06 -1000
2770 17 1e+6 0.25 0.3 1e-7 0.42 3e-10 2e-4 2e-3 0.3 0.4 0.5 7e+5 5e-13 0 1e-6 1e-6 0.05 0.0959147 1e+06 563 4.33636e-07 4.33636e-07
2770 18 1e+6 0.25 0.3 1e-7 0.42 3e-10 2e-4 2e-3 0.3 0.4 0.5 7e+5 5e-13 0 1e-6 1e-6 0.05 0 542141 548 -6.55798e-06 -1000
2770 19 1e+6 0.25 0.3 1e-7 0.42 3e-10 2e-4 2e-3 0.3 0.4 0.5 7e+5 5e-13 0 1e-6 1e-6 0.05 0 393870 544 -9.02671e-06 -1000
2770 20 1e+6 0.3 0.25 1e-7 0.42 3e-10 2e-4 2e-3 0.3 0.4 0.5 7e+5 5e-13 0 1e-6 1e-6 0.05 0 927889 533 -3.83165e-06 -1000
2770 21 1e+6 0.3 0.25 1e-7 0.42 3e-10 2e-4 2e-3 0.3 0.4 0.5 7e+5 5e-13 0 1e-6 1e-6 0.05 0.0318352 1e+06 534 -7.22135e-07 -7.22135e-07
2770 22 1e+6 0.3 0.25 1e-7 0.42 3e-10 2e-4 2e-3 0.3 0.4 0.5 7e+5 5e-13 0 1e-6 1e-6 0.05 0.0502693 1e+06 557 -2.23144e-07 -2.23144e-07
2770 23 1e+6 0.3 0.25 1e-7 0.42 3e-10 2e-4 2e-3 0.3 0.4 0.5 7e+5 5e-13 0 1e-6 1e-6 0.05 0.0634615 1e+06 520 -5.88405e-08 -5.88405e-08
2770 24 1e+6 0.3 0.25 1e-7 0.42 3e-10 2e-4 2e-3 0.3 0.4 0.5 7e+5 5e-13 0 1e-6 1e-6 0.05 0 356199 527 -9.98135e-06 -1000
2770 25 1e+6 0.3 0.25 1e-7 0.42 3e-10 2e-4 2e-3 0.3 0.4 0.5 7e+5 5e-13 0 1e-6 1e-6 0.05 0.0354331 1e+06 508 -6.64976e-07 -6.64976e-07
2770 26 1e+6 0.3 0.25 1e-7 0.42 3e-10 2e-4 2e-3 0.3 0.4 0.5 7e+5 5e-13 0 1e-6 1e-6 0.05 0.0402802 1e+06 571 -4.19854e-07 -4.19854e-07
2770 27 1e+6 0.3 0.25 1e-7 0.42 3e-10 2e-4 2e-3 0.3 0.4 0.5 7e+5 5e-13 0 1e-6 1e-6 0.05 0 716339 567 -4.96322e-06 -1000
2770 28 1e+6 0.3 0.25 1e-7 0.42 3e-10 2e-4 2e-3 0.3 0.4 0.5 7e+5 5e-13 0 1e-6 1e-6 0.05 0 171786 531 -2.06964e-05 -1000
2770 29 1e+6 0.3 0.25 1e-7 0.42 3e-10 2e-4 2e-3 0.3 0.4 0.5 7e+5 5e-13 0 1e-6 1e-6 0.05 0.00753296 1e+06 531 -2.16905e-06 -2.16905e-06
2770 30 1e+6 0.3 0.25 1e-7 0.42 3e-10 2e-4 2e-3 0.3 0.4 0.5 7e+5 5e-13 0 1e-6 1e-6 0.05 0.05 1e+06 520 -2.97252e-07 -2.97252e-07
2770 31 1e+6 0.3 0.25 1e-7 0.42 3e-10 2e-4 2e-3 0.3 0.4 0.5 7e+5 5e-13 0 1e-6 1e-6 0.05 0.0579151 1e+06 518 -1.54151e-07 -1.54151e-07
2770 32 1e+6 0.3 0.25 1e-7 0.42 3e-10 2e-4 2e-3 0.3 0.4 0.5 7e+5 5e-13 0 1e-6 1e-6 0.05 0 865325 550 -4.10868e-06 -1000
2770 33 1e+6 0.3 0.25 1e-7 0.42 3e-10 2e-4 2e-3 0.3 0.4 0.5 7e+5 5e-13 0 1e-6 1e-6 0.05 0 481101 517 -7.39002e-06 -1000
2770 34 1e+6 0.3 0.25 1e-7 0.42 3e-10 2e-4 2e-3 0.3 0.4 0.5 7e+5 5e-13 0 1e-6 1e-6 0.05 0 581790 528 -6.11105e-06 -1000
2770 35 1e+6 0.3 0.25 1e-7 0.42 3e-10 2e-4 2e-3 0.3 0.4 0.5 7e+5 5e-13 0 1e-6 1e-6 0.05 0 860384 502 -4.13228e-06 -1000
2770 36 1e+6 0.3 0.25 1e-7 0.42 3e-10 2e-4 2e-3 0.3 0.4 0.5 7e+5 5e-13 0 1e-6 1e-6 0.05 0 363355 571 -9.78477e-06 -1000
2770 37 1e+6 0.3 0.25 1e-7 0.42 3e-10 2e-4 2e-3 0.3 0.4 0.5 7e+5 5e-13 0 1e-6 1e-6 0.05 0.0226876 1e+06 573 -9.90399e-07 -9.90399e-07
2770 38 1e+6 0.3 0.25 1e-7 0.42 3e-10 2e-4 2e-3 0.3 0.4 0.5 7e+5 5e-13 0 1e-6 1e-6 0.05 0.137363 1e+06 546 7.6214e-07 7.6214e-07
2770 39 1e+6 0.3 0.25 1e-7 0.42 3e-10 2e-4 2e-3 0.3 0.4 0.5 7e+5 5e-13 0 1e-6 1e-6 0.05 0.0807087 1e+06 508 1.58224e-07 1.58224e-07
2770 40 1e+6 0.3 0.35 1e-7 0.42 3e-10 2e-4 2e-3 0.3 0.4 0.5 7e+5 5e-13 0 1e-6 1e-6 0.05 0 529974 539 -6.70853e-06 -1000
2770 41 1e+6 0.3 0.35 1e-7 0.42 3e-10 2e-4 2e-3 0.3 0.4 0.5 7e+5 5e-13 0 1e-6 1e-6 0.05 0.096475 1e+06 539 3.95896e-07 3.95896e-07
2770 42 1e+6 0.3 0.35 1e-7 0.42 3e-10 2e-4 2e-3 0.3 0.4 0.5 7e+5 5e-13 0 1e-6 1e-6 0.05 0.0949721 1e+06 537 3.76478e-07 3.76478e-07
2770 43 1e+6 0.3 0.35 1e-7 0.42 3e-10 2e-4 2e-3 0.3 0.4 0.5 7e+5 5e-13 0 1e-6 1e-6 0.05 0 461615 513 -7.70198e-06 -1000
2770 44 1e+6 0.3 0.35 1e-7 0.42 3e-10 2e-4 2e-3 0.3 0.4 0.5 7e+5 5e-13 0 1e-6 1e-6 0.05 0.0269231 1e+06 520 -9.16291e-07 -9.16291e-07
2770 45 1e+6 0.3 0.35 1e-7 0.42 3e-10 2e-4 2e-3 0.3 0.4 0.5 7e+5 5e-13 0 1e-6 1e-6 0.05 0.182456 1e+06 570 1.08904e-06 1.08904e-06
2770 46 1e+6 0.3 0.35 1e-7 0.42 3e-10 2e-4 2e-3 0.3 0.4 0.5 7e+5 5e-13 0 1e-6 1e-6 0.05 0 533383 492 -6.66565e-06 -1000
2770 47 1e+6 0.3 0.35 1e-7 0.42 3e-10 2e-4 2e-3 0.3 0.4 0.5 7e+5 5e-13 0 1e-6 1e-6 0.05 0 399033 517 -8.90992e-06 -1000
2770 48 1e+6 0.3 0.35 1e-7 0.42 3e-10 2e-4 2e-3 0.3 0.4 0.5 7e+5 5e-13 0 1e-6 1e-6 0.05 0 99239.9 510 -3.58258e-05 -1000
2770 49 1e+6 0.3 0.35 1e-7 0.42 3e-10 2e-4 2e-3 0.3 0.4 0.5 7e+5 5e-13 0 1e-6 1e-6 0.05 0 813630 535 -4.36973e-06 -1000
2770 50 1e+6 0.3 0.35 1e-7 0.42 3e-10 2e-4 2e-3 0.3 0.4 0.5 7e+5 5e-13 0 1e-6 1e-6 0.05 0 467761 534 -7.60079e-06 -1000
2770 51 1e+6 0.3 0.35 1e-7 0.42 3e-10 2e-4 2e-3 0.3 0.4 0.5 7e+5 5e-13 0 1e-6 1e-6 0.05 0.0485981 1e+06 535 -2.97252e-07 -2.97252e-07
2770 52 1e+6 0.3 0.35 1e-7 0.42 3e-10 2e-4 2e-3 0.3 0.4 0.5 7e+5 5e-13 0 1e-6 1e-6 0.05 0 357144 484 -9.95494e-06 -1000
2770 53 1e+6 0.3 0.35 1e-7 0.42 3e-10 2e-4 2e-3 0.3 0.4 0.5 7e+5 5e-13 0 1e-6 1e-6 0.05 0.124535 1e+06 538 6.49345e-07 6.49345e-07
2770 54 1e+6 0.3 0.35 1e-7 0.42 3e-10 2e-4 2e-3 0.3 0.4 0.5 7e+5 5e-13 0 1e-6 1e-6 0.05 0.0745234 1e+06 577 2.05852e-07 2.05852e-07
2770 55 1e+6 0.3 0.35 1e-7 0.42 3e-10 2e-4 2e-3 0.3 0.4 0.5 7e+5 5e-13 0 1e-6 1e-6 0.05 0 783337 539 -4.53872e-06 -1000
2770 56 1e+6 0.3 0.35 1e-7 0.42 3e-10 2e-4 2e-3 0.3 0.4 0.5 7e+5 5e-13 0 1e-6 1e-6 0.05 0 464759 540 -7.64988e-06 -1000
2770 57 1e+6 0.3 0.35 1e-7 0.42 3e-10 2e-4 2e-3 0.3 0.4 0.5 7e+5 5e-13 0 1e-6 1e-6 0.05 0.0827465 1e+06 568 2.948e-07 2.948e-07
2770 58 1e+6 0.3 0.35 1e-7 0.42 3e-10 2e-4 2e-3 0.3 0.4 0.5 7e+5 5e-13 0 1e-6 1e-6 0.05 0 983627 555 -3.61453e-06 -1000
2770 59 1e+6 0.3 0.35 1e-7 0.42 3e-10 2e-4 2e-3 0.3 0.4 0.5 7e+5 5e-13 0 1e-6 1e-6 0.05 0 469467 509 -7.57315e-06 -1000
2770 60 1e+6 0.35 0.3 1e-7 0.42 3e-10 2e-4 2e-3 0.3 0.4 0.5 7e+5 5e-13 0 1e-6 1e-6 0.05 0.0536398 1e+06 522 -2.23144e-07 -2.23144e-07
2770 61 1e+6 0.35 0.3 1e-7 0.42 3e-10 2e-4 2e-3 0.3 0.4 0.5 7e+5 5e-13 0 1e-6 1e-6 0.05 0.0295858 1e+06 507 -8.47298e-07 -8.47298e-07
2770 62 1e+6 0.35 0.3 1e-7 0.42 3e-10 2e-4 2e-3 0.3 0.4 0.5 7e+5 5e-13 0 1e-6 1e-6 0.05 0.126437 1e+06 522 6.34307e-07 6.34307e-07
2770 63 1e+6 0.35 0.3 1e-7 0.42 3e-10 2e-4 2e-3 0.3 0.4 0.5 7e+5 5e-13 0 1e-6 1e-6 0.05 0.0382294 1e+06 497 -6.10909e-07 -6.10909e-07
2770 64 1e+6 0.35 0.3 1e-7 0.42 3e-10 2e-4 2e-3 0.3 0.4 0.5 7e+5 5e-13 0 1e-6 1e-6 0.05 0.0730689 1e+06 479 0 0
2770 65 1e+6 0.35 0.3 1e-7 0.42 3e-10 2e-4 2e-3 0.3 0.4 0.5 7e+5 5e-13 0 1e-6 1e-6 0.05 0 830462 465 -4.28117e-06 -1000
2770 66 1e+6 0.35 0.3 1e-7 0.42 3e-10 2e-4 2e-3 0.3 0.4 0.5 7e+5 5e-13 0 1e-6 1e-6 0.05 0.148438 1e+06 512 7.75385e-07 7.75385e-07
2770 67 1e+6 0.35 0.3 1e-7 0.42 3e-10 2e-4 2e-3 0.3 0.4 0.5 7e+5 5e-13 0 1e-6 1e-6 0.05 0.0785563 1e+06 471 5.55699e-08 5.55699e-08
2770 68 1e+6 0.35 0.3 1e-7 0.42 3e-10 2e-4 2e-3 0.3 0.4 0.5 7e+5 5e-13 0 1e-6 1e-6 0.05 0 514803 497 -6.90622e-06 -1000
2770 69 1e+6 0.35 0.3 1e-7 0.42 3e-10 2e-4 2e-3 0.3 0.4 0.5 7e+5 5e-13 0 1e-6 1e-6 0.05 0.141509 1e+06 530 7.6214e-07 7.6214e-07
2770 70 1e+6 0.35 0.3 1e-7 0.42 3e-10 2e-4 2e-3 0.3 0.4 0.5 7e+5 5e-13 0 1e-6 1e-6 0.05 0 700848 492 -5.07292e-06 -1000
2770 71 1e+6 0.35 0.3 1e-7 0.42 3e-10 2e-4 2e-3 0.3 0.4 0.5 7e+5 5e-13 0 1e-6 1e-6 0.05 0.0935551 1e+06 481 2.51314e-07 2.51314e-07
2770 72 1e+6 0.35 0.3 1e-7 0.42 3e-10 2e-4 2e-3 0.3 0.4 0.5 7e+5 5e-13 0 1e-6 1e-6 0.05 0.0346232 1e+06 491 -7.22135e-07 -7.22135e-07
2770 73 1e+6 0.35 0.3 1e-7 0.42 3e-10 2e-4 2e-3 0.3 0.4 0.5 7e+5 5e-13 0 1e-6 1e-6 0.05 0 524062 467 -6.78421e-06 -1000
2770 74 1e+6 0.35 0.3 1e-7 0.42 3e-10 2e-4 2e-3 0.3 0.4 0.5 7e+5 5e-13 0 1e-6 1e-6 0.05 0.0163934 1e+06 488 -1.47591e-06 -1.47591e-06
2770 75 1e+6 0.35 0.3 1e-7 0.42 3e-10 2e-4 2e-3 0.3 0.4 0.5 7e+5 5e-13 0 1e-6 1e-6 0.05 0 815889 508 -4.35764e-06 -1000
2770 76 1e+6 0.35 0.3 1e-7 0.42 3e-10 2e-4 2e-3 0.3 0.4 0.5 7e+5 5e-13 0 1e-6 1e-6 0.05 0 976503 534 -3.6409e-06 -1000
2770 77 1e+6 0.35 0.3 1e-7 0.42 3e-10 2e-4 2e-3 0.3 0.4 0.5 7e+5 5e-13 0 1e-6 1e-6 0.05 0 299228 477 -1.18817e-05 -1000
2770 78 1e+6 0.35 0.3 1e-7 0.42 3e-10 2e-4 2e-3 0.3 0.4 0.5 7e+5 5e-13 0 1e-6 1e-6 0.05 0.0163339 1e+06 551 -1.35812e-06 -1.35812e-06
2770 79 1e+6 0.35 0.3 1e-7 0.42 3e-10 2e-4 2e-3 0.3 0.4 0.5 7e+5 5e-13 0 1e-6 1e-6 0.05 0.108434 1e+06 498 4.33636e-07 4.33636e-07
2770 80 1e+6 0.05 0.1 5e-8 0.42 3e-10 2e-4 2e-3 0.3 0.4 0.5 7e+5 5e-13 0 1e-6 1e-6 0.05 0.912371 1e+06 582 2.71941e-06 2.71941e-06
2770 81 1e+6 0.05 0.1 5e-8 0.42 3e-10 2e-4 2e-3 0.3 0.4 0.5 7e+5 5e-13 0 1e-6 1e-6 0.05 0.967509 1e+06 554 2.72879e-06 2.72879e-06
2770 82 1e+6 0.05 0.1 5e-8 0.42 3e-10 2e-4 2e-3 0.3 0.4 0.5 7e+5 5e-13 0 1e-6 1e-6 0.05 0 90005.8 445 -3.95013e-05 -1000
2770 83 1e+6 0.05 0.1 5e-8 0.42 3e-10 2e-4 2e-3 0.3 0.4 0.5 7e+5 5e-13 0 1e-6 1e-6 0.05 0.734463 1e+06 531 2.4108e-06 2.4108e-06
2770 84 1e+6 0.05 0.1 5e-8 0.42 3e-10 2e-4 2e-3 0.3 0.4 0.5 7e+5 5e-13 0 1e-6 1e-6 0.05 0 60412.6 432 -5.88511e-05 -1000
2770 85 1e+6 0.05 0.1 5e-8 0.42 3e-10 2e-4 2e-3 0.3 0.4 0.5 7e+5 5e-13 0 1e-6 1e-6 0.05 0 60491.1 433 -5.87747e-05 -1000
2770 86 1e+6 0.05 0.1 5e-8 0.42 3e-10 2e-4 2e-3 0.3 0.4 0.5 7e+5 5e-13 0 1e-6 1e-6 0.05 0.881533 1e+06 574 2.67119e-06 2.67119e-06
2770 87 1e+6 0.05 0.1 5e-8 0.42 3e-10 2e-4 2e-3 0.3 0.4 0.5 7e+5 5e-13 0 1e-6 1e-6 0.05 0 64030.5 401 -5.55259e-05 -1000
2770 88 1e+6 0.05 0.1 5e-8 0.42 3e-10 2e-4 2e-3 0.3 0.4 0.5 7e+5 5e-13 0 1e-6 1e-6 0.05 0.926724 1e+06 696 2.9139e-06 2.9139e-06
2770 89 1e+6 0.05 0.1 5e-8 0.42 3e-10 2e-4 2e-3 0.3 0.4 0.5 7e+5 5e-13 0 1e-6 1e-6 0.05 0 51317.3 440 -6.92817e-05 -1000
2770 90 1e+6 0.05 0.1 5e-8 0.42 3e-10 2e-4 2e-3 0.3 0.4 0.5 7e+5 5e-13 0 1e-6 1e-6 0.05 0 50537.3 440 -7.0351e-05 -1000
2770 91 1e+6 0.05 0.1 5e-8 0.42 3e-10 2e-4 2e-3 0.3 0.4 0.5 7e+5 5e-13 0 1e-6 1e-6 0.05 0.735294 1e+06 578 2.49674e-06 2.49674e-06
2770 92 1e+6 0.05 0.1 5e-8 0.42 3e-10 2e-4 2e-3 0.3 0.4 0.5 7e+5 5e-13 0 1e-6 1e-6 0.05 0.971893 1e+06 676 2.93234e-06 2.93234e-06
2770 93 1e+6 0.05 0.1 5e-8 0.42 3e-10 2e-4 2e-3 0.3 0.4 0.5 7e+5 5e-13 0 1e-6 1e-6 0.05 0.960813 1e+06 689 2.93992e-06 2.93992e-06
2770 94 1e+6 0.05 0.1 5e-8 0.42 3e-10 2e-4 2e-3 0.3 0.4 0.5 7e+5 5e-13 0 1e-6 1e-6 0.05 1 828076 772 3.73593e-06 3.73593e-06
2770 95 1e+6 0.05 0.1 5e-8 0.42 3e-10 2e-4 2e-3 0.3 0.4 0.5 7e+5 5e-13 0 1e-6 1e-6 0.05 0.986278 1e+06 583 2.79902e-06 2.79902e-06
2770 96 1e+6 0.05 0.1 5e-8 0.42 3e-10 2e-4 2e-3 0.3 0.4 0.5 7e+5 5e-13 0 1e-6 1e-6 0.05 0 64740.2 417 -5.49171e-05 -1000
2770 97 1e+6 0.05 0.1 5e-8 0.42 3e-10 2e-4 2e-3 0.3 0.4 0.5 7e+5 5e-13 0 1e-6 1e-6 0.05 0.797872 1e+06 564 2.5539e-06 2.5539e-06
2770 98 1e+6 0.05 0.1 5e-8 0.42 3e-10 2e-4 2e-3 0.3 0.4 0.5 7e+5 5e-13 0 1e-6 1e-6 0.05 0.870707 1e+06 990 3.20391e-06 3.20391e-06
2770 99 1e+6 0.05 0.1 5e-8 0.42 3e-10 2e-4 2e-3 0.3 0.4 0.5 7e+5 5e-13 0 1e-6 1e-6 0.05 0 72703.8 392 -4.89018e-05 -1000
2770 100 1e+6 0.1 0.05 5e-8 0.42 3e-10 2e-4 2e-3 0.3 0.4 0.5 7e+5 5e-13 0 1e-6 1e-6 0.05 0 31489.7 551 -0.000117146 -1000
2770 101 1e+6 0.1 0.05 5e-8 0.42 3e-10 2e-4 2e-3 0.3 0.4 0.5 7e+5 5e-13 0 1e-6 1e-6 0.05 0 14876.4 673 -0.000247968 -1000
2770 102 1e+6 0.1 0.05 5e-8 0.42 3e-10 2e-4 2e-3 0.3 0.4 0.5 7e+5 5e-13 0 1e-6 1e-6 0.05 0 21379.7 632 -0.000172541 -1000
2770 103 1e+6 0.1 0.05 5e-8 0.42 3e-10 2e-4 2e-3 0.3 0.4 0.5 7e+5 5e-13 0 1e-6 1e-6 0.05 0 33682.3 526 -0.00010952 -1000
2770 104 1e+6 0.1 0.05 5e-8 0.42 3e-10 2e-4 2e-3 0.3 0.4 0.5 7e+5 5e-13 0 1e-6 1e-6 0.05 0 21204.1 613 -0.00017397 -1000
2770 105 1e+6 0.1 0.05 5e-8 0.42 3e-10 2e-4 2e-3 0.3 0.4 0.5 7e+5 5e-13 0 1e-6 1e-6 0.05 0 48435.5 582 -7.61606e-05 -1000
2770 106 1e+6 0.1 0.05 5e-8 0.42 3e-10 2e-4 2e-3 0.3 0.4 0.5 7e+5 5e-13 0 1e-6 1e-6 0.05 0 38159.8 550 -9.66691e-05 -1000
2770 107 1e+6 0.1 0.05 5e-8 0.42 3e-10 2e-4 2e-3 0.3 0.4 0.5 7e+5 5e-13 0 1e-6 1e-6 0.05 0 23770.5 559 -0.000155187 -1000
2770 108 1e+6 0.1 0.05 5e-8 0.42 3e-10 2e-4 2e-3 0.3 0.4 0.5 7e+5 5e-13 0 1e-6 1e-6 0.05 0 48994.4 566 -7.52919e-05 -1000
2770 109 1e+6 0.1 0.05 5e-8 0.42 3e-10 2e-4 2e-3 0.3 0.4 0.5 7e+5 5e-13 0 1e-6 1e-6 0.05 0 16348.5 668 -0.00022564 -1000
2770 110 1e+6 0.1 0.05 5e-8 0.42 3e-10 2e-4 2e-3 0.3 0.4 0.5 7e+5 5e-13 0 1e-6 1e-6 0.05 0 51504.9 527 -7.1622e-05 -1000
2770 111 1e+6 0.1 0.05 5e-8 0.42 3e-10 2e-4 2e-3 0.3 0.4 0.5 7e+5 5e-13 0 1e-6 1e-6 0.05 0 27256.2 572 -0.000135341 -1000
2770 112 1e+6 0.1 0.05 5e-8 0.42 3e-10 2e-4 2e-3 0.3 0.4 0.5 7e+5 5e-13 0 1e-6 1e-6 0.05 0 28720.9 570 -0.000128439 -1000
2770 113 1e+6 0.1 0.05 5e-8 0.42 3e-10 2e-4 2e-3 0.3 0.4 0.5 7e+5 5e-13 0 1e-6 1e-6 0.05 0 26034.1 574 -0.000141694 -1000
2770 114 1e+6 0.1 0.05 5e-8 0.42 3e-10 2e-4 2e-3 0.3 0.4 0.5 7e+5 5e-13 0 1e-6 1e-6 0.05 0 48297 545 -7.6379e-05 -1000
2770 115 1e+6 0.1 0.05 5e-8 0.42 3e-10 2e-4 2e-3 0.3 0.4 0.5 7e+5 5e-13 0 1e-6 1e-6 0.05 0 28648.7 564 -0.000128763 -1000
2770 116 1e+6 0.1 0.05 5e-8 0.42 3e-10 2e-4 2e-3 0.3 0.4 0.5 7e+5 5e-13 0 1e-6 1e-6 0.05 0 25034.1 572 -0.000147354 -1000
2770 117 1e+6 0.1 0.05 5e-8 0.42 3e-10 2e-4 2e-3 0.3 0.4 0.5 7e+5 5e-13 0 1e-6 1e-6 0.05 0 34207.9 501 -0.000107837 -1000
2770 118 1e+6 0.1 0.05 5e-8 0.42 3e-10 2e-4 2e-3 0.3 0.4 0.5 7e+5 5e-13 0 1e-6 1e-6 0.05 0 18226 675 -0.000202397 -1000
2770 119 1e+6 0.1 0.05 5e-8 0.42 3e-10 2e-4 2e-3 0.3 0.4 0.5 7e+5 5e-13 0 1e-6 1e-6 0.05 0 30741.9 553 -0.000119995 -1000
2770 120 1e+6 0.1 0.15 5e-8 0.42 3e-10 2e-4 2e-3 0.3 0.4 0.5 7e+5 5e-13 0 1e-6 1e-6 0.05 0.350629 1e+06 636 1.71829e-06 1.71829e-06
2770 121 1e+6 0.1 0.15 5e-8 0.42 3e-10 2e-4 2e-3 0.3 0.4 0.5 7e+5 5e-13 0 1e-6 1e-6 0.05 0.124803 1e+06 633 6.80568e-07 6.80568e-07
2770 122 1e+6 0.1 0.15 5e-8 0.42 3e-10 2e-4 2e-3 0.3 0.4 0.5 7e+5 5e-13 0 1e-6 1e-6 0.05 0.185185 1e+06 594 1.0116e-06 1.0116e-06
2770 123 1e+6 0.1 0.15 5e-8 0.42 3e-10 2e-4 2e-3 0.3 0.4 0.5 7e+5 5e-13 0 1e-6 1e-6 0.05 0.164983 1e+06 594 8.96088e-07 8.96088e-07
2770 124 1e+6 0.1 0.15 5e-8 0.42 3e-10 2e-4 2e-3 0.3 0.4 0.5 7e+5 5e-13 0 1e-6 1e-6 0.05 0.0699816 1e+06 543 -5.12933e-08 -5.12933e-08
2770 125 1e+6 0.1 0.15 5e-8 0.42 3e-10 2e-4 2e-3 0.3 0.4 0.5 7e+5 5e-13 0 1e-6 1e-6 0.05 0.321267 1e+06 663 1.67241e-06 1.67241e-06
2770 126 1e+6 0.1 0.15 5e-8 0.42 3e-10 2e-4 2e-3 0.3 0.4 0.5 7e+5 5e-13 0 1e-6 1e-6 0.05 0.518639 1e+06 617 2.07944e-06 2.07944e-06
2770 127 1e+6 0.1 0.15 5e-8 0.42 3e-10 2e-4 2e-3 0.3 0.4 0.5 7e+5 5e-13 0 1e-6 1e-6 0.05 0.230375 1e+06 586 1.2164e-06 1.2164e-06
2770 128 1e+6 0.1 0.15 5e-8 0.42 3e-10 2e-4 2e-3 0.3 0.4 0.5 7e+5 5e-13 0 1e-6 1e-6 0.05 0.369048 1e+06 672 1.82455e-06 1.82455e-06
2770 129 1e+6 0.1 0.15 5e-8 0.42 3e-10 2e-4 2e-3 0.3 0.4 0.5 7e+5 5e-13 0 1e-6 1e-6 0.05 0.217676 1e+06 611 1.20147e-06 1.20147e-06
2770 130 1e+6 0.1 0.15 5e-8 0.42 3e-10 2e-4 2e-3 0.3 0.4 0.5 7e+5 5e-13 0 1e-6 1e-6 0.05 0 136174 582 -2.70895e-05 -1000
2770 131 1e+6 0.1 0.15 5e-8 0.42 3e-10 2e-4 2e-3 0.3 0.4 0.5 7e+5 5e-13 0 1e-6 1e-6 0.05 0.158784 1e+06 592 8.54415e-07 8.54415e-07
2770 132 1e+6 0.1 0.15 5e-8 0.42 3e-10 2e-4 2e-3 0.3 0.4 0.5 7e+5 5e-13 0 1e-6 1e-6 0.05 0.132328 1e+06 597 6.80568e-07 6.80568e-07
2770 133 1e+6 0.1 0.15 5e-8 0.42 3e-10 2e-4 2e-3 0.3 0.4 0.5 7e+5 5e-13 0 1e-6 1e-6 0.05 0 51030.3 499 -7.22881e-05 -1000
2770 134 1e+6 0.1 0.15 5e-8 0.42 3e-10 2e-4 2e-3 0.3 0.4 0.5 7e+5 5e-13 0 1e-6 1e-6 0.05 0.329851 1e+06 670 1.70928e-06 1.70928e-06
2770 135 1e+6 0.1 0.15 5e-8 0.42 3e-10 2e-4 2e-3 0.3 0.4 0.5 7e+5 5e-13 0 1e-6 1e-6 0.05 0.295385 1e+06 650 1.56862e-06 1.56862e-06
2770 136 1e+6 0.1 0.15 5e-8 0.42 3e-10 2e-4 2e-3 0.3 0.4 0.5 7e+5 5e-13 0 1e-6 1e-6 0.05 0.141577 1e+06 558 6.80568e-07 6.80568e-07
2770 137 1e+6 0.1 0.15 5e-8 0.42 3e-10 2e-4 2e-3 0.3 0.4 0.5 7e+5 5e-13 0 1e-6 1e-6 0.05 0.25974 1e+06 539 1.25276e-06 1.25276e-06
2770 138 1e+6 0.1 0.15 5e-8 0.42 3e-10 2e-4 2e-3 0.3 0.4 0.5 7e+5 5e-13 0 1e-6 1e-6 0.05 0.355357 1e+06 560 1.60443e-06 1.60443e-06
2770 139 1e+6 0.1 0.15 5e-8 0.42 3e-10 2e-4 2e-3 0.3 0.4 0.5 7e+5 5e-13 0 1e-6 1e-6 0.05 0.271624 1e+06 659 1.49851e-06 1.49851e-06
2770 140 1e+6 0.15 0.1 5e-8 0.42 3e-10 2e-4 2e-3 0.3 0.4 0.5 7e+5 5e-13 0 1e-6 1e-6 0.05 0 36507.4 545 -0.000101045 -1000
2770 141 1e+6 0.15 0.1 5e-8 0.42 3e-10 2e-4 2e-3 0.3 0.4 0.5 7e+5 5e-13 0 1e-6 1e-6 0.05 0 40446.2 529 -9.12047e-05 -1000
2770 142 1e+6 0.15 0.1 5e-8 0.42 3e-10 2e-4 2e-3 0.3 0.4 0.5 7e+5 5e-13 0 1e-6 1e-6 0.05 0 155862 596 -2.36676e-05 -1000
2770 143 1e+6 0.15 0.1 5e-8 0.42 3e-10 2e-4 2e-3 0.3 0.4 0.5 7e+5 5e-13 0 1e-6 1e-6 0.05 0 16537.4 612 -0.000223063 -1000
2770 144 1e+6 0.15 0.1 5e-8 0.42 3e-10 2e-4 2e-3 0.3 0.4 0.5 7e+5 5e-13 0 1e-6 1e-6 0.05 0 275484 610 -1.33906e-05 -1000
2770 145 1e+6 0.15 0.1 5e-8 0.42 3e-10 2e-4 2e-3 0.3 0.4 0.5 7e+5 5e-13 0 1e-6 1e-6 0.05 0 37662.3 535 -9.79463e-05 -1000
2770 146 1e+6 0.15 0.1 5e-8 0.42 3e-10 2e-4 2e-3 0.3 0.4 0.5 7e+5 5e-13 0 1e-6 1e-6 0.05 0 44808.5 617 -8.23254e-05 -1000
2770 147 1e+6 0.15 0.1 5e-8 0.42 3e-10 2e-4 2e-3 0.3 0.4 0.5 7e+5 5e-13 0 1e-6 1e-6 0.05 0 273029 611 -1.35109e-05 -1000
2770 148 1e+6 0.15 0.1 5e-8 0.42 3e-10 2e-4 2e-3 0.3 0.4 0.5 7e+5 5e-13 0 1e-6 1e-6 0.05 0 19124.7 608 -0.000192886 -1000
2770 149 1e+6 0.15 0.1 5e-8 0.42 3e-10 2e-4 2e-3 0.3 0.4 0.5 7e+5 5e-13 0 1e-6 1e-6 0.05 0 44819.1 568 -8.2306e-05 -1000
2770 150 1e+6 0.15 0.1 5e-8 0.42 3e-10 2e-4 2e-3 0.3 0.4 0.5 7e+5 5e-13 0 1e-6 1e-6 0.05 0 365976 591 -1.00796e-05 -1000
2770 151 1e+6 0.15 0.1 5e-8 0.42 3e-10 2e-4 2e-3 0.3 0.4 0.5 7e+5 5e-13 0 1e-6 1e-6 0.05 0 75935.9 609 -4.85788e-05 -1000
2770 152 1e+6 0.15 0.1 5e-8 0.42 3e-10 2e-4 2e-3 0.3 0.4 0.5 7e+5 5e-13 0 1e-6 1e-6 0.05 0 42754.3 549 -8.62808e-05 -1000
2770 153 1e+6 0.15 0.1 5e-8 0.42 3e-10 2e-4 2e-3 0.3 0.4 0.5 7e+5 5e-13 0 1e-6 1e-6 0.05 0 205943 607 -1.79121e-05 -1000
2770 154 1e+6 0.15 0.1 5e-8 0.42 3e-10 2e-4 2e-3 0.3 0.4 0.5 7e+5 5e-13 0 1e-6 1e-6 0.05 0 536641 544 -6.87401e-06 -1000
2770 155 1e+6 0.15 0.1 5e-8 0.42 3e-10 2e-4 2e-3 0.3 0.4 0.5 7e+5 5e-13 0 1e-6 1e-6 0.05 0 129759 576 -2.84286e-05 -1000
2770 156 1e+6 0.15 0.1 5e-8 0.42 3e-10 2e-4 2e-3 0.3 0.4 0.5 7e+5 5e-13 0 1e-6 1e-6 0.05 0 30900.3 521 -0.00011938 -1000
2770 157 1e+6 0.15 0.1 5e-8 0.42 3e-10 2e-4 2e-3 0.3 0.4 0.5 7e+5 5e-13 0 1e-6 1e-6 0.05 0 223563 626 -1.65004e-05 -1000
2770 158 1e+6 0.15 0.1 5e-8 0.42 3e-10 2e-4 2e-3 0.3 0.4 0.5 7e+5 5e-13 0 1e-6 1e-6 0.05 0 75709.1 616 -4.87244e-05 -1000
2770 159 1e+6 0.15 0.1 5e-8 0.42 3e-10 2e-4 2e-3 0.3 0.4 0.5 7e+5 5e-13 0 1e-6 1e-6 0.05 0 55957.7 669 -6.59227e-05 -1000
2770 160 1e+6 0.15 0.2 5e-8 0.42 3e-10 2e-4 2e-3 0.3 0.4 0.5 7e+5 5e-13 0 1e-6 1e-6 0.05 0.0172684 1e+06 637 -1.29098e-06 -1.29098e-06
2770 161 1e+6 0.15 0.2 5e-8 0.42 3e-10 2e-4 2e-3 0.3 0.4 0.5 7e+5 5e-13 0 1e-6 1e-6 0.05 0.0635452 1e+06 598 -5.12933e-08 -5.12933e-08
2770 162 1e+6 0.15 0.2 5e-8 0.42 3e-10 2e-4 2e-3 0.3 0.4 0.5 7e+5 5e-13 0 1e-6 1e-6 0.05 0.292562 1e+06 605 1.48727e-06 1.48727e-06
2770 163 1e+6 0.15 0.2 5e-8 0.42 3e-10 2e-4 2e-3 0.3 0.4 0.5 7e+5 5e-13 0 1e-6 1e-6 0.05 0.0615616 1e+06 666 2.46926e-08 2.46926e-08
2770 164 1e+6 0.15 0.2 5e-8 0.42 3e-10 2e-4 2e-3 0.3 0.4 0.5 7e+5 5e-13 0 1e-6 1e-6 0.05 0.100649 1e+06 616 4.38255e-07 4.38255e-07
2770 165 1e+6 0.15 0.2 5e-8 0.42 3e-10 2e-4 2e-3 0.3 0.4 0.5 7e+5 5e-13 0 1e-6 1e-6 0.05 0.18038 1e+06 632 1.04732e-06 1.04732e-06
2770 166 1e+6 0.15 0.2 5e-8 0.42 3e-10 2e-4 2e-3 0.3 0.4 0.5 7e+5 5e-13 0 1e-6 1e-6 0.05 0.0676329 1e+06 621 4.87902e-08 4.87902e-08
2770 167 1e+6 0.15 0.2 5e-8 0.42 3e-10 2e-4 2e-3 0.3 0.4 0.5 7e+5 5e-13 0 1e-6 1e-6 0.05 0.010084 1e+06 595 -1.89712e-06 -1.89712e-06
2770 168 1e+6 0.15 0.2 5e-8 0.42 3e-10 2e-4 2e-3 0.3 0.4 0.5 7e+5 5e-13 0 1e-6 1e-6 0.05 0.0773196 1e+06 582 1.17783e-07 1.17783e-07
2770 169 1e+6 0.15 0.2 5e-8 0.42 3e-10 2e-4 2e-3 0.3 0.4 0.5 7e+5 5e-13 0 1e-6 1e-6 0.05 0.0665499 1e+06 571 -5.12933e-08 -5.12933e-08
2770 170 1e+6 0.15 0.2 5e-8 0.42 3e-10 2e-4 2e-3 0.3 0.4 0.5 7e+5 5e-13 0 1e-6 1e-6 0.05 0.0941915 1e+06 637 4.05465e-07 4.05465e-07
2770 171 1e+6 0.15 0.2 5e-8 0.42 3e-10 2e-4 2e-3 0.3 0.4 0.5 7e+5 5e-13 0 1e-6 1e-6 0.05 0 528422 601 -6.98093e-06 -1000
2770 172 1e+6 0.15 0.2 5e-8 0.42 3e-10 2e-4 2e-3 0.3 0.4 0.5 7e+5 5e-13 0 1e-6 1e-6 0.05 0.301205 1e+06 664 1.60944e-06 1.60944e-06
2770 173 1e+6 0.15 0.2 5e-8 0.42 3e-10 2e-4 2e-3 0.3 0.4 0.5 7e+5 5e-13 0 1e-6 1e-6 0.05 0 201408 584 -1.83155e-05 -1000
2770 174 1e+6 0.15 0.2 5e-8 0.42 3e-10 2e-4 2e-3 0.3 0.4 0.5 7e+5 5e-13 0 1e-6 1e-6 0.05 0.140704 1e+06 597 7.41937e-07 7.41937e-07
2770 175 1e+6 0.15 0.2 5e-8 0.42 3e-10 2e-4 2e-3 0.3 0.4 0.5 7e+5 5e-13 0 1e-6 1e-6 0.05 0.0413223 1e+06 605 -4.70004e-07 -4.70004e-07
2770 176 1e+6 0.15 0.2 5e-8 0.42 3e-10 2e-4 2e-3 0.3 0.4 0.5 7e+5 5e-13 0 1e-6 1e-6 0.05 0.163462 1e+06 624 9.36093e-07 9.36093e-07
2770 177 1e+6 0.15 0.2 5e-8 0.42 3e-10 2e-4 2e-3 0.3 0.4 0.5 7e+5 5e-13 0 1e-6 1e-6 0.05 0.222417 1e+06 571 1.15531e-06 1.15531e-06
2770 178 1e+6 0.15 0.2 5e-8 0.42 3e-10 2e-4 2e-3 0.3 0.4 0.5 7e+5 5e-13 0 1e-6 1e-6 0.05 0.321244 1e+06 579 1.53687e-06 1.53687e-06
2770 179 1e+6 0.15 0.2 5e-8 0.42 3e-10 2e-4 2e-3 0.3 0.4 0.5 7e+5 5e-13 0 1e-6 1e-6 0.05 0.291022 1e+06 646 1.54756e-06 1.54756e-06
2770 180 1e+6 0.2 0.15 5e-8 0.42 3e-10 2e-4 2e-3 0.3 0.4 0.5 7e+5 5e-13 0 1e-6 1e-6 0.05 0 143509 615 -2.57048e-05 -1000
2770 181 1e+6 0.2 0.15 5e-8 0.42 3e-10 2e-4 2e-3 0.3 0.4 0.5 7e+5 5e-13 0 1e-6 1e-6 0.05 0 38065.3 507 -9.69093e-05 -1000
2770 182 1e+6 0.2 0.15 5e-8 0.42 3e-10 2e-4 2e-3 0.3 0.4 0.5 7e+5 5e-13 0 1e-6 1e-6 0.05 0 864909 576 -4.26505e-06 -1000
2770 183 1e+6 0.2 0.15 5e-8 0.42 3e-10 2e-4 2e-3 0.3 0.4 0.5 7e+5 5e-13 0 1e-6 1e-6 0.05 0 475660 555 -7.75529e-06 -1000
2770 184 1e+6 0.2 0.15 5e-8 0.42 3e-10 2e-4 2e-3 0.3 0.4 0.5 7e+5 5e-13 0 1e-6 1e-6 0.05 0 366514 554 -1.00648e-05 -1000
2770 185 1e+6 0.2 0.15 5e-8 0.42 3e-10 2e-4 2e-3 0.3 0.4 0.5 7e+5 5e-13 0 1e-6 1e-6 0.05 0 22425.9 517 -0.000164492 -1000
2770 186 1e+6 0.2 0.15 5e-8 0.42 3e-10 2e-4 2e-3 0.3 0.4 0.5 7e+5 5e-13 0 1e-6 1e-6 0.05 0 793498 563 -4.64888e-06 -1000
2770 187 1e+6 0.2 0.15 5e-8 0.42 3e-10 2e-4 2e-3 0.3 0.4 0.5 7e+5 5e-13 0 1e-6 1e-6 0.05 0.0119048 1e+06 588 -1.74297e-06 -1.74297e-06
2770 188 1e+6 0.2 0.15 5e-8 0.42 3e-10 2e-4 2e-3 0.3 0.4 0.5 7e+5 5e-13 0 1e-6 1e-6 0.05 0.0172117 1e+06 581 -1.38629e-06 -1.38629e-06
2770 189 1e+6 0.2 0.15 5e-8 0.42 3e-10 2e-4 2e-3 0.3 0.4 0.5 7e+5 5e-13 0 1e-6 1e-6 0.05 0 49881.1 592 -7.39535e-05 -1000
2770 190 1e+6 0.2 0.15 5e-8 0.42 3e-10 2e-4 2e-3 0.3 0.4 0.5 7e+5 5e-13 0 1e-6 1e-6 0.05 0 306019 542 -1.20544e-05 -1000
2770 191 1e+6 0.2 0.15 5e-8 0.42 3e-10 2e-4 2e-3 0.3 0.4 0.5 7e+5 5e-13 0 1e-6 1e-6 0.05 0.013468 1e+06 594 -1.60944e-06 -1.60944e-06
2770 192 1e+6 0.2 0.15 5e-8 0.42 3e-10 2e-4 2e-3 0.3 0.4 0.5 7e+5 5e-13 0 1e-6 1e-6 0.05 0 343312 615 -1.0745e-05 -1000
2770 193 1e+6 0.2 0.15 5e-8 0.42 3e-10 2e-4 2e-3 0.3 0.4 0.5 7e+5 5e-13 0 1e-6 1e-6 0.05 0 317605 578 -1.16147e-05 -1000
2770 194 1e+6 0.2 0.15 5e-8 0.42 3e-10 2e-4 2e-3 0.3 0.4 0.5 7e+5 5e-13 0 1e-6 1e-6 0.05 0 813157 585 -4.53649e-06 -1000
2770 195 1e+6 0.2 0.15 5e-8 0.42 3e-10 2e-4 2e-3 0.3 0.4 0.5 7e+5 5e-13 0 1e-6 1e-6 0.05 0 324151 568 -1.13801e-05 -1000
2770 196 1e+6 0.2 0.15 5e-8 0.42 3e-10 2e-4 2e-3 0.3 0.4 0.5 7e+5 5e-13 0 1e-6 1e-6 0.05 0.0207612 1e+06 578 -1.20397e-06 -1.20397e-06
2770 197 1e+6 0.2 0.15 5e-8 0.42 3e-10 2e-4 2e-3 0.3 0.4 0.5 7e+5 5e-13 0 1e-6 1e-6 0.05 0 640227 577 -5.76183e-06 -1000
2770 198 1e+6 0.2 0.15 5e-8 0.42 3e-10 2e-4 2e-3 0.3 0.4 0.5 7e+5 5e-13 0 1e-6 1e-6 0.05 0 216995 609 -1.69999e-05 -1000
2770 199 1e+6 0.2 0.15 5e-8 0.42 3e-10 2e-4 2e-3 0.3 0.4 0.5 7e+5 5e-13 0 1e-6 1e-6 0.05 0 43698 636 -8.44177e-05 -1000
2770 200 1e+6 0.2 0.25 5e-8 0.42 3e-10 2e-4 2e-3 0.3 0.4 0.5 7e+5 5e-13 0 1e-6 1e-6 0.05 0 380671 532 -9.69046e-06 -1000
2770 201 1e+6 0.2 0.25 5e-8 0.42 3e-10 2e-4 2e-3 0.3 0.4 0.5 7e+5 5e-13 0 1e-6 1e-6 0.05 0.163961 1e+06 616 9.26241e-07 9.26241e-07
2770 202 1e+6 0.2 0.25 5e-8 0.42 3e-10 2e-4 2e-3 0.3 0.4 0.5 7e+5 5e-13 0 1e-6 1e-6 0.05 0.099187 1e+06 615 4.21994e-07 4.21994e-07
2770 203 1e+6 0.2 0.25 5e-8 0.42 3e-10 2e-4 2e-3 0.3 0.4 0.5 7e+5 5e-13 0 1e-6 1e-6 0.05 0.0893761 1e+06 593 2.81412e-07 2.81412e-07
2770 204 1e+6 0.2 0.25 5e-8 0.42 3e-10 2e-4 2e-3 0.3 0.4 0.5 7e+5 5e-13 0 1e-6 1e-6 0.05 0.0130933 1e+06 611 -1.60944e-06 -1.60944e-06
2770 205 1e+6 0.2 0.25 5e-8 0.42 3e-10 2e-4 2e-3 0.3 0.4 0.5 7e+5 5e-13 0 1e-6 1e-6 0.05 0.339012 1e+06 587 1.60443e-06 1.60443e-06
2770 206 1e+6 0.2 0.25 5e-8 0.42 3e-10 2e-4 2e-3 0.3 0.4 0.5 7e+5 5e-13 0 1e-6 1e-6 0.05 0 721260 571 -5.11449e-06 -1000
2770 207 1e+6 0.2 0.25 5e-8 0.42 3e-10 2e-4 2e-3 0.3 0.4 0.5 7e+5 5e-13 0 1e-6 1e-6 0.05 0.0960145 1e+06 552 2.81412e-07 2.81412e-07
2770 208 1e+6 0.2 0.25 5e-8 0.42 3e-10 2e-4 2e-3 0.3 0.4 0.5 7e+5 5e-13 0 1e-6 1e-6 0.05 0.117544 1e+06 570 5.15813e-07 5.15813e-07
2770 209 1e+6 0.2 0.25 5e-8 0.42 3e-10 2e-4 2e-3 0.3 0.4 0.5 7e+5 5e-13 0 1e-6 1e-6 0.05 0.227045 1e+06 599 1.22378e-06 1.22378e-06
2770 210 1e+6 0.2 0.25 5e-8 0.42 3e-10 2e-4 2e-3 0.3 0.4 0.5 7e+5 5e-13 0 1e-6 1e-6 0.05 0.0408163 1e+06 588 -5.10826e-07 -5.10826e-07
2770 211 1e+6 0.2 0.25 5e-8 0.42 3e-10 2e-4 2e-3 0.3 0.4 0.5 7e+5 5e-13 0 1e-6 1e-6 0.05 0.0203046 1e+06 591 -1.20397e-06 -1.20397e-06
2770 212 1e+6 0.2 0.25 5e-8 0.42 3e-10 2e-4 2e-3 0.3 0.4 0.5 7e+5 5e-13 0 1e-6 1e-6 0.05 0.204698 1e+06 596 1.11514e-06 1.11514e-06
2770 213 1e+6 0.2 0.25 5e-8 0.42 3e-10 2e-4 2e-3 0.3 0.4 0.5 7e+5 5e-13 0 1e-6 1e-6 0.05 0 313941 597 -1.17502e-05 -1000
2770 214 1e+6 0.2 0.25 5e-8 0.42 3e-10 2e-4 2e-3 0.3 0.4 0.5 7e+5 5e-13 0 1e-6 1e-6 0.05 0.0824916 1e+06 594 2.02941e-07 2.02941e-07
2770 215 1e+6 0.2 0.25 5e-8 0.42 3e-10 2e-4 2e-3 0.3 0.4 0.5 7e+5 5e-13 0 1e-6 1e-6 0.05 0 747366 616 -4.93584e-06 -1000
2770 216 1e+6 0.2 0.25 5e-8 0.42 3e-10 2e-4 2e-3 0.3 0.4 0.5 7e+5 5e-13 0 1e-6 1e-6 0.05 0.19898 1e+06 588 1.07329e-06 1.07329e-06
2770 217 1e+6 0.2 0.25 5e-8 0.42 3e-10 2e-4 2e-3 0.3 0.4 0.5 7e+5 5e-13 0 1e-6 1e-6 0.05 0.115183 1e+06 573 5.00775e-07 5.00775e-07
2770 218 1e+6 0.2 0.25 5e-8 0.42 3e-10 2e-4 2e-3 0.3 0.4 0.5 7e+5 5e-13 0 1e-6 1e-6 0.05 0.253659 1e+06 615 1.36098e-06 1.36098e-06
2770 219 1e+6 0.2 0.25 5e-8 0.42 3e-10 2e-4 2e-3 0.3 0.4 0.5 7e+5 5e-13 0 1e-6 1e-6 0.05 0.159574 1e+06 564 8.1093e-07 8.1093e-07
2770 220 1e+6 0.25 0.2 5e-8 0.42 3e-10 2e-4 2e-3 0.3 0.4 0.5 7e+5 5e-13 0 1e-6 1e-6 0.05 0.0767857 1e+06 560 2.05852e-07 2.05852e-07
2770 221 1e+6 0.25 0.2 5e-8 0.42 3e-10 2e-4 2e-3 0.3 0.4 0.5 7e+5 5e-13 0 1e-6 1e-6 0.05 0 656650 550 -5.41438e-06 -1000
2770 222 1e+6 0.25 0.2 5e-8 0.42 3e-10 2e-4 2e-3 0.3 0.4 0.5 7e+5 5e-13 0 1e-6 1e-6 0.05 0.0288625 1e+06 589 -7.22135e-07 -7.22135e-07
2770 223 1e+6 0.25 0.2 5e-8 0.42 3e-10 2e-4 2e-3 0.3 0.4 0.5 7e+5 5e-13 0 1e-6 1e-6 0.05 0.0250896 1e+06 558 -9.16291e-07 -9.16291e-07
2770 224 1e+6 0.25 0.2 5e-8 0.42 3e-10 2e-4 2e-3 0.3 0.4 0.5 7e+5 5e-13 0 1e-6 1e-6 0.05 0 382473 526 -9.29569e-06 -1000
2770 225 1e+6 0.25 0.2 5e-8 0.42 3e-10 2e-4 2e-3 0.3 0.4 0.5 7e+5 5e-13 0 1e-6 1e-6 0.05 0.0493827 1e+06 567 -2.23144e-07 -2.23144e-07
2770 226 1e+6 0.25 0.2 5e-8 0.42 3e-10 2e-4 2e-3 0.3 0.4 0.5 7e+5 5e-13 0 1e-6 1e-6 0.05 0.048474 1e+06 557 -2.59511e-07 -2.59511e-07
2770 227 1e+6 0.25 0.2 5e-8 0.42 3e-10 2e-4 2e-3 0.3 0.4 0.5 7e+5 5e-13 0 1e-6 1e-6 0.05 0 399236 537 -8.90538e-06 -1000
2770 228 1e+6 0.25 0.2 5e-8 0.42 3e-10 2e-4 2e-3 0.3 0.4 0.5 7e+5 5e-13 0 1e-6 1e-6 0.05 0.0369718 1e+06 568 -5.10826e-07 -5.10826e-07
2770 229 1e+6 0.25 0.2 5e-8 0.42 3e-10 2e-4 2e-3 0.3 0.4 0.5 7e+5 5e-13 0 1e-6 1e-6 0.05 0.0188034 1e+06 585 -1.15745e-06 -1.15745e-06
2770 230 1e+6 0.25 0.2 5e-8 0.42 3e-10 2e-4 2e-3 0.3 0.4 0.5 7e+5 5e-13 0 1e-6 1e-6 0.05 0 516471 555 -6.88392e-06 -1000
2770 231 1e+6 0.25 0.2 5e-8 0.42 3e-10 2e-4 2e-3 0.3 0.4 0.5 7e+5 5e-13 0 1e-6 1e-6 0.05 0 655213 547 -5.42625e-06 -1000
2770 232 1e+6 0.25 0.2 5e-8 0.42 3e-10 2e-4 2e-3 0.3 0.4 0.5 7e+5 5e-13 0 1e-6 1e-6 0.05 0 700907 544 -5.0725e-06 -1000
2770 233 1e+6 0.25 0.2 5e-8 0.42 3e-10 2e-4 2e-3 0.3 0.4 0.5 7e+5 5e-13 0 1e-6 1e-6 0.05 0 607771 592 -5.84982e-06 -1000
2770 234 1e+6 0.25 0.2 5e-8 0.42 3e-10 2e-4 2e-3 0.3 0.4 0.5 7e+5 5e-13 0 1e-6 1e-6 0.05 0 614811 571 -5.78283e-06 -1000
2770 235 1e+6 0.25 0.2 5e-8 0.42 3e-10 2e-4 2e-3 0.3 0.4 0.5 7e+5 5e-13 0 1e-6 1e-6 0.05 0 244622 594 -1.45341e-05 -1000
2770 236 1e+6 0.25 0.2 5e-8 0.42 3e-10 2e-4 2e-3 0.3 0.4 0.5 7e+5 5e-13 0 1e-6 1e-6 0.05 0.0371058 1e+06 539 -5.59616e-07 -5.59616e-07
2770 237 1e+6 0.25 0.2 5e-8 0.42 3e-10 2e-4 2e-3 0.3 0.4 0.5 7e+5 5e-13 0 1e-6 1e-6 0.05 0 148260 546 -2.39805e-05 -1000
2770 238 1e+6 0.25 0.2 5e-8 0.42 3e-10 2e-4 2e-3 0.3 0.4 0.5 7e+5 5e-13 0 1e-6 1e-6 0.05 0 846995 595 -4.1976e-06 -1000
2770 239 1e+6 0.25 0.2 5e-8 0.42 3e-10 2e-4 2e-3 0.3 0.4 0.5 7e+5 5e-13 0 1e-6 1e-6 0.05 0 298580 577 -1.19075e-05 -1000
2770 240 1e+6 0.25 0.3 5e-8 0.42 3e-10 2e-4 2e-3 0.3 0.4 0.5 7e+5 5e-13 0 1e-6 1e-6 0.05 0.0198556 1e+06 554 -1.15745e-06 -1.15745e-06
2770 241 1e+6 0.25 0.3 5e-8 0.42 3e-10 2e-4 2e-3 0.3 0.4 0.5 7e+5 5e-13 0 1e-6 1e-6 0.05 0.0891841 1e+06 527 2.948e-07 2.948e-07
2770 242 1e+6 0.25 0.3 5e-8 0.42 3e-10 2e-4 2e-3 0.3 0.4 0.5 7e+5 5e-13 0 1e-6 1e-6 0.05 0.0954955 1e+06 555 4.14944e-07 4.14944e-07
2770 243 1e+6 0.25 0.3 5e-8 0.42 3e-10 2e-4 2e-3 0.3 0.4 0.5 7e+5 5e-13 0 1e-6 1e-6 0.05 0.00904159 1e+06 553 -1.94591e-06 -1.94591e-06
2770 244 1e+6 0.25 0.3 5e-8 0.42 3e-10 2e-4 2e-3 0.3 0.4 0.5 7e+5 5e-13 0 1e-6 1e-6 0.05 0.118467 1e+06 574 6.6416e-07 6.6416e-07
2770 245 1e+6 0.25 0.3 5e-8 0.42 3e-10 2e-4 2e-3 0.3 0.4 0.5 7e+5 5e-13 0 1e-6 1e-6 0.05 0.153989 1e+06 539 8.63493e-07 8.63493e-07
2770 246 1e+6 0.25 0.3 5e-8 0.42 3e-10 2e-4 2e-3 0.3 0.4 0.5 7e+5 5e-13 0 1e-6 1e-6 0.05 0.102609 1e+06 575 5.22189e-07 5.22189e-07
2770 247 1e+6 0.25 0.3 5e-8 0.42 3e-10 2e-4 2e-3 0.3 0.4 0.5 7e+5 5e-13 0 1e-6 1e-6 0.05 0.0170648 1e+06 586 -1.25276e-06 -1.25276e-06
2770 248 1e+6 0.25 0.3 5e-8 0.42 3e-10 2e-4 2e-3 0.3 0.4 0.5 7e+5 5e-13 0 1e-6 1e-6 0.05 0.0801394 1e+06 574 2.73293e-07 2.73293e-07
2770 249 1e+6 0.25 0.3 5e-8 0.42 3e-10 2e-4 2e-3 0.3 0.4 0.5 7e+5 5e-13 0 1e-6 1e-6 0.05 0.128814 1e+06 590 7.75385e-07 7.75385e-07
2770 250 1e+6 0.25 0.3 5e-8 0.42 3e-10 2e-4 2e-3 0.3 0.4 0.5 7e+5 5e-13 0 1e-6 1e-6 0.05 0.14359 1e+06 585 8.75469e-07 8.75469e-07
2770 251 1e+6 0.25 0.3 5e-8 0.42 3e-10 2e-4 2e-3 0.3 0.4 0.5 7e+5 5e-13 0 1e-6 1e-6 0.05 0.193182 1e+06 528 1.06962e-06 1.06962e-06
2770 252 1e+6 0.25 0.3 5e-8 0.42 3e-10 2e-4 2e-3 0.3 0.4 0.5 7e+5 5e-13 0 1e-6 1e-6 0.05 0.185841 1e+06 565 1.09861e-06 1.09861e-06
2770 253 1e+6 0.25 0.3 5e-8 0.42 3e-10 2e-4 2e-3 0.3 0.4 0.5 7e+5 5e-13 0 1e-6 1e-6 0.05 0 927411 563 -3.83363e-06 -1000
2770 254 1e+6 0.25 0.3 5e-8 0.42 3e-10 2e-4 2e-3 0.3 0.4 0.5 7e+5 5e-13 0 1e-6 1e-6 0.05 0 729111 568 -4.87628e-06 -1000
2770 255 1e+6 0.25 0.3 5e-8 0.42 3e-10 2e-4 2e-3 0.3 0.4 0.5 7e+5 5e-13 0 1e-6 1e-6 0.05 0.303748 1e+06 507 1.4816e-06 1.4816e-06
2770 256 1e+6 0.25 0.3 5e-8 0.42 3e-10 2e-4 2e-3 0.3 0.4 0.5 7e+5 5e-13 0 1e-6 1e-6 0.05 0 345733 571 -1.02835e-05 -1000
2770 257 1e+6 0.25 0.3 5e-8 0.42 3e-10 2e-4 2e-3 0.3 0.4 0.5 7e+5 5e-13 0 1e-6 1e-6 0.05 0.0290381 1e+06 551 -7.82759e-07 -7.82759e-07
2770 258 1e+6 0.25 0.3 5e-8 0.42 3e-10 2e-4 2e-3 0.3 0.4 0.5 7e+5 5e-13 0 1e-6 1e-6 0.05 0.0711679 1e+06 548 1.08214e-07 1.08214e-07
2770 259 1e+6 0.25 0.3 5e-8 0.42 3e-10 2e-4 2e-3 0.3 0.4 0.5 7e+5 5e-13 0 1e-6 1e-6 0.05 0.212069 1e+06 580 1.25684e-06 1.25684e-06
2770 260 1e+6 0.3 0.25 5e-8 0.42 3e-10 2e-4 2e-3 0.3 0.4 0.5 7e+5 5e-13 0 1e-6 1e-6 0.05 0.0454545 1e+06 506 -4.19854e-07 -4.19854e-07
2770 261 1e+6 0.3 0.25 5e-8 0.42 3e-10 2e-4 2e-3 0.3 0.4 0.5 7e+5 5e-13 0 1e-6 1e-6 0.05 0 822646 520 -4.32185e-06 -1000
2770 262 1e+6 0.3 0.25 5e-8 0.42 3e-10 2e-4 2e-3 0.3 0.4 0.5 7e+5 5e-13 0 1e-6 1e-6 0.05 0 371047 524 -9.58193e-06 -1000
2770 263 1e+6 0.3 0.25 5e-8 0.42 3e-10 2e-4 2e-3 0.3 0.4 0.5 7e+5 5e-13 0 1e-6 1e-6 0.05 0.131579 1e+06 532 6.93147e-07 6.93147e-07
2770 264 1e+6 0.3 0.25 5e-8 0.42 3e-10 2e-4 2e-3 0.3 0.4 0.5 7e+5 5e-13 0 1e-6 1e-6 0.05 0.0544747 1e+06 514 -2.23144e-07 -2.23144e-07
2770 265 1e+6 0.3 0.25 5e-8 0.42 3e-10 2e-4 2e-3 0.3 0.4 0.5 7e+5 5e-13 0 1e-6 1e-6 0.05 0 375996 503 -9.45582e-06 -1000
2770 266 1e+6 0.3 0.25 5e-8 0.42 3e-10 2e-4 2e-3 0.3 0.4 0.5 7e+5 5e-13 0 1e-6 1e-6 0.05 0 843548 517 -4.21475e-06 -1000
2770 267 1e+6 0.3 0.25 5e-8 0.42 3e-10 2e-4 2e-3 0.3 0.4 0.5 7e+5 5e-13 0 1e-6 1e-6 0.05 0 352316 534 -1.00914e-05 -1000
2770 268 1e+6 0.3 0.25 5e-8 0.42 3e-10 2e-4 2e-3 0.3 0.4 0.5 7e+5 5e-13 0 1e-6 1e-6 0.05 0.0697248 1e+06 545 8.22381e-08 8.22381e-08
2770 269 1e+6 0.3 0.25 5e-8 0.42 3e-10 2e-4 2e-3 0.3 0.4 0.5 7e+5 5e-13 0 1e-6 1e-6 0.05 0.0268817 1e+06 558 -8.47298e-07 -8.47298e-07
2770 270 1e+6 0.3 0.25 5e-8 0.42 3e-10 2e-4 2e-3 0.3 0.4 0.5 7e+5 5e-13 0 1e-6 1e-6 0.05 0 691266 522 -5.14324e-06 -1000
2770 271 1e+6 0.3 0.25 5e-8 0.42 3e-10 2e-4 2e-3 0.3 0.4 0.5 7e+5 5e-13 0 1e-6 1e-6 0.05 0 395351 555 -8.9929e-06 -1000
2770 272 1e+6 0.3 0.25 5e-8 0.42 3e-10 2e-4 2e-3 0.3 0.4 0.5 7e+5 5e-13 0 1e-6 1e-6 0.05 0 492150 526 -7.22412e-06 -1000
2770 273 1e+6 0.3 0.25 5e-8 0.42 3e-10 2e-4 2e-3 0.3 0.4 0.5 7e+5 5e-13 0 1e-6 1e-6 0.05 0.00959693 1e+06 521 -1.94591e-06 -1.94591e-06
2770 274 1e+6 0.3 0.25 5e-8 0.42 3e-10 2e-4 2e-3 0.3 0.4 0.5 7e+5 5e-13 0 1e-6 1e-6 0.05 0.0532544 1e+06 507 -2.59511e-07 -2.59511e-07
2770 275 1e+6 0.3 0.25 5e-8 0.42 3e-10 2e-4 2e-3 0.3 0.4 0.5 7e+5 5e-13 0 1e-6 1e-6 0.05 0.0492424 1e+06 528 -2.97252e-07 -2.97252e-07
2770 276 1e+6 0.3 0.25 5e-8 0.42 3e-10 2e-4 2e-3 0.3 0.4 0.5 7e+5 5e-13 0 1e-6 1e-6 0.05 0 913018 498 -3.89406e-06 -1000
2770 277 1e+6 0.3 0.25 5e-8 0.42 3e-10 2e-4 2e-3 0.3 0.4 0.5 7e+5 5e-13 0 1e-6 1e-6 0.05 0 731207 564 -4.8623e-06 -1000
2770 278 1e+6 0.3 0.25 5e-8 0.42 3e-10 2e-4 2e-3 0.3 0.4 0.5 7e+5 5e-13 0 1e-6 1e-6 0.05 0 791114 494 -4.49411e-06 -1000
2770 279 1e+6 0.3 0.25 5e-8 0.42 3e-10 2e-4 2e-3 0.3 0.4 0.5 7e+5 5e-13 0 1e-6 1e-6 0.05 0.0210728 1e+06 522 -1.15745e-06 -1.15745e-06
2770 280 1e+6 0.3 0.35 5e-8 0.42 3e-10 2e-4 2e-3 0.3 0.4 0.5 7e+5 5e-13 0 1e-6 1e-6 0.05 0.0678643 1e+06 501 -2.89875e-08 -2.89875e-08
2770 281 1e+6 0.3 0.35 5e-8 0.42 3e-10 2e-4 2e-3 0.3 0.4 0.5 7e+5 5e-13 0 1e-6 1e-6 0.05 0.12476 1e+06 521 6.19039e-07 6.19039e-07
2770 282 1e+6 0.3 0.35 5e-8 0.42 3e-10 2e-4 2e-3 0.3 0.4 0.5 7e+5 5e-13 0 1e-6 1e-6 0.05 0.0516252 1e+06 523 -2.59511e-07 -2.59511e-07
2770 283 1e+6 0.3 0.35 5e-8 0.42 3e-10 2e-4 2e-3 0.3 0.4 0.5 7e+5 5e-13 0 1e-6 1e-6 0.05 0 264949 524 -1.3419e-05 -1000
2770 284 1e+6 0.3 0.35 5e-8 0.42 3e-10 2e-4 2e-3 0.3 0.4 0.5 7e+5 5e-13 0 1e-6 1e-6 0.05 0.0534653 1e+06 505 -2.59511e-07 -2.59511e-07
2770 285 1e+6 0.3 0.35 5e-8 0.42 3e-10 2e-4 2e-3 0.3 0.4 0.5 7e+5 5e-13 0 1e-6 1e-6 0.05 0.0338645 1e+06 502 -7.22135e-07 -7.22135e-07
2770 286 1e+6 0.3 0.35 5e-8 0.42 3e-10 2e-4 2e-3 0.3 0.4 0.5 7e+5 5e-13 0 1e-6 1e-6 0.05 0.0194932 1e+06 513 -1.25276e-06 -1.25276e-06
2770 287 1e+6 0.3 0.35 5e-8 0.42 3e-10 2e-4 2e-3 0.3 0.4 0.5 7e+5 5e-13 0 1e-6 1e-6 0.05 0.0482625 1e+06 518 -3.36472e-07 -3.36472e-07
2770 288 1e+6 0.3 0.35 5e-8 0.42 3e-10 2e-4 2e-3 0.3 0.4 0.5 7e+5 5e-13 0 1e-6 1e-6 0.05 0.0456274 1e+06 526 -3.77294e-07 -3.77294e-07
2770 289 1e+6 0.3 0.35 5e-8 0.42 3e-10 2e-4 2e-3 0.3 0.4 0.5 7e+5 5e-13 0 1e-6 1e-6 0.05 0.101423 1e+06 562 4.87703e-07 4.87703e-07
2770 290 1e+6 0.3 0.35 5e-8 0.42 3e-10 2e-4 2e-3 0.3 0.4 0.5 7e+5 5e-13 0 1e-6 1e-6 0.05 0.0387755 1e+06 490 -6.10909e-07 -6.10909e-07
2770 291 1e+6 0.3 0.35 5e-8 0.42 3e-10 2e-4 2e-3 0.3 0.4 0.5 7e+5 5e-13 0 1e-6 1e-6 0.05 0 445779 540 -7.97558e-06 -1000
2770 292 1e+6 0.3 0.35 5e-8 0.42 3e-10 2e-4 2e-3 0.3 0.4 0.5 7e+5 5e-13 0 1e-6 1e-6 0.05 0.0232143 1e+06 560 -9.90399e-07 -9.90399e-07
2770 293 1e+6 0.3 0.35 5e-8 0.42 3e-10 2e-4 2e-3 0.3 0.4 0.5 7e+5 5e-13 0 1e-6 1e-6 0.05 0.0332031 1e+06 512 -7.22135e-07 -7.22135e-07
2770 294 1e+6 0.3 0.35 5e-8 0.42 3e-10 2e-4 2e-3 0.3 0.4 0.5 7e+5 5e-13 0 1e-6 1e-6 0.05 0.015444 1e+06 518 -1.47591e-06 -1.47591e-06
2770 295 1e+6 0.3 0.35 5e-8 0.42 3e-10 2e-4 2e-3 0.3 0.4 0.5 7e+5 5e-13 0 1e-6 1e-6 0.05 0 436452 538 -8.14602e-06 -1000
2770 296 1e+6 0.3 0.35 5e-8 0.42 3e-10 2e-4 2e-3 0.3 0.4 0.5 7e+5 5e-13 0 1e-6 1e-6 0.05 0 743418 523 -4.78243e-06 -1000
2770 297 1e+6 0.3 0.35 5e-8 0.42 3e-10 2e-4 2e-3 0.3 0.4 0.5 7e+5 5e-13 0 1e-6 1e-6 0.05 0.0240964 1e+06 498 -1.07044e-06 -1.07044e-06
2770 298 1e+6 0.3 0.35 5e-8 0.42 3e-10 2e-4 2e-3 0.3 0.4 0.5 7e+5 5e-13 0 1e-6 1e-6 0.05 0.0870406 1e+06 517 2.51314e-07 2.51314e-07
2770 299 1e+6 0.3 0.35 5e-8 0.42 3e-10 2e-4 2e-3 0.3 0.4 0.5 7e+5 5e-13 0 1e-6 1e-6 0.05 0 910230 533 -3.90599e-06 -1000
2770 300 1e+6 0.35 0.3 5e-8 0.42 3e-10 2e-4 2e-3 0.3 0.4 0.5 7e+5 5e-13 0 1e-6 1e-6 0.05 0.0493827 1e+06 486 -3.77294e-07 -3.77294e-07
2770 301 1e+6 0.35 0.3 5e-8 0.42 3e-10 2e-4 2e-3 0.3 0.4 0.5 7e+5 5e-13 0 1e-6 1e-6 0.05 0.057971 1e+06 483 -2.23144e-07 -2.23144e-07
2770 302 1e+6 0.35 0.3 5e-8 0.42 3e-10 2e-4 2e-3 0.3 0.4 0.5 7e+5 5e-13 0 1e-6 1e-6 0.05 0 899172 499 -3.95402e-06 -1000
2770 303 1e+6 0.35 0.3 5e-8 0.42 3e-10 2e-4 2e-3 0.3 0.4 0.5 7e+5 5e-13 0 1e-6 1e-6 0.05 0.171315 1e+06 502 8.98999e-07 8.98999e-07
2770 304 1e+6 0.35 0.3 5e-8 0.42 3e-10 2e-4 2e-3 0.3 0.4 0.5 7e+5 5e-13 0 1e-6 1e-6 0.05 0 812915 510 -4.37358e-06 -1000
2770 305 1e+6 0.35 0.3 5e-8 0.42 3e-10 2e-4 2e-3 0.3 0.4 0.5 7e+5 5e-13 0 1e-6 1e-6 0.05 0.10998 1e+06 491 4.33636e-07 4.33636e-07
2770 306 1e+6 0.35 0.3 5e-8 0.42 3e-10 2e-4 2e-3 0.3 0.4 0.5 7e+5 5e-13 0 1e-6 1e-6 0.05 0 853725 487 -4.16451e-06 -1000
2770 307 1e+6 0.35 0.3 5e-8 0.42 3e-10 2e-4 2e-3 0.3 0.4 0.5 7e+5 5e-13 0 1e-6 1e-6 0.05 0.0783133 1e+06 498 1.08214e-07 1.08214e-07
2770 308 1e+6 0.35 0.3 5e-8 0.42 3e-10 2e-4 2e-3 0.3 0.4 0.5 7e+5 5e-13 0 1e-6 1e-6 0.05 0.032 1e+06 500 -7.82759e-07 -7.82759e-07
2770 309 1e+6 0.35 0.3 5e-8 0.42 3e-10 2e-4 2e-3 0.3 0.4 0.5 7e+5 5e-13 0 1e-6 1e-6 0.05 0.0314465 1e+06 477 -8.47298e-07 -8.47298e-07
2770 310 1e+6 0.35 0.3 5e-8 0.42 3e-10 2e-4 2e-3 0.3 0.4 0.5 7e+5 5e-13 0 1e-6 1e-6 0.05 0 804576 501 -4.41891e-06 -1000
2770 311 1e+6 0.35 0.3 5e-8 0.42 3e-10 2e-4 2e-3 0.3 0.4 0.5 7e+5 5e-13 0 1e-6 1e-6 0.05 0.0818363 1e+06 501 1.58224e-07 1.58224e-07
2770 312 1e+6 0.35 0.3 5e-8 0.42 3e-10 2e-4 2e-3 0.3 0.4 0.5 7e+5 5e-13 0 1e-6 1e-6 0.05 0 305526 501 -1.16368e-05 -1000
2770 313 1e+6 0.35 0.3 5e-8 0.42 3e-10 2e-4 2e-3 0.3 0.4 0.5 7e+5 5e-13 0 1e-6 1e-6 0.05 0.0844794 1e+06 509 2.05852e-07 2.05852e-07
2770 314 1e+6 0.35 0.3 5e-8 0.42 3e-10 2e-4 2e-3 0.3 0.4 0.5 7e+5 5e-13 0 1e-6 1e-6 0.05 0.0582329 1e+06 498 -1.88052e-07 -1.88052e-07
2770 315 1e+6 0.35 0.3 5e-8 0.42 3e-10 2e-4 2e-3 0.3 0.4 0.5 7e+5 5e-13 0 1e-6 1e-6 0.05 0 305083 500 -1.16537e-05 -1000
2770 316 1e+6 0.35 0.3 5e-8 0.42 3e-10 2e-4 2e-3 0.3 0.4 0.5 7e+5 5e-13 0 1e-6 1e-6 0.05 0.0412371 1e+06 485 -5.59616e-07 -5.59616e-07
2770 317 1e+6 0.35 0.3 5e-8 0.42 3e-10 2e-4 2e-3 0.3 0.4 0.5 7e+5 5e-13 0 1e-6 1e-6 0.05 0.0567951 1e+06 493 -2.23144e-07 -2.23144e-07
2770 318 1e+6 0.35 0.3 5e-8 0.42 3e-10 2e-4 2e-3 0.3 0.4 0.5 7e+5 5e-13 0 1e-6 1e-6 0.05 0.0161943 1e+06 494 -1.47591e-06 -1.47591e-06
2770 319 1e+6 0.35 0.3 5e-8 0.42 3e-10 2e-4 2e-3 0.3 0.4 0.5 7e+5 5e-13 0 1e-6 1e-6 0.05 0.0711538 1e+06 520 5.55699e-08 5.55699e-08
