2767 0 1e+6 0.05 0.1 1e-6 0.42 3e-10 2e-4 2e-3 0.3 0.4 0.5 7e+5 5e-13 0 1e-6 1e-6 0.05 0 241554 294 -1.47187e-05 -1000
2767 1 1e+6 0.05 0.1 1e-6 0.42 3e-10 2e-4 2e-3 0.3 0.4 0.5 7e+5 5e-13 0 1e-6 1e-6 0.05 0.780886 1e+06 858 2.95193e-06 2.95193e-06
2767 2 1e+6 0.05 0.1 1e-6 0.42 3e-10 2e-4 2e-3 0.3 0.4 0.5 7e+5 5e-13 0 1e-6 1e-6 0.05 0 163934 446 -2.16876e-05 -1000
2767 3 1e+6 0.05 0.1 1e-6 0.42 3e-10 2e-4 2e-3 0.3 0.4 0.5 7e+5 5e-13 0 1e-6 1e-6 0.05 0.81781 1e+06 977 3.12801e-06 3.12801e-06
2767 4 1e+6 0.05 0.1 1e-6 0.42 3e-10 2e-4 2e-3 0.3 0.4 0.5 7e+5 5e-13 0 1e-6 1e-6 0.05 0.974425 1e+06 391 2.38745e-06 2.38745e-06
2767 5 1e+6 0.05 0.1 1e-6 0.42 3e-10 2e-4 2e-3 0.3 0.4 0.5 7e+5 5e-13 0 1e-6 1e-6 0.05 1 936550 407 2.61968e-06 2.61968e-06
2767 6 1e+6 0.05 0.1 1e-6 0.42 3e-10 2e-4 2e-3 0.3 0.4 0.5 7e+5 5e-13 0 1e-6 1e-6 0.05 0 62524.5 255 -5.68632e-05 -1000
2767 7 1e+6 0.05 0.1 1e-6 0.42 3e-10 2e-4 2e-3 0.3 0.4 0.5 7e+5 5e-13 0 1e-6 1e-6 0.05 0.823681 1e+06 777 2.90612e-06 2.90612e-06
2767 8 1e+6 0.05 0.1 1e-6 0.42 3e-10 2e-4 2e-3 0.3 0.4 0.5 7e+5 5e-13 0 1e-6 1e-6 0.05 0 76783.6 265 -4.63035e-05 -1000
2767 9 1e+6 0.05 0.1 1e-6 0.42 3e-10 2e-4 2e-3 0.3 0.4 0.5 7e+5 5e-13 0 1e-6 1e-6 0.05 1 776453 520 3.47539e-06 3.47539e-06
2767 10 1e+6 0.05 0.1 1e-6 0.42 3e-10 2e-4 2e-3 0.3 0.4 0.5 7e+5 5e-13 0 1e-6 1e-6 0.05 0.922912 1e+06 467 2.51076e-06 2.51076e-06
2767 11 1e+6 0.05 0.1 1e-6 0.42 3e-10 2e-4 2e-3 0.3 0.4 0.5 7e+5 5e-13 0 1e-6 1e-6 0.05 0.9875 1e+06 400 2.42354e-06 2.42354e-06
2767 12 1e+6 0.05 0.1 1e-6 0.42 3e-10 2e-4 2e-3 0.3 0.4 0.5 7e+5 5e-13 0 1e-6 1e-6 0.05 0.873116 1e+06 796 2.98856e-06 2.98856e-06
2767 13 1e+6 0.05 0.1 1e-6 0.42 3e-10 2e-4 2e-3 0.3 0.4 0.5 7e+5 5e-13 0 1e-6 1e-6 0.05 0.991103 1e+06 562 2.76722e-06 2.76722e-06
2767 14 1e+6 0.05 0.1 1e-6 0.42 3e-10 2e-4 2e-3 0.3 0.4 0.5 7e+5 5e-13 0 1e-6 1e-6 0.05 0.687427 1e+06 851 2.81626e-06 2.81626e-06
2767 15 1e+6 0.05 0.1 1e-6 0.42 3e-10 2e-4 2e-3 0.3 0.4 0.5 7e+5 5e-13 0 1e-6 1e-6 0.05 0 83207 336 -4.27289e-05 -1000
2767 16 1e+6 0.05 0.1 1e-6 0.42 3e-10 2e-4 2e-3 0.3 0.4 0.5 7e+5 5e-13 0 1e-6 1e-6 0.05 1 993599 533 2.74072e-06 2.74072e-06
2767 17 1e+6 0.05 0.1 1e-6 0.42 3e-10 2e-4 2e-3 0.3 0.4 0.5 7e+5 5e-13 0 1e-6 1e-6 0.05 0.977956 1e+06 499 2.63497e-06 2.63497e-06
2767 18 1e+6 0.05 0.1 1e-6 0.42 3e-10 2e-4 2e-3 0.3 0.4 0.5 7e+5 5e-13 0 1e-6 1e-6 0.05 1 920844 610 3.10379e-06 3.10379e-06
2767 19 1e+6 0.05 0.1 1e-6 0.42 3e-10 2e-4 2e-3 0.3 0.4 0.5 7e+5 5e-13 0 1e-6 1e-6 0.05 1 965635 450 2.64479e-06 2.64479e-06
2767 20 1e+6 0.1 0.05 1e-6 0.42 3e-10 2e-4 2e-3 0.3 0.4 0.5 7e+5 5e-13 0 1e-6 1e-6 0.05 0 123478 551 -2.98747e-05 -1000
2767 21 1e+6 0.1 0.05 1e-6 0.42 3e-10 2e-4 2e-3 0.3 0.4 0.5 7e+5 5e-13 0 1e-6 1e-6 0.05 0 99921.9 718 -3.69176e-05 -1000
2767 22 1e+6 0.1 0.05 1e-6 0.42 3e-10 2e-4 2e-3 0.3 0.4 0.5 7e+5 5e-13 0 1e-6 1e-6 0.05 0 52712.6 349 -6.9981e-05 -1000
2767 23 1e+6 0.1 0.05 1e-6 0.42 3e-10 2e-4 2e-3 0.3 0.4 0.5 7e+5 5e-13 0 1e-6 1e-6 0.05 0 54641.5 447 -6.75106e-05 -1000
2767 24 1e+6 0.1 0.05 1e-6 0.42 3e-10 2e-4 2e-3 0.3 0.4 0.5 7e+5 5e-13 0 1e-6 1e-6 0.05 0 43546.1 382 -8.47121e-05 -1000
2767 25 1e+6 0.1 0.05 1e-6 0.42 3e-10 2e-4 2e-3 0.3 0.4 0.5 7e+5 5e-13 0 1e-6 1e-6 0.05 0 40654.3 411 -9.07377e-05 -1000
2767 26 1e+6 0.1 0.05 1e-6 0.42 3e-10 2e-4 2e-3 0.3 0.4 0.5 7e+5 5e-13 0 1e-6 1e-6 0.05 0 169080 497 -2.18174e-05 -1000
2767 27 1e+6 0.1 0.05 1e-6 0.42 3e-10 2e-4 2e-3 0.3 0.4 0.5 7e+5 5e-13 0 1e-6 1e-6 0.05 0 142155 626 -2.59498e-05 -1000
2767 28 1e+6 0.1 0.05 1e-6 0.42 3e-10 2e-4 2e-3 0.3 0.4 0.5 7e+5 5e-13 0 1e-6 1e-6 0.05 0 44172.8 401 -8.35103e-05 -1000
2767 29 1e+6 0.1 0.05 1e-6 0.42 3e-10 2e-4 2e-3 0.3 0.4 0.5 7e+5 5e-13 0 1e-6 1e-6 0.05 0 36881.7 420 -0.000100019 -1000
2767 30 1e+6 0.1 0.05 1e-6 0.42 3e-10 2e-4 2e-3 0.3 0.4 0.5 7e+5 5e-13 0 1e-6 1e-6 0.05 0 177663 750 -2.07634e-05 -1000
2767 31 1e+6 0.1 0.05 1e-6 0.42 3e-10 2e-4 2e-3 0.3 0.4 0.5 7e+5 5e-13 0 1e-6 1e-6 0.05 0 95022.5 654 -3.88211e-05 -1000
2767 32 1e+6 0.1 0.05 1e-6 0.42 3e-10 2e-4 2e-3 0.3 0.4 0.5 7e+5 5e-13 0 1e-6 1e-6 0.05 0 88542.1 605 -4.16624e-05 -1000
2767 33 1e+6 0.1 0.05 1e-6 0.42 3e-10 2e-4 2e-3 0.3 0.4 0.5 7e+5 5e-13 0 1e-6 1e-6 0.05 0 71460.4 643 -5.16213e-05 -1000
2767 34 1e+6 0.1 0.05 1e-6 0.42 3e-10 2e-4 2e-3 0.3 0.4 0.5 7e+5 5e-13 0 1e-6 1e-6 0.05 0 194820 622 -1.89348e-05 -1000
2767 35 1e+6 0.1 0.05 1e-6 0.42 3e-10 2e-4 2e-3 0.3 0.4 0.5 7e+5 5e-13 0 1e-6 1e-6 0.05 0 104110 619 -3.54325e-05 -1000
2767 36 1e+6 0.1 0.05 1e-6 0.42 3e-10 2e-4 2e-3 0.3 0.4 0.5 7e+5 5e-13 0 1e-6 1e-6 0.05 0 121174 692 -3.04428e-05 -1000
2767 37 1e+6 0.1 0.05 1e-6 0.42 3e-10 2e-4 2e-3 0.3 0.4 0.5 7e+5 5e-13 0 1e-6 1e-6 0.05 0 82871.7 741 -4.45131e-05 -1000
2767 38 1e+6 0.1 0.05 1e-6 0.42 3e-10 2e-4 2e-3 0.3 0.4 0.5 7e+5 5e-13 0 1e-6 1e-6 0.05 0 65617.6 558 -5.62179e-05 -1000
2767 39 1e+6 0.1 0.05 1e-6 0.42 3e-10 2e-4 2e-3 0.3 0.4 0.5 7e+5 5e-13 0 1e-6 1e-6 0.05 0 136438 654 -2.7037e-05 -1000
2767 40 1e+6 0.1 0.15 1e-6 0.42 3e-10 2e-4 2e-3 0.3 0.4 0.5 7e+5 5e-13 0 1e-6 1e-6 0.05 0.243021 1e+06 609 1.30833e-06 1.30833e-06
2767 41 1e+6 0.1 0.15 1e-6 0.42 3e-10 2e-4 2e-3 0.3 0.4 0.5 7e+5 5e-13 0 1e-6 1e-6 0.05 0 169944 443 -2.17064e-05 -1000
2767 42 1e+6 0.1 0.15 1e-6 0.42 3e-10 2e-4 2e-3 0.3 0.4 0.5 7e+5 5e-13 0 1e-6 1e-6 0.05 0 848409 534 -4.348e-06 -1000
2767 43 1e+6 0.1 0.15 1e-6 0.42 3e-10 2e-4 2e-3 0.3 0.4 0.5 7e+5 5e-13 0 1e-6 1e-6 0.05 0.162447 1e+06 474 6.54926e-07 6.54926e-07
2767 44 1e+6 0.1 0.15 1e-6 0.42 3e-10 2e-4 2e-3 0.3 0.4 0.5 7e+5 5e-13 0 1e-6 1e-6 0.05 0 962219 481 -3.83372e-06 -1000
2767 45 1e+6 0.1 0.15 1e-6 0.42 3e-10 2e-4 2e-3 0.3 0.4 0.5 7e+5 5e-13 0 1e-6 1e-6 0.05 0 66691.3 560 -5.53128e-05 -1000
2767 46 1e+6 0.1 0.15 1e-6 0.42 3e-10 2e-4 2e-3 0.3 0.4 0.5 7e+5 5e-13 0 1e-6 1e-6 0.05 0 232131 505 -1.58913e-05 -1000
2767 47 1e+6 0.1 0.15 1e-6 0.42 3e-10 2e-4 2e-3 0.3 0.4 0.5 7e+5 5e-13 0 1e-6 1e-6 0.05 0 434473 639 -8.49046e-06 -1000
2767 48 1e+6 0.1 0.15 1e-6 0.42 3e-10 2e-4 2e-3 0.3 0.4 0.5 7e+5 5e-13 0 1e-6 1e-6 0.05 0.665172 1e+06 669 2.40919e-06 2.40919e-06
2767 49 1e+6 0.1 0.15 1e-6 0.42 3e-10 2e-4 2e-3 0.3 0.4 0.5 7e+5 5e-13 0 1e-6 1e-6 0.05 0.180912 1e+06 702 1.15531e-06 1.15531e-06
2767 50 1e+6 0.1 0.15 1e-6 0.42 3e-10 2e-4 2e-3 0.3 0.4 0.5 7e+5 5e-13 0 1e-6 1e-6 0.05 0 679582 416 -5.42816e-06 -1000
2767 51 1e+6 0.1 0.15 1e-6 0.42 3e-10 2e-4 2e-3 0.3 0.4 0.5 7e+5 5e-13 0 1e-6 1e-6 0.05 0.251786 1e+06 560 1.25988e-06 1.25988e-06
2767 52 1e+6 0.1 0.15 1e-6 0.42 3e-10 2e-4 2e-3 0.3 0.4 0.5 7e+5 5e-13 0 1e-6 1e-6 0.05 0.430175 1e+06 802 2.15466e-06 2.15466e-06
2767 53 1e+6 0.1 0.15 1e-6 0.42 3e-10 2e-4 2e-3 0.3 0.4 0.5 7e+5 5e-13 0 1e-6 1e-6 0.05 0.147475 1e+06 495 6.0158e-07 6.0158e-07
2767 54 1e+6 0.1 0.15 1e-6 0.42 3e-10 2e-4 2e-3 0.3 0.4 0.5 7e+5 5e-13 0 1e-6 1e-6 0.05 0 132272 578 -2.78885e-05 -1000
2767 55 1e+6 0.1 0.15 1e-6 0.42 3e-10 2e-4 2e-3 0.3 0.4 0.5 7e+5 5e-13 0 1e-6 1e-6 0.05 0.0877863 1e+06 524 1.39762e-07 1.39762e-07
2767 56 1e+6 0.1 0.15 1e-6 0.42 3e-10 2e-4 2e-3 0.3 0.4 0.5 7e+5 5e-13 0 1e-6 1e-6 0.05 0 239288 535 -1.5416e-05 -1000
2767 57 1e+6 0.1 0.15 1e-6 0.42 3e-10 2e-4 2e-3 0.3 0.4 0.5 7e+5 5e-13 0 1e-6 1e-6 0.05 0.379085 1e+06 459 1.47018e-06 1.47018e-06
2767 58 1e+6 0.1 0.15 1e-6 0.42 3e-10 2e-4 2e-3 0.3 0.4 0.5 7e+5 5e-13 0 1e-6 1e-6 0.05 0 243873 599 -1.51263e-05 -1000
2767 59 1e+6 0.1 0.15 1e-6 0.42 3e-10 2e-4 2e-3 0.3 0.4 0.5 7e+5 5e-13 0 1e-6 1e-6 0.05 0.0857143 1e+06 595 2.42946e-07 2.42946e-07
2767 60 1e+6 0.15 0.1 1e-6 0.42 3e-10 2e-4 2e-3 0.3 0.4 0.5 7e+5 5e-13 0 1e-6 1e-6 0.05 0 44471.1 509 -8.295e-05 -1000
2767 61 1e+6 0.15 0.1 1e-6 0.42 3e-10 2e-4 2e-3 0.3 0.4 0.5 7e+5 5e-13 0 1e-6 1e-6 0.05 0 255222 623 -1.44536e-05 -1000
2767 62 1e+6 0.15 0.1 1e-6 0.42 3e-10 2e-4 2e-3 0.3 0.4 0.5 7e+5 5e-13 0 1e-6 1e-6 0.05 0 201571 623 -1.83006e-05 -1000
2767 63 1e+6 0.15 0.1 1e-6 0.42 3e-10 2e-4 2e-3 0.3 0.4 0.5 7e+5 5e-13 0 1e-6 1e-6 0.05 0 41209.7 445 -8.95148e-05 -1000
2767 64 1e+6 0.15 0.1 1e-6 0.42 3e-10 2e-4 2e-3 0.3 0.4 0.5 7e+5 5e-13 0 1e-6 1e-6 0.05 0 643998 459 -5.72809e-06 -1000
2767 65 1e+6 0.15 0.1 1e-6 0.42 3e-10 2e-4 2e-3 0.3 0.4 0.5 7e+5 5e-13 0 1e-6 1e-6 0.05 0 230574 561 -1.59987e-05 -1000
2767 66 1e+6 0.15 0.1 1e-6 0.42 3e-10 2e-4 2e-3 0.3 0.4 0.5 7e+5 5e-13 0 1e-6 1e-6 0.05 0 112301 538 -3.28481e-05 -1000
2767 67 1e+6 0.15 0.1 1e-6 0.42 3e-10 2e-4 2e-3 0.3 0.4 0.5 7e+5 5e-13 0 1e-6 1e-6 0.05 0.037037 1e+06 648 -5.10826e-07 -5.10826e-07
2767 68 1e+6 0.15 0.1 1e-6 0.42 3e-10 2e-4 2e-3 0.3 0.4 0.5 7e+5 5e-13 0 1e-6 1e-6 0.05 0 151127 566 -2.44092e-05 -1000
2767 69 1e+6 0.15 0.1 1e-6 0.42 3e-10 2e-4 2e-3 0.3 0.4 0.5 7e+5 5e-13 0 1e-6 1e-6 0.05 0 36381.7 452 -0.000101394 -1000
2767 70 1e+6 0.15 0.1 1e-6 0.42 3e-10 2e-4 2e-3 0.3 0.4 0.5 7e+5 5e-13 0 1e-6 1e-6 0.05 0 197644 754 -1.86642e-05 -1000
2767 71 1e+6 0.15 0.1 1e-6 0.42 3e-10 2e-4 2e-3 0.3 0.4 0.5 7e+5 5e-13 0 1e-6 1e-6 0.05 0 225079 390 -1.63892e-05 -1000
2767 72 1e+6 0.15 0.1 1e-6 0.42 3e-10 2e-4 2e-3 0.3 0.4 0.5 7e+5 5e-13 0 1e-6 1e-6 0.05 0 111295 513 -3.31449e-05 -1000
2767 73 1e+6 0.15 0.1 1e-6 0.42 3e-10 2e-4 2e-3 0.3 0.4 0.5 7e+5 5e-13 0 1e-6 1e-6 0.05 0 172397 636 -2.13976e-05 -1000
2767 74 1e+6 0.15 0.1 1e-6 0.42 3e-10 2e-4 2e-3 0.3 0.4 0.5 7e+5 5e-13 0 1e-6 1e-6 0.05 0.0282828 1e+06 495 -1.04982e-06 -1.04982e-06
2767 75 1e+6 0.15 0.1 1e-6 0.42 3e-10 2e-4 2e-3 0.3 0.4 0.5 7e+5 5e-13 0 1e-6 1e-6 0.05 0 105008 602 -3.51296e-05 -1000
2767 76 1e+6 0.15 0.1 1e-6 0.42 3e-10 2e-4 2e-3 0.3 0.4 0.5 7e+5 5e-13 0 1e-6 1e-6 0.05 0 142405 546 -2.59041e-05 -1000
2767 77 1e+6 0.15 0.1 1e-6 0.42 3e-10 2e-4 2e-3 0.3 0.4 0.5 7e+5 5e-13 0 1e-6 1e-6 0.05 0 268250 528 -1.37516e-05 -1000
2767 78 1e+6 0.15 0.1 1e-6 0.42 3e-10 2e-4 2e-3 0.3 0.4 0.5 7e+5 5e-13 0 1e-6 1e-6 0.05 0 433484 723 -8.50983e-06 -1000
2767 79 1e+6 0.15 0.1 1e-6 0.42 3e-10 2e-4 2e-3 0.3 0.4 0.5 7e+5 5e-13 0 1e-6 1e-6 0.05 0 87052 532 -4.23756e-05 -1000
2767 80 1e+6 0.15 0.2 1e-6 0.42 3e-10 2e-4 2e-3 0.3 0.4 0.5 7e+5 5e-13 0 1e-6 1e-6 0.05 0 246515 557 -1.49641e-05 -1000
2767 81 1e+6 0.15 0.2 1e-6 0.42 3e-10 2e-4 2e-3 0.3 0.4 0.5 7e+5 5e-13 0 1e-6 1e-6 0.05 0.281471 1e+06 707 1.60443e-06 1.60443e-06
2767 82 1e+6 0.15 0.2 1e-6 0.42 3e-10 2e-4 2e-3 0.3 0.4 0.5 7e+5 5e-13 0 1e-6 1e-6 0.05 0 355458 607 -1.03778e-05 -1000
2767 83 1e+6 0.15 0.2 1e-6 0.42 3e-10 2e-4 2e-3 0.3 0.4 0.5 7e+5 5e-13 0 1e-6 1e-6 0.05 0 130602 577 -2.82451e-05 -1000
2767 84 1e+6 0.15 0.2 1e-6 0.42 3e-10 2e-4 2e-3 0.3 0.4 0.5 7e+5 5e-13 0 1e-6 1e-6 0.05 0 207982 534 -1.77365e-05 -1000
2767 85 1e+6 0.15 0.2 1e-6 0.42 3e-10 2e-4 2e-3 0.3 0.4 0.5 7e+5 5e-13 0 1e-6 1e-6 0.05 0.246347 1e+06 479 1.08181e-06 1.08181e-06
2767 86 1e+6 0.15 0.2 1e-6 0.42 3e-10 2e-4 2e-3 0.3 0.4 0.5 7e+5 5e-13 0 1e-6 1e-6 0.05 0.132244 1e+06 673 7.99757e-07 7.99757e-07
2767 87 1e+6 0.15 0.2 1e-6 0.42 3e-10 2e-4 2e-3 0.3 0.4 0.5 7e+5 5e-13 0 1e-6 1e-6 0.05 0 207152 538 -1.78076e-05 -1000
2767 88 1e+6 0.15 0.2 1e-6 0.42 3e-10 2e-4 2e-3 0.3 0.4 0.5 7e+5 5e-13 0 1e-6 1e-6 0.05 0 609215 560 -6.05513e-06 -1000
2767 89 1e+6 0.15 0.2 1e-6 0.42 3e-10 2e-4 2e-3 0.3 0.4 0.5 7e+5 5e-13 0 1e-6 1e-6 0.05 0.166667 1e+06 546 8.2198e-07 8.2198e-07
2767 90 1e+6 0.15 0.2 1e-6 0.42 3e-10 2e-4 2e-3 0.3 0.4 0.5 7e+5 5e-13 0 1e-6 1e-6 0.05 0.0559758 1e+06 661 -7.79615e-08 -7.79615e-08
2767 91 1e+6 0.15 0.2 1e-6 0.42 3e-10 2e-4 2e-3 0.3 0.4 0.5 7e+5 5e-13 0 1e-6 1e-6 0.05 0 487932 529 -7.56024e-06 -1000
2767 92 1e+6 0.15 0.2 1e-6 0.42 3e-10 2e-4 2e-3 0.3 0.4 0.5 7e+5 5e-13 0 1e-6 1e-6 0.05 0 216766 439 -1.70178e-05 -1000
2767 93 1e+6 0.15 0.2 1e-6 0.42 3e-10 2e-4 2e-3 0.3 0.4 0.5 7e+5 5e-13 0 1e-6 1e-6 0.05 0.0858086 1e+06 606 2.62364e-07 2.62364e-07
2767 94 1e+6 0.15 0.2 1e-6 0.42 3e-10 2e-4 2e-3 0.3 0.4 0.5 7e+5 5e-13 0 1e-6 1e-6 0.05 0.133443 1e+06 607 7.0557e-07 7.0557e-07
2767 95 1e+6 0.15 0.2 1e-6 0.42 3e-10 2e-4 2e-3 0.3 0.4 0.5 7e+5 5e-13 0 1e-6 1e-6 0.05 0 600383 645 -6.14421e-06 -1000
2767 96 1e+6 0.15 0.2 1e-6 0.42 3e-10 2e-4 2e-3 0.3 0.4 0.5 7e+5 5e-13 0 1e-6 1e-6 0.05 0 961377 536 -3.83708e-06 -1000
2767 97 1e+6 0.15 0.2 1e-6 0.42 3e-10 2e-4 2e-3 0.3 0.4 0.5 7e+5 5e-13 0 1e-6 1e-6 0.05 0 279553 568 -1.31956e-05 -1000
2767 98 1e+6 0.15 0.2 1e-6 0.42 3e-10 2e-4 2e-3 0.3 0.4 0.5 7e+5 5e-13 0 1e-6 1e-6 0.05 0.0729002 1e+06 631 1.39762e-07 1.39762e-07
2767 99 1e+6 0.15 0.2 1e-6 0.42 3e-10 2e-4 2e-3 0.3 0.4 0.5 7e+5 5e-13 0 1e-6 1e-6 0.05 0 577688 545 -6.38559e-06 -1000
2767 100 1e+6 0.2 0.15 1e-6 0.42 3e-10 2e-4 2e-3 0.3 0.4 0.5 7e+5 5e-13 0 1e-6 1e-6 0.05 0 864556 508 -4.26679e-06 -1000
2767 101 1e+6 0.2 0.15 1e-6 0.42 3e-10 2e-4 2e-3 0.3 0.4 0.5 7e+5 5e-13 0 1e-6 1e-6 0.05 0.0290323 1e+06 620 -7.98508e-07 -7.98508e-07
2767 102 1e+6 0.2 0.15 1e-6 0.42 3e-10 2e-4 2e-3 0.3 0.4 0.5 7e+5 5e-13 0 1e-6 1e-6 0.05 0 427121 433 -8.63662e-06 -1000
2767 103 1e+6 0.2 0.15 1e-6 0.42 3e-10 2e-4 2e-3 0.3 0.4 0.5 7e+5 5e-13 0 1e-6 1e-6 0.05 0.0885417 1e+06 576 2.42946e-07 2.42946e-07
2767 104 1e+6 0.2 0.15 1e-6 0.42 3e-10 2e-4 2e-3 0.3 0.4 0.5 7e+5 5e-13 0 1e-6 1e-6 0.05 0 121426 451 -3.03796e-05 -1000
2767 105 1e+6 0.2 0.15 1e-6 0.42 3e-10 2e-4 2e-3 0.3 0.4 0.5 7e+5 5e-13 0 1e-6 1e-6 0.05 0 307501 639 -1.19963e-05 -1000
2767 106 1e+6 0.2 0.15 1e-6 0.42 3e-10 2e-4 2e-3 0.3 0.4 0.5 7e+5 5e-13 0 1e-6 1e-6 0.05 0 48639.3 487 -7.58416e-05 -1000
2767 107 1e+6 0.2 0.15 1e-6 0.42 3e-10 2e-4 2e-3 0.3 0.4 0.5 7e+5 5e-13 0 1e-6 1e-6 0.05 0 135160 478 -2.72927e-05 -1000
2767 108 1e+6 0.2 0.15 1e-6 0.42 3e-10 2e-4 2e-3 0.3 0.4 0.5 7e+5 5e-13 0 1e-6 1e-6 0.05 0 725568 603 -5.08412e-06 -1000
2767 109 1e+6 0.2 0.15 1e-6 0.42 3e-10 2e-4 2e-3 0.3 0.4 0.5 7e+5 5e-13 0 1e-6 1e-6 0.05 0 628507 585 -5.86927e-06 -1000
2767 110 1e+6 0.2 0.15 1e-6 0.42 3e-10 2e-4 2e-3 0.3 0.4 0.5 7e+5 5e-13 0 1e-6 1e-6 0.05 0 236683 526 -1.55857e-05 -1000
2767 111 1e+6 0.2 0.15 1e-6 0.42 3e-10 2e-4 2e-3 0.3 0.4 0.5 7e+5 5e-13 0 1e-6 1e-6 0.05 0.136194 1e+06 536 6.0158e-07 6.0158e-07
2767 112 1e+6 0.2 0.15 1e-6 0.42 3e-10 2e-4 2e-3 0.3 0.4 0.5 7e+5 5e-13 0 1e-6 1e-6 0.05 0 148499 595 -2.48412e-05 -1000
2767 113 1e+6 0.2 0.15 1e-6 0.42 3e-10 2e-4 2e-3 0.3 0.4 0.5 7e+5 5e-13 0 1e-6 1e-6 0.05 0.089527 1e+06 592 2.81412e-07 2.81412e-07
2767 114 1e+6 0.2 0.15 1e-6 0.42 3e-10 2e-4 2e-3 0.3 0.4 0.5 7e+5 5e-13 0 1e-6 1e-6 0.05 0 219031 525 -1.68418e-05 -1000
2767 115 1e+6 0.2 0.15 1e-6 0.42 3e-10 2e-4 2e-3 0.3 0.4 0.5 7e+5 5e-13 0 1e-6 1e-6 0.05 0 975022 670 -3.78338e-06 -1000
2767 116 1e+6 0.2 0.15 1e-6 0.42 3e-10 2e-4 2e-3 0.3 0.4 0.5 7e+5 5e-13 0 1e-6 1e-6 0.05 0 470176 572 -7.84574e-06 -1000
2767 117 1e+6 0.2 0.15 1e-6 0.42 3e-10 2e-4 2e-3 0.3 0.4 0.5 7e+5 5e-13 0 1e-6 1e-6 0.05 0 55846.2 588 -6.60543e-05 -1000
2767 118 1e+6 0.2 0.15 1e-6 0.42 3e-10 2e-4 2e-3 0.3 0.4 0.5 7e+5 5e-13 0 1e-6 1e-6 0.05 0 522188 710 -7.06427e-06 -1000
2767 119 1e+6 0.2 0.15 1e-6 0.42 3e-10 2e-4 2e-3 0.3 0.4 0.5 7e+5 5e-13 0 1e-6 1e-6 0.05 0.215146 1e+06 581 1.13943e-06 1.13943e-06
2767 120 1e+6 0.2 0.25 1e-6 0.42 3e-10 2e-4 2e-3 0.3 0.4 0.5 7e+5 5e-13 0 1e-6 1e-6 0.05 0 162744 624 -2.26667e-05 -1000
2767 121 1e+6 0.2 0.25 1e-6 0.42 3e-10 2e-4 2e-3 0.3 0.4 0.5 7e+5 5e-13 0 1e-6 1e-6 0.05 0 217808 639 -1.69364e-05 -1000
2767 122 1e+6 0.2 0.25 1e-6 0.42 3e-10 2e-4 2e-3 0.3 0.4 0.5 7e+5 5e-13 0 1e-6 1e-6 0.05 0.00188679 1e+06 530 -3.68888e-06 -3.68888e-06
2767 123 1e+6 0.2 0.25 1e-6 0.42 3e-10 2e-4 2e-3 0.3 0.4 0.5 7e+5 5e-13 0 1e-6 1e-6 0.05 0 185300 513 -1.99076e-05 -1000
2767 124 1e+6 0.2 0.25 1e-6 0.42 3e-10 2e-4 2e-3 0.3 0.4 0.5 7e+5 5e-13 0 1e-6 1e-6 0.05 0 752345 550 -4.90317e-06 -1000
2767 125 1e+6 0.2 0.25 1e-6 0.42 3e-10 2e-4 2e-3 0.3 0.4 0.5 7e+5 5e-13 0 1e-6 1e-6 0.05 0 262074 596 -1.40757e-05 -1000
2767 126 1e+6 0.2 0.25 1e-6 0.42 3e-10 2e-4 2e-3 0.3 0.4 0.5 7e+5 5e-13 0 1e-6 1e-6 0.05 0.0895062 1e+06 648 3.71564e-07 3.71564e-07
2767 127 1e+6 0.2 0.25 1e-6 0.42 3e-10 2e-4 2e-3 0.3 0.4 0.5 7e+5 5e-13 0 1e-6 1e-6 0.05 0 56303.7 539 -6.55175e-05 -1000
2767 128 1e+6 0.2 0.25 1e-6 0.42 3e-10 2e-4 2e-3 0.3 0.4 0.5 7e+5 5e-13 0 1e-6 1e-6 0.05 0.0357751 1e+06 587 -6.44357e-07 -6.44357e-07
2767 129 1e+6 0.2 0.25 1e-6 0.42 3e-10 2e-4 2e-3 0.3 0.4 0.5 7e+5 5e-13 0 1e-6 1e-6 0.05 0.0408602 1e+06 465 -7.4444e-07 -7.4444e-07
2767 130 1e+6 0.2 0.25 1e-6 0.42 3e-10 2e-4 2e-3 0.3 0.4 0.5 7e+5 5e-13 0 1e-6 1e-6 0.05 0 441696 542 -8.35163e-06 -1000
2767 131 1e+6 0.2 0.25 1e-6 0.42 3e-10 2e-4 2e-3 0.3 0.4 0.5 7e+5 5e-13 0 1e-6 1e-6 0.05 0.047259 1e+06 529 -4.70004e-07 -4.70004e-07
2767 132 1e+6 0.2 0.25 1e-6 0.42 3e-10 2e-4 2e-3 0.3 0.4 0.5 7e+5 5e-13 0 1e-6 1e-6 0.05 0 638148 542 -5.7806e-06 -1000
2767 133 1e+6 0.2 0.25 1e-6 0.42 3e-10 2e-4 2e-3 0.3 0.4 0.5 7e+5 5e-13 0 1e-6 1e-6 0.05 0 439873 594 -8.38624e-06 -1000
2767 134 1e+6 0.2 0.25 1e-6 0.42 3e-10 2e-4 2e-3 0.3 0.4 0.5 7e+5 5e-13 0 1e-6 1e-6 0.05 0 636445 598 -5.79607e-06 -1000
2767 135 1e+6 0.2 0.25 1e-6 0.42 3e-10 2e-4 2e-3 0.3 0.4 0.5 7e+5 5e-13 0 1e-6 1e-6 0.05 0 382846 605 -9.63542e-06 -1000
2767 136 1e+6 0.2 0.25 1e-6 0.42 3e-10 2e-4 2e-3 0.3 0.4 0.5 7e+5 5e-13 0 1e-6 1e-6 0.05 0.0237624 1e+06 505 -1.20397e-06 -1.20397e-06
2767 137 1e+6 0.2 0.25 1e-6 0.42 3e-10 2e-4 2e-3 0.3 0.4 0.5 7e+5 5e-13 0 1e-6 1e-6 0.05 0 229935 628 -1.60432e-05 -1000
2767 138 1e+6 0.2 0.25 1e-6 0.42 3e-10 2e-4 2e-3 0.3 0.4 0.5 7e+5 5e-13 0 1e-6 1e-6 0.05 0 419743 597 -8.78842e-06 -1000
2767 139 1e+6 0.2 0.25 1e-6 0.42 3e-10 2e-4 2e-3 0.3 0.4 0.5 7e+5 5e-13 0 1e-6 1e-6 0.05 0 828903 570 -4.45031e-06 -1000
2767 140 1e+6 0.25 0.2 1e-6 0.42 3e-10 2e-4 2e-3 0.3 0.4 0.5 7e+5 5e-13 0 1e-6 1e-6 0.05 0 66821.2 561 -5.32069e-05 -1000
2767 141 1e+6 0.25 0.2 1e-6 0.42 3e-10 2e-4 2e-3 0.3 0.4 0.5 7e+5 5e-13 0 1e-6 1e-6 0.05 0 311860 629 -1.14005e-05 -1000
2767 142 1e+6 0.25 0.2 1e-6 0.42 3e-10 2e-4 2e-3 0.3 0.4 0.5 7e+5 5e-13 0 1e-6 1e-6 0.05 0 218453 502 -1.62751e-05 -1000
2767 143 1e+6 0.25 0.2 1e-6 0.42 3e-10 2e-4 2e-3 0.3 0.4 0.5 7e+5 5e-13 0 1e-6 1e-6 0.05 0.246628 1e+06 519 1.29668e-06 1.29668e-06
2767 144 1e+6 0.25 0.2 1e-6 0.42 3e-10 2e-4 2e-3 0.3 0.4 0.5 7e+5 5e-13 0 1e-6 1e-6 0.05 0.318253 1e+06 641 1.76277e-06 1.76277e-06
2767 145 1e+6 0.25 0.2 1e-6 0.42 3e-10 2e-4 2e-3 0.3 0.4 0.5 7e+5 5e-13 0 1e-6 1e-6 0.05 0.240385 1e+06 416 1.04982e-06 1.04982e-06
2767 146 1e+6 0.25 0.2 1e-6 0.42 3e-10 2e-4 2e-3 0.3 0.4 0.5 7e+5 5e-13 0 1e-6 1e-6 0.05 0.377939 1e+06 553 1.78699e-06 1.78699e-06
2767 147 1e+6 0.25 0.2 1e-6 0.42 3e-10 2e-4 2e-3 0.3 0.4 0.5 7e+5 5e-13 0 1e-6 1e-6 0.05 0 360485 439 -9.86267e-06 -1000
2767 148 1e+6 0.25 0.2 1e-6 0.42 3e-10 2e-4 2e-3 0.3 0.4 0.5 7e+5 5e-13 0 1e-6 1e-6 0.05 0 523787 592 -6.78777e-06 -1000
2767 149 1e+6 0.25 0.2 1e-6 0.42 3e-10 2e-4 2e-3 0.3 0.4 0.5 7e+5 5e-13 0 1e-6 1e-6 0.05 0.434615 1e+06 520 1.86519e-06 1.86519e-06
2767 150 1e+6 0.25 0.2 1e-6 0.42 3e-10 2e-4 2e-3 0.3 0.4 0.5 7e+5 5e-13 0 1e-6 1e-6 0.05 0 464951 485 -7.64672e-06 -1000
2767 151 1e+6 0.25 0.2 1e-6 0.42 3e-10 2e-4 2e-3 0.3 0.4 0.5 7e+5 5e-13 0 1e-6 1e-6 0.05 0.0438247 1e+06 502 -4.64306e-07 -4.64306e-07
2767 152 1e+6 0.25 0.2 1e-6 0.42 3e-10 2e-4 2e-3 0.3 0.4 0.5 7e+5 5e-13 0 1e-6 1e-6 0.05 0 391649 573 -9.07789e-06 -1000
2767 153 1e+6 0.25 0.2 1e-6 0.42 3e-10 2e-4 2e-3 0.3 0.4 0.5 7e+5 5e-13 0 1e-6 1e-6 0.05 0.166403 1e+06 631 1.09861e-06 1.09861e-06
2767 154 1e+6 0.25 0.2 1e-6 0.42 3e-10 2e-4 2e-3 0.3 0.4 0.5 7e+5 5e-13 0 1e-6 1e-6 0.05 0 201218 549 -1.76691e-05 -1000
2767 155 1e+6 0.25 0.2 1e-6 0.42 3e-10 2e-4 2e-3 0.3 0.4 0.5 7e+5 5e-13 0 1e-6 1e-6 0.05 0 244008 591 -1.45706e-05 -1000
2767 156 1e+6 0.25 0.2 1e-6 0.42 3e-10 2e-4 2e-3 0.3 0.4 0.5 7e+5 5e-13 0 1e-6 1e-6 0.05 0 743780 463 -4.78011e-06 -1000
2767 157 1e+6 0.25 0.2 1e-6 0.42 3e-10 2e-4 2e-3 0.3 0.4 0.5 7e+5 5e-13 0 1e-6 1e-6 0.05 0.197861 1e+06 561 1.15418e-06 1.15418e-06
2767 158 1e+6 0.25 0.2 1e-6 0.42 3e-10 2e-4 2e-3 0.3 0.4 0.5 7e+5 5e-13 0 1e-6 1e-6 0.05 0 616656 611 -5.76553e-06 -1000
2767 159 1e+6 0.25 0.2 1e-6 0.42 3e-10 2e-4 2e-3 0.3 0.4 0.5 7e+5 5e-13 0 1e-6 1e-6 0.05 0.115942 1e+06 690 8.26679e-07 8.26679e-07
