2863 0 1e+6 0.05 0.1 4.5e-6 0.42 3e-10 2e-4 2e-3 0.3 0.4 0.5 7e+5 5e-13 0 1e-6 1e-6 0.05 0 211051 428 -1.68459e-05 -1000
2863 1 1e+6 0.05 0.1 4.5e-6 0.42 3e-10 2e-4 2e-3 0.3 0.4 0.5 7e+5 5e-13 0 1e-6 1e-6 0.05 0 583370 366 -6.0945e-06 -1000
2863 2 1e+6 0.05 0.1 4.5e-6 0.42 3e-10 2e-4 2e-3 0.3 0.4 0.5 7e+5 5e-13 0 1e-6 1e-6 0.05 0.590498 1e+06 442 2.00917e-06 2.00917e-06
2863 3 1e+6 0.05 0.1 4.5e-6 0.42 3e-10 2e-4 2e-3 0.3 0.4 0.5 7e+5 5e-13 0 1e-6 1e-6 0.05 0 571248 237 -6.22382e-06 -1000
2863 4 1e+6 0.05 0.1 4.5e-6 0.42 3e-10 2e-4 2e-3 0.3 0.4 0.5 7e+5 5e-13 0 1e-6 1e-6 0.05 0.615854 1e+06 164 1.05977e-06 1.05977e-06
2863 5 1e+6 0.05 0.1 4.5e-6 0.42 3e-10 2e-4 2e-3 0.3 0.4 0.5 7e+5 5e-13 0 1e-6 1e-6 0.05 0.567233 1e+06 647 2.35001e-06 2.35001e-06
2863 6 1e+6 0.05 0.1 4.5e-6 0.42 3e-10 2e-4 2e-3 0.3 0.4 0.5 7e+5 5e-13 0 1e-6 1e-6 0.05 0 87061.2 203 -4.08374e-05 -1000
2863 7 1e+6 0.05 0.1 4.5e-6 0.42 3e-10 2e-4 2e-3 0.3 0.4 0.5 7e+5 5e-13 0 1e-6 1e-6 0.05 0 204264 344 -1.74057e-05 -1000
2863 8 1e+6 0.05 0.1 4.5e-6 0.42 3e-10 2e-4 2e-3 0.3 0.4 0.5 7e+5 5e-13 0 1e-6 1e-6 0.05 0.170478 1e+06 481 8.51371e-07 8.51371e-07
2863 9 1e+6 0.05 0.1 4.5e-6 0.42 3e-10 2e-4 2e-3 0.3 0.4 0.5 7e+5 5e-13 0 1e-6 1e-6 0.05 0.182716 1e+06 405 7.48717e-07 7.48717e-07
2863 10 1e+6 0.05 0.1 4.5e-6 0.42 3e-10 2e-4 2e-3 0.3 0.4 0.5 7e+5 5e-13 0 1e-6 1e-6 0.05 0 122776 406 -2.8958e-05 -1000
2863 11 1e+6 0.05 0.1 4.5e-6 0.42 3e-10 2e-4 2e-3 0.3 0.4 0.5 7e+5 5e-13 0 1e-6 1e-6 0.05 0.339506 1e+06 162 4.51985e-07 4.51985e-07
2863 12 1e+6 0.05 0.1 4.5e-6 0.42 3e-10 2e-4 2e-3 0.3 0.4 0.5 7e+5 5e-13 0 1e-6 1e-6 0.05 0 260998 517 -1.36221e-05 -1000
2863 13 1e+6 0.05 0.1 4.5e-6 0.42 3e-10 2e-4 2e-3 0.3 0.4 0.5 7e+5 5e-13 0 1e-6 1e-6 0.05 0 220334 427 -1.61362e-05 -1000
2863 14 1e+6 0.05 0.1 4.5e-6 0.42 3e-10 2e-4 2e-3 0.3 0.4 0.5 7e+5 5e-13 0 1e-6 1e-6 0.05 0.6268 1e+06 903 2.78325e-06 2.78325e-06
2863 15 1e+6 0.05 0.1 4.5e-6 0.42 3e-10 2e-4 2e-3 0.3 0.4 0.5 7e+5 5e-13 0 1e-6 1e-6 0.05 0.660793 1e+06 227 1.45529e-06 1.45529e-06
2863 16 1e+6 0.05 0.1 4.5e-6 0.42 3e-10 2e-4 2e-3 0.3 0.4 0.5 7e+5 5e-13 0 1e-6 1e-6 0.05 0.369115 1e+06 531 1.72277e-06 1.72277e-06
2863 17 1e+6 0.05 0.1 4.5e-6 0.42 3e-10 2e-4 2e-3 0.3 0.4 0.5 7e+5 5e-13 0 1e-6 1e-6 0.05 0.795229 1e+06 503 2.43612e-06 2.43612e-06
2863 18 1e+6 0.05 0.1 4.5e-6 0.42 3e-10 2e-4 2e-3 0.3 0.4 0.5 7e+5 5e-13 0 1e-6 1e-6 0.05 0.557047 1e+06 447 1.9621e-06 1.9621e-06
2863 19 1e+6 0.05 0.1 4.5e-6 0.42 3e-10 2e-4 2e-3 0.3 0.4 0.5 7e+5 5e-13 0 1e-6 1e-6 0.05 0.417647 1e+06 680 2.09363e-06 2.09363e-06
2863 20 1e+6 0.1 0.05 4.5e-6 0.42 3e-10 2e-4 2e-3 0.3 0.4 0.5 7e+5 5e-13 0 1e-6 1e-6 0.05 0 567349 726 -6.50196e-06 -1000
2863 21 1e+6 0.1 0.05 4.5e-6 0.42 3e-10 2e-4 2e-3 0.3 0.4 0.5 7e+5 5e-13 0 1e-6 1e-6 0.05 0 259900 308 -1.41935e-05 -1000
2863 22 1e+6 0.1 0.05 4.5e-6 0.42 3e-10 2e-4 2e-3 0.3 0.4 0.5 7e+5 5e-13 0 1e-6 1e-6 0.05 0 54284.3 410 -6.79549e-05 -1000
2863 23 1e+6 0.1 0.05 4.5e-6 0.42 3e-10 2e-4 2e-3 0.3 0.4 0.5 7e+5 5e-13 0 1e-6 1e-6 0.05 0 46391.2 308 -7.95167e-05 -1000
2863 24 1e+6 0.1 0.05 4.5e-6 0.42 3e-10 2e-4 2e-3 0.3 0.4 0.5 7e+5 5e-13 0 1e-6 1e-6 0.05 0 87988.9 569 -4.19244e-05 -1000
2863 25 1e+6 0.1 0.05 4.5e-6 0.42 3e-10 2e-4 2e-3 0.3 0.4 0.5 7e+5 5e-13 0 1e-6 1e-6 0.05 0.0762712 1e+06 590 1.17783e-07 1.17783e-07
2863 26 1e+6 0.1 0.05 4.5e-6 0.42 3e-10 2e-4 2e-3 0.3 0.4 0.5 7e+5 5e-13 0 1e-6 1e-6 0.05 0 390833 493 -9.4385e-06 -1000
2863 27 1e+6 0.1 0.05 4.5e-6 0.42 3e-10 2e-4 2e-3 0.3 0.4 0.5 7e+5 5e-13 0 1e-6 1e-6 0.05 0 135670 568 -2.71901e-05 -1000
2863 28 1e+6 0.1 0.05 4.5e-6 0.42 3e-10 2e-4 2e-3 0.3 0.4 0.5 7e+5 5e-13 0 1e-6 1e-6 0.05 0 255918 594 -1.44143e-05 -1000
2863 29 1e+6 0.1 0.05 4.5e-6 0.42 3e-10 2e-4 2e-3 0.3 0.4 0.5 7e+5 5e-13 0 1e-6 1e-6 0.05 0 553133 603 -6.66906e-06 -1000
2863 30 1e+6 0.1 0.05 4.5e-6 0.42 3e-10 2e-4 2e-3 0.3 0.4 0.5 7e+5 5e-13 0 1e-6 1e-6 0.05 0.0674157 1e+06 445 -2.87682e-07 -2.87682e-07
2863 31 1e+6 0.1 0.05 4.5e-6 0.42 3e-10 2e-4 2e-3 0.3 0.4 0.5 7e+5 5e-13 0 1e-6 1e-6 0.05 0 208541 679 -1.76889e-05 -1000
2863 32 1e+6 0.1 0.05 4.5e-6 0.42 3e-10 2e-4 2e-3 0.3 0.4 0.5 7e+5 5e-13 0 1e-6 1e-6 0.05 0 206971 540 -1.78232e-05 -1000
2863 33 1e+6 0.1 0.05 4.5e-6 0.42 3e-10 2e-4 2e-3 0.3 0.4 0.5 7e+5 5e-13 0 1e-6 1e-6 0.05 0 54065.6 380 -6.82297e-05 -1000
2863 34 1e+6 0.1 0.05 4.5e-6 0.42 3e-10 2e-4 2e-3 0.3 0.4 0.5 7e+5 5e-13 0 1e-6 1e-6 0.05 0 562519 673 -6.55779e-06 -1000
2863 35 1e+6 0.1 0.05 4.5e-6 0.42 3e-10 2e-4 2e-3 0.3 0.4 0.5 7e+5 5e-13 0 1e-6 1e-6 0.05 0.0249584 1e+06 601 -9.80829e-07 -9.80829e-07
2863 36 1e+6 0.1 0.05 4.5e-6 0.42 3e-10 2e-4 2e-3 0.3 0.4 0.5 7e+5 5e-13 0 1e-6 1e-6 0.05 0 104081 427 -3.54424e-05 -1000
2863 37 1e+6 0.1 0.05 4.5e-6 0.42 3e-10 2e-4 2e-3 0.3 0.4 0.5 7e+5 5e-13 0 1e-6 1e-6 0.05 0 361100 998 -1.02157e-05 -1000
2863 38 1e+6 0.1 0.05 4.5e-6 0.42 3e-10 2e-4 2e-3 0.3 0.4 0.5 7e+5 5e-13 0 1e-6 1e-6 0.05 0 78872.6 345 -4.67701e-05 -1000
2863 39 1e+6 0.1 0.05 4.5e-6 0.42 3e-10 2e-4 2e-3 0.3 0.4 0.5 7e+5 5e-13 0 1e-6 1e-6 0.05 0 767782 944 -4.80459e-06 -1000
2863 40 1e+6 0.1 0.15 4.5e-6 0.42 3e-10 2e-4 2e-3 0.3 0.4 0.5 7e+5 5e-13 0 1e-6 1e-6 0.05 0.213675 1e+06 468 9.16291e-07 9.16291e-07
2863 41 1e+6 0.1 0.15 4.5e-6 0.42 3e-10 2e-4 2e-3 0.3 0.4 0.5 7e+5 5e-13 0 1e-6 1e-6 0.05 0 798394 622 -4.62037e-06 -1000
2863 42 1e+6 0.1 0.15 4.5e-6 0.42 3e-10 2e-4 2e-3 0.3 0.4 0.5 7e+5 5e-13 0 1e-6 1e-6 0.05 0 200674 579 -1.83825e-05 -1000
2863 43 1e+6 0.1 0.15 4.5e-6 0.42 3e-10 2e-4 2e-3 0.3 0.4 0.5 7e+5 5e-13 0 1e-6 1e-6 0.05 0 704983 481 -5.23258e-06 -1000
2863 44 1e+6 0.1 0.15 4.5e-6 0.42 3e-10 2e-4 2e-3 0.3 0.4 0.5 7e+5 5e-13 0 1e-6 1e-6 0.05 0 555825 338 -6.63676e-06 -1000
2863 45 1e+6 0.1 0.15 4.5e-6 0.42 3e-10 2e-4 2e-3 0.3 0.4 0.5 7e+5 5e-13 0 1e-6 1e-6 0.05 0 342624 651 -1.07665e-05 -1000
2863 46 1e+6 0.1 0.15 4.5e-6 0.42 3e-10 2e-4 2e-3 0.3 0.4 0.5 7e+5 5e-13 0 1e-6 1e-6 0.05 0 540989 436 -6.81877e-06 -1000
2863 47 1e+6 0.1 0.15 4.5e-6 0.42 3e-10 2e-4 2e-3 0.3 0.4 0.5 7e+5 5e-13 0 1e-6 1e-6 0.05 0 109505 571 -3.36867e-05 -1000
2863 48 1e+6 0.1 0.15 4.5e-6 0.42 3e-10 2e-4 2e-3 0.3 0.4 0.5 7e+5 5e-13 0 1e-6 1e-6 0.05 0 395042 483 -9.33794e-06 -1000
2863 49 1e+6 0.1 0.15 4.5e-6 0.42 3e-10 2e-4 2e-3 0.3 0.4 0.5 7e+5 5e-13 0 1e-6 1e-6 0.05 0 150873 681 -2.44502e-05 -1000
2863 50 1e+6 0.1 0.15 4.5e-6 0.42 3e-10 2e-4 2e-3 0.3 0.4 0.5 7e+5 5e-13 0 1e-6 1e-6 0.05 0 150432 510 -2.45219e-05 -1000
2863 51 1e+6 0.1 0.15 4.5e-6 0.42 3e-10 2e-4 2e-3 0.3 0.4 0.5 7e+5 5e-13 0 1e-6 1e-6 0.05 0 137835 598 -2.6763e-05 -1000
2863 52 1e+6 0.1 0.15 4.5e-6 0.42 3e-10 2e-4 2e-3 0.3 0.4 0.5 7e+5 5e-13 0 1e-6 1e-6 0.05 0 728108 354 -5.06639e-06 -1000
2863 53 1e+6 0.1 0.15 4.5e-6 0.42 3e-10 2e-4 2e-3 0.3 0.4 0.5 7e+5 5e-13 0 1e-6 1e-6 0.05 0 726622 424 -5.07675e-06 -1000
2863 54 1e+6 0.1 0.15 4.5e-6 0.42 3e-10 2e-4 2e-3 0.3 0.4 0.5 7e+5 5e-13 0 1e-6 1e-6 0.05 0 334486 656 -1.10285e-05 -1000
2863 55 1e+6 0.1 0.15 4.5e-6 0.42 3e-10 2e-4 2e-3 0.3 0.4 0.5 7e+5 5e-13 0 1e-6 1e-6 0.05 0 563057 609 -6.55152e-06 -1000
2863 56 1e+6 0.1 0.15 4.5e-6 0.42 3e-10 2e-4 2e-3 0.3 0.4 0.5 7e+5 5e-13 0 1e-6 1e-6 0.05 0.164495 1e+06 614 9.26241e-07 9.26241e-07
2863 57 1e+6 0.1 0.15 4.5e-6 0.42 3e-10 2e-4 2e-3 0.3 0.4 0.5 7e+5 5e-13 0 1e-6 1e-6 0.05 0 168298 373 -2.19187e-05 -1000
2863 58 1e+6 0.1 0.15 4.5e-6 0.42 3e-10 2e-4 2e-3 0.3 0.4 0.5 7e+5 5e-13 0 1e-6 1e-6 0.05 0.285714 1e+06 532 1.335e-06 1.335e-06
2863 59 1e+6 0.1 0.15 4.5e-6 0.42 3e-10 2e-4 2e-3 0.3 0.4 0.5 7e+5 5e-13 0 1e-6 1e-6 0.05 0.16748 1e+06 615 9.4585e-07 9.4585e-07
2863 60 1e+6 0.15 0.1 4.5e-6 0.42 3e-10 2e-4 2e-3 0.3 0.4 0.5 7e+5 5e-13 0 1e-6 1e-6 0.05 0.36714 1e+06 493 1.50962e-06 1.50962e-06
2863 61 1e+6 0.15 0.1 4.5e-6 0.42 3e-10 2e-4 2e-3 0.3 0.4 0.5 7e+5 5e-13 0 1e-6 1e-6 0.05 0 93628.3 588 -3.93992e-05 -1000
2863 62 1e+6 0.15 0.1 4.5e-6 0.42 3e-10 2e-4 2e-3 0.3 0.4 0.5 7e+5 5e-13 0 1e-6 1e-6 0.05 0.0144231 1e+06 624 -1.49165e-06 -1.49165e-06
2863 63 1e+6 0.15 0.1 4.5e-6 0.42 3e-10 2e-4 2e-3 0.3 0.4 0.5 7e+5 5e-13 0 1e-6 1e-6 0.05 0.174785 1e+06 698 1.11514e-06 1.11514e-06
2863 64 1e+6 0.15 0.1 4.5e-6 0.42 3e-10 2e-4 2e-3 0.3 0.4 0.5 7e+5 5e-13 0 1e-6 1e-6 0.05 0.140722 1e+06 803 1.03851e-06 1.03851e-06
2863 65 1e+6 0.15 0.1 4.5e-6 0.42 3e-10 2e-4 2e-3 0.3 0.4 0.5 7e+5 5e-13 0 1e-6 1e-6 0.05 0 109958 465 -3.35481e-05 -1000
2863 66 1e+6 0.15 0.1 4.5e-6 0.42 3e-10 2e-4 2e-3 0.3 0.4 0.5 7e+5 5e-13 0 1e-6 1e-6 0.05 0 463699 389 -7.95534e-06 -1000
2863 67 1e+6 0.15 0.1 4.5e-6 0.42 3e-10 2e-4 2e-3 0.3 0.4 0.5 7e+5 5e-13 0 1e-6 1e-6 0.05 0 357356 494 -1.03227e-05 -1000
2863 68 1e+6 0.15 0.1 4.5e-6 0.42 3e-10 2e-4 2e-3 0.3 0.4 0.5 7e+5 5e-13 0 1e-6 1e-6 0.05 0 697276 766 -5.29042e-06 -1000
2863 69 1e+6 0.15 0.1 4.5e-6 0.42 3e-10 2e-4 2e-3 0.3 0.4 0.5 7e+5 5e-13 0 1e-6 1e-6 0.05 0.115385 1e+06 624 5.87787e-07 5.87787e-07
2863 70 1e+6 0.15 0.1 4.5e-6 0.42 3e-10 2e-4 2e-3 0.3 0.4 0.5 7e+5 5e-13 0 1e-6 1e-6 0.05 0 913072 863 -4.04007e-06 -1000
2863 71 1e+6 0.15 0.1 4.5e-6 0.42 3e-10 2e-4 2e-3 0.3 0.4 0.5 7e+5 5e-13 0 1e-6 1e-6 0.05 0 42842.8 362 -8.61027e-05 -1000
2863 72 1e+6 0.15 0.1 4.5e-6 0.42 3e-10 2e-4 2e-3 0.3 0.4 0.5 7e+5 5e-13 0 1e-6 1e-6 0.05 0 182929 345 -2.01657e-05 -1000
2863 73 1e+6 0.15 0.1 4.5e-6 0.42 3e-10 2e-4 2e-3 0.3 0.4 0.5 7e+5 5e-13 0 1e-6 1e-6 0.05 0.317073 1e+06 328 9.55511e-07 9.55511e-07
2863 74 1e+6 0.15 0.1 4.5e-6 0.42 3e-10 2e-4 2e-3 0.3 0.4 0.5 7e+5 5e-13 0 1e-6 1e-6 0.05 0.234458 1e+06 563 1.19392e-06 1.19392e-06
2863 75 1e+6 0.15 0.1 4.5e-6 0.42 3e-10 2e-4 2e-3 0.3 0.4 0.5 7e+5 5e-13 0 1e-6 1e-6 0.05 0 159835 542 -2.30793e-05 -1000
2863 76 1e+6 0.15 0.1 4.5e-6 0.42 3e-10 2e-4 2e-3 0.3 0.4 0.5 7e+5 5e-13 0 1e-6 1e-6 0.05 0 183092 569 -2.01477e-05 -1000
2863 77 1e+6 0.15 0.1 4.5e-6 0.42 3e-10 2e-4 2e-3 0.3 0.4 0.5 7e+5 5e-13 0 1e-6 1e-6 0.05 0.503185 1e+06 314 1.37372e-06 1.37372e-06
2863 78 1e+6 0.15 0.1 4.5e-6 0.42 3e-10 2e-4 2e-3 0.3 0.4 0.5 7e+5 5e-13 0 1e-6 1e-6 0.05 0.394545 1e+06 550 1.69102e-06 1.69102e-06
2863 79 1e+6 0.15 0.1 4.5e-6 0.42 3e-10 2e-4 2e-3 0.3 0.4 0.5 7e+5 5e-13 0 1e-6 1e-6 0.05 0 262504 717 -1.40527e-05 -1000
2863 80 1e+6 0.15 0.2 4.5e-6 0.42 3e-10 2e-4 2e-3 0.3 0.4 0.5 7e+5 5e-13 0 1e-6 1e-6 0.05 0 121640 604 -3.03261e-05 -1000
2863 81 1e+6 0.15 0.2 4.5e-6 0.42 3e-10 2e-4 2e-3 0.3 0.4 0.5 7e+5 5e-13 0 1e-6 1e-6 0.05 0.133562 1e+06 584 6.67829e-07 6.67829e-07
2863 82 1e+6 0.15 0.2 4.5e-6 0.42 3e-10 2e-4 2e-3 0.3 0.4 0.5 7e+5 5e-13 0 1e-6 1e-6 0.05 0 891347 591 -4.13854e-06 -1000
2863 83 1e+6 0.15 0.2 4.5e-6 0.42 3e-10 2e-4 2e-3 0.3 0.4 0.5 7e+5 5e-13 0 1e-6 1e-6 0.05 0 80216.8 541 -4.59864e-05 -1000
2863 84 1e+6 0.15 0.2 4.5e-6 0.42 3e-10 2e-4 2e-3 0.3 0.4 0.5 7e+5 5e-13 0 1e-6 1e-6 0.05 0 327369 447 -1.12683e-05 -1000
2863 85 1e+6 0.15 0.2 4.5e-6 0.42 3e-10 2e-4 2e-3 0.3 0.4 0.5 7e+5 5e-13 0 1e-6 1e-6 0.05 0 454949 501 -8.10833e-06 -1000
2863 86 1e+6 0.15 0.2 4.5e-6 0.42 3e-10 2e-4 2e-3 0.3 0.4 0.5 7e+5 5e-13 0 1e-6 1e-6 0.05 0 487025 740 -7.57431e-06 -1000
2863 87 1e+6 0.15 0.2 4.5e-6 0.42 3e-10 2e-4 2e-3 0.3 0.4 0.5 7e+5 5e-13 0 1e-6 1e-6 0.05 0 242502 342 -1.52117e-05 -1000
2863 88 1e+6 0.15 0.2 4.5e-6 0.42 3e-10 2e-4 2e-3 0.3 0.4 0.5 7e+5 5e-13 0 1e-6 1e-6 0.05 0 91642.3 615 -4.0253e-05 -1000
2863 89 1e+6 0.15 0.2 4.5e-6 0.42 3e-10 2e-4 2e-3 0.3 0.4 0.5 7e+5 5e-13 0 1e-6 1e-6 0.05 0 640315 636 -5.76104e-06 -1000
2863 90 1e+6 0.15 0.2 4.5e-6 0.42 3e-10 2e-4 2e-3 0.3 0.4 0.5 7e+5 5e-13 0 1e-6 1e-6 0.05 0 277540 502 -1.32913e-05 -1000
2863 91 1e+6 0.15 0.2 4.5e-6 0.42 3e-10 2e-4 2e-3 0.3 0.4 0.5 7e+5 5e-13 0 1e-6 1e-6 0.05 0 700262 391 -5.26785e-06 -1000
2863 92 1e+6 0.15 0.2 4.5e-6 0.42 3e-10 2e-4 2e-3 0.3 0.4 0.5 7e+5 5e-13 0 1e-6 1e-6 0.05 0 146406 523 -2.51963e-05 -1000
2863 93 1e+6 0.15 0.2 4.5e-6 0.42 3e-10 2e-4 2e-3 0.3 0.4 0.5 7e+5 5e-13 0 1e-6 1e-6 0.05 0 515674 453 -7.15352e-06 -1000
2863 94 1e+6 0.15 0.2 4.5e-6 0.42 3e-10 2e-4 2e-3 0.3 0.4 0.5 7e+5 5e-13 0 1e-6 1e-6 0.05 0 563095 451 -6.55108e-06 -1000
2863 95 1e+6 0.15 0.2 4.5e-6 0.42 3e-10 2e-4 2e-3 0.3 0.4 0.5 7e+5 5e-13 0 1e-6 1e-6 0.05 0 265892 463 -1.38736e-05 -1000
2863 96 1e+6 0.15 0.2 4.5e-6 0.42 3e-10 2e-4 2e-3 0.3 0.4 0.5 7e+5 5e-13 0 1e-6 1e-6 0.05 0.0404624 1e+06 692 -3.56675e-07 -3.56675e-07
2863 97 1e+6 0.15 0.2 4.5e-6 0.42 3e-10 2e-4 2e-3 0.3 0.4 0.5 7e+5 5e-13 0 1e-6 1e-6 0.05 0 313396 581 -1.17707e-05 -1000
2863 98 1e+6 0.15 0.2 4.5e-6 0.42 3e-10 2e-4 2e-3 0.3 0.4 0.5 7e+5 5e-13 0 1e-6 1e-6 0.05 0 401069 705 -9.19762e-06 -1000
2863 99 1e+6 0.15 0.2 4.5e-6 0.42 3e-10 2e-4 2e-3 0.3 0.4 0.5 7e+5 5e-13 0 1e-6 1e-6 0.05 0 178676 614 -2.06456e-05 -1000
2863 100 1e+6 0.2 0.15 4.5e-6 0.42 3e-10 2e-4 2e-3 0.3 0.4 0.5 7e+5 5e-13 0 1e-6 1e-6 0.05 0 177117 399 -2.08273e-05 -1000
2863 101 1e+6 0.2 0.15 4.5e-6 0.42 3e-10 2e-4 2e-3 0.3 0.4 0.5 7e+5 5e-13 0 1e-6 1e-6 0.05 0.192308 1e+06 442 7.53772e-07 7.53772e-07
2863 102 1e+6 0.2 0.15 4.5e-6 0.42 3e-10 2e-4 2e-3 0.3 0.4 0.5 7e+5 5e-13 0 1e-6 1e-6 0.05 0.653021 1e+06 513 2.12525e-06 2.12525e-06
2863 103 1e+6 0.2 0.15 4.5e-6 0.42 3e-10 2e-4 2e-3 0.3 0.4 0.5 7e+5 5e-13 0 1e-6 1e-6 0.05 0 47809.1 409 -7.71586e-05 -1000
2863 104 1e+6 0.2 0.15 4.5e-6 0.42 3e-10 2e-4 2e-3 0.3 0.4 0.5 7e+5 5e-13 0 1e-6 1e-6 0.05 0.154362 1e+06 447 5.45227e-07 5.45227e-07
2863 105 1e+6 0.2 0.15 4.5e-6 0.42 3e-10 2e-4 2e-3 0.3 0.4 0.5 7e+5 5e-13 0 1e-6 1e-6 0.05 0.329489 1e+06 607 1.60944e-06 1.60944e-06
2863 106 1e+6 0.2 0.15 4.5e-6 0.42 3e-10 2e-4 2e-3 0.3 0.4 0.5 7e+5 5e-13 0 1e-6 1e-6 0.05 0.100233 1e+06 858 7.65468e-07 7.65468e-07
2863 107 1e+6 0.2 0.15 4.5e-6 0.42 3e-10 2e-4 2e-3 0.3 0.4 0.5 7e+5 5e-13 0 1e-6 1e-6 0.05 0.137405 1e+06 786 9.93252e-07 9.93252e-07
2863 108 1e+6 0.2 0.15 4.5e-6 0.42 3e-10 2e-4 2e-3 0.3 0.4 0.5 7e+5 5e-13 0 1e-6 1e-6 0.05 0.430894 1e+06 615 1.89085e-06 1.89085e-06
2863 109 1e+6 0.2 0.15 4.5e-6 0.42 3e-10 2e-4 2e-3 0.3 0.4 0.5 7e+5 5e-13 0 1e-6 1e-6 0.05 0.346809 1e+06 470 1.40487e-06 1.40487e-06
2863 110 1e+6 0.2 0.15 4.5e-6 0.42 3e-10 2e-4 2e-3 0.3 0.4 0.5 7e+5 5e-13 0 1e-6 1e-6 0.05 0.121032 1e+06 504 4.21994e-07 4.21994e-07
2863 111 1e+6 0.2 0.15 4.5e-6 0.42 3e-10 2e-4 2e-3 0.3 0.4 0.5 7e+5 5e-13 0 1e-6 1e-6 0.05 0.173913 1e+06 598 9.55511e-07 9.55511e-07
2863 112 1e+6 0.2 0.15 4.5e-6 0.42 3e-10 2e-4 2e-3 0.3 0.4 0.5 7e+5 5e-13 0 1e-6 1e-6 0.05 0.486874 1e+06 419 1.62924e-06 1.62924e-06
2863 113 1e+6 0.2 0.15 4.5e-6 0.42 3e-10 2e-4 2e-3 0.3 0.4 0.5 7e+5 5e-13 0 1e-6 1e-6 0.05 0.460123 1e+06 652 2.0149e-06 2.0149e-06
2863 114 1e+6 0.2 0.15 4.5e-6 0.42 3e-10 2e-4 2e-3 0.3 0.4 0.5 7e+5 5e-13 0 1e-6 1e-6 0.05 0.26306 1e+06 536 1.25988e-06 1.25988e-06
2863 115 1e+6 0.2 0.15 4.5e-6 0.42 3e-10 2e-4 2e-3 0.3 0.4 0.5 7e+5 5e-13 0 1e-6 1e-6 0.05 0.166129 1e+06 620 9.4585e-07 9.4585e-07
2863 116 1e+6 0.2 0.15 4.5e-6 0.42 3e-10 2e-4 2e-3 0.3 0.4 0.5 7e+5 5e-13 0 1e-6 1e-6 0.05 0.084127 1e+06 630 2.81412e-07 2.81412e-07
2863 117 1e+6 0.2 0.15 4.5e-6 0.42 3e-10 2e-4 2e-3 0.3 0.4 0.5 7e+5 5e-13 0 1e-6 1e-6 0.05 0.390785 1e+06 586 1.74484e-06 1.74484e-06
2863 118 1e+6 0.2 0.15 4.5e-6 0.42 3e-10 2e-4 2e-3 0.3 0.4 0.5 7e+5 5e-13 0 1e-6 1e-6 0.05 0.216667 1e+06 420 8.2198e-07 8.2198e-07
2863 119 1e+6 0.2 0.15 4.5e-6 0.42 3e-10 2e-4 2e-3 0.3 0.4 0.5 7e+5 5e-13 0 1e-6 1e-6 0.05 0.0559211 1e+06 608 -1.62519e-07 -1.62519e-07
2863 120 1e+6 0.2 0.25 4.5e-6 0.42 3e-10 2e-4 2e-3 0.3 0.4 0.5 7e+5 5e-13 0 1e-6 1e-6 0.05 0 322597 508 -1.14349e-05 -1000
2863 121 1e+6 0.2 0.25 4.5e-6 0.42 3e-10 2e-4 2e-3 0.3 0.4 0.5 7e+5 5e-13 0 1e-6 1e-6 0.05 0 78924.2 499 -4.67395e-05 -1000
2863 122 1e+6 0.2 0.25 4.5e-6 0.42 3e-10 2e-4 2e-3 0.3 0.4 0.5 7e+5 5e-13 0 1e-6 1e-6 0.05 0 756421 603 -4.87675e-06 -1000
2863 123 1e+6 0.2 0.25 4.5e-6 0.42 3e-10 2e-4 2e-3 0.3 0.4 0.5 7e+5 5e-13 0 1e-6 1e-6 0.05 0 160642 803 -2.29634e-05 -1000
2863 124 1e+6 0.2 0.25 4.5e-6 0.42 3e-10 2e-4 2e-3 0.3 0.4 0.5 7e+5 5e-13 0 1e-6 1e-6 0.05 0 133215 490 -2.76912e-05 -1000
2863 125 1e+6 0.2 0.25 4.5e-6 0.42 3e-10 2e-4 2e-3 0.3 0.4 0.5 7e+5 5e-13 0 1e-6 1e-6 0.05 0 371733 514 -9.92346e-06 -1000
2863 126 1e+6 0.2 0.25 4.5e-6 0.42 3e-10 2e-4 2e-3 0.3 0.4 0.5 7e+5 5e-13 0 1e-6 1e-6 0.05 0 129054 447 -2.8584e-05 -1000
2863 127 1e+6 0.2 0.25 4.5e-6 0.42 3e-10 2e-4 2e-3 0.3 0.4 0.5 7e+5 5e-13 0 1e-6 1e-6 0.05 0 181649 549 -2.03078e-05 -1000
2863 128 1e+6 0.2 0.25 4.5e-6 0.42 3e-10 2e-4 2e-3 0.3 0.4 0.5 7e+5 5e-13 0 1e-6 1e-6 0.05 0 82935 658 -4.44791e-05 -1000
2863 129 1e+6 0.2 0.25 4.5e-6 0.42 3e-10 2e-4 2e-3 0.3 0.4 0.5 7e+5 5e-13 0 1e-6 1e-6 0.05 0 225137 528 -1.63851e-05 -1000
2863 130 1e+6 0.2 0.25 4.5e-6 0.42 3e-10 2e-4 2e-3 0.3 0.4 0.5 7e+5 5e-13 0 1e-6 1e-6 0.05 0 456562 459 -8.0797e-06 -1000
2863 131 1e+6 0.2 0.25 4.5e-6 0.42 3e-10 2e-4 2e-3 0.3 0.4 0.5 7e+5 5e-13 0 1e-6 1e-6 0.05 0 129055 726 -2.85838e-05 -1000
2863 132 1e+6 0.2 0.25 4.5e-6 0.42 3e-10 2e-4 2e-3 0.3 0.4 0.5 7e+5 5e-13 0 1e-6 1e-6 0.05 0 247757 478 -1.48891e-05 -1000
2863 133 1e+6 0.2 0.25 4.5e-6 0.42 3e-10 2e-4 2e-3 0.3 0.4 0.5 7e+5 5e-13 0 1e-6 1e-6 0.05 0 185557 347 -1.988e-05 -1000
2863 134 1e+6 0.2 0.25 4.5e-6 0.42 3e-10 2e-4 2e-3 0.3 0.4 0.5 7e+5 5e-13 0 1e-6 1e-6 0.05 0 527493 627 -6.99323e-06 -1000
2863 135 1e+6 0.2 0.25 4.5e-6 0.42 3e-10 2e-4 2e-3 0.3 0.4 0.5 7e+5 5e-13 0 1e-6 1e-6 0.05 0 247859 828 -1.4883e-05 -1000
2863 136 1e+6 0.2 0.25 4.5e-6 0.42 3e-10 2e-4 2e-3 0.3 0.4 0.5 7e+5 5e-13 0 1e-6 1e-6 0.05 0 328650 669 -1.12243e-05 -1000
2863 137 1e+6 0.2 0.25 4.5e-6 0.42 3e-10 2e-4 2e-3 0.3 0.4 0.5 7e+5 5e-13 0 1e-6 1e-6 0.05 0 85943.3 456 -4.29222e-05 -1000
2863 138 1e+6 0.2 0.25 4.5e-6 0.42 3e-10 2e-4 2e-3 0.3 0.4 0.5 7e+5 5e-13 0 1e-6 1e-6 0.05 0 965357 554 -3.82126e-06 -1000
2863 139 1e+6 0.2 0.25 4.5e-6 0.42 3e-10 2e-4 2e-3 0.3 0.4 0.5 7e+5 5e-13 0 1e-6 1e-6 0.05 0 121692 551 -3.03133e-05 -1000
2863 140 1e+6 0.25 0.2 4.5e-6 0.42 3e-10 2e-4 2e-3 0.3 0.4 0.5 7e+5 5e-13 0 1e-6 1e-6 0.05 0.635294 1e+06 510 2.2254e-06 2.2254e-06
2863 141 1e+6 0.25 0.2 4.5e-6 0.42 3e-10 2e-4 2e-3 0.3 0.4 0.5 7e+5 5e-13 0 1e-6 1e-6 0.05 0.553471 1e+06 533 2.13163e-06 2.13163e-06
2863 142 1e+6 0.25 0.2 4.5e-6 0.42 3e-10 2e-4 2e-3 0.3 0.4 0.5 7e+5 5e-13 0 1e-6 1e-6 0.05 0.538695 1e+06 659 2.31677e-06 2.31677e-06
2863 143 1e+6 0.25 0.2 4.5e-6 0.42 3e-10 2e-4 2e-3 0.3 0.4 0.5 7e+5 5e-13 0 1e-6 1e-6 0.05 0.398276 1e+06 580 1.88707e-06 1.88707e-06
2863 144 1e+6 0.25 0.2 4.5e-6 0.42 3e-10 2e-4 2e-3 0.3 0.4 0.5 7e+5 5e-13 0 1e-6 1e-6 0.05 0.415929 1e+06 452 1.68109e-06 1.68109e-06
2863 145 1e+6 0.25 0.2 4.5e-6 0.42 3e-10 2e-4 2e-3 0.3 0.4 0.5 7e+5 5e-13 0 1e-6 1e-6 0.05 0.6304 1e+06 625 2.421e-06 2.421e-06
2863 146 1e+6 0.25 0.2 4.5e-6 0.42 3e-10 2e-4 2e-3 0.3 0.4 0.5 7e+5 5e-13 0 1e-6 1e-6 0.05 0.544469 1e+06 461 1.9701e-06 1.9701e-06
2863 147 1e+6 0.25 0.2 4.5e-6 0.42 3e-10 2e-4 2e-3 0.3 0.4 0.5 7e+5 5e-13 0 1e-6 1e-6 0.05 0.446768 1e+06 526 1.90424e-06 1.90424e-06
2863 148 1e+6 0.25 0.2 4.5e-6 0.42 3e-10 2e-4 2e-3 0.3 0.4 0.5 7e+5 5e-13 0 1e-6 1e-6 0.05 0.10087 1e+06 575 5.05095e-07 5.05095e-07
2863 149 1e+6 0.25 0.2 4.5e-6 0.42 3e-10 2e-4 2e-3 0.3 0.4 0.5 7e+5 5e-13 0 1e-6 1e-6 0.05 0.309154 1e+06 579 1.63204e-06 1.63204e-06
2863 150 1e+6 0.25 0.2 4.5e-6 0.42 3e-10 2e-4 2e-3 0.3 0.4 0.5 7e+5 5e-13 0 1e-6 1e-6 0.05 0.251641 1e+06 457 1.18958e-06 1.18958e-06
2863 151 1e+6 0.25 0.2 4.5e-6 0.42 3e-10 2e-4 2e-3 0.3 0.4 0.5 7e+5 5e-13 0 1e-6 1e-6 0.05 0.689873 1e+06 474 2.23461e-06 2.23461e-06
2863 152 1e+6 0.25 0.2 4.5e-6 0.42 3e-10 2e-4 2e-3 0.3 0.4 0.5 7e+5 5e-13 0 1e-6 1e-6 0.05 0.527051 1e+06 573 2.15508e-06 2.15508e-06
2863 153 1e+6 0.25 0.2 4.5e-6 0.42 3e-10 2e-4 2e-3 0.3 0.4 0.5 7e+5 5e-13 0 1e-6 1e-6 0.05 0.693262 1e+06 564 2.41336e-06 2.41336e-06
2863 154 1e+6 0.25 0.2 4.5e-6 0.42 3e-10 2e-4 2e-3 0.3 0.4 0.5 7e+5 5e-13 0 1e-6 1e-6 0.05 0.442804 1e+06 542 1.92529e-06 1.92529e-06
2863 155 1e+6 0.25 0.2 4.5e-6 0.42 3e-10 2e-4 2e-3 0.3 0.4 0.5 7e+5 5e-13 0 1e-6 1e-6 0.05 0.115108 1e+06 556 6.03535e-07 6.03535e-07
2863 156 1e+6 0.25 0.2 4.5e-6 0.42 3e-10 2e-4 2e-3 0.3 0.4 0.5 7e+5 5e-13 0 1e-6 1e-6 0.05 0.621969 1e+06 701 2.52229e-06 2.52229e-06
2863 157 1e+6 0.25 0.2 4.5e-6 0.42 3e-10 2e-4 2e-3 0.3 0.4 0.5 7e+5 5e-13 0 1e-6 1e-6 0.05 0.508246 1e+06 667 2.27065e-06 2.27065e-06
2863 158 1e+6 0.25 0.2 4.5e-6 0.42 3e-10 2e-4 2e-3 0.3 0.4 0.5 7e+5 5e-13 0 1e-6 1e-6 0.05 0.523161 1e+06 367 1.70215e-06 1.70215e-06
2863 159 1e+6 0.25 0.2 4.5e-6 0.42 3e-10 2e-4 2e-3 0.3 0.4 0.5 7e+5 5e-13 0 1e-6 1e-6 0.05 0.878655 1e+06 684 2.84325e-06 2.84325e-06
2863 160 1e+6 0.25 0.3 4.5e-6 0.42 3e-10 2e-4 2e-3 0.3 0.4 0.5 7e+5 5e-13 0 1e-6 1e-6 0.05 0 233150 470 -1.52492e-05 -1000
2863 161 1e+6 0.25 0.3 4.5e-6 0.42 3e-10 2e-4 2e-3 0.3 0.4 0.5 7e+5 5e-13 0 1e-6 1e-6 0.05 0 183420 425 -1.93837e-05 -1000
2863 162 1e+6 0.25 0.3 4.5e-6 0.42 3e-10 2e-4 2e-3 0.3 0.4 0.5 7e+5 5e-13 0 1e-6 1e-6 0.05 0 197408 544 -1.80102e-05 -1000
2863 163 1e+6 0.25 0.3 4.5e-6 0.42 3e-10 2e-4 2e-3 0.3 0.4 0.5 7e+5 5e-13 0 1e-6 1e-6 0.05 0 316422 566 -1.12361e-05 -1000
2863 164 1e+6 0.25 0.3 4.5e-6 0.42 3e-10 2e-4 2e-3 0.3 0.4 0.5 7e+5 5e-13 0 1e-6 1e-6 0.05 0 192808 496 -1.84398e-05 -1000
2863 165 1e+6 0.25 0.3 4.5e-6 0.42 3e-10 2e-4 2e-3 0.3 0.4 0.5 7e+5 5e-13 0 1e-6 1e-6 0.05 0 298967 476 -1.18921e-05 -1000
2863 166 1e+6 0.25 0.3 4.5e-6 0.42 3e-10 2e-4 2e-3 0.3 0.4 0.5 7e+5 5e-13 0 1e-6 1e-6 0.05 0 359738 532 -9.88316e-06 -1000
2863 167 1e+6 0.25 0.3 4.5e-6 0.42 3e-10 2e-4 2e-3 0.3 0.4 0.5 7e+5 5e-13 0 1e-6 1e-6 0.05 0 115904 488 -3.06749e-05 -1000
2863 168 1e+6 0.25 0.3 4.5e-6 0.42 3e-10 2e-4 2e-3 0.3 0.4 0.5 7e+5 5e-13 0 1e-6 1e-6 0.05 0 568379 543 -6.25524e-06 -1000
2863 169 1e+6 0.25 0.3 4.5e-6 0.42 3e-10 2e-4 2e-3 0.3 0.4 0.5 7e+5 5e-13 0 1e-6 1e-6 0.05 0 508157 463 -6.99656e-06 -1000
2863 170 1e+6 0.25 0.3 4.5e-6 0.42 3e-10 2e-4 2e-3 0.3 0.4 0.5 7e+5 5e-13 0 1e-6 1e-6 0.05 0 487244 425 -7.29685e-06 -1000
2863 171 1e+6 0.25 0.3 4.5e-6 0.42 3e-10 2e-4 2e-3 0.3 0.4 0.5 7e+5 5e-13 0 1e-6 1e-6 0.05 0 384238 438 -9.25298e-06 -1000
2863 172 1e+6 0.25 0.3 4.5e-6 0.42 3e-10 2e-4 2e-3 0.3 0.4 0.5 7e+5 5e-13 0 1e-6 1e-6 0.05 0 222171 418 -1.60027e-05 -1000
2863 173 1e+6 0.25 0.3 4.5e-6 0.42 3e-10 2e-4 2e-3 0.3 0.4 0.5 7e+5 5e-13 0 1e-6 1e-6 0.05 0 217312 485 -1.63606e-05 -1000
2863 174 1e+6 0.25 0.3 4.5e-6 0.42 3e-10 2e-4 2e-3 0.3 0.4 0.5 7e+5 5e-13 0 1e-6 1e-6 0.05 0 159091 527 -2.23479e-05 -1000
2863 175 1e+6 0.25 0.3 4.5e-6 0.42 3e-10 2e-4 2e-3 0.3 0.4 0.5 7e+5 5e-13 0 1e-6 1e-6 0.05 0 468497 420 -7.58884e-06 -1000
2863 176 1e+6 0.25 0.3 4.5e-6 0.42 3e-10 2e-4 2e-3 0.3 0.4 0.5 7e+5 5e-13 0 1e-6 1e-6 0.05 0 158563 540 -2.24223e-05 -1000
2863 177 1e+6 0.25 0.3 4.5e-6 0.42 3e-10 2e-4 2e-3 0.3 0.4 0.5 7e+5 5e-13 0 1e-6 1e-6 0.05 0 352497 520 -1.00862e-05 -1000
2863 178 1e+6 0.25 0.3 4.5e-6 0.42 3e-10 2e-4 2e-3 0.3 0.4 0.5 7e+5 5e-13 0 1e-6 1e-6 0.05 0 237908 553 -1.49442e-05 -1000
2863 179 1e+6 0.25 0.3 4.5e-6 0.42 3e-10 2e-4 2e-3 0.3 0.4 0.5 7e+5 5e-13 0 1e-6 1e-6 0.05 0 174509 489 -2.03735e-05 -1000
2863 180 1e+6 0.3 0.25 4.5e-6 0.42 3e-10 2e-4 2e-3 0.3 0.4 0.5 7e+5 5e-13 0 1e-6 1e-6 0.05 0.479624 1e+06 638 2.16824e-06 2.16824e-06
2863 181 1e+6 0.3 0.25 4.5e-6 0.42 3e-10 2e-4 2e-3 0.3 0.4 0.5 7e+5 5e-13 0 1e-6 1e-6 0.05 0.660596 1e+06 604 2.43361e-06 2.43361e-06
2863 182 1e+6 0.3 0.25 4.5e-6 0.42 3e-10 2e-4 2e-3 0.3 0.4 0.5 7e+5 5e-13 0 1e-6 1e-6 0.05 0.691781 1e+06 584 2.44607e-06 2.44607e-06
2863 183 1e+6 0.3 0.25 4.5e-6 0.42 3e-10 2e-4 2e-3 0.3 0.4 0.5 7e+5 5e-13 0 1e-6 1e-6 0.05 0.667488 1e+06 406 2.04677e-06 2.04677e-06
2863 184 1e+6 0.3 0.25 4.5e-6 0.42 3e-10 2e-4 2e-3 0.3 0.4 0.5 7e+5 5e-13 0 1e-6 1e-6 0.05 0.938998 1e+06 459 2.51076e-06 2.51076e-06
2863 185 1e+6 0.3 0.25 4.5e-6 0.42 3e-10 2e-4 2e-3 0.3 0.4 0.5 7e+5 5e-13 0 1e-6 1e-6 0.05 0.432515 1e+06 652 2.08656e-06 2.08656e-06
2863 186 1e+6 0.3 0.25 4.5e-6 0.42 3e-10 2e-4 2e-3 0.3 0.4 0.5 7e+5 5e-13 0 1e-6 1e-6 0.05 0.696653 1e+06 478 2.25279e-06 2.25279e-06
2863 187 1e+6 0.3 0.25 4.5e-6 0.42 3e-10 2e-4 2e-3 0.3 0.4 0.5 7e+5 5e-13 0 1e-6 1e-6 0.05 0.886228 1e+06 501 2.54048e-06 2.54048e-06
2863 188 1e+6 0.3 0.25 4.5e-6 0.42 3e-10 2e-4 2e-3 0.3 0.4 0.5 7e+5 5e-13 0 1e-6 1e-6 0.05 0.466531 1e+06 493 1.88273e-06 1.88273e-06
2863 189 1e+6 0.3 0.25 4.5e-6 0.42 3e-10 2e-4 2e-3 0.3 0.4 0.5 7e+5 5e-13 0 1e-6 1e-6 0.05 0.579961 1e+06 519 2.15176e-06 2.15176e-06
2863 190 1e+6 0.3 0.25 4.5e-6 0.42 3e-10 2e-4 2e-3 0.3 0.4 0.5 7e+5 5e-13 0 1e-6 1e-6 0.05 0.439024 1e+06 451 1.73292e-06 1.73292e-06
2863 191 1e+6 0.3 0.25 4.5e-6 0.42 3e-10 2e-4 2e-3 0.3 0.4 0.5 7e+5 5e-13 0 1e-6 1e-6 0.05 0 558509 474 -6.36578e-06 -1000
2863 192 1e+6 0.3 0.25 4.5e-6 0.42 3e-10 2e-4 2e-3 0.3 0.4 0.5 7e+5 5e-13 0 1e-6 1e-6 0.05 0.768349 1e+06 436 2.25878e-06 2.25878e-06
2863 193 1e+6 0.3 0.25 4.5e-6 0.42 3e-10 2e-4 2e-3 0.3 0.4 0.5 7e+5 5e-13 0 1e-6 1e-6 0.05 0.626953 1e+06 512 2.21609e-06 2.21609e-06
2863 194 1e+6 0.3 0.25 4.5e-6 0.42 3e-10 2e-4 2e-3 0.3 0.4 0.5 7e+5 5e-13 0 1e-6 1e-6 0.05 0.470817 1e+06 514 1.93359e-06 1.93359e-06
2863 195 1e+6 0.3 0.25 4.5e-6 0.42 3e-10 2e-4 2e-3 0.3 0.4 0.5 7e+5 5e-13 0 1e-6 1e-6 0.05 0 137262 648 -2.59019e-05 -1000
2863 196 1e+6 0.3 0.25 4.5e-6 0.42 3e-10 2e-4 2e-3 0.3 0.4 0.5 7e+5 5e-13 0 1e-6 1e-6 0.05 0.742268 1e+06 388 2.10761e-06 2.10761e-06
2863 197 1e+6 0.3 0.25 4.5e-6 0.42 3e-10 2e-4 2e-3 0.3 0.4 0.5 7e+5 5e-13 0 1e-6 1e-6 0.05 0.803883 1e+06 515 2.47052e-06 2.47052e-06
2863 198 1e+6 0.3 0.25 4.5e-6 0.42 3e-10 2e-4 2e-3 0.3 0.4 0.5 7e+5 5e-13 0 1e-6 1e-6 0.05 0 319108 602 -1.11415e-05 -1000
2863 199 1e+6 0.3 0.25 4.5e-6 0.42 3e-10 2e-4 2e-3 0.3 0.4 0.5 7e+5 5e-13 0 1e-6 1e-6 0.05 0.651943 1e+06 566 2.35545e-06 2.35545e-06
2863 200 1e+6 0.3 0.35 4.5e-6 0.42 3e-10 2e-4 2e-3 0.3 0.4 0.5 7e+5 5e-13 0 1e-6 1e-6 0.05 0 772657 523 -4.60146e-06 -1000
2863 201 1e+6 0.3 0.35 4.5e-6 0.42 3e-10 2e-4 2e-3 0.3 0.4 0.5 7e+5 5e-13 0 1e-6 1e-6 0.05 0 165905 462 -2.143e-05 -1000
2863 202 1e+6 0.3 0.35 4.5e-6 0.42 3e-10 2e-4 2e-3 0.3 0.4 0.5 7e+5 5e-13 0 1e-6 1e-6 0.05 0 200965 528 -1.76914e-05 -1000
2863 203 1e+6 0.3 0.35 4.5e-6 0.42 3e-10 2e-4 2e-3 0.3 0.4 0.5 7e+5 5e-13 0 1e-6 1e-6 0.05 0 99613.3 305 -3.56915e-05 -1000
2863 204 1e+6 0.3 0.35 4.5e-6 0.42 3e-10 2e-4 2e-3 0.3 0.4 0.5 7e+5 5e-13 0 1e-6 1e-6 0.05 0 204466 486 -1.73885e-05 -1000
2863 205 1e+6 0.3 0.35 4.5e-6 0.42 3e-10 2e-4 2e-3 0.3 0.4 0.5 7e+5 5e-13 0 1e-6 1e-6 0.05 0 173211 442 -2.05261e-05 -1000
2863 206 1e+6 0.3 0.35 4.5e-6 0.42 3e-10 2e-4 2e-3 0.3 0.4 0.5 7e+5 5e-13 0 1e-6 1e-6 0.05 0 140236 570 -2.53527e-05 -1000
2863 207 1e+6 0.3 0.35 4.5e-6 0.42 3e-10 2e-4 2e-3 0.3 0.4 0.5 7e+5 5e-13 0 1e-6 1e-6 0.05 0 153572 384 -2.3151e-05 -1000
2863 208 1e+6 0.3 0.35 4.5e-6 0.42 3e-10 2e-4 2e-3 0.3 0.4 0.5 7e+5 5e-13 0 1e-6 1e-6 0.05 0 70955.8 426 -5.01065e-05 -1000
2863 209 1e+6 0.3 0.35 4.5e-6 0.42 3e-10 2e-4 2e-3 0.3 0.4 0.5 7e+5 5e-13 0 1e-6 1e-6 0.05 0 134522 446 -2.64295e-05 -1000
2863 210 1e+6 0.3 0.35 4.5e-6 0.42 3e-10 2e-4 2e-3 0.3 0.4 0.5 7e+5 5e-13 0 1e-6 1e-6 0.05 0 279005 489 -1.2743e-05 -1000
2863 211 1e+6 0.3 0.35 4.5e-6 0.42 3e-10 2e-4 2e-3 0.3 0.4 0.5 7e+5 5e-13 0 1e-6 1e-6 0.05 0 95180.7 507 -3.73537e-05 -1000
2863 212 1e+6 0.3 0.35 4.5e-6 0.42 3e-10 2e-4 2e-3 0.3 0.4 0.5 7e+5 5e-13 0 1e-6 1e-6 0.05 0 49095.9 503 -7.24164e-05 -1000
2863 213 1e+6 0.3 0.35 4.5e-6 0.42 3e-10 2e-4 2e-3 0.3 0.4 0.5 7e+5 5e-13 0 1e-6 1e-6 0.05 0 435802 446 -8.15818e-06 -1000
2863 214 1e+6 0.3 0.35 4.5e-6 0.42 3e-10 2e-4 2e-3 0.3 0.4 0.5 7e+5 5e-13 0 1e-6 1e-6 0.05 0 137516 540 -2.58541e-05 -1000
2863 215 1e+6 0.3 0.35 4.5e-6 0.42 3e-10 2e-4 2e-3 0.3 0.4 0.5 7e+5 5e-13 0 1e-6 1e-6 0.05 0 473253 470 -7.51258e-06 -1000
2863 216 1e+6 0.3 0.35 4.5e-6 0.42 3e-10 2e-4 2e-3 0.3 0.4 0.5 7e+5 5e-13 0 1e-6 1e-6 0.05 0 157588 666 -2.25611e-05 -1000
2863 217 1e+6 0.3 0.35 4.5e-6 0.42 3e-10 2e-4 2e-3 0.3 0.4 0.5 7e+5 5e-13 0 1e-6 1e-6 0.05 0 414605 380 -8.57527e-06 -1000
2863 218 1e+6 0.3 0.35 4.5e-6 0.42 3e-10 2e-4 2e-3 0.3 0.4 0.5 7e+5 5e-13 0 1e-6 1e-6 0.05 0 433649 603 -8.19867e-06 -1000
2863 219 1e+6 0.3 0.35 4.5e-6 0.42 3e-10 2e-4 2e-3 0.3 0.4 0.5 7e+5 5e-13 0 1e-6 1e-6 0.05 0 69957.8 524 -5.08214e-05 -1000
2863 220 1e+6 0.35 0.3 4.5e-6 0.42 3e-10 2e-4 2e-3 0.3 0.4 0.5 7e+5 5e-13 0 1e-6 1e-6 0.05 0.672489 1e+06 458 2.17475e-06 2.17475e-06
2863 221 1e+6 0.35 0.3 4.5e-6 0.42 3e-10 2e-4 2e-3 0.3 0.4 0.5 7e+5 5e-13 0 1e-6 1e-6 0.05 0.805046 1e+06 436 2.30544e-06 2.30544e-06
2863 222 1e+6 0.35 0.3 4.5e-6 0.42 3e-10 2e-4 2e-3 0.3 0.4 0.5 7e+5 5e-13 0 1e-6 1e-6 0.05 0.487078 1e+06 503 1.94591e-06 1.94591e-06
2863 223 1e+6 0.35 0.3 4.5e-6 0.42 3e-10 2e-4 2e-3 0.3 0.4 0.5 7e+5 5e-13 0 1e-6 1e-6 0.05 1 838377 481 3.12571e-06 3.12571e-06
2863 224 1e+6 0.35 0.3 4.5e-6 0.42 3e-10 2e-4 2e-3 0.3 0.4 0.5 7e+5 5e-13 0 1e-6 1e-6 0.05 0.729981 1e+06 537 2.41591e-06 2.41591e-06
2863 225 1e+6 0.35 0.3 4.5e-6 0.42 3e-10 2e-4 2e-3 0.3 0.4 0.5 7e+5 5e-13 0 1e-6 1e-6 0.05 0.964435 1e+06 478 2.57805e-06 2.57805e-06
2863 226 1e+6 0.35 0.3 4.5e-6 0.42 3e-10 2e-4 2e-3 0.3 0.4 0.5 7e+5 5e-13 0 1e-6 1e-6 0.05 0.794971 1e+06 517 2.46325e-06 2.46325e-06
2863 227 1e+6 0.35 0.3 4.5e-6 0.42 3e-10 2e-4 2e-3 0.3 0.4 0.5 7e+5 5e-13 0 1e-6 1e-6 0.05 0.362222 1e+06 450 1.5384e-06 1.5384e-06
2863 228 1e+6 0.35 0.3 4.5e-6 0.42 3e-10 2e-4 2e-3 0.3 0.4 0.5 7e+5 5e-13 0 1e-6 1e-6 0.05 0.846954 1e+06 673 2.79029e-06 2.79029e-06
2863 229 1e+6 0.35 0.3 4.5e-6 0.42 3e-10 2e-4 2e-3 0.3 0.4 0.5 7e+5 5e-13 0 1e-6 1e-6 0.05 0.642978 1e+06 591 2.38482e-06 2.38482e-06
2863 230 1e+6 0.35 0.3 4.5e-6 0.42 3e-10 2e-4 2e-3 0.3 0.4 0.5 7e+5 5e-13 0 1e-6 1e-6 0.05 0.501149 1e+06 435 1.82915e-06 1.82915e-06
2863 231 1e+6 0.35 0.3 4.5e-6 0.42 3e-10 2e-4 2e-3 0.3 0.4 0.5 7e+5 5e-13 0 1e-6 1e-6 0.05 0.882622 1e+06 656 2.80595e-06 2.80595e-06
2863 232 1e+6 0.35 0.3 4.5e-6 0.42 3e-10 2e-4 2e-3 0.3 0.4 0.5 7e+5 5e-13 0 1e-6 1e-6 0.05 0.968523 1e+06 413 2.43612e-06 2.43612e-06
2863 233 1e+6 0.35 0.3 4.5e-6 0.42 3e-10 2e-4 2e-3 0.3 0.4 0.5 7e+5 5e-13 0 1e-6 1e-6 0.05 0.785714 1e+06 420 2.24374e-06 2.24374e-06
2863 234 1e+6 0.35 0.3 4.5e-6 0.42 3e-10 2e-4 2e-3 0.3 0.4 0.5 7e+5 5e-13 0 1e-6 1e-6 0.05 0.328967 1e+06 687 1.86519e-06 1.86519e-06
2863 235 1e+6 0.35 0.3 4.5e-6 0.42 3e-10 2e-4 2e-3 0.3 0.4 0.5 7e+5 5e-13 0 1e-6 1e-6 0.05 0.415354 1e+06 508 1.79651e-06 1.79651e-06
2863 236 1e+6 0.35 0.3 4.5e-6 0.42 3e-10 2e-4 2e-3 0.3 0.4 0.5 7e+5 5e-13 0 1e-6 1e-6 0.05 0.317073 1e+06 369 1.20683e-06 1.20683e-06
2863 237 1e+6 0.35 0.3 4.5e-6 0.42 3e-10 2e-4 2e-3 0.3 0.4 0.5 7e+5 5e-13 0 1e-6 1e-6 0.05 0.517241 1e+06 522 2.04307e-06 2.04307e-06
2863 238 1e+6 0.35 0.3 4.5e-6 0.42 3e-10 2e-4 2e-3 0.3 0.4 0.5 7e+5 5e-13 0 1e-6 1e-6 0.05 0.31384 1e+06 513 1.52606e-06 1.52606e-06
2863 239 1e+6 0.35 0.3 4.5e-6 0.42 3e-10 2e-4 2e-3 0.3 0.4 0.5 7e+5 5e-13 0 1e-6 1e-6 0.05 0.594714 1e+06 454 2.04307e-06 2.04307e-06
