2763 0 1e+6 0.05 0.1 3e-6 0.42 3e-10 2e-4 2e-3 0.3 0.4 0.5 7e+5 5e-13 0 1e-6 1e-6 0.05 0.681992 1e+06 783 2.72505e-06 2.72505e-06
2763 1 1e+6 0.05 0.1 3e-6 0.42 3e-10 2e-4 2e-3 0.3 0.4 0.5 7e+5 5e-13 0 1e-6 1e-6 0.05 0 114700 688 -3.09968e-05 -1000
2763 2 1e+6 0.05 0.1 3e-6 0.42 3e-10 2e-4 2e-3 0.3 0.4 0.5 7e+5 5e-13 0 1e-6 1e-6 0.05 0.106412 1e+06 733 8.01361e-07 8.01361e-07
2763 3 1e+6 0.05 0.1 3e-6 0.42 3e-10 2e-4 2e-3 0.3 0.4 0.5 7e+5 5e-13 0 1e-6 1e-6 0.05 0 64284.9 213 -5.53061e-05 -1000
2763 4 1e+6 0.05 0.1 3e-6 0.42 3e-10 2e-4 2e-3 0.3 0.4 0.5 7e+5 5e-13 0 1e-6 1e-6 0.05 0.598919 1e+06 925 2.76182e-06 2.76182e-06
2763 5 1e+6 0.05 0.1 3e-6 0.42 3e-10 2e-4 2e-3 0.3 0.4 0.5 7e+5 5e-13 0 1e-6 1e-6 0.05 0.553746 1e+06 307 1.58045e-06 1.58045e-06
2763 6 1e+6 0.05 0.1 3e-6 0.42 3e-10 2e-4 2e-3 0.3 0.4 0.5 7e+5 5e-13 0 1e-6 1e-6 0.05 0 175934 588 -2.02084e-05 -1000
2763 7 1e+6 0.05 0.1 3e-6 0.42 3e-10 2e-4 2e-3 0.3 0.4 0.5 7e+5 5e-13 0 1e-6 1e-6 0.05 0 534368 622 -6.65337e-06 -1000
2763 8 1e+6 0.05 0.1 3e-6 0.42 3e-10 2e-4 2e-3 0.3 0.4 0.5 7e+5 5e-13 0 1e-6 1e-6 0.05 0.0362903 1e+06 496 -6.64976e-07 -6.64976e-07
2763 9 1e+6 0.05 0.1 3e-6 0.42 3e-10 2e-4 2e-3 0.3 0.4 0.5 7e+5 5e-13 0 1e-6 1e-6 0.05 0.700397 1e+06 504 2.31112e-06 2.31112e-06
2763 10 1e+6 0.05 0.1 3e-6 0.42 3e-10 2e-4 2e-3 0.3 0.4 0.5 7e+5 5e-13 0 1e-6 1e-6 0.05 0.886957 1e+06 690 2.86138e-06 2.86138e-06
2763 11 1e+6 0.05 0.1 3e-6 0.42 3e-10 2e-4 2e-3 0.3 0.4 0.5 7e+5 5e-13 0 1e-6 1e-6 0.05 0 336910 559 -1.05528e-05 -1000
2763 12 1e+6 0.05 0.1 3e-6 0.42 3e-10 2e-4 2e-3 0.3 0.4 0.5 7e+5 5e-13 0 1e-6 1e-6 0.05 0 257275 292 -1.38192e-05 -1000
2763 13 1e+6 0.05 0.1 3e-6 0.42 3e-10 2e-4 2e-3 0.3 0.4 0.5 7e+5 5e-13 0 1e-6 1e-6 0.05 0.781478 1e+06 961 3.06606e-06 3.06606e-06
2763 14 1e+6 0.05 0.1 3e-6 0.42 3e-10 2e-4 2e-3 0.3 0.4 0.5 7e+5 5e-13 0 1e-6 1e-6 0.05 0 256221 336 -1.38761e-05 -1000
2763 15 1e+6 0.05 0.1 3e-6 0.42 3e-10 2e-4 2e-3 0.3 0.4 0.5 7e+5 5e-13 0 1e-6 1e-6 0.05 0 77990.3 238 -4.55871e-05 -1000
2763 16 1e+6 0.05 0.1 3e-6 0.42 3e-10 2e-4 2e-3 0.3 0.4 0.5 7e+5 5e-13 0 1e-6 1e-6 0.05 0 405655 558 -8.76446e-06 -1000
2763 17 1e+6 0.05 0.1 3e-6 0.42 3e-10 2e-4 2e-3 0.3 0.4 0.5 7e+5 5e-13 0 1e-6 1e-6 0.05 0 105246 483 -3.37814e-05 -1000
2763 18 1e+6 0.05 0.1 3e-6 0.42 3e-10 2e-4 2e-3 0.3 0.4 0.5 7e+5 5e-13 0 1e-6 1e-6 0.05 0.885027 1e+06 374 2.24677e-06 2.24677e-06
2763 19 1e+6 0.05 0.1 3e-6 0.42 3e-10 2e-4 2e-3 0.3 0.4 0.5 7e+5 5e-13 0 1e-6 1e-6 0.05 0.587549 1e+06 514 2.15508e-06 2.15508e-06
2763 20 1e+6 0.1 0.05 3e-6 0.42 3e-10 2e-4 2e-3 0.3 0.4 0.5 7e+5 5e-13 0 1e-6 1e-6 0.05 0 157778 578 -2.33802e-05 -1000
2763 21 1e+6 0.1 0.05 3e-6 0.42 3e-10 2e-4 2e-3 0.3 0.4 0.5 7e+5 5e-13 0 1e-6 1e-6 0.05 0 147090 747 -2.50791e-05 -1000
2763 22 1e+6 0.1 0.05 3e-6 0.42 3e-10 2e-4 2e-3 0.3 0.4 0.5 7e+5 5e-13 0 1e-6 1e-6 0.05 0 81496 693 -4.52646e-05 -1000
2763 23 1e+6 0.1 0.05 3e-6 0.42 3e-10 2e-4 2e-3 0.3 0.4 0.5 7e+5 5e-13 0 1e-6 1e-6 0.05 0 394984 325 -9.33931e-06 -1000
2763 24 1e+6 0.1 0.05 3e-6 0.42 3e-10 2e-4 2e-3 0.3 0.4 0.5 7e+5 5e-13 0 1e-6 1e-6 0.05 0 94667.3 579 -3.89668e-05 -1000
2763 25 1e+6 0.1 0.05 3e-6 0.42 3e-10 2e-4 2e-3 0.3 0.4 0.5 7e+5 5e-13 0 1e-6 1e-6 0.05 0 54621.3 396 -6.75355e-05 -1000
2763 26 1e+6 0.1 0.05 3e-6 0.42 3e-10 2e-4 2e-3 0.3 0.4 0.5 7e+5 5e-13 0 1e-6 1e-6 0.05 0 41712.5 341 -8.84359e-05 -1000
2763 27 1e+6 0.1 0.05 3e-6 0.42 3e-10 2e-4 2e-3 0.3 0.4 0.5 7e+5 5e-13 0 1e-6 1e-6 0.05 0 497457 502 -7.41547e-06 -1000
2763 28 1e+6 0.1 0.05 3e-6 0.42 3e-10 2e-4 2e-3 0.3 0.4 0.5 7e+5 5e-13 0 1e-6 1e-6 0.05 0 215708 595 -1.71013e-05 -1000
2763 29 1e+6 0.1 0.05 3e-6 0.42 3e-10 2e-4 2e-3 0.3 0.4 0.5 7e+5 5e-13 0 1e-6 1e-6 0.05 0 71184.5 556 -5.18214e-05 -1000
2763 30 1e+6 0.1 0.05 3e-6 0.42 3e-10 2e-4 2e-3 0.3 0.4 0.5 7e+5 5e-13 0 1e-6 1e-6 0.05 0 37601.5 373 -9.81046e-05 -1000
2763 31 1e+6 0.1 0.05 3e-6 0.42 3e-10 2e-4 2e-3 0.3 0.4 0.5 7e+5 5e-13 0 1e-6 1e-6 0.05 0 221875 475 -1.6626e-05 -1000
2763 32 1e+6 0.1 0.05 3e-6 0.42 3e-10 2e-4 2e-3 0.3 0.4 0.5 7e+5 5e-13 0 1e-6 1e-6 0.05 0 120571 479 -3.05951e-05 -1000
2763 33 1e+6 0.1 0.05 3e-6 0.42 3e-10 2e-4 2e-3 0.3 0.4 0.5 7e+5 5e-13 0 1e-6 1e-6 0.05 0 40341.2 380 -9.14421e-05 -1000
2763 34 1e+6 0.1 0.05 3e-6 0.42 3e-10 2e-4 2e-3 0.3 0.4 0.5 7e+5 5e-13 0 1e-6 1e-6 0.05 0 224943 486 -1.63991e-05 -1000
2763 35 1e+6 0.1 0.05 3e-6 0.42 3e-10 2e-4 2e-3 0.3 0.4 0.5 7e+5 5e-13 0 1e-6 1e-6 0.05 0 993424 862 -3.7133e-06 -1000
2763 36 1e+6 0.1 0.05 3e-6 0.42 3e-10 2e-4 2e-3 0.3 0.4 0.5 7e+5 5e-13 0 1e-6 1e-6 0.05 0 61234.6 382 -6.02417e-05 -1000
2763 37 1e+6 0.1 0.05 3e-6 0.42 3e-10 2e-4 2e-3 0.3 0.4 0.5 7e+5 5e-13 0 1e-6 1e-6 0.05 0 293189 560 -1.25819e-05 -1000
2763 38 1e+6 0.1 0.05 3e-6 0.42 3e-10 2e-4 2e-3 0.3 0.4 0.5 7e+5 5e-13 0 1e-6 1e-6 0.05 0 210401 228 -1.75326e-05 -1000
2763 39 1e+6 0.1 0.05 3e-6 0.42 3e-10 2e-4 2e-3 0.3 0.4 0.5 7e+5 5e-13 0 1e-6 1e-6 0.05 0 257752 411 -1.43117e-05 -1000
2763 40 1e+6 0.1 0.15 3e-6 0.42 3e-10 2e-4 2e-3 0.3 0.4 0.5 7e+5 5e-13 0 1e-6 1e-6 0.05 0 488878 539 -7.5456e-06 -1000
2763 41 1e+6 0.1 0.15 3e-6 0.42 3e-10 2e-4 2e-3 0.3 0.4 0.5 7e+5 5e-13 0 1e-6 1e-6 0.05 0.172147 1e+06 517 7.99757e-07 7.99757e-07
2763 42 1e+6 0.1 0.15 3e-6 0.42 3e-10 2e-4 2e-3 0.3 0.4 0.5 7e+5 5e-13 0 1e-6 1e-6 0.05 0.141892 1e+06 444 4.54255e-07 4.54255e-07
2763 43 1e+6 0.1 0.15 3e-6 0.42 3e-10 2e-4 2e-3 0.3 0.4 0.5 7e+5 5e-13 0 1e-6 1e-6 0.05 0 551729 966 -6.68604e-06 -1000
2763 44 1e+6 0.1 0.15 3e-6 0.42 3e-10 2e-4 2e-3 0.3 0.4 0.5 7e+5 5e-13 0 1e-6 1e-6 0.05 0 198851 450 -1.8551e-05 -1000
2763 45 1e+6 0.1 0.15 3e-6 0.42 3e-10 2e-4 2e-3 0.3 0.4 0.5 7e+5 5e-13 0 1e-6 1e-6 0.05 0 127914 754 -2.88388e-05 -1000
2763 46 1e+6 0.1 0.15 3e-6 0.42 3e-10 2e-4 2e-3 0.3 0.4 0.5 7e+5 5e-13 0 1e-6 1e-6 0.05 0.222591 1e+06 602 1.20896e-06 1.20896e-06
2763 47 1e+6 0.1 0.15 3e-6 0.42 3e-10 2e-4 2e-3 0.3 0.4 0.5 7e+5 5e-13 0 1e-6 1e-6 0.05 0 519961 657 -7.09454e-06 -1000
2763 48 1e+6 0.1 0.15 3e-6 0.42 3e-10 2e-4 2e-3 0.3 0.4 0.5 7e+5 5e-13 0 1e-6 1e-6 0.05 0 202976 372 -1.8174e-05 -1000
2763 49 1e+6 0.1 0.15 3e-6 0.42 3e-10 2e-4 2e-3 0.3 0.4 0.5 7e+5 5e-13 0 1e-6 1e-6 0.05 0.306072 1e+06 807 1.82051e-06 1.82051e-06
2763 50 1e+6 0.1 0.15 3e-6 0.42 3e-10 2e-4 2e-3 0.3 0.4 0.5 7e+5 5e-13 0 1e-6 1e-6 0.05 0 658288 491 -5.60375e-06 -1000
2763 51 1e+6 0.1 0.15 3e-6 0.42 3e-10 2e-4 2e-3 0.3 0.4 0.5 7e+5 5e-13 0 1e-6 1e-6 0.05 0 256456 672 -1.43841e-05 -1000
2763 52 1e+6 0.1 0.15 3e-6 0.42 3e-10 2e-4 2e-3 0.3 0.4 0.5 7e+5 5e-13 0 1e-6 1e-6 0.05 0 225794 741 -1.63373e-05 -1000
2763 53 1e+6 0.1 0.15 3e-6 0.42 3e-10 2e-4 2e-3 0.3 0.4 0.5 7e+5 5e-13 0 1e-6 1e-6 0.05 0 278634 381 -1.32391e-05 -1000
2763 54 1e+6 0.1 0.15 3e-6 0.42 3e-10 2e-4 2e-3 0.3 0.4 0.5 7e+5 5e-13 0 1e-6 1e-6 0.05 0 392707 552 -9.39347e-06 -1000
2763 55 1e+6 0.1 0.15 3e-6 0.42 3e-10 2e-4 2e-3 0.3 0.4 0.5 7e+5 5e-13 0 1e-6 1e-6 0.05 0 396622 504 -9.30075e-06 -1000
2763 56 1e+6 0.1 0.15 3e-6 0.42 3e-10 2e-4 2e-3 0.3 0.4 0.5 7e+5 5e-13 0 1e-6 1e-6 0.05 0 318782 569 -1.15718e-05 -1000
2763 57 1e+6 0.1 0.15 3e-6 0.42 3e-10 2e-4 2e-3 0.3 0.4 0.5 7e+5 5e-13 0 1e-6 1e-6 0.05 0 629794 555 -5.85728e-06 -1000
2763 58 1e+6 0.1 0.15 3e-6 0.42 3e-10 2e-4 2e-3 0.3 0.4 0.5 7e+5 5e-13 0 1e-6 1e-6 0.05 0 110522 473 -3.33769e-05 -1000
2763 59 1e+6 0.1 0.15 3e-6 0.42 3e-10 2e-4 2e-3 0.3 0.4 0.5 7e+5 5e-13 0 1e-6 1e-6 0.05 0 668006 498 -5.52222e-06 -1000
2763 60 1e+6 0.15 0.1 3e-6 0.42 3e-10 2e-4 2e-3 0.3 0.4 0.5 7e+5 5e-13 0 1e-6 1e-6 0.05 0 65313.3 649 -5.64798e-05 -1000
2763 61 1e+6 0.15 0.1 3e-6 0.42 3e-10 2e-4 2e-3 0.3 0.4 0.5 7e+5 5e-13 0 1e-6 1e-6 0.05 0 632873 666 -5.82878e-06 -1000
2763 62 1e+6 0.15 0.1 3e-6 0.42 3e-10 2e-4 2e-3 0.3 0.4 0.5 7e+5 5e-13 0 1e-6 1e-6 0.05 0 40083.6 343 -9.20296e-05 -1000
2763 63 1e+6 0.15 0.1 3e-6 0.42 3e-10 2e-4 2e-3 0.3 0.4 0.5 7e+5 5e-13 0 1e-6 1e-6 0.05 0 92928.1 699 -3.96961e-05 -1000
2763 64 1e+6 0.15 0.1 3e-6 0.42 3e-10 2e-4 2e-3 0.3 0.4 0.5 7e+5 5e-13 0 1e-6 1e-6 0.05 0 500706 787 -7.36735e-06 -1000
2763 65 1e+6 0.15 0.1 3e-6 0.42 3e-10 2e-4 2e-3 0.3 0.4 0.5 7e+5 5e-13 0 1e-6 1e-6 0.05 0.0527638 1e+06 796 4.87902e-08 4.87902e-08
2763 66 1e+6 0.15 0.1 3e-6 0.42 3e-10 2e-4 2e-3 0.3 0.4 0.5 7e+5 5e-13 0 1e-6 1e-6 0.05 0.0487062 1e+06 657 -2.23144e-07 -2.23144e-07
2763 67 1e+6 0.15 0.1 3e-6 0.42 3e-10 2e-4 2e-3 0.3 0.4 0.5 7e+5 5e-13 0 1e-6 1e-6 0.05 0 282674 800 -1.305e-05 -1000
2763 68 1e+6 0.15 0.1 3e-6 0.42 3e-10 2e-4 2e-3 0.3 0.4 0.5 7e+5 5e-13 0 1e-6 1e-6 0.05 0 122229 551 -3.01801e-05 -1000
2763 69 1e+6 0.15 0.1 3e-6 0.42 3e-10 2e-4 2e-3 0.3 0.4 0.5 7e+5 5e-13 0 1e-6 1e-6 0.05 0.130809 1e+06 581 6.41854e-07 6.41854e-07
2763 70 1e+6 0.15 0.1 3e-6 0.42 3e-10 2e-4 2e-3 0.3 0.4 0.5 7e+5 5e-13 0 1e-6 1e-6 0.05 0.250415 1e+06 603 1.3284e-06 1.3284e-06
2763 71 1e+6 0.15 0.1 3e-6 0.42 3e-10 2e-4 2e-3 0.3 0.4 0.5 7e+5 5e-13 0 1e-6 1e-6 0.05 0.250836 1e+06 598 1.32176e-06 1.32176e-06
2763 72 1e+6 0.15 0.1 3e-6 0.42 3e-10 2e-4 2e-3 0.3 0.4 0.5 7e+5 5e-13 0 1e-6 1e-6 0.05 0.24359 1e+06 624 1.335e-06 1.335e-06
2763 73 1e+6 0.15 0.1 3e-6 0.42 3e-10 2e-4 2e-3 0.3 0.4 0.5 7e+5 5e-13 0 1e-6 1e-6 0.05 0 170534 677 -2.16313e-05 -1000
2763 74 1e+6 0.15 0.1 3e-6 0.42 3e-10 2e-4 2e-3 0.3 0.4 0.5 7e+5 5e-13 0 1e-6 1e-6 0.05 0 203028 277 -1.81693e-05 -1000
2763 75 1e+6 0.15 0.1 3e-6 0.42 3e-10 2e-4 2e-3 0.3 0.4 0.5 7e+5 5e-13 0 1e-6 1e-6 0.05 0 932599 666 -3.95548e-06 -1000
2763 76 1e+6 0.15 0.1 3e-6 0.42 3e-10 2e-4 2e-3 0.3 0.4 0.5 7e+5 5e-13 0 1e-6 1e-6 0.05 0.0327869 1e+06 549 -7.98508e-07 -7.98508e-07
2763 77 1e+6 0.15 0.1 3e-6 0.42 3e-10 2e-4 2e-3 0.3 0.4 0.5 7e+5 5e-13 0 1e-6 1e-6 0.05 0 133997 619 -2.75297e-05 -1000
2763 78 1e+6 0.15 0.1 3e-6 0.42 3e-10 2e-4 2e-3 0.3 0.4 0.5 7e+5 5e-13 0 1e-6 1e-6 0.05 0 358538 598 -1.02887e-05 -1000
2763 79 1e+6 0.15 0.1 3e-6 0.42 3e-10 2e-4 2e-3 0.3 0.4 0.5 7e+5 5e-13 0 1e-6 1e-6 0.05 0 177544 563 -2.07772e-05 -1000
2763 80 1e+6 0.15 0.2 3e-6 0.42 3e-10 2e-4 2e-3 0.3 0.4 0.5 7e+5 5e-13 0 1e-6 1e-6 0.05 0 683641 778 -5.39593e-06 -1000
2763 81 1e+6 0.15 0.2 3e-6 0.42 3e-10 2e-4 2e-3 0.3 0.4 0.5 7e+5 5e-13 0 1e-6 1e-6 0.05 0 217957 759 -1.69248e-05 -1000
2763 82 1e+6 0.15 0.2 3e-6 0.42 3e-10 2e-4 2e-3 0.3 0.4 0.5 7e+5 5e-13 0 1e-6 1e-6 0.05 0.0333333 1e+06 450 -9.80829e-07 -9.80829e-07
2763 83 1e+6 0.15 0.2 3e-6 0.42 3e-10 2e-4 2e-3 0.3 0.4 0.5 7e+5 5e-13 0 1e-6 1e-6 0.05 0 356308 369 -1.03531e-05 -1000
2763 84 1e+6 0.15 0.2 3e-6 0.42 3e-10 2e-4 2e-3 0.3 0.4 0.5 7e+5 5e-13 0 1e-6 1e-6 0.05 0 496789 700 -7.42544e-06 -1000
2763 85 1e+6 0.15 0.2 3e-6 0.42 3e-10 2e-4 2e-3 0.3 0.4 0.5 7e+5 5e-13 0 1e-6 1e-6 0.05 0 98124.8 504 -3.75938e-05 -1000
2763 86 1e+6 0.15 0.2 3e-6 0.42 3e-10 2e-4 2e-3 0.3 0.4 0.5 7e+5 5e-13 0 1e-6 1e-6 0.05 0 794572 650 -4.6426e-06 -1000
2763 87 1e+6 0.15 0.2 3e-6 0.42 3e-10 2e-4 2e-3 0.3 0.4 0.5 7e+5 5e-13 0 1e-6 1e-6 0.05 0 238278 589 -1.54814e-05 -1000
2763 88 1e+6 0.15 0.2 3e-6 0.42 3e-10 2e-4 2e-3 0.3 0.4 0.5 7e+5 5e-13 0 1e-6 1e-6 0.05 0.077266 1e+06 673 2.62364e-07 2.62364e-07
2763 89 1e+6 0.15 0.2 3e-6 0.42 3e-10 2e-4 2e-3 0.3 0.4 0.5 7e+5 5e-13 0 1e-6 1e-6 0.05 0.0336449 1e+06 535 -7.98508e-07 -7.98508e-07
2763 90 1e+6 0.15 0.2 3e-6 0.42 3e-10 2e-4 2e-3 0.3 0.4 0.5 7e+5 5e-13 0 1e-6 1e-6 0.05 0 699959 501 -5.27014e-06 -1000
2763 91 1e+6 0.15 0.2 3e-6 0.42 3e-10 2e-4 2e-3 0.3 0.4 0.5 7e+5 5e-13 0 1e-6 1e-6 0.05 0 165663 528 -2.22673e-05 -1000
2763 92 1e+6 0.15 0.2 3e-6 0.42 3e-10 2e-4 2e-3 0.3 0.4 0.5 7e+5 5e-13 0 1e-6 1e-6 0.05 0.00343643 1e+06 582 -2.99573e-06 -2.99573e-06
2763 93 1e+6 0.15 0.2 3e-6 0.42 3e-10 2e-4 2e-3 0.3 0.4 0.5 7e+5 5e-13 0 1e-6 1e-6 0.05 0.00462963 1e+06 432 -2.99573e-06 -2.99573e-06
2763 94 1e+6 0.15 0.2 3e-6 0.42 3e-10 2e-4 2e-3 0.3 0.4 0.5 7e+5 5e-13 0 1e-6 1e-6 0.05 0 326535 584 -1.1297e-05 -1000
2763 95 1e+6 0.15 0.2 3e-6 0.42 3e-10 2e-4 2e-3 0.3 0.4 0.5 7e+5 5e-13 0 1e-6 1e-6 0.05 0 198198 386 -1.86121e-05 -1000
2763 96 1e+6 0.15 0.2 3e-6 0.42 3e-10 2e-4 2e-3 0.3 0.4 0.5 7e+5 5e-13 0 1e-6 1e-6 0.05 0 91491.9 610 -4.03192e-05 -1000
2763 97 1e+6 0.15 0.2 3e-6 0.42 3e-10 2e-4 2e-3 0.3 0.4 0.5 7e+5 5e-13 0 1e-6 1e-6 0.05 0 676462 515 -5.4532e-06 -1000
2763 98 1e+6 0.15 0.2 3e-6 0.42 3e-10 2e-4 2e-3 0.3 0.4 0.5 7e+5 5e-13 0 1e-6 1e-6 0.05 0 274000 519 -1.3463e-05 -1000
2763 99 1e+6 0.15 0.2 3e-6 0.42 3e-10 2e-4 2e-3 0.3 0.4 0.5 7e+5 5e-13 0 1e-6 1e-6 0.05 0.0197133 1e+06 558 -1.29098e-06 -1.29098e-06
2763 100 1e+6 0.2 0.15 3e-6 0.42 3e-10 2e-4 2e-3 0.3 0.4 0.5 7e+5 5e-13 0 1e-6 1e-6 0.05 0 36212.1 383 -0.000101869 -1000
2763 101 1e+6 0.2 0.15 3e-6 0.42 3e-10 2e-4 2e-3 0.3 0.4 0.5 7e+5 5e-13 0 1e-6 1e-6 0.05 0.705882 1e+06 561 2.29253e-06 2.29253e-06
2763 102 1e+6 0.2 0.15 3e-6 0.42 3e-10 2e-4 2e-3 0.3 0.4 0.5 7e+5 5e-13 0 1e-6 1e-6 0.05 0 415694 455 -8.87402e-06 -1000
2763 103 1e+6 0.2 0.15 3e-6 0.42 3e-10 2e-4 2e-3 0.3 0.4 0.5 7e+5 5e-13 0 1e-6 1e-6 0.05 0 603130 494 -6.11623e-06 -1000
2763 104 1e+6 0.2 0.15 3e-6 0.42 3e-10 2e-4 2e-3 0.3 0.4 0.5 7e+5 5e-13 0 1e-6 1e-6 0.05 0.288043 1e+06 552 1.38002e-06 1.38002e-06
2763 105 1e+6 0.2 0.15 3e-6 0.42 3e-10 2e-4 2e-3 0.3 0.4 0.5 7e+5 5e-13 0 1e-6 1e-6 0.05 0 686295 541 -5.37506e-06 -1000
2763 106 1e+6 0.2 0.15 3e-6 0.42 3e-10 2e-4 2e-3 0.3 0.4 0.5 7e+5 5e-13 0 1e-6 1e-6 0.05 0.077951 1e+06 449 -1.33531e-07 -1.33531e-07
2763 107 1e+6 0.2 0.15 3e-6 0.42 3e-10 2e-4 2e-3 0.3 0.4 0.5 7e+5 5e-13 0 1e-6 1e-6 0.05 0.250564 1e+06 443 1.02065e-06 1.02065e-06
2763 108 1e+6 0.2 0.15 3e-6 0.42 3e-10 2e-4 2e-3 0.3 0.4 0.5 7e+5 5e-13 0 1e-6 1e-6 0.05 0 148062 517 -2.49144e-05 -1000
2763 109 1e+6 0.2 0.15 3e-6 0.42 3e-10 2e-4 2e-3 0.3 0.4 0.5 7e+5 5e-13 0 1e-6 1e-6 0.05 0.176734 1e+06 447 6.80568e-07 6.80568e-07
2763 110 1e+6 0.2 0.15 3e-6 0.42 3e-10 2e-4 2e-3 0.3 0.4 0.5 7e+5 5e-13 0 1e-6 1e-6 0.05 0.244526 1e+06 548 1.20896e-06 1.20896e-06
2763 111 1e+6 0.2 0.15 3e-6 0.42 3e-10 2e-4 2e-3 0.3 0.4 0.5 7e+5 5e-13 0 1e-6 1e-6 0.05 0 90194.4 600 -4.08992e-05 -1000
2763 112 1e+6 0.2 0.15 3e-6 0.42 3e-10 2e-4 2e-3 0.3 0.4 0.5 7e+5 5e-13 0 1e-6 1e-6 0.05 0.0387597 1e+06 645 -4.70004e-07 -4.70004e-07
2763 113 1e+6 0.2 0.15 3e-6 0.42 3e-10 2e-4 2e-3 0.3 0.4 0.5 7e+5 5e-13 0 1e-6 1e-6 0.05 0.101761 1e+06 511 2.62364e-07 2.62364e-07
2763 114 1e+6 0.2 0.15 3e-6 0.42 3e-10 2e-4 2e-3 0.3 0.4 0.5 7e+5 5e-13 0 1e-6 1e-6 0.05 0.292247 1e+06 503 1.30155e-06 1.30155e-06
2763 115 1e+6 0.2 0.15 3e-6 0.42 3e-10 2e-4 2e-3 0.3 0.4 0.5 7e+5 5e-13 0 1e-6 1e-6 0.05 0.305955 1e+06 487 1.31507e-06 1.31507e-06
2763 116 1e+6 0.2 0.15 3e-6 0.42 3e-10 2e-4 2e-3 0.3 0.4 0.5 7e+5 5e-13 0 1e-6 1e-6 0.05 0 673203 785 -5.4796e-06 -1000
2763 117 1e+6 0.2 0.15 3e-6 0.42 3e-10 2e-4 2e-3 0.3 0.4 0.5 7e+5 5e-13 0 1e-6 1e-6 0.05 0 609945 474 -6.04789e-06 -1000
2763 118 1e+6 0.2 0.15 3e-6 0.42 3e-10 2e-4 2e-3 0.3 0.4 0.5 7e+5 5e-13 0 1e-6 1e-6 0.05 0.245473 1e+06 497 1.11514e-06 1.11514e-06
2763 119 1e+6 0.2 0.15 3e-6 0.42 3e-10 2e-4 2e-3 0.3 0.4 0.5 7e+5 5e-13 0 1e-6 1e-6 0.05 0.304239 1e+06 401 1.11514e-06 1.11514e-06
2763 120 1e+6 0.2 0.25 3e-6 0.42 3e-10 2e-4 2e-3 0.3 0.4 0.5 7e+5 5e-13 0 1e-6 1e-6 0.05 0 186459 694 -1.97839e-05 -1000
2763 121 1e+6 0.2 0.25 3e-6 0.42 3e-10 2e-4 2e-3 0.3 0.4 0.5 7e+5 5e-13 0 1e-6 1e-6 0.05 0 358610 470 -1.02866e-05 -1000
2763 122 1e+6 0.2 0.25 3e-6 0.42 3e-10 2e-4 2e-3 0.3 0.4 0.5 7e+5 5e-13 0 1e-6 1e-6 0.05 0 406532 719 -9.07403e-06 -1000
2763 123 1e+6 0.2 0.25 3e-6 0.42 3e-10 2e-4 2e-3 0.3 0.4 0.5 7e+5 5e-13 0 1e-6 1e-6 0.05 0 320528 508 -1.15088e-05 -1000
2763 124 1e+6 0.2 0.25 3e-6 0.42 3e-10 2e-4 2e-3 0.3 0.4 0.5 7e+5 5e-13 0 1e-6 1e-6 0.05 0 236370 533 -1.56064e-05 -1000
2763 125 1e+6 0.2 0.25 3e-6 0.42 3e-10 2e-4 2e-3 0.3 0.4 0.5 7e+5 5e-13 0 1e-6 1e-6 0.05 0 112816 515 -3.26981e-05 -1000
2763 126 1e+6 0.2 0.25 3e-6 0.42 3e-10 2e-4 2e-3 0.3 0.4 0.5 7e+5 5e-13 0 1e-6 1e-6 0.05 0 188351 652 -1.95851e-05 -1000
2763 127 1e+6 0.2 0.25 3e-6 0.42 3e-10 2e-4 2e-3 0.3 0.4 0.5 7e+5 5e-13 0 1e-6 1e-6 0.05 0 366425 446 -1.00672e-05 -1000
2763 128 1e+6 0.2 0.25 3e-6 0.42 3e-10 2e-4 2e-3 0.3 0.4 0.5 7e+5 5e-13 0 1e-6 1e-6 0.05 0 60606.9 570 -6.08657e-05 -1000
2763 129 1e+6 0.2 0.25 3e-6 0.42 3e-10 2e-4 2e-3 0.3 0.4 0.5 7e+5 5e-13 0 1e-6 1e-6 0.05 0 104210 672 -3.53986e-05 -1000
2763 130 1e+6 0.2 0.25 3e-6 0.42 3e-10 2e-4 2e-3 0.3 0.4 0.5 7e+5 5e-13 0 1e-6 1e-6 0.05 0 922633 561 -3.99821e-06 -1000
2763 131 1e+6 0.2 0.25 3e-6 0.42 3e-10 2e-4 2e-3 0.3 0.4 0.5 7e+5 5e-13 0 1e-6 1e-6 0.05 0 290107 413 -1.27156e-05 -1000
2763 132 1e+6 0.2 0.25 3e-6 0.42 3e-10 2e-4 2e-3 0.3 0.4 0.5 7e+5 5e-13 0 1e-6 1e-6 0.05 0 243603 629 -1.5143e-05 -1000
2763 133 1e+6 0.2 0.25 3e-6 0.42 3e-10 2e-4 2e-3 0.3 0.4 0.5 7e+5 5e-13 0 1e-6 1e-6 0.05 0 201083 651 -1.8345e-05 -1000
2763 134 1e+6 0.2 0.25 3e-6 0.42 3e-10 2e-4 2e-3 0.3 0.4 0.5 7e+5 5e-13 0 1e-6 1e-6 0.05 0 888325 478 -4.15263e-06 -1000
2763 135 1e+6 0.2 0.25 3e-6 0.42 3e-10 2e-4 2e-3 0.3 0.4 0.5 7e+5 5e-13 0 1e-6 1e-6 0.05 0 202527 564 -1.82143e-05 -1000
2763 136 1e+6 0.2 0.25 3e-6 0.42 3e-10 2e-4 2e-3 0.3 0.4 0.5 7e+5 5e-13 0 1e-6 1e-6 0.05 0 484578 544 -7.61256e-06 -1000
2763 137 1e+6 0.2 0.25 3e-6 0.42 3e-10 2e-4 2e-3 0.3 0.4 0.5 7e+5 5e-13 0 1e-6 1e-6 0.05 0 187100 690 -1.97161e-05 -1000
2763 138 1e+6 0.2 0.25 3e-6 0.42 3e-10 2e-4 2e-3 0.3 0.4 0.5 7e+5 5e-13 0 1e-6 1e-6 0.05 0 163892 609 -2.2508e-05 -1000
2763 139 1e+6 0.2 0.25 3e-6 0.42 3e-10 2e-4 2e-3 0.3 0.4 0.5 7e+5 5e-13 0 1e-6 1e-6 0.05 0.0499002 1e+06 501 -4.70004e-07 -4.70004e-07
2763 140 1e+6 0.25 0.2 3e-6 0.42 3e-10 2e-4 2e-3 0.3 0.4 0.5 7e+5 5e-13 0 1e-6 1e-6 0.05 0.141748 1e+06 515 7.35111e-07 7.35111e-07
2763 141 1e+6 0.25 0.2 3e-6 0.42 3e-10 2e-4 2e-3 0.3 0.4 0.5 7e+5 5e-13 0 1e-6 1e-6 0.05 0 237456 466 -1.49726e-05 -1000
2763 142 1e+6 0.25 0.2 3e-6 0.42 3e-10 2e-4 2e-3 0.3 0.4 0.5 7e+5 5e-13 0 1e-6 1e-6 0.05 0 211558 496 -1.68055e-05 -1000
2763 143 1e+6 0.25 0.2 3e-6 0.42 3e-10 2e-4 2e-3 0.3 0.4 0.5 7e+5 5e-13 0 1e-6 1e-6 0.05 0.61326 1e+06 543 2.25279e-06 2.25279e-06
2763 144 1e+6 0.25 0.2 3e-6 0.42 3e-10 2e-4 2e-3 0.3 0.4 0.5 7e+5 5e-13 0 1e-6 1e-6 0.05 0 32495.7 406 -0.00010941 -1000
2763 145 1e+6 0.25 0.2 3e-6 0.42 3e-10 2e-4 2e-3 0.3 0.4 0.5 7e+5 5e-13 0 1e-6 1e-6 0.05 0.15798 1e+06 614 1.01936e-06 1.01936e-06
2763 146 1e+6 0.25 0.2 3e-6 0.42 3e-10 2e-4 2e-3 0.3 0.4 0.5 7e+5 5e-13 0 1e-6 1e-6 0.05 0.253188 1e+06 549 1.37913e-06 1.37913e-06
2763 147 1e+6 0.25 0.2 3e-6 0.42 3e-10 2e-4 2e-3 0.3 0.4 0.5 7e+5 5e-13 0 1e-6 1e-6 0.05 0.286834 1e+06 638 1.65414e-06 1.65414e-06
2763 148 1e+6 0.25 0.2 3e-6 0.42 3e-10 2e-4 2e-3 0.3 0.4 0.5 7e+5 5e-13 0 1e-6 1e-6 0.05 0 896615 498 -3.9653e-06 -1000
2763 149 1e+6 0.25 0.2 3e-6 0.42 3e-10 2e-4 2e-3 0.3 0.4 0.5 7e+5 5e-13 0 1e-6 1e-6 0.05 0.695105 1e+06 715 2.65324e-06 2.65324e-06
2763 150 1e+6 0.25 0.2 3e-6 0.42 3e-10 2e-4 2e-3 0.3 0.4 0.5 7e+5 5e-13 0 1e-6 1e-6 0.05 0.325926 1e+06 540 1.61514e-06 1.61514e-06
2763 151 1e+6 0.25 0.2 3e-6 0.42 3e-10 2e-4 2e-3 0.3 0.4 0.5 7e+5 5e-13 0 1e-6 1e-6 0.05 0.147368 1e+06 475 6.93147e-07 6.93147e-07
2763 152 1e+6 0.25 0.2 3e-6 0.42 3e-10 2e-4 2e-3 0.3 0.4 0.5 7e+5 5e-13 0 1e-6 1e-6 0.05 0.0972477 1e+06 545 4.14944e-07 4.14944e-07
2763 153 1e+6 0.25 0.2 3e-6 0.42 3e-10 2e-4 2e-3 0.3 0.4 0.5 7e+5 5e-13 0 1e-6 1e-6 0.05 0.285398 1e+06 452 1.30446e-06 1.30446e-06
2763 154 1e+6 0.25 0.2 3e-6 0.42 3e-10 2e-4 2e-3 0.3 0.4 0.5 7e+5 5e-13 0 1e-6 1e-6 0.05 0 262704 681 -1.35337e-05 -1000
2763 155 1e+6 0.25 0.2 3e-6 0.42 3e-10 2e-4 2e-3 0.3 0.4 0.5 7e+5 5e-13 0 1e-6 1e-6 0.05 0.103211 1e+06 436 2.51314e-07 2.51314e-07
2763 156 1e+6 0.25 0.2 3e-6 0.42 3e-10 2e-4 2e-3 0.3 0.4 0.5 7e+5 5e-13 0 1e-6 1e-6 0.05 0.484979 1e+06 466 1.86519e-06 1.86519e-06
2763 157 1e+6 0.25 0.2 3e-6 0.42 3e-10 2e-4 2e-3 0.3 0.4 0.5 7e+5 5e-13 0 1e-6 1e-6 0.05 0 390076 495 -9.1145e-06 -1000
2763 158 1e+6 0.25 0.2 3e-6 0.42 3e-10 2e-4 2e-3 0.3 0.4 0.5 7e+5 5e-13 0 1e-6 1e-6 0.05 0 168033 467 -2.11587e-05 -1000
2763 159 1e+6 0.25 0.2 3e-6 0.42 3e-10 2e-4 2e-3 0.3 0.4 0.5 7e+5 5e-13 0 1e-6 1e-6 0.05 0.266442 1e+06 593 1.50725e-06 1.50725e-06
2763 160 1e+6 0.05 0.1 4e-6 0.42 3e-10 2e-4 2e-3 0.3 0.4 0.5 7e+5 5e-13 0 1e-6 1e-6 0.05 0 281146 419 -1.26459e-05 -1000
2763 161 1e+6 0.05 0.1 4e-6 0.42 3e-10 2e-4 2e-3 0.3 0.4 0.5 7e+5 5e-13 0 1e-6 1e-6 0.05 0 238941 633 -1.48796e-05 -1000
2763 162 1e+6 0.05 0.1 4e-6 0.42 3e-10 2e-4 2e-3 0.3 0.4 0.5 7e+5 5e-13 0 1e-6 1e-6 0.05 0.276923 1e+06 455 1.28093e-06 1.28093e-06
2763 163 1e+6 0.05 0.1 4e-6 0.42 3e-10 2e-4 2e-3 0.3 0.4 0.5 7e+5 5e-13 0 1e-6 1e-6 0.05 0 208987 620 -1.70123e-05 -1000
2763 164 1e+6 0.05 0.1 4e-6 0.42 3e-10 2e-4 2e-3 0.3 0.4 0.5 7e+5 5e-13 0 1e-6 1e-6 0.05 0.592647 1e+06 680 2.44359e-06 2.44359e-06
2763 165 1e+6 0.05 0.1 4e-6 0.42 3e-10 2e-4 2e-3 0.3 0.4 0.5 7e+5 5e-13 0 1e-6 1e-6 0.05 0.169082 1e+06 414 6.93147e-07 6.93147e-07
2763 166 1e+6 0.05 0.1 4e-6 0.42 3e-10 2e-4 2e-3 0.3 0.4 0.5 7e+5 5e-13 0 1e-6 1e-6 0.05 0 503684 324 -7.05869e-06 -1000
2763 167 1e+6 0.05 0.1 4e-6 0.42 3e-10 2e-4 2e-3 0.3 0.4 0.5 7e+5 5e-13 0 1e-6 1e-6 0.05 0 214275 398 -1.65925e-05 -1000
2763 168 1e+6 0.05 0.1 4e-6 0.42 3e-10 2e-4 2e-3 0.3 0.4 0.5 7e+5 5e-13 0 1e-6 1e-6 0.05 0 99989.3 291 -3.55573e-05 -1000
2763 169 1e+6 0.05 0.1 4e-6 0.42 3e-10 2e-4 2e-3 0.3 0.4 0.5 7e+5 5e-13 0 1e-6 1e-6 0.05 0 317936 458 -1.11826e-05 -1000
2763 170 1e+6 0.05 0.1 4e-6 0.42 3e-10 2e-4 2e-3 0.3 0.4 0.5 7e+5 5e-13 0 1e-6 1e-6 0.05 0 56872.7 168 -6.25141e-05 -1000
2763 171 1e+6 0.05 0.1 4e-6 0.42 3e-10 2e-4 2e-3 0.3 0.4 0.5 7e+5 5e-13 0 1e-6 1e-6 0.05 0 520892 213 -6.8255e-06 -1000
2763 172 1e+6 0.05 0.1 4e-6 0.42 3e-10 2e-4 2e-3 0.3 0.4 0.5 7e+5 5e-13 0 1e-6 1e-6 0.05 0 54902.5 204 -6.47574e-05 -1000
2763 173 1e+6 0.05 0.1 4e-6 0.42 3e-10 2e-4 2e-3 0.3 0.4 0.5 7e+5 5e-13 0 1e-6 1e-6 0.05 0.858268 1e+06 889 3.08191e-06 3.08191e-06
2763 174 1e+6 0.05 0.1 4e-6 0.42 3e-10 2e-4 2e-3 0.3 0.4 0.5 7e+5 5e-13 0 1e-6 1e-6 0.05 0.506627 1e+06 679 2.28529e-06 2.28529e-06
2763 175 1e+6 0.05 0.1 4e-6 0.42 3e-10 2e-4 2e-3 0.3 0.4 0.5 7e+5 5e-13 0 1e-6 1e-6 0.05 0.655814 1e+06 215 1.39341e-06 1.39341e-06
2763 176 1e+6 0.05 0.1 4e-6 0.42 3e-10 2e-4 2e-3 0.3 0.4 0.5 7e+5 5e-13 0 1e-6 1e-6 0.05 0 431913 634 -8.23163e-06 -1000
2763 177 1e+6 0.05 0.1 4e-6 0.42 3e-10 2e-4 2e-3 0.3 0.4 0.5 7e+5 5e-13 0 1e-6 1e-6 0.05 0 244049 360 -1.45682e-05 -1000
2763 178 1e+6 0.05 0.1 4e-6 0.42 3e-10 2e-4 2e-3 0.3 0.4 0.5 7e+5 5e-13 0 1e-6 1e-6 0.05 0.76886 1e+06 623 2.61635e-06 2.61635e-06
2763 179 1e+6 0.05 0.1 4e-6 0.42 3e-10 2e-4 2e-3 0.3 0.4 0.5 7e+5 5e-13 0 1e-6 1e-6 0.05 0 96687.2 330 -3.67717e-05 -1000
2763 180 1e+6 0.1 0.05 4e-6 0.42 3e-10 2e-4 2e-3 0.3 0.4 0.5 7e+5 5e-13 0 1e-6 1e-6 0.05 0 563143 642 -6.55052e-06 -1000
2763 181 1e+6 0.1 0.05 4e-6 0.42 3e-10 2e-4 2e-3 0.3 0.4 0.5 7e+5 5e-13 0 1e-6 1e-6 0.05 0 75204.3 390 -4.90514e-05 -1000
2763 182 1e+6 0.1 0.05 4e-6 0.42 3e-10 2e-4 2e-3 0.3 0.4 0.5 7e+5 5e-13 0 1e-6 1e-6 0.05 0 607110 668 -6.07613e-06 -1000
2763 183 1e+6 0.1 0.05 4e-6 0.42 3e-10 2e-4 2e-3 0.3 0.4 0.5 7e+5 5e-13 0 1e-6 1e-6 0.05 0 374274 479 -9.85608e-06 -1000
2763 184 1e+6 0.1 0.05 4e-6 0.42 3e-10 2e-4 2e-3 0.3 0.4 0.5 7e+5 5e-13 0 1e-6 1e-6 0.05 0 179994 389 -2.04945e-05 -1000
2763 185 1e+6 0.1 0.05 4e-6 0.42 3e-10 2e-4 2e-3 0.3 0.4 0.5 7e+5 5e-13 0 1e-6 1e-6 0.05 0 54957.1 427 -6.71228e-05 -1000
2763 186 1e+6 0.1 0.05 4e-6 0.42 3e-10 2e-4 2e-3 0.3 0.4 0.5 7e+5 5e-13 0 1e-6 1e-6 0.05 0 810923 460 -4.54899e-06 -1000
2763 187 1e+6 0.1 0.05 4e-6 0.42 3e-10 2e-4 2e-3 0.3 0.4 0.5 7e+5 5e-13 0 1e-6 1e-6 0.05 0 266648 245 -1.38343e-05 -1000
2763 188 1e+6 0.1 0.05 4e-6 0.42 3e-10 2e-4 2e-3 0.3 0.4 0.5 7e+5 5e-13 0 1e-6 1e-6 0.05 0 163491 576 -2.25632e-05 -1000
2763 189 1e+6 0.1 0.05 4e-6 0.42 3e-10 2e-4 2e-3 0.3 0.4 0.5 7e+5 5e-13 0 1e-6 1e-6 0.05 0 357429 397 -1.03206e-05 -1000
2763 190 1e+6 0.1 0.05 4e-6 0.42 3e-10 2e-4 2e-3 0.3 0.4 0.5 7e+5 5e-13 0 1e-6 1e-6 0.05 0 213003 539 -1.73184e-05 -1000
2763 191 1e+6 0.1 0.05 4e-6 0.42 3e-10 2e-4 2e-3 0.3 0.4 0.5 7e+5 5e-13 0 1e-6 1e-6 0.05 0 51126.9 362 -7.21515e-05 -1000
2763 192 1e+6 0.1 0.05 4e-6 0.42 3e-10 2e-4 2e-3 0.3 0.4 0.5 7e+5 5e-13 0 1e-6 1e-6 0.05 0 144413 504 -2.5544e-05 -1000
2763 193 1e+6 0.1 0.05 4e-6 0.42 3e-10 2e-4 2e-3 0.3 0.4 0.5 7e+5 5e-13 0 1e-6 1e-6 0.05 0 101497 734 -3.63447e-05 -1000
2763 194 1e+6 0.1 0.05 4e-6 0.42 3e-10 2e-4 2e-3 0.3 0.4 0.5 7e+5 5e-13 0 1e-6 1e-6 0.05 0 357369 425 -1.03223e-05 -1000
2763 195 1e+6 0.1 0.05 4e-6 0.42 3e-10 2e-4 2e-3 0.3 0.4 0.5 7e+5 5e-13 0 1e-6 1e-6 0.05 0 347302 311 -1.06215e-05 -1000
2763 196 1e+6 0.1 0.05 4e-6 0.42 3e-10 2e-4 2e-3 0.3 0.4 0.5 7e+5 5e-13 0 1e-6 1e-6 0.05 0 162912 620 -2.26434e-05 -1000
2763 197 1e+6 0.1 0.05 4e-6 0.42 3e-10 2e-4 2e-3 0.3 0.4 0.5 7e+5 5e-13 0 1e-6 1e-6 0.05 0 363635 830 -1.01445e-05 -1000
2763 198 1e+6 0.1 0.05 4e-6 0.42 3e-10 2e-4 2e-3 0.3 0.4 0.5 7e+5 5e-13 0 1e-6 1e-6 0.05 0 191663 331 -1.92466e-05 -1000
2763 199 1e+6 0.1 0.05 4e-6 0.42 3e-10 2e-4 2e-3 0.3 0.4 0.5 7e+5 5e-13 0 1e-6 1e-6 0.05 0 104320 397 -3.53613e-05 -1000
2763 200 1e+6 0.1 0.15 4e-6 0.42 3e-10 2e-4 2e-3 0.3 0.4 0.5 7e+5 5e-13 0 1e-6 1e-6 0.05 0.190157 1e+06 447 7.53772e-07 7.53772e-07
2763 201 1e+6 0.1 0.15 4e-6 0.42 3e-10 2e-4 2e-3 0.3 0.4 0.5 7e+5 5e-13 0 1e-6 1e-6 0.05 0 302848 413 -1.21806e-05 -1000
2763 202 1e+6 0.1 0.15 4e-6 0.42 3e-10 2e-4 2e-3 0.3 0.4 0.5 7e+5 5e-13 0 1e-6 1e-6 0.05 0 779036 473 -4.73519e-06 -1000
2763 203 1e+6 0.1 0.15 4e-6 0.42 3e-10 2e-4 2e-3 0.3 0.4 0.5 7e+5 5e-13 0 1e-6 1e-6 0.05 0 750536 424 -4.915e-06 -1000
2763 204 1e+6 0.1 0.15 4e-6 0.42 3e-10 2e-4 2e-3 0.3 0.4 0.5 7e+5 5e-13 0 1e-6 1e-6 0.05 0 499953 632 -7.37845e-06 -1000
2763 205 1e+6 0.1 0.15 4e-6 0.42 3e-10 2e-4 2e-3 0.3 0.4 0.5 7e+5 5e-13 0 1e-6 1e-6 0.05 0 180347 624 -2.04543e-05 -1000
2763 206 1e+6 0.1 0.15 4e-6 0.42 3e-10 2e-4 2e-3 0.3 0.4 0.5 7e+5 5e-13 0 1e-6 1e-6 0.05 0 242292 577 -1.5225e-05 -1000
2763 207 1e+6 0.1 0.15 4e-6 0.42 3e-10 2e-4 2e-3 0.3 0.4 0.5 7e+5 5e-13 0 1e-6 1e-6 0.05 0.231975 1e+06 319 6.15186e-07 6.15186e-07
2763 208 1e+6 0.1 0.15 4e-6 0.42 3e-10 2e-4 2e-3 0.3 0.4 0.5 7e+5 5e-13 0 1e-6 1e-6 0.05 0 218451 570 -1.68866e-05 -1000
2763 209 1e+6 0.1 0.15 4e-6 0.42 3e-10 2e-4 2e-3 0.3 0.4 0.5 7e+5 5e-13 0 1e-6 1e-6 0.05 0 62602.1 337 -5.89258e-05 -1000
2763 210 1e+6 0.1 0.15 4e-6 0.42 3e-10 2e-4 2e-3 0.3 0.4 0.5 7e+5 5e-13 0 1e-6 1e-6 0.05 0 232911 599 -1.58382e-05 -1000
2763 211 1e+6 0.1 0.15 4e-6 0.42 3e-10 2e-4 2e-3 0.3 0.4 0.5 7e+5 5e-13 0 1e-6 1e-6 0.05 0 229136 628 -1.60991e-05 -1000
2763 212 1e+6 0.1 0.15 4e-6 0.42 3e-10 2e-4 2e-3 0.3 0.4 0.5 7e+5 5e-13 0 1e-6 1e-6 0.05 0.0915493 1e+06 426 -2.53178e-08 -2.53178e-08
2763 213 1e+6 0.1 0.15 4e-6 0.42 3e-10 2e-4 2e-3 0.3 0.4 0.5 7e+5 5e-13 0 1e-6 1e-6 0.05 0 837579 450 -4.40421e-06 -1000
2763 214 1e+6 0.1 0.15 4e-6 0.42 3e-10 2e-4 2e-3 0.3 0.4 0.5 7e+5 5e-13 0 1e-6 1e-6 0.05 0 194261 609 -1.89893e-05 -1000
2763 215 1e+6 0.1 0.15 4e-6 0.42 3e-10 2e-4 2e-3 0.3 0.4 0.5 7e+5 5e-13 0 1e-6 1e-6 0.05 0.0620347 1e+06 403 -4.70004e-07 -4.70004e-07
2763 216 1e+6 0.1 0.15 4e-6 0.42 3e-10 2e-4 2e-3 0.3 0.4 0.5 7e+5 5e-13 0 1e-6 1e-6 0.05 0 848176 681 -4.34919e-06 -1000
2763 217 1e+6 0.1 0.15 4e-6 0.42 3e-10 2e-4 2e-3 0.3 0.4 0.5 7e+5 5e-13 0 1e-6 1e-6 0.05 0.190641 1e+06 577 1.0116e-06 1.0116e-06
2763 218 1e+6 0.1 0.15 4e-6 0.42 3e-10 2e-4 2e-3 0.3 0.4 0.5 7e+5 5e-13 0 1e-6 1e-6 0.05 0 274867 377 -1.34206e-05 -1000
2763 219 1e+6 0.1 0.15 4e-6 0.42 3e-10 2e-4 2e-3 0.3 0.4 0.5 7e+5 5e-13 0 1e-6 1e-6 0.05 0 108834 445 -3.38946e-05 -1000
2763 220 1e+6 0.15 0.1 4e-6 0.42 3e-10 2e-4 2e-3 0.3 0.4 0.5 7e+5 5e-13 0 1e-6 1e-6 0.05 0 218974 557 -1.68462e-05 -1000
2763 221 1e+6 0.15 0.1 4e-6 0.42 3e-10 2e-4 2e-3 0.3 0.4 0.5 7e+5 5e-13 0 1e-6 1e-6 0.05 0.345953 1e+06 766 1.89085e-06 1.89085e-06
2763 222 1e+6 0.15 0.1 4e-6 0.42 3e-10 2e-4 2e-3 0.3 0.4 0.5 7e+5 5e-13 0 1e-6 1e-6 0.05 0 618116 313 -5.96794e-06 -1000
2763 223 1e+6 0.15 0.1 4e-6 0.42 3e-10 2e-4 2e-3 0.3 0.4 0.5 7e+5 5e-13 0 1e-6 1e-6 0.05 0 44442.6 388 -8.30032e-05 -1000
2763 224 1e+6 0.15 0.1 4e-6 0.42 3e-10 2e-4 2e-3 0.3 0.4 0.5 7e+5 5e-13 0 1e-6 1e-6 0.05 0 367733 530 -1.00314e-05 -1000
2763 225 1e+6 0.15 0.1 4e-6 0.42 3e-10 2e-4 2e-3 0.3 0.4 0.5 7e+5 5e-13 0 1e-6 1e-6 0.05 0.0797546 1e+06 652 2.62364e-07 2.62364e-07
2763 226 1e+6 0.15 0.1 4e-6 0.42 3e-10 2e-4 2e-3 0.3 0.4 0.5 7e+5 5e-13 0 1e-6 1e-6 0.05 0 78219.6 650 -4.71606e-05 -1000
2763 227 1e+6 0.15 0.1 4e-6 0.42 3e-10 2e-4 2e-3 0.3 0.4 0.5 7e+5 5e-13 0 1e-6 1e-6 0.05 0 157212 438 -2.34643e-05 -1000
2763 228 1e+6 0.15 0.1 4e-6 0.42 3e-10 2e-4 2e-3 0.3 0.4 0.5 7e+5 5e-13 0 1e-6 1e-6 0.05 0.0222513 1e+06 764 -8.55666e-07 -8.55666e-07
2763 229 1e+6 0.15 0.1 4e-6 0.42 3e-10 2e-4 2e-3 0.3 0.4 0.5 7e+5 5e-13 0 1e-6 1e-6 0.05 0.227504 1e+06 589 1.20896e-06 1.20896e-06
2763 230 1e+6 0.15 0.1 4e-6 0.42 3e-10 2e-4 2e-3 0.3 0.4 0.5 7e+5 5e-13 0 1e-6 1e-6 0.05 0 119559 758 -3.08539e-05 -1000
2763 231 1e+6 0.15 0.1 4e-6 0.42 3e-10 2e-4 2e-3 0.3 0.4 0.5 7e+5 5e-13 0 1e-6 1e-6 0.05 0 44774.9 369 -8.23871e-05 -1000
2763 232 1e+6 0.15 0.1 4e-6 0.42 3e-10 2e-4 2e-3 0.3 0.4 0.5 7e+5 5e-13 0 1e-6 1e-6 0.05 0 145591 525 -2.53372e-05 -1000
2763 233 1e+6 0.15 0.1 4e-6 0.42 3e-10 2e-4 2e-3 0.3 0.4 0.5 7e+5 5e-13 0 1e-6 1e-6 0.05 0 232751 528 -1.5849e-05 -1000
2763 234 1e+6 0.15 0.1 4e-6 0.42 3e-10 2e-4 2e-3 0.3 0.4 0.5 7e+5 5e-13 0 1e-6 1e-6 0.05 0 131440 460 -2.8065e-05 -1000
2763 235 1e+6 0.15 0.1 4e-6 0.42 3e-10 2e-4 2e-3 0.3 0.4 0.5 7e+5 5e-13 0 1e-6 1e-6 0.05 0.253943 1e+06 634 1.39252e-06 1.39252e-06
2763 236 1e+6 0.15 0.1 4e-6 0.42 3e-10 2e-4 2e-3 0.3 0.4 0.5 7e+5 5e-13 0 1e-6 1e-6 0.05 0.199234 1e+06 783 1.36098e-06 1.36098e-06
2763 237 1e+6 0.15 0.1 4e-6 0.42 3e-10 2e-4 2e-3 0.3 0.4 0.5 7e+5 5e-13 0 1e-6 1e-6 0.05 0.0290237 1e+06 379 -1.29098e-06 -1.29098e-06
2763 238 1e+6 0.15 0.1 4e-6 0.42 3e-10 2e-4 2e-3 0.3 0.4 0.5 7e+5 5e-13 0 1e-6 1e-6 0.05 0 402967 580 -9.15429e-06 -1000
2763 239 1e+6 0.15 0.1 4e-6 0.42 3e-10 2e-4 2e-3 0.3 0.4 0.5 7e+5 5e-13 0 1e-6 1e-6 0.05 0 483921 417 -7.62289e-06 -1000
2763 240 1e+6 0.15 0.2 4e-6 0.42 3e-10 2e-4 2e-3 0.3 0.4 0.5 7e+5 5e-13 0 1e-6 1e-6 0.05 0 334381 497 -1.1032e-05 -1000
2763 241 1e+6 0.15 0.2 4e-6 0.42 3e-10 2e-4 2e-3 0.3 0.4 0.5 7e+5 5e-13 0 1e-6 1e-6 0.05 0 206024 663 -1.79051e-05 -1000
2763 242 1e+6 0.15 0.2 4e-6 0.42 3e-10 2e-4 2e-3 0.3 0.4 0.5 7e+5 5e-13 0 1e-6 1e-6 0.05 0 222319 552 -1.65928e-05 -1000
2763 243 1e+6 0.15 0.2 4e-6 0.42 3e-10 2e-4 2e-3 0.3 0.4 0.5 7e+5 5e-13 0 1e-6 1e-6 0.05 0 319096 452 -1.15604e-05 -1000
2763 244 1e+6 0.15 0.2 4e-6 0.42 3e-10 2e-4 2e-3 0.3 0.4 0.5 7e+5 5e-13 0 1e-6 1e-6 0.05 0 229594 462 -1.6067e-05 -1000
2763 245 1e+6 0.15 0.2 4e-6 0.42 3e-10 2e-4 2e-3 0.3 0.4 0.5 7e+5 5e-13 0 1e-6 1e-6 0.05 0 187508 463 -1.96732e-05 -1000
2763 246 1e+6 0.15 0.2 4e-6 0.42 3e-10 2e-4 2e-3 0.3 0.4 0.5 7e+5 5e-13 0 1e-6 1e-6 0.05 0 340370 699 -1.08378e-05 -1000
2763 247 1e+6 0.15 0.2 4e-6 0.42 3e-10 2e-4 2e-3 0.3 0.4 0.5 7e+5 5e-13 0 1e-6 1e-6 0.05 0 915323 507 -4.03014e-06 -1000
2763 248 1e+6 0.15 0.2 4e-6 0.42 3e-10 2e-4 2e-3 0.3 0.4 0.5 7e+5 5e-13 0 1e-6 1e-6 0.05 0 124260 581 -2.96868e-05 -1000
2763 249 1e+6 0.15 0.2 4e-6 0.42 3e-10 2e-4 2e-3 0.3 0.4 0.5 7e+5 5e-13 0 1e-6 1e-6 0.05 0 350209 570 -1.05334e-05 -1000
2763 250 1e+6 0.15 0.2 4e-6 0.42 3e-10 2e-4 2e-3 0.3 0.4 0.5 7e+5 5e-13 0 1e-6 1e-6 0.05 0 550127 577 -6.7055e-06 -1000
2763 251 1e+6 0.15 0.2 4e-6 0.42 3e-10 2e-4 2e-3 0.3 0.4 0.5 7e+5 5e-13 0 1e-6 1e-6 0.05 0 971200 686 -3.79827e-06 -1000
2763 252 1e+6 0.15 0.2 4e-6 0.42 3e-10 2e-4 2e-3 0.3 0.4 0.5 7e+5 5e-13 0 1e-6 1e-6 0.05 0 592740 554 -6.22343e-06 -1000
2763 253 1e+6 0.15 0.2 4e-6 0.42 3e-10 2e-4 2e-3 0.3 0.4 0.5 7e+5 5e-13 0 1e-6 1e-6 0.05 0 571755 448 -6.45185e-06 -1000
2763 254 1e+6 0.15 0.2 4e-6 0.42 3e-10 2e-4 2e-3 0.3 0.4 0.5 7e+5 5e-13 0 1e-6 1e-6 0.05 0 560992 731 -6.57564e-06 -1000
2763 255 1e+6 0.15 0.2 4e-6 0.42 3e-10 2e-4 2e-3 0.3 0.4 0.5 7e+5 5e-13 0 1e-6 1e-6 0.05 0 929824 523 -3.96729e-06 -1000
2763 256 1e+6 0.15 0.2 4e-6 0.42 3e-10 2e-4 2e-3 0.3 0.4 0.5 7e+5 5e-13 0 1e-6 1e-6 0.05 0 88012.6 774 -4.19131e-05 -1000
2763 257 1e+6 0.15 0.2 4e-6 0.42 3e-10 2e-4 2e-3 0.3 0.4 0.5 7e+5 5e-13 0 1e-6 1e-6 0.05 0 358966 470 -1.02764e-05 -1000
2763 258 1e+6 0.15 0.2 4e-6 0.42 3e-10 2e-4 2e-3 0.3 0.4 0.5 7e+5 5e-13 0 1e-6 1e-6 0.05 0 390726 534 -9.44108e-06 -1000
2763 259 1e+6 0.15 0.2 4e-6 0.42 3e-10 2e-4 2e-3 0.3 0.4 0.5 7e+5 5e-13 0 1e-6 1e-6 0.05 0 452812 500 -8.1466e-06 -1000
2763 260 1e+6 0.2 0.15 4e-6 0.42 3e-10 2e-4 2e-3 0.3 0.4 0.5 7e+5 5e-13 0 1e-6 1e-6 0.05 0.375691 1e+06 543 1.62924e-06 1.62924e-06
2763 261 1e+6 0.2 0.15 4e-6 0.42 3e-10 2e-4 2e-3 0.3 0.4 0.5 7e+5 5e-13 0 1e-6 1e-6 0.05 0.354793 1e+06 699 1.82455e-06 1.82455e-06
2763 262 1e+6 0.2 0.15 4e-6 0.42 3e-10 2e-4 2e-3 0.3 0.4 0.5 7e+5 5e-13 0 1e-6 1e-6 0.05 0 241314 483 -1.52866e-05 -1000
2763 263 1e+6 0.2 0.15 4e-6 0.42 3e-10 2e-4 2e-3 0.3 0.4 0.5 7e+5 5e-13 0 1e-6 1e-6 0.05 0.027881 1e+06 538 -9.80829e-07 -9.80829e-07
2763 264 1e+6 0.2 0.15 4e-6 0.42 3e-10 2e-4 2e-3 0.3 0.4 0.5 7e+5 5e-13 0 1e-6 1e-6 0.05 0.297641 1e+06 551 1.41099e-06 1.41099e-06
2763 265 1e+6 0.2 0.15 4e-6 0.42 3e-10 2e-4 2e-3 0.3 0.4 0.5 7e+5 5e-13 0 1e-6 1e-6 0.05 0.453039 1e+06 543 1.81645e-06 1.81645e-06
2763 266 1e+6 0.2 0.15 4e-6 0.42 3e-10 2e-4 2e-3 0.3 0.4 0.5 7e+5 5e-13 0 1e-6 1e-6 0.05 0.222222 1e+06 756 1.43508e-06 1.43508e-06
2763 267 1e+6 0.2 0.15 4e-6 0.42 3e-10 2e-4 2e-3 0.3 0.4 0.5 7e+5 5e-13 0 1e-6 1e-6 0.05 0 851764 445 -4.33087e-06 -1000
2763 268 1e+6 0.2 0.15 4e-6 0.42 3e-10 2e-4 2e-3 0.3 0.4 0.5 7e+5 5e-13 0 1e-6 1e-6 0.05 0 131367 472 -2.80807e-05 -1000
2763 269 1e+6 0.2 0.15 4e-6 0.42 3e-10 2e-4 2e-3 0.3 0.4 0.5 7e+5 5e-13 0 1e-6 1e-6 0.05 0.152866 1e+06 471 5.87787e-07 5.87787e-07
2763 270 1e+6 0.2 0.15 4e-6 0.42 3e-10 2e-4 2e-3 0.3 0.4 0.5 7e+5 5e-13 0 1e-6 1e-6 0.05 0.264264 1e+06 666 1.4816e-06 1.4816e-06
2763 271 1e+6 0.2 0.15 4e-6 0.42 3e-10 2e-4 2e-3 0.3 0.4 0.5 7e+5 5e-13 0 1e-6 1e-6 0.05 0.370642 1e+06 545 1.61939e-06 1.61939e-06
2763 272 1e+6 0.2 0.15 4e-6 0.42 3e-10 2e-4 2e-3 0.3 0.4 0.5 7e+5 5e-13 0 1e-6 1e-6 0.05 0.218023 1e+06 344 6.28609e-07 6.28609e-07
2763 273 1e+6 0.2 0.15 4e-6 0.42 3e-10 2e-4 2e-3 0.3 0.4 0.5 7e+5 5e-13 0 1e-6 1e-6 0.05 0.0695971 1e+06 546 -5.12933e-08 -5.12933e-08
2763 274 1e+6 0.2 0.15 4e-6 0.42 3e-10 2e-4 2e-3 0.3 0.4 0.5 7e+5 5e-13 0 1e-6 1e-6 0.05 0 97138.5 667 -3.79755e-05 -1000
2763 275 1e+6 0.2 0.15 4e-6 0.42 3e-10 2e-4 2e-3 0.3 0.4 0.5 7e+5 5e-13 0 1e-6 1e-6 0.05 0.150579 1e+06 518 6.67829e-07 6.67829e-07
2763 276 1e+6 0.2 0.15 4e-6 0.42 3e-10 2e-4 2e-3 0.3 0.4 0.5 7e+5 5e-13 0 1e-6 1e-6 0.05 0.225997 1e+06 677 1.34156e-06 1.34156e-06
2763 277 1e+6 0.2 0.15 4e-6 0.42 3e-10 2e-4 2e-3 0.3 0.4 0.5 7e+5 5e-13 0 1e-6 1e-6 0.05 0.250769 1e+06 650 1.40487e-06 1.40487e-06
2763 278 1e+6 0.2 0.15 4e-6 0.42 3e-10 2e-4 2e-3 0.3 0.4 0.5 7e+5 5e-13 0 1e-6 1e-6 0.05 0 428518 462 -8.60846e-06 -1000
2763 279 1e+6 0.2 0.15 4e-6 0.42 3e-10 2e-4 2e-3 0.3 0.4 0.5 7e+5 5e-13 0 1e-6 1e-6 0.05 0 210396 533 -1.7533e-05 -1000
2763 280 1e+6 0.2 0.25 4e-6 0.42 3e-10 2e-4 2e-3 0.3 0.4 0.5 7e+5 5e-13 0 1e-6 1e-6 0.05 0 181264 389 -2.03508e-05 -1000
2763 281 1e+6 0.2 0.25 4e-6 0.42 3e-10 2e-4 2e-3 0.3 0.4 0.5 7e+5 5e-13 0 1e-6 1e-6 0.05 0 152876 628 -2.41299e-05 -1000
2763 282 1e+6 0.2 0.25 4e-6 0.42 3e-10 2e-4 2e-3 0.3 0.4 0.5 7e+5 5e-13 0 1e-6 1e-6 0.05 0 241087 503 -1.5301e-05 -1000
2763 283 1e+6 0.2 0.25 4e-6 0.42 3e-10 2e-4 2e-3 0.3 0.4 0.5 7e+5 5e-13 0 1e-6 1e-6 0.05 0 373041 606 -9.88867e-06 -1000
2763 284 1e+6 0.2 0.25 4e-6 0.42 3e-10 2e-4 2e-3 0.3 0.4 0.5 7e+5 5e-13 0 1e-6 1e-6 0.05 0 155303 745 -2.37527e-05 -1000
2763 285 1e+6 0.2 0.25 4e-6 0.42 3e-10 2e-4 2e-3 0.3 0.4 0.5 7e+5 5e-13 0 1e-6 1e-6 0.05 0 151442 568 -2.43583e-05 -1000
2763 286 1e+6 0.2 0.25 4e-6 0.42 3e-10 2e-4 2e-3 0.3 0.4 0.5 7e+5 5e-13 0 1e-6 1e-6 0.05 0 418626 475 -8.81188e-06 -1000
2763 287 1e+6 0.2 0.25 4e-6 0.42 3e-10 2e-4 2e-3 0.3 0.4 0.5 7e+5 5e-13 0 1e-6 1e-6 0.05 0 288055 498 -1.28062e-05 -1000
2763 288 1e+6 0.2 0.25 4e-6 0.42 3e-10 2e-4 2e-3 0.3 0.4 0.5 7e+5 5e-13 0 1e-6 1e-6 0.05 0 433021 518 -8.51894e-06 -1000
2763 289 1e+6 0.2 0.25 4e-6 0.42 3e-10 2e-4 2e-3 0.3 0.4 0.5 7e+5 5e-13 0 1e-6 1e-6 0.05 0.0497925 1e+06 482 -5.10826e-07 -5.10826e-07
2763 290 1e+6 0.2 0.25 4e-6 0.42 3e-10 2e-4 2e-3 0.3 0.4 0.5 7e+5 5e-13 0 1e-6 1e-6 0.05 0 38208.1 327 -9.6547e-05 -1000
2763 291 1e+6 0.2 0.25 4e-6 0.42 3e-10 2e-4 2e-3 0.3 0.4 0.5 7e+5 5e-13 0 1e-6 1e-6 0.05 0 364791 580 -1.01123e-05 -1000
2763 292 1e+6 0.2 0.25 4e-6 0.42 3e-10 2e-4 2e-3 0.3 0.4 0.5 7e+5 5e-13 0 1e-6 1e-6 0.05 0 114409 579 -3.2243e-05 -1000
2763 293 1e+6 0.2 0.25 4e-6 0.42 3e-10 2e-4 2e-3 0.3 0.4 0.5 7e+5 5e-13 0 1e-6 1e-6 0.05 0 631495 389 -5.84151e-06 -1000
2763 294 1e+6 0.2 0.25 4e-6 0.42 3e-10 2e-4 2e-3 0.3 0.4 0.5 7e+5 5e-13 0 1e-6 1e-6 0.05 0 198747 523 -1.85607e-05 -1000
2763 295 1e+6 0.2 0.25 4e-6 0.42 3e-10 2e-4 2e-3 0.3 0.4 0.5 7e+5 5e-13 0 1e-6 1e-6 0.05 0 59234.6 558 -6.22757e-05 -1000
2763 296 1e+6 0.2 0.25 4e-6 0.42 3e-10 2e-4 2e-3 0.3 0.4 0.5 7e+5 5e-13 0 1e-6 1e-6 0.05 0 128561 490 -2.86937e-05 -1000
2763 297 1e+6 0.2 0.25 4e-6 0.42 3e-10 2e-4 2e-3 0.3 0.4 0.5 7e+5 5e-13 0 1e-6 1e-6 0.05 0 121538 483 -3.03518e-05 -1000
2763 298 1e+6 0.2 0.25 4e-6 0.42 3e-10 2e-4 2e-3 0.3 0.4 0.5 7e+5 5e-13 0 1e-6 1e-6 0.05 0 182599 640 -2.02021e-05 -1000
2763 299 1e+6 0.2 0.25 4e-6 0.42 3e-10 2e-4 2e-3 0.3 0.4 0.5 7e+5 5e-13 0 1e-6 1e-6 0.05 0 212869 406 -1.73293e-05 -1000
2763 300 1e+6 0.25 0.2 4e-6 0.42 3e-10 2e-4 2e-3 0.3 0.4 0.5 7e+5 5e-13 0 1e-6 1e-6 0.05 0.272566 1e+06 565 1.4816e-06 1.4816e-06
2763 301 1e+6 0.25 0.2 4e-6 0.42 3e-10 2e-4 2e-3 0.3 0.4 0.5 7e+5 5e-13 0 1e-6 1e-6 0.05 0.216981 1e+06 636 1.37191e-06 1.37191e-06
2763 302 1e+6 0.25 0.2 4e-6 0.42 3e-10 2e-4 2e-3 0.3 0.4 0.5 7e+5 5e-13 0 1e-6 1e-6 0.05 0.296537 1e+06 462 1.36463e-06 1.36463e-06
2763 303 1e+6 0.25 0.2 4e-6 0.42 3e-10 2e-4 2e-3 0.3 0.4 0.5 7e+5 5e-13 0 1e-6 1e-6 0.05 0.318471 1e+06 628 1.74297e-06 1.74297e-06
2763 304 1e+6 0.25 0.2 4e-6 0.42 3e-10 2e-4 2e-3 0.3 0.4 0.5 7e+5 5e-13 0 1e-6 1e-6 0.05 0.0153846 1e+06 520 -1.47591e-06 -1.47591e-06
2763 305 1e+6 0.25 0.2 4e-6 0.42 3e-10 2e-4 2e-3 0.3 0.4 0.5 7e+5 5e-13 0 1e-6 1e-6 0.05 0.692875 1e+06 407 2.08656e-06 2.08656e-06
2763 306 1e+6 0.25 0.2 4e-6 0.42 3e-10 2e-4 2e-3 0.3 0.4 0.5 7e+5 5e-13 0 1e-6 1e-6 0.05 0.887989 1e+06 741 2.93386e-06 2.93386e-06
2763 307 1e+6 0.25 0.2 4e-6 0.42 3e-10 2e-4 2e-3 0.3 0.4 0.5 7e+5 5e-13 0 1e-6 1e-6 0.05 0.475548 1e+06 593 2.08656e-06 2.08656e-06
2763 308 1e+6 0.25 0.2 4e-6 0.42 3e-10 2e-4 2e-3 0.3 0.4 0.5 7e+5 5e-13 0 1e-6 1e-6 0.05 0.784483 1e+06 464 2.34181e-06 2.34181e-06
2763 309 1e+6 0.25 0.2 4e-6 0.42 3e-10 2e-4 2e-3 0.3 0.4 0.5 7e+5 5e-13 0 1e-6 1e-6 0.05 0.175497 1e+06 604 1.10809e-06 1.10809e-06
2763 310 1e+6 0.25 0.2 4e-6 0.42 3e-10 2e-4 2e-3 0.3 0.4 0.5 7e+5 5e-13 0 1e-6 1e-6 0.05 0.457249 1e+06 538 1.94998e-06 1.94998e-06
2763 311 1e+6 0.25 0.2 4e-6 0.42 3e-10 2e-4 2e-3 0.3 0.4 0.5 7e+5 5e-13 0 1e-6 1e-6 0.05 0.75 1e+06 484 2.33905e-06 2.33905e-06
2763 312 1e+6 0.25 0.2 4e-6 0.42 3e-10 2e-4 2e-3 0.3 0.4 0.5 7e+5 5e-13 0 1e-6 1e-6 0.05 0 197154 487 -1.80334e-05 -1000
2763 313 1e+6 0.25 0.2 4e-6 0.42 3e-10 2e-4 2e-3 0.3 0.4 0.5 7e+5 5e-13 0 1e-6 1e-6 0.05 0.263339 1e+06 581 1.47509e-06 1.47509e-06
2763 314 1e+6 0.25 0.2 4e-6 0.42 3e-10 2e-4 2e-3 0.3 0.4 0.5 7e+5 5e-13 0 1e-6 1e-6 0.05 0.535211 1e+06 568 2.16168e-06 2.16168e-06
2763 315 1e+6 0.25 0.2 4e-6 0.42 3e-10 2e-4 2e-3 0.3 0.4 0.5 7e+5 5e-13 0 1e-6 1e-6 0.05 0.725589 1e+06 594 2.51076e-06 2.51076e-06
2763 316 1e+6 0.25 0.2 4e-6 0.42 3e-10 2e-4 2e-3 0.3 0.4 0.5 7e+5 5e-13 0 1e-6 1e-6 0.05 0.715711 1e+06 401 2.10413e-06 2.10413e-06
2763 317 1e+6 0.25 0.2 4e-6 0.42 3e-10 2e-4 2e-3 0.3 0.4 0.5 7e+5 5e-13 0 1e-6 1e-6 0.05 0.388592 1e+06 561 1.82915e-06 1.82915e-06
2763 318 1e+6 0.25 0.2 4e-6 0.42 3e-10 2e-4 2e-3 0.3 0.4 0.5 7e+5 5e-13 0 1e-6 1e-6 0.05 0.577281 1e+06 537 2.18122e-06 2.18122e-06
2763 319 1e+6 0.25 0.2 4e-6 0.42 3e-10 2e-4 2e-3 0.3 0.4 0.5 7e+5 5e-13 0 1e-6 1e-6 0.05 0 618808 396 -5.74548e-06 -1000
