2762 0 1e+6 0.05 0.1 2e-6 0.42 3e-10 2e-4 2e-3 0.3 0.4 0.5 7e+5 5e-13 0 1e-6 1e-6 0.05 0.852234 1e+06 291 1.95808e-06 1.95808e-06
2762 1 1e+6 0.05 0.1 2e-6 0.42 3e-10 2e-4 2e-3 0.3 0.4 0.5 7e+5 5e-13 0 1e-6 1e-6 0.05 0.794045 1e+06 806 2.90612e-06 2.90612e-06
2762 2 1e+6 0.05 0.1 2e-6 0.42 3e-10 2e-4 2e-3 0.3 0.4 0.5 7e+5 5e-13 0 1e-6 1e-6 0.05 0.598949 1e+06 1142 2.97261e-06 2.97261e-06
2762 3 1e+6 0.05 0.1 2e-6 0.42 3e-10 2e-4 2e-3 0.3 0.4 0.5 7e+5 5e-13 0 1e-6 1e-6 0.05 0 220634 562 -1.61143e-05 -1000
2762 4 1e+6 0.05 0.1 2e-6 0.42 3e-10 2e-4 2e-3 0.3 0.4 0.5 7e+5 5e-13 0 1e-6 1e-6 0.05 0.926882 1e+06 465 2.51076e-06 2.51076e-06
2762 5 1e+6 0.05 0.1 2e-6 0.42 3e-10 2e-4 2e-3 0.3 0.4 0.5 7e+5 5e-13 0 1e-6 1e-6 0.05 0.549438 1e+06 890 2.63701e-06 2.63701e-06
2762 6 1e+6 0.05 0.1 2e-6 0.42 3e-10 2e-4 2e-3 0.3 0.4 0.5 7e+5 5e-13 0 1e-6 1e-6 0.05 0.562147 1e+06 1062 2.83657e-06 2.83657e-06
2762 7 1e+6 0.05 0.1 2e-6 0.42 3e-10 2e-4 2e-3 0.3 0.4 0.5 7e+5 5e-13 0 1e-6 1e-6 0.05 0.925325 1e+06 308 2.09714e-06 2.09714e-06
2762 8 1e+6 0.05 0.1 2e-6 0.42 3e-10 2e-4 2e-3 0.3 0.4 0.5 7e+5 5e-13 0 1e-6 1e-6 0.05 0 377016 408 -9.43023e-06 -1000
2762 9 1e+6 0.05 0.1 2e-6 0.42 3e-10 2e-4 2e-3 0.3 0.4 0.5 7e+5 5e-13 0 1e-6 1e-6 0.05 0 309418 322 -1.14905e-05 -1000
2762 10 1e+6 0.05 0.1 2e-6 0.42 3e-10 2e-4 2e-3 0.3 0.4 0.5 7e+5 5e-13 0 1e-6 1e-6 0.05 0 237139 365 -1.49927e-05 -1000
2762 11 1e+6 0.05 0.1 2e-6 0.42 3e-10 2e-4 2e-3 0.3 0.4 0.5 7e+5 5e-13 0 1e-6 1e-6 0.05 0.827751 1e+06 627 2.69656e-06 2.69656e-06
2762 12 1e+6 0.05 0.1 2e-6 0.42 3e-10 2e-4 2e-3 0.3 0.4 0.5 7e+5 5e-13 0 1e-6 1e-6 0.05 0.609589 1e+06 584 2.31958e-06 2.31958e-06
2762 13 1e+6 0.05 0.1 2e-6 0.42 3e-10 2e-4 2e-3 0.3 0.4 0.5 7e+5 5e-13 0 1e-6 1e-6 0.05 0.678801 1e+06 467 2.20355e-06 2.20355e-06
2762 14 1e+6 0.05 0.1 2e-6 0.42 3e-10 2e-4 2e-3 0.3 0.4 0.5 7e+5 5e-13 0 1e-6 1e-6 0.05 0 84225.4 288 -4.22123e-05 -1000
2762 15 1e+6 0.05 0.1 2e-6 0.42 3e-10 2e-4 2e-3 0.3 0.4 0.5 7e+5 5e-13 0 1e-6 1e-6 0.05 0 126478 535 -2.81103e-05 -1000
2762 16 1e+6 0.05 0.1 2e-6 0.42 3e-10 2e-4 2e-3 0.3 0.4 0.5 7e+5 5e-13 0 1e-6 1e-6 0.05 0 192280 586 -1.84905e-05 -1000
2762 17 1e+6 0.05 0.1 2e-6 0.42 3e-10 2e-4 2e-3 0.3 0.4 0.5 7e+5 5e-13 0 1e-6 1e-6 0.05 0.949109 1e+06 393 2.36623e-06 2.36623e-06
2762 18 1e+6 0.05 0.1 2e-6 0.42 3e-10 2e-4 2e-3 0.3 0.4 0.5 7e+5 5e-13 0 1e-6 1e-6 0.05 0.754072 1e+06 614 2.58238e-06 2.58238e-06
2762 19 1e+6 0.05 0.1 2e-6 0.42 3e-10 2e-4 2e-3 0.3 0.4 0.5 7e+5 5e-13 0 1e-6 1e-6 0.05 0.780919 1e+06 1132 3.22911e-06 3.22911e-06
2762 20 1e+6 0.1 0.05 2e-6 0.42 3e-10 2e-4 2e-3 0.3 0.4 0.5 7e+5 5e-13 0 1e-6 1e-6 0.05 0 211768 391 -1.74194e-05 -1000
2762 21 1e+6 0.1 0.05 2e-6 0.42 3e-10 2e-4 2e-3 0.3 0.4 0.5 7e+5 5e-13 0 1e-6 1e-6 0.05 0 272938 744 -1.35154e-05 -1000
2762 22 1e+6 0.1 0.05 2e-6 0.42 3e-10 2e-4 2e-3 0.3 0.4 0.5 7e+5 5e-13 0 1e-6 1e-6 0.05 0 159649 531 -2.31061e-05 -1000
2762 23 1e+6 0.1 0.05 2e-6 0.42 3e-10 2e-4 2e-3 0.3 0.4 0.5 7e+5 5e-13 0 1e-6 1e-6 0.05 0 119989 581 -3.07434e-05 -1000
2762 24 1e+6 0.1 0.05 2e-6 0.42 3e-10 2e-4 2e-3 0.3 0.4 0.5 7e+5 5e-13 0 1e-6 1e-6 0.05 0 46237.9 363 -7.97804e-05 -1000
2762 25 1e+6 0.1 0.05 2e-6 0.42 3e-10 2e-4 2e-3 0.3 0.4 0.5 7e+5 5e-13 0 1e-6 1e-6 0.05 0 267402 461 -1.37952e-05 -1000
2762 26 1e+6 0.1 0.05 2e-6 0.42 3e-10 2e-4 2e-3 0.3 0.4 0.5 7e+5 5e-13 0 1e-6 1e-6 0.05 0 135131 705 -2.72986e-05 -1000
2762 27 1e+6 0.1 0.05 2e-6 0.42 3e-10 2e-4 2e-3 0.3 0.4 0.5 7e+5 5e-13 0 1e-6 1e-6 0.05 0 134719 516 -2.73821e-05 -1000
2762 28 1e+6 0.1 0.05 2e-6 0.42 3e-10 2e-4 2e-3 0.3 0.4 0.5 7e+5 5e-13 0 1e-6 1e-6 0.05 0 268661 383 -1.37306e-05 -1000
2762 29 1e+6 0.1 0.05 2e-6 0.42 3e-10 2e-4 2e-3 0.3 0.4 0.5 7e+5 5e-13 0 1e-6 1e-6 0.05 0 58863.3 397 -6.26685e-05 -1000
2762 30 1e+6 0.1 0.05 2e-6 0.42 3e-10 2e-4 2e-3 0.3 0.4 0.5 7e+5 5e-13 0 1e-6 1e-6 0.05 0 61424.1 387 -6.00559e-05 -1000
2762 31 1e+6 0.1 0.05 2e-6 0.42 3e-10 2e-4 2e-3 0.3 0.4 0.5 7e+5 5e-13 0 1e-6 1e-6 0.05 0 158352 536 -2.32955e-05 -1000
2762 32 1e+6 0.1 0.05 2e-6 0.42 3e-10 2e-4 2e-3 0.3 0.4 0.5 7e+5 5e-13 0 1e-6 1e-6 0.05 0 68107.6 530 -5.41626e-05 -1000
2762 33 1e+6 0.1 0.05 2e-6 0.42 3e-10 2e-4 2e-3 0.3 0.4 0.5 7e+5 5e-13 0 1e-6 1e-6 0.05 0 178005 650 -2.07234e-05 -1000
2762 34 1e+6 0.1 0.05 2e-6 0.42 3e-10 2e-4 2e-3 0.3 0.4 0.5 7e+5 5e-13 0 1e-6 1e-6 0.05 0 30733.4 459 -0.000120029 -1000
2762 35 1e+6 0.1 0.05 2e-6 0.42 3e-10 2e-4 2e-3 0.3 0.4 0.5 7e+5 5e-13 0 1e-6 1e-6 0.05 0 199900 513 -1.84537e-05 -1000
2762 36 1e+6 0.1 0.05 2e-6 0.42 3e-10 2e-4 2e-3 0.3 0.4 0.5 7e+5 5e-13 0 1e-6 1e-6 0.05 0 41616.6 386 -8.86396e-05 -1000
2762 37 1e+6 0.1 0.05 2e-6 0.42 3e-10 2e-4 2e-3 0.3 0.4 0.5 7e+5 5e-13 0 1e-6 1e-6 0.05 0 126983 714 -2.90501e-05 -1000
2762 38 1e+6 0.1 0.05 2e-6 0.42 3e-10 2e-4 2e-3 0.3 0.4 0.5 7e+5 5e-13 0 1e-6 1e-6 0.05 0 323874 549 -1.13899e-05 -1000
2762 39 1e+6 0.1 0.05 2e-6 0.42 3e-10 2e-4 2e-3 0.3 0.4 0.5 7e+5 5e-13 0 1e-6 1e-6 0.05 0 32698.3 399 -0.000112815 -1000
2762 40 1e+6 0.1 0.15 2e-6 0.42 3e-10 2e-4 2e-3 0.3 0.4 0.5 7e+5 5e-13 0 1e-6 1e-6 0.05 0.231884 1e+06 690 1.38629e-06 1.38629e-06
2762 41 1e+6 0.1 0.15 2e-6 0.42 3e-10 2e-4 2e-3 0.3 0.4 0.5 7e+5 5e-13 0 1e-6 1e-6 0.05 0.00843882 1e+06 474 -2.30259e-06 -2.30259e-06
2762 42 1e+6 0.1 0.15 2e-6 0.42 3e-10 2e-4 2e-3 0.3 0.4 0.5 7e+5 5e-13 0 1e-6 1e-6 0.05 0 167122 540 -2.2073e-05 -1000
2762 43 1e+6 0.1 0.15 2e-6 0.42 3e-10 2e-4 2e-3 0.3 0.4 0.5 7e+5 5e-13 0 1e-6 1e-6 0.05 0.308296 1e+06 892 1.92789e-06 1.92789e-06
2762 44 1e+6 0.1 0.15 2e-6 0.42 3e-10 2e-4 2e-3 0.3 0.4 0.5 7e+5 5e-13 0 1e-6 1e-6 0.05 0 527865 394 -6.9883e-06 -1000
2762 45 1e+6 0.1 0.15 2e-6 0.42 3e-10 2e-4 2e-3 0.3 0.4 0.5 7e+5 5e-13 0 1e-6 1e-6 0.05 0.041721 1e+06 767 -2.23144e-07 -2.23144e-07
2762 46 1e+6 0.1 0.15 2e-6 0.42 3e-10 2e-4 2e-3 0.3 0.4 0.5 7e+5 5e-13 0 1e-6 1e-6 0.05 0.0168729 1e+06 889 -9.80829e-07 -9.80829e-07
2762 47 1e+6 0.1 0.15 2e-6 0.42 3e-10 2e-4 2e-3 0.3 0.4 0.5 7e+5 5e-13 0 1e-6 1e-6 0.05 0.0667808 1e+06 584 -2.53178e-08 -2.53178e-08
2762 48 1e+6 0.1 0.15 2e-6 0.42 3e-10 2e-4 2e-3 0.3 0.4 0.5 7e+5 5e-13 0 1e-6 1e-6 0.05 0.0234234 1e+06 555 -1.12393e-06 -1.12393e-06
2762 49 1e+6 0.1 0.15 2e-6 0.42 3e-10 2e-4 2e-3 0.3 0.4 0.5 7e+5 5e-13 0 1e-6 1e-6 0.05 0 223169 700 -1.65295e-05 -1000
2762 50 1e+6 0.1 0.15 2e-6 0.42 3e-10 2e-4 2e-3 0.3 0.4 0.5 7e+5 5e-13 0 1e-6 1e-6 0.05 0 540764 947 -6.8216e-06 -1000
2762 51 1e+6 0.1 0.15 2e-6 0.42 3e-10 2e-4 2e-3 0.3 0.4 0.5 7e+5 5e-13 0 1e-6 1e-6 0.05 0 820472 663 -4.49604e-06 -1000
2762 52 1e+6 0.1 0.15 2e-6 0.42 3e-10 2e-4 2e-3 0.3 0.4 0.5 7e+5 5e-13 0 1e-6 1e-6 0.05 0 803090 954 -4.59336e-06 -1000
2762 53 1e+6 0.1 0.15 2e-6 0.42 3e-10 2e-4 2e-3 0.3 0.4 0.5 7e+5 5e-13 0 1e-6 1e-6 0.05 0 238829 600 -1.54457e-05 -1000
2762 54 1e+6 0.1 0.15 2e-6 0.42 3e-10 2e-4 2e-3 0.3 0.4 0.5 7e+5 5e-13 0 1e-6 1e-6 0.05 0 64346.6 463 -5.73283e-05 -1000
2762 55 1e+6 0.1 0.15 2e-6 0.42 3e-10 2e-4 2e-3 0.3 0.4 0.5 7e+5 5e-13 0 1e-6 1e-6 0.05 0 867932 558 -4.2502e-06 -1000
2762 56 1e+6 0.1 0.15 2e-6 0.42 3e-10 2e-4 2e-3 0.3 0.4 0.5 7e+5 5e-13 0 1e-6 1e-6 0.05 0 294477 762 -1.25269e-05 -1000
2762 57 1e+6 0.1 0.15 2e-6 0.42 3e-10 2e-4 2e-3 0.3 0.4 0.5 7e+5 5e-13 0 1e-6 1e-6 0.05 0 237884 571 -1.55071e-05 -1000
2762 58 1e+6 0.1 0.15 2e-6 0.42 3e-10 2e-4 2e-3 0.3 0.4 0.5 7e+5 5e-13 0 1e-6 1e-6 0.05 0 170127 618 -2.1683e-05 -1000
2762 59 1e+6 0.1 0.15 2e-6 0.42 3e-10 2e-4 2e-3 0.3 0.4 0.5 7e+5 5e-13 0 1e-6 1e-6 0.05 0 131904 522 -2.79665e-05 -1000
2762 60 1e+6 0.15 0.1 2e-6 0.42 3e-10 2e-4 2e-3 0.3 0.4 0.5 7e+5 5e-13 0 1e-6 1e-6 0.05 0 563594 717 -6.54527e-06 -1000
2762 61 1e+6 0.15 0.1 2e-6 0.42 3e-10 2e-4 2e-3 0.3 0.4 0.5 7e+5 5e-13 0 1e-6 1e-6 0.05 0.0954003 1e+06 587 3.36472e-07 3.36472e-07
2762 62 1e+6 0.15 0.1 2e-6 0.42 3e-10 2e-4 2e-3 0.3 0.4 0.5 7e+5 5e-13 0 1e-6 1e-6 0.05 0 851920 354 -4.33008e-06 -1000
2762 63 1e+6 0.15 0.1 2e-6 0.42 3e-10 2e-4 2e-3 0.3 0.4 0.5 7e+5 5e-13 0 1e-6 1e-6 0.05 0 511200 442 -7.21612e-06 -1000
2762 64 1e+6 0.15 0.1 2e-6 0.42 3e-10 2e-4 2e-3 0.3 0.4 0.5 7e+5 5e-13 0 1e-6 1e-6 0.05 0.0366133 1e+06 437 -9.16291e-07 -9.16291e-07
2762 65 1e+6 0.15 0.1 2e-6 0.42 3e-10 2e-4 2e-3 0.3 0.4 0.5 7e+5 5e-13 0 1e-6 1e-6 0.05 0 815096 617 -4.5257e-06 -1000
2762 66 1e+6 0.15 0.1 2e-6 0.42 3e-10 2e-4 2e-3 0.3 0.4 0.5 7e+5 5e-13 0 1e-6 1e-6 0.05 0 237370 600 -1.55406e-05 -1000
2762 67 1e+6 0.15 0.1 2e-6 0.42 3e-10 2e-4 2e-3 0.3 0.4 0.5 7e+5 5e-13 0 1e-6 1e-6 0.05 0 446058 643 -8.26996e-06 -1000
2762 68 1e+6 0.15 0.1 2e-6 0.42 3e-10 2e-4 2e-3 0.3 0.4 0.5 7e+5 5e-13 0 1e-6 1e-6 0.05 0.120902 1e+06 488 3.88658e-07 3.88658e-07
2762 69 1e+6 0.15 0.1 2e-6 0.42 3e-10 2e-4 2e-3 0.3 0.4 0.5 7e+5 5e-13 0 1e-6 1e-6 0.05 0 713457 805 -5.17043e-06 -1000
2762 70 1e+6 0.15 0.1 2e-6 0.42 3e-10 2e-4 2e-3 0.3 0.4 0.5 7e+5 5e-13 0 1e-6 1e-6 0.05 0 425078 443 -8.67812e-06 -1000
2762 71 1e+6 0.15 0.1 2e-6 0.42 3e-10 2e-4 2e-3 0.3 0.4 0.5 7e+5 5e-13 0 1e-6 1e-6 0.05 0 603290 809 -6.11461e-06 -1000
2762 72 1e+6 0.15 0.1 2e-6 0.42 3e-10 2e-4 2e-3 0.3 0.4 0.5 7e+5 5e-13 0 1e-6 1e-6 0.05 0 200364 575 -1.84109e-05 -1000
2762 73 1e+6 0.15 0.1 2e-6 0.42 3e-10 2e-4 2e-3 0.3 0.4 0.5 7e+5 5e-13 0 1e-6 1e-6 0.05 0 400898 351 -9.20155e-06 -1000
2762 74 1e+6 0.15 0.1 2e-6 0.42 3e-10 2e-4 2e-3 0.3 0.4 0.5 7e+5 5e-13 0 1e-6 1e-6 0.05 0.0417867 1e+06 694 -3.21584e-07 -3.21584e-07
2762 75 1e+6 0.15 0.1 2e-6 0.42 3e-10 2e-4 2e-3 0.3 0.4 0.5 7e+5 5e-13 0 1e-6 1e-6 0.05 0 202038 706 -1.82584e-05 -1000
2762 76 1e+6 0.15 0.1 2e-6 0.42 3e-10 2e-4 2e-3 0.3 0.4 0.5 7e+5 5e-13 0 1e-6 1e-6 0.05 0 650135 453 -5.67402e-06 -1000
2762 77 1e+6 0.15 0.1 2e-6 0.42 3e-10 2e-4 2e-3 0.3 0.4 0.5 7e+5 5e-13 0 1e-6 1e-6 0.05 0 781003 756 -4.72326e-06 -1000
2762 78 1e+6 0.15 0.1 2e-6 0.42 3e-10 2e-4 2e-3 0.3 0.4 0.5 7e+5 5e-13 0 1e-6 1e-6 0.05 0.0272189 1e+06 845 -5.53385e-07 -5.53385e-07
2762 79 1e+6 0.15 0.1 2e-6 0.42 3e-10 2e-4 2e-3 0.3 0.4 0.5 7e+5 5e-13 0 1e-6 1e-6 0.05 0 51823.3 440 -7.11819e-05 -1000
2762 80 1e+6 0.15 0.2 2e-6 0.42 3e-10 2e-4 2e-3 0.3 0.4 0.5 7e+5 5e-13 0 1e-6 1e-6 0.05 0 147328 562 -2.50386e-05 -1000
2762 81 1e+6 0.15 0.2 2e-6 0.42 3e-10 2e-4 2e-3 0.3 0.4 0.5 7e+5 5e-13 0 1e-6 1e-6 0.05 0 109560 429 -3.367e-05 -1000
2762 82 1e+6 0.15 0.2 2e-6 0.42 3e-10 2e-4 2e-3 0.3 0.4 0.5 7e+5 5e-13 0 1e-6 1e-6 0.05 0 786968 483 -4.68746e-06 -1000
2762 83 1e+6 0.15 0.2 2e-6 0.42 3e-10 2e-4 2e-3 0.3 0.4 0.5 7e+5 5e-13 0 1e-6 1e-6 0.05 0 105701 634 -3.48992e-05 -1000
2762 84 1e+6 0.15 0.2 2e-6 0.42 3e-10 2e-4 2e-3 0.3 0.4 0.5 7e+5 5e-13 0 1e-6 1e-6 0.05 0 637706 633 -5.78461e-06 -1000
2762 85 1e+6 0.15 0.2 2e-6 0.42 3e-10 2e-4 2e-3 0.3 0.4 0.5 7e+5 5e-13 0 1e-6 1e-6 0.05 0.117353 1e+06 801 8.54415e-07 8.54415e-07
2762 86 1e+6 0.15 0.2 2e-6 0.42 3e-10 2e-4 2e-3 0.3 0.4 0.5 7e+5 5e-13 0 1e-6 1e-6 0.05 0 338170 445 -1.09084e-05 -1000
2762 87 1e+6 0.15 0.2 2e-6 0.42 3e-10 2e-4 2e-3 0.3 0.4 0.5 7e+5 5e-13 0 1e-6 1e-6 0.05 0 310236 545 -1.18906e-05 -1000
2762 88 1e+6 0.15 0.2 2e-6 0.42 3e-10 2e-4 2e-3 0.3 0.4 0.5 7e+5 5e-13 0 1e-6 1e-6 0.05 0.036036 1e+06 666 -5.10826e-07 -5.10826e-07
2762 89 1e+6 0.15 0.2 2e-6 0.42 3e-10 2e-4 2e-3 0.3 0.4 0.5 7e+5 5e-13 0 1e-6 1e-6 0.05 0.0388889 1e+06 540 -6.44357e-07 -6.44357e-07
2762 90 1e+6 0.15 0.2 2e-6 0.42 3e-10 2e-4 2e-3 0.3 0.4 0.5 7e+5 5e-13 0 1e-6 1e-6 0.05 0 727393 478 -5.07137e-06 -1000
2762 91 1e+6 0.15 0.2 2e-6 0.42 3e-10 2e-4 2e-3 0.3 0.4 0.5 7e+5 5e-13 0 1e-6 1e-6 0.05 0 100706 522 -3.66303e-05 -1000
2762 92 1e+6 0.15 0.2 2e-6 0.42 3e-10 2e-4 2e-3 0.3 0.4 0.5 7e+5 5e-13 0 1e-6 1e-6 0.05 0 208231 488 -1.77153e-05 -1000
2762 93 1e+6 0.15 0.2 2e-6 0.42 3e-10 2e-4 2e-3 0.3 0.4 0.5 7e+5 5e-13 0 1e-6 1e-6 0.05 0 177299 841 -2.0806e-05 -1000
2762 94 1e+6 0.15 0.2 2e-6 0.42 3e-10 2e-4 2e-3 0.3 0.4 0.5 7e+5 5e-13 0 1e-6 1e-6 0.05 0 256654 647 -1.4373e-05 -1000
2762 95 1e+6 0.15 0.2 2e-6 0.42 3e-10 2e-4 2e-3 0.3 0.4 0.5 7e+5 5e-13 0 1e-6 1e-6 0.05 0.0206718 1e+06 387 -1.60944e-06 -1.60944e-06
2762 96 1e+6 0.15 0.2 2e-6 0.42 3e-10 2e-4 2e-3 0.3 0.4 0.5 7e+5 5e-13 0 1e-6 1e-6 0.05 0 203036 602 -1.81686e-05 -1000
2762 97 1e+6 0.15 0.2 2e-6 0.42 3e-10 2e-4 2e-3 0.3 0.4 0.5 7e+5 5e-13 0 1e-6 1e-6 0.05 0.0596026 1e+06 453 -3.93043e-07 -3.93043e-07
2762 98 1e+6 0.15 0.2 2e-6 0.42 3e-10 2e-4 2e-3 0.3 0.4 0.5 7e+5 5e-13 0 1e-6 1e-6 0.05 0 186185 576 -1.9813e-05 -1000
2762 99 1e+6 0.15 0.2 2e-6 0.42 3e-10 2e-4 2e-3 0.3 0.4 0.5 7e+5 5e-13 0 1e-6 1e-6 0.05 0 338046 470 -1.09124e-05 -1000
2762 100 1e+6 0.2 0.15 2e-6 0.42 3e-10 2e-4 2e-3 0.3 0.4 0.5 7e+5 5e-13 0 1e-6 1e-6 0.05 0.0325645 1e+06 737 -5.10826e-07 -5.10826e-07
2762 101 1e+6 0.2 0.15 2e-6 0.42 3e-10 2e-4 2e-3 0.3 0.4 0.5 7e+5 5e-13 0 1e-6 1e-6 0.05 0 509991 663 -7.23323e-06 -1000
2762 102 1e+6 0.2 0.15 2e-6 0.42 3e-10 2e-4 2e-3 0.3 0.4 0.5 7e+5 5e-13 0 1e-6 1e-6 0.05 0.135458 1e+06 502 5.30628e-07 5.30628e-07
2762 103 1e+6 0.2 0.15 2e-6 0.42 3e-10 2e-4 2e-3 0.3 0.4 0.5 7e+5 5e-13 0 1e-6 1e-6 0.05 0 478920 608 -7.7025e-06 -1000
2762 104 1e+6 0.2 0.15 2e-6 0.42 3e-10 2e-4 2e-3 0.3 0.4 0.5 7e+5 5e-13 0 1e-6 1e-6 0.05 0.097561 1e+06 533 2.62364e-07 2.62364e-07
2762 105 1e+6 0.2 0.15 2e-6 0.42 3e-10 2e-4 2e-3 0.3 0.4 0.5 7e+5 5e-13 0 1e-6 1e-6 0.05 0 451841 442 -8.16411e-06 -1000
2762 106 1e+6 0.2 0.15 2e-6 0.42 3e-10 2e-4 2e-3 0.3 0.4 0.5 7e+5 5e-13 0 1e-6 1e-6 0.05 0 336370 797 -1.09667e-05 -1000
2762 107 1e+6 0.2 0.15 2e-6 0.42 3e-10 2e-4 2e-3 0.3 0.4 0.5 7e+5 5e-13 0 1e-6 1e-6 0.05 0 54624.1 502 -6.75321e-05 -1000
2762 108 1e+6 0.2 0.15 2e-6 0.42 3e-10 2e-4 2e-3 0.3 0.4 0.5 7e+5 5e-13 0 1e-6 1e-6 0.05 0 95620.8 511 -3.85782e-05 -1000
2762 109 1e+6 0.2 0.15 2e-6 0.42 3e-10 2e-4 2e-3 0.3 0.4 0.5 7e+5 5e-13 0 1e-6 1e-6 0.05 0.0428571 1e+06 490 -6.44357e-07 -6.44357e-07
2762 110 1e+6 0.2 0.15 2e-6 0.42 3e-10 2e-4 2e-3 0.3 0.4 0.5 7e+5 5e-13 0 1e-6 1e-6 0.05 0 46967.7 500 -7.85408e-05 -1000
2762 111 1e+6 0.2 0.15 2e-6 0.42 3e-10 2e-4 2e-3 0.3 0.4 0.5 7e+5 5e-13 0 1e-6 1e-6 0.05 0.118397 1e+06 549 4.85508e-07 4.85508e-07
2762 112 1e+6 0.2 0.15 2e-6 0.42 3e-10 2e-4 2e-3 0.3 0.4 0.5 7e+5 5e-13 0 1e-6 1e-6 0.05 0 387998 627 -9.50747e-06 -1000
2762 113 1e+6 0.2 0.15 2e-6 0.42 3e-10 2e-4 2e-3 0.3 0.4 0.5 7e+5 5e-13 0 1e-6 1e-6 0.05 0 260723 492 -1.41487e-05 -1000
2762 114 1e+6 0.2 0.15 2e-6 0.42 3e-10 2e-4 2e-3 0.3 0.4 0.5 7e+5 5e-13 0 1e-6 1e-6 0.05 0.418338 1e+06 698 1.98787e-06 1.98787e-06
2762 115 1e+6 0.2 0.15 2e-6 0.42 3e-10 2e-4 2e-3 0.3 0.4 0.5 7e+5 5e-13 0 1e-6 1e-6 0.05 0 911520 425 -4.04695e-06 -1000
2762 116 1e+6 0.2 0.15 2e-6 0.42 3e-10 2e-4 2e-3 0.3 0.4 0.5 7e+5 5e-13 0 1e-6 1e-6 0.05 0 365707 576 -1.0087e-05 -1000
2762 117 1e+6 0.2 0.15 2e-6 0.42 3e-10 2e-4 2e-3 0.3 0.4 0.5 7e+5 5e-13 0 1e-6 1e-6 0.05 0.401681 1e+06 595 1.78758e-06 1.78758e-06
2762 118 1e+6 0.2 0.15 2e-6 0.42 3e-10 2e-4 2e-3 0.3 0.4 0.5 7e+5 5e-13 0 1e-6 1e-6 0.05 0 262590 495 -1.40481e-05 -1000
2762 119 1e+6 0.2 0.15 2e-6 0.42 3e-10 2e-4 2e-3 0.3 0.4 0.5 7e+5 5e-13 0 1e-6 1e-6 0.05 0.0650888 1e+06 338 -5.97837e-07 -5.97837e-07
2762 120 1e+6 0.2 0.25 2e-6 0.42 3e-10 2e-4 2e-3 0.3 0.4 0.5 7e+5 5e-13 0 1e-6 1e-6 0.05 0 883464 588 -4.17547e-06 -1000
2762 121 1e+6 0.2 0.25 2e-6 0.42 3e-10 2e-4 2e-3 0.3 0.4 0.5 7e+5 5e-13 0 1e-6 1e-6 0.05 0 110266 677 -3.34544e-05 -1000
2762 122 1e+6 0.2 0.25 2e-6 0.42 3e-10 2e-4 2e-3 0.3 0.4 0.5 7e+5 5e-13 0 1e-6 1e-6 0.05 0 198049 637 -1.86261e-05 -1000
2762 123 1e+6 0.2 0.25 2e-6 0.42 3e-10 2e-4 2e-3 0.3 0.4 0.5 7e+5 5e-13 0 1e-6 1e-6 0.05 0.0696296 1e+06 675 1.61268e-07 1.61268e-07
2762 124 1e+6 0.2 0.25 2e-6 0.42 3e-10 2e-4 2e-3 0.3 0.4 0.5 7e+5 5e-13 0 1e-6 1e-6 0.05 0 561659 471 -6.56783e-06 -1000
2762 125 1e+6 0.2 0.25 2e-6 0.42 3e-10 2e-4 2e-3 0.3 0.4 0.5 7e+5 5e-13 0 1e-6 1e-6 0.05 0 213897 468 -1.7246e-05 -1000
2762 126 1e+6 0.2 0.25 2e-6 0.42 3e-10 2e-4 2e-3 0.3 0.4 0.5 7e+5 5e-13 0 1e-6 1e-6 0.05 0 161615 565 -2.28251e-05 -1000
2762 127 1e+6 0.2 0.25 2e-6 0.42 3e-10 2e-4 2e-3 0.3 0.4 0.5 7e+5 5e-13 0 1e-6 1e-6 0.05 0 104769 600 -3.52095e-05 -1000
2762 128 1e+6 0.2 0.25 2e-6 0.42 3e-10 2e-4 2e-3 0.3 0.4 0.5 7e+5 5e-13 0 1e-6 1e-6 0.05 0 647663 483 -5.69568e-06 -1000
2762 129 1e+6 0.2 0.25 2e-6 0.42 3e-10 2e-4 2e-3 0.3 0.4 0.5 7e+5 5e-13 0 1e-6 1e-6 0.05 0 127822 544 -2.88595e-05 -1000
2762 130 1e+6 0.2 0.25 2e-6 0.42 3e-10 2e-4 2e-3 0.3 0.4 0.5 7e+5 5e-13 0 1e-6 1e-6 0.05 0 82424.8 685 -4.47545e-05 -1000
2762 131 1e+6 0.2 0.25 2e-6 0.42 3e-10 2e-4 2e-3 0.3 0.4 0.5 7e+5 5e-13 0 1e-6 1e-6 0.05 0 530663 461 -6.95145e-06 -1000
2762 132 1e+6 0.2 0.25 2e-6 0.42 3e-10 2e-4 2e-3 0.3 0.4 0.5 7e+5 5e-13 0 1e-6 1e-6 0.05 0 992607 531 -3.71635e-06 -1000
2762 133 1e+6 0.2 0.25 2e-6 0.42 3e-10 2e-4 2e-3 0.3 0.4 0.5 7e+5 5e-13 0 1e-6 1e-6 0.05 0 75874.5 659 -4.86182e-05 -1000
2762 134 1e+6 0.2 0.25 2e-6 0.42 3e-10 2e-4 2e-3 0.3 0.4 0.5 7e+5 5e-13 0 1e-6 1e-6 0.05 0 69580.9 540 -5.30157e-05 -1000
2762 135 1e+6 0.2 0.25 2e-6 0.42 3e-10 2e-4 2e-3 0.3 0.4 0.5 7e+5 5e-13 0 1e-6 1e-6 0.05 0 279099 467 -1.32171e-05 -1000
2762 136 1e+6 0.2 0.25 2e-6 0.42 3e-10 2e-4 2e-3 0.3 0.4 0.5 7e+5 5e-13 0 1e-6 1e-6 0.05 0 300960 545 -1.2257e-05 -1000
2762 137 1e+6 0.2 0.25 2e-6 0.42 3e-10 2e-4 2e-3 0.3 0.4 0.5 7e+5 5e-13 0 1e-6 1e-6 0.05 0 180721 410 -2.0412e-05 -1000
2762 138 1e+6 0.2 0.25 2e-6 0.42 3e-10 2e-4 2e-3 0.3 0.4 0.5 7e+5 5e-13 0 1e-6 1e-6 0.05 0 513183 641 -7.18824e-06 -1000
2762 139 1e+6 0.2 0.25 2e-6 0.42 3e-10 2e-4 2e-3 0.3 0.4 0.5 7e+5 5e-13 0 1e-6 1e-6 0.05 0 690654 461 -5.34114e-06 -1000
2762 140 1e+6 0.25 0.2 2e-6 0.42 3e-10 2e-4 2e-3 0.3 0.4 0.5 7e+5 5e-13 0 1e-6 1e-6 0.05 0.176776 1e+06 577 1.06962e-06 1.06962e-06
2762 141 1e+6 0.25 0.2 2e-6 0.42 3e-10 2e-4 2e-3 0.3 0.4 0.5 7e+5 5e-13 0 1e-6 1e-6 0.05 0.485714 1e+06 490 1.91692e-06 1.91692e-06
2762 142 1e+6 0.25 0.2 2e-6 0.42 3e-10 2e-4 2e-3 0.3 0.4 0.5 7e+5 5e-13 0 1e-6 1e-6 0.05 0 150122 632 -2.3683e-05 -1000
2762 143 1e+6 0.25 0.2 2e-6 0.42 3e-10 2e-4 2e-3 0.3 0.4 0.5 7e+5 5e-13 0 1e-6 1e-6 0.05 0.36394 1e+06 599 1.82915e-06 1.82915e-06
2762 144 1e+6 0.25 0.2 2e-6 0.42 3e-10 2e-4 2e-3 0.3 0.4 0.5 7e+5 5e-13 0 1e-6 1e-6 0.05 0 209097 477 -1.70033e-05 -1000
2762 145 1e+6 0.25 0.2 2e-6 0.42 3e-10 2e-4 2e-3 0.3 0.4 0.5 7e+5 5e-13 0 1e-6 1e-6 0.05 0 95611.9 583 -3.71852e-05 -1000
2762 146 1e+6 0.25 0.2 2e-6 0.42 3e-10 2e-4 2e-3 0.3 0.4 0.5 7e+5 5e-13 0 1e-6 1e-6 0.05 0.397229 1e+06 433 1.59215e-06 1.59215e-06
2762 147 1e+6 0.25 0.2 2e-6 0.42 3e-10 2e-4 2e-3 0.3 0.4 0.5 7e+5 5e-13 0 1e-6 1e-6 0.05 0.21328 1e+06 497 1.10809e-06 1.10809e-06
2762 148 1e+6 0.25 0.2 2e-6 0.42 3e-10 2e-4 2e-3 0.3 0.4 0.5 7e+5 5e-13 0 1e-6 1e-6 0.05 0.245495 1e+06 444 1.136e-06 1.136e-06
2762 149 1e+6 0.25 0.2 2e-6 0.42 3e-10 2e-4 2e-3 0.3 0.4 0.5 7e+5 5e-13 0 1e-6 1e-6 0.05 0.20177 1e+06 565 1.18085e-06 1.18085e-06
2762 150 1e+6 0.25 0.2 2e-6 0.42 3e-10 2e-4 2e-3 0.3 0.4 0.5 7e+5 5e-13 0 1e-6 1e-6 0.05 0.357143 1e+06 490 1.60944e-06 1.60944e-06
2762 151 1e+6 0.25 0.2 2e-6 0.42 3e-10 2e-4 2e-3 0.3 0.4 0.5 7e+5 5e-13 0 1e-6 1e-6 0.05 0.322638 1e+06 561 1.64315e-06 1.64315e-06
2762 152 1e+6 0.25 0.2 2e-6 0.42 3e-10 2e-4 2e-3 0.3 0.4 0.5 7e+5 5e-13 0 1e-6 1e-6 0.05 0.35412 1e+06 449 1.51356e-06 1.51356e-06
2762 153 1e+6 0.25 0.2 2e-6 0.42 3e-10 2e-4 2e-3 0.3 0.4 0.5 7e+5 5e-13 0 1e-6 1e-6 0.05 0.465863 1e+06 498 1.89139e-06 1.89139e-06
2762 154 1e+6 0.25 0.2 2e-6 0.42 3e-10 2e-4 2e-3 0.3 0.4 0.5 7e+5 5e-13 0 1e-6 1e-6 0.05 0.446178 1e+06 641 2.10064e-06 2.10064e-06
2762 155 1e+6 0.25 0.2 2e-6 0.42 3e-10 2e-4 2e-3 0.3 0.4 0.5 7e+5 5e-13 0 1e-6 1e-6 0.05 0.310105 1e+06 574 1.62644e-06 1.62644e-06
2762 156 1e+6 0.25 0.2 2e-6 0.42 3e-10 2e-4 2e-3 0.3 0.4 0.5 7e+5 5e-13 0 1e-6 1e-6 0.05 0.139918 1e+06 486 6.6416e-07 6.6416e-07
2762 157 1e+6 0.25 0.2 2e-6 0.42 3e-10 2e-4 2e-3 0.3 0.4 0.5 7e+5 5e-13 0 1e-6 1e-6 0.05 0.017316 1e+06 462 -1.47591e-06 -1.47591e-06
2762 158 1e+6 0.25 0.2 2e-6 0.42 3e-10 2e-4 2e-3 0.3 0.4 0.5 7e+5 5e-13 0 1e-6 1e-6 0.05 0.144898 1e+06 490 7.07332e-07 7.07332e-07
2762 159 1e+6 0.25 0.2 2e-6 0.42 3e-10 2e-4 2e-3 0.3 0.4 0.5 7e+5 5e-13 0 1e-6 1e-6 0.05 0.232082 1e+06 586 1.35731e-06 1.35731e-06
