2845 0 1e+6 0.05 0.1 3.5e-6 0.42 3e-10 2e-4 2e-3 0.3 0.4 0.5 7e+5 5e-13 0 1e-6 1e-6 0.05 0 73541.5 207 -4.83448e-05 -1000
2845 1 1e+6 0.05 0.1 3.5e-6 0.42 3e-10 2e-4 2e-3 0.3 0.4 0.5 7e+5 5e-13 0 1e-6 1e-6 0.05 0 103716 399 -3.42797e-05 -1000
2845 2 1e+6 0.05 0.1 3.5e-6 0.42 3e-10 2e-4 2e-3 0.3 0.4 0.5 7e+5 5e-13 0 1e-6 1e-6 0.05 0.442761 1e+06 594 2.01681e-06 2.01681e-06
2845 3 1e+6 0.05 0.1 3.5e-6 0.42 3e-10 2e-4 2e-3 0.3 0.4 0.5 7e+5 5e-13 0 1e-6 1e-6 0.05 0.889169 1e+06 397 2.31112e-06 2.31112e-06
2845 4 1e+6 0.05 0.1 3.5e-6 0.42 3e-10 2e-4 2e-3 0.3 0.4 0.5 7e+5 5e-13 0 1e-6 1e-6 0.05 0.902128 1e+06 705 2.89985e-06 2.89985e-06
2845 5 1e+6 0.05 0.1 3.5e-6 0.42 3e-10 2e-4 2e-3 0.3 0.4 0.5 7e+5 5e-13 0 1e-6 1e-6 0.05 0 400931 411 -8.86773e-06 -1000
2845 6 1e+6 0.05 0.1 3.5e-6 0.42 3e-10 2e-4 2e-3 0.3 0.4 0.5 7e+5 5e-13 0 1e-6 1e-6 0.05 0 64915.8 215 -5.47686e-05 -1000
2845 7 1e+6 0.05 0.1 3.5e-6 0.42 3e-10 2e-4 2e-3 0.3 0.4 0.5 7e+5 5e-13 0 1e-6 1e-6 0.05 0 101273 364 -3.51065e-05 -1000
2845 8 1e+6 0.05 0.1 3.5e-6 0.42 3e-10 2e-4 2e-3 0.3 0.4 0.5 7e+5 5e-13 0 1e-6 1e-6 0.05 0 77794.3 221 -4.57019e-05 -1000
2845 9 1e+6 0.05 0.1 3.5e-6 0.42 3e-10 2e-4 2e-3 0.3 0.4 0.5 7e+5 5e-13 0 1e-6 1e-6 0.05 0.318008 1e+06 261 8.63493e-07 8.63493e-07
2845 10 1e+6 0.05 0.1 3.5e-6 0.42 3e-10 2e-4 2e-3 0.3 0.4 0.5 7e+5 5e-13 0 1e-6 1e-6 0.05 0 72788 213 -4.88452e-05 -1000
2845 11 1e+6 0.05 0.1 3.5e-6 0.42 3e-10 2e-4 2e-3 0.3 0.4 0.5 7e+5 5e-13 0 1e-6 1e-6 0.05 0 281167 398 -1.2645e-05 -1000
2845 12 1e+6 0.05 0.1 3.5e-6 0.42 3e-10 2e-4 2e-3 0.3 0.4 0.5 7e+5 5e-13 0 1e-6 1e-6 0.05 0 241876 625 -1.46991e-05 -1000
2845 13 1e+6 0.05 0.1 3.5e-6 0.42 3e-10 2e-4 2e-3 0.3 0.4 0.5 7e+5 5e-13 0 1e-6 1e-6 0.05 0 453490 202 -7.83997e-06 -1000
2845 14 1e+6 0.05 0.1 3.5e-6 0.42 3e-10 2e-4 2e-3 0.3 0.4 0.5 7e+5 5e-13 0 1e-6 1e-6 0.05 0 483024 494 -7.3606e-06 -1000
2845 15 1e+6 0.05 0.1 3.5e-6 0.42 3e-10 2e-4 2e-3 0.3 0.4 0.5 7e+5 5e-13 0 1e-6 1e-6 0.05 0 177618 370 -2.00168e-05 -1000
2845 16 1e+6 0.05 0.1 3.5e-6 0.42 3e-10 2e-4 2e-3 0.3 0.4 0.5 7e+5 5e-13 0 1e-6 1e-6 0.05 0.656876 1e+06 749 2.64313e-06 2.64313e-06
2845 17 1e+6 0.05 0.1 3.5e-6 0.42 3e-10 2e-4 2e-3 0.3 0.4 0.5 7e+5 5e-13 0 1e-6 1e-6 0.05 0 177382 548 -2.00434e-05 -1000
2845 18 1e+6 0.05 0.1 3.5e-6 0.42 3e-10 2e-4 2e-3 0.3 0.4 0.5 7e+5 5e-13 0 1e-6 1e-6 0.05 0 327453 711 -1.08576e-05 -1000
2845 19 1e+6 0.05 0.1 3.5e-6 0.42 3e-10 2e-4 2e-3 0.3 0.4 0.5 7e+5 5e-13 0 1e-6 1e-6 0.05 0 291436 473 -1.21994e-05 -1000
2845 20 1e+6 0.1 0.05 3.5e-6 0.42 3e-10 2e-4 2e-3 0.3 0.4 0.5 7e+5 5e-13 0 1e-6 1e-6 0.05 0 377557 355 -9.77038e-06 -1000
2845 21 1e+6 0.1 0.05 3.5e-6 0.42 3e-10 2e-4 2e-3 0.3 0.4 0.5 7e+5 5e-13 0 1e-6 1e-6 0.05 0 163102 702 -2.2617e-05 -1000
2845 22 1e+6 0.1 0.05 3.5e-6 0.42 3e-10 2e-4 2e-3 0.3 0.4 0.5 7e+5 5e-13 0 1e-6 1e-6 0.05 0 197226 557 -1.87038e-05 -1000
2845 23 1e+6 0.1 0.05 3.5e-6 0.42 3e-10 2e-4 2e-3 0.3 0.4 0.5 7e+5 5e-13 0 1e-6 1e-6 0.05 0 82576.7 569 -4.46722e-05 -1000
2845 24 1e+6 0.1 0.05 3.5e-6 0.42 3e-10 2e-4 2e-3 0.3 0.4 0.5 7e+5 5e-13 0 1e-6 1e-6 0.05 0.0249554 1e+06 561 -1.04982e-06 -1.04982e-06
2845 25 1e+6 0.1 0.05 3.5e-6 0.42 3e-10 2e-4 2e-3 0.3 0.4 0.5 7e+5 5e-13 0 1e-6 1e-6 0.05 0 122920 771 -3.00105e-05 -1000
2845 26 1e+6 0.1 0.05 3.5e-6 0.42 3e-10 2e-4 2e-3 0.3 0.4 0.5 7e+5 5e-13 0 1e-6 1e-6 0.05 0 78784.9 471 -4.68222e-05 -1000
2845 27 1e+6 0.1 0.05 3.5e-6 0.42 3e-10 2e-4 2e-3 0.3 0.4 0.5 7e+5 5e-13 0 1e-6 1e-6 0.05 0 53844.7 370 -6.85097e-05 -1000
2845 28 1e+6 0.1 0.05 3.5e-6 0.42 3e-10 2e-4 2e-3 0.3 0.4 0.5 7e+5 5e-13 0 1e-6 1e-6 0.05 0 587664 637 -6.27719e-06 -1000
2845 29 1e+6 0.1 0.05 3.5e-6 0.42 3e-10 2e-4 2e-3 0.3 0.4 0.5 7e+5 5e-13 0 1e-6 1e-6 0.05 0 185376 408 -1.98994e-05 -1000
2845 30 1e+6 0.1 0.05 3.5e-6 0.42 3e-10 2e-4 2e-3 0.3 0.4 0.5 7e+5 5e-13 0 1e-6 1e-6 0.05 0 925655 560 -3.98516e-06 -1000
2845 31 1e+6 0.1 0.05 3.5e-6 0.42 3e-10 2e-4 2e-3 0.3 0.4 0.5 7e+5 5e-13 0 1e-6 1e-6 0.05 0 431436 863 -8.55023e-06 -1000
2845 32 1e+6 0.1 0.05 3.5e-6 0.42 3e-10 2e-4 2e-3 0.3 0.4 0.5 7e+5 5e-13 0 1e-6 1e-6 0.05 0 168363 471 -2.19103e-05 -1000
2845 33 1e+6 0.1 0.05 3.5e-6 0.42 3e-10 2e-4 2e-3 0.3 0.4 0.5 7e+5 5e-13 0 1e-6 1e-6 0.05 0 28975.7 436 -0.00012731 -1000
2845 34 1e+6 0.1 0.05 3.5e-6 0.42 3e-10 2e-4 2e-3 0.3 0.4 0.5 7e+5 5e-13 0 1e-6 1e-6 0.05 0 272454 587 -1.35395e-05 -1000
2845 35 1e+6 0.1 0.05 3.5e-6 0.42 3e-10 2e-4 2e-3 0.3 0.4 0.5 7e+5 5e-13 0 1e-6 1e-6 0.05 0 888635 684 -4.15117e-06 -1000
2845 36 1e+6 0.1 0.05 3.5e-6 0.42 3e-10 2e-4 2e-3 0.3 0.4 0.5 7e+5 5e-13 0 1e-6 1e-6 0.05 0 28367.8 453 -0.000130037 -1000
2845 37 1e+6 0.1 0.05 3.5e-6 0.42 3e-10 2e-4 2e-3 0.3 0.4 0.5 7e+5 5e-13 0 1e-6 1e-6 0.05 0 99119.3 599 -3.72166e-05 -1000
2845 38 1e+6 0.1 0.05 3.5e-6 0.42 3e-10 2e-4 2e-3 0.3 0.4 0.5 7e+5 5e-13 0 1e-6 1e-6 0.05 0 872111 299 -4.22983e-06 -1000
2845 39 1e+6 0.1 0.05 3.5e-6 0.42 3e-10 2e-4 2e-3 0.3 0.4 0.5 7e+5 5e-13 0 1e-6 1e-6 0.05 0.11039 1e+06 616 5.30628e-07 5.30628e-07
2845 40 1e+6 0.1 0.15 3.5e-6 0.42 3e-10 2e-4 2e-3 0.3 0.4 0.5 7e+5 5e-13 0 1e-6 1e-6 0.05 0 61325.5 396 -6.01524e-05 -1000
2845 41 1e+6 0.1 0.15 3.5e-6 0.42 3e-10 2e-4 2e-3 0.3 0.4 0.5 7e+5 5e-13 0 1e-6 1e-6 0.05 0 900591 637 -4.09606e-06 -1000
2845 42 1e+6 0.1 0.15 3.5e-6 0.42 3e-10 2e-4 2e-3 0.3 0.4 0.5 7e+5 5e-13 0 1e-6 1e-6 0.05 0 662599 599 -5.56729e-06 -1000
2845 43 1e+6 0.1 0.15 3.5e-6 0.42 3e-10 2e-4 2e-3 0.3 0.4 0.5 7e+5 5e-13 0 1e-6 1e-6 0.05 0 296093 792 -1.24585e-05 -1000
2845 44 1e+6 0.1 0.15 3.5e-6 0.42 3e-10 2e-4 2e-3 0.3 0.4 0.5 7e+5 5e-13 0 1e-6 1e-6 0.05 0 483215 613 -7.63403e-06 -1000
2845 45 1e+6 0.1 0.15 3.5e-6 0.42 3e-10 2e-4 2e-3 0.3 0.4 0.5 7e+5 5e-13 0 1e-6 1e-6 0.05 0 705860 453 -5.22608e-06 -1000
2845 46 1e+6 0.1 0.15 3.5e-6 0.42 3e-10 2e-4 2e-3 0.3 0.4 0.5 7e+5 5e-13 0 1e-6 1e-6 0.05 0 469710 366 -7.85352e-06 -1000
2845 47 1e+6 0.1 0.15 3.5e-6 0.42 3e-10 2e-4 2e-3 0.3 0.4 0.5 7e+5 5e-13 0 1e-6 1e-6 0.05 0 424796 422 -8.68389e-06 -1000
2845 48 1e+6 0.1 0.15 3.5e-6 0.42 3e-10 2e-4 2e-3 0.3 0.4 0.5 7e+5 5e-13 0 1e-6 1e-6 0.05 0.160832 1e+06 914 1.30155e-06 1.30155e-06
2845 49 1e+6 0.1 0.15 3.5e-6 0.42 3e-10 2e-4 2e-3 0.3 0.4 0.5 7e+5 5e-13 0 1e-6 1e-6 0.05 0 245626 482 -1.50183e-05 -1000
2845 50 1e+6 0.1 0.15 3.5e-6 0.42 3e-10 2e-4 2e-3 0.3 0.4 0.5 7e+5 5e-13 0 1e-6 1e-6 0.05 0 826611 417 -4.46265e-06 -1000
2845 51 1e+6 0.1 0.15 3.5e-6 0.42 3e-10 2e-4 2e-3 0.3 0.4 0.5 7e+5 5e-13 0 1e-6 1e-6 0.05 0 108262 496 -3.40735e-05 -1000
2845 52 1e+6 0.1 0.15 3.5e-6 0.42 3e-10 2e-4 2e-3 0.3 0.4 0.5 7e+5 5e-13 0 1e-6 1e-6 0.05 0.1566 1e+06 447 5.59616e-07 5.59616e-07
2845 53 1e+6 0.1 0.15 3.5e-6 0.42 3e-10 2e-4 2e-3 0.3 0.4 0.5 7e+5 5e-13 0 1e-6 1e-6 0.05 0 540931 535 -6.8195e-06 -1000
2845 54 1e+6 0.1 0.15 3.5e-6 0.42 3e-10 2e-4 2e-3 0.3 0.4 0.5 7e+5 5e-13 0 1e-6 1e-6 0.05 0 684904 586 -5.38598e-06 -1000
2845 55 1e+6 0.1 0.15 3.5e-6 0.42 3e-10 2e-4 2e-3 0.3 0.4 0.5 7e+5 5e-13 0 1e-6 1e-6 0.05 0 283739 491 -1.3001e-05 -1000
2845 56 1e+6 0.1 0.15 3.5e-6 0.42 3e-10 2e-4 2e-3 0.3 0.4 0.5 7e+5 5e-13 0 1e-6 1e-6 0.05 0 904109 497 -4.08013e-06 -1000
2845 57 1e+6 0.1 0.15 3.5e-6 0.42 3e-10 2e-4 2e-3 0.3 0.4 0.5 7e+5 5e-13 0 1e-6 1e-6 0.05 0 674832 619 -5.46637e-06 -1000
2845 58 1e+6 0.1 0.15 3.5e-6 0.42 3e-10 2e-4 2e-3 0.3 0.4 0.5 7e+5 5e-13 0 1e-6 1e-6 0.05 0 321752 849 -1.1465e-05 -1000
2845 59 1e+6 0.1 0.15 3.5e-6 0.42 3e-10 2e-4 2e-3 0.3 0.4 0.5 7e+5 5e-13 0 1e-6 1e-6 0.05 0.0492424 1e+06 264 -1.12393e-06 -1.12393e-06
2845 60 1e+6 0.15 0.1 3.5e-6 0.42 3e-10 2e-4 2e-3 0.3 0.4 0.5 7e+5 5e-13 0 1e-6 1e-6 0.05 0.33157 1e+06 567 1.54756e-06 1.54756e-06
2845 61 1e+6 0.15 0.1 3.5e-6 0.42 3e-10 2e-4 2e-3 0.3 0.4 0.5 7e+5 5e-13 0 1e-6 1e-6 0.05 0.218667 1e+06 375 7.1784e-07 7.1784e-07
2845 62 1e+6 0.15 0.1 3.5e-6 0.42 3e-10 2e-4 2e-3 0.3 0.4 0.5 7e+5 5e-13 0 1e-6 1e-6 0.05 0.188847 1e+06 789 1.31507e-06 1.31507e-06
2845 63 1e+6 0.15 0.1 3.5e-6 0.42 3e-10 2e-4 2e-3 0.3 0.4 0.5 7e+5 5e-13 0 1e-6 1e-6 0.05 0 477220 793 -7.72993e-06 -1000
2845 64 1e+6 0.15 0.1 3.5e-6 0.42 3e-10 2e-4 2e-3 0.3 0.4 0.5 7e+5 5e-13 0 1e-6 1e-6 0.05 0 343004 403 -1.07546e-05 -1000
2845 65 1e+6 0.15 0.1 3.5e-6 0.42 3e-10 2e-4 2e-3 0.3 0.4 0.5 7e+5 5e-13 0 1e-6 1e-6 0.05 0 288326 416 -1.27941e-05 -1000
2845 66 1e+6 0.15 0.1 3.5e-6 0.42 3e-10 2e-4 2e-3 0.3 0.4 0.5 7e+5 5e-13 0 1e-6 1e-6 0.05 0 386965 546 -9.53285e-06 -1000
2845 67 1e+6 0.15 0.1 3.5e-6 0.42 3e-10 2e-4 2e-3 0.3 0.4 0.5 7e+5 5e-13 0 1e-6 1e-6 0.05 0.590909 1e+06 242 1.27397e-06 1.27397e-06
2845 68 1e+6 0.15 0.1 3.5e-6 0.42 3e-10 2e-4 2e-3 0.3 0.4 0.5 7e+5 5e-13 0 1e-6 1e-6 0.05 0 834980 402 -4.41792e-06 -1000
2845 69 1e+6 0.15 0.1 3.5e-6 0.42 3e-10 2e-4 2e-3 0.3 0.4 0.5 7e+5 5e-13 0 1e-6 1e-6 0.05 0.235981 1e+06 428 9.26241e-07 9.26241e-07
2845 70 1e+6 0.15 0.1 3.5e-6 0.42 3e-10 2e-4 2e-3 0.3 0.4 0.5 7e+5 5e-13 0 1e-6 1e-6 0.05 0.63 1e+06 600 2.24601e-06 2.24601e-06
2845 71 1e+6 0.15 0.1 3.5e-6 0.42 3e-10 2e-4 2e-3 0.3 0.4 0.5 7e+5 5e-13 0 1e-6 1e-6 0.05 0.262332 1e+06 446 1.07329e-06 1.07329e-06
2845 72 1e+6 0.15 0.1 3.5e-6 0.42 3e-10 2e-4 2e-3 0.3 0.4 0.5 7e+5 5e-13 0 1e-6 1e-6 0.05 0 302430 305 -1.21975e-05 -1000
2845 73 1e+6 0.15 0.1 3.5e-6 0.42 3e-10 2e-4 2e-3 0.3 0.4 0.5 7e+5 5e-13 0 1e-6 1e-6 0.05 0.0539499 1e+06 519 -3.56675e-07 -3.56675e-07
2845 74 1e+6 0.15 0.1 3.5e-6 0.42 3e-10 2e-4 2e-3 0.3 0.4 0.5 7e+5 5e-13 0 1e-6 1e-6 0.05 0.474725 1e+06 455 1.6864e-06 1.6864e-06
2845 75 1e+6 0.15 0.1 3.5e-6 0.42 3e-10 2e-4 2e-3 0.3 0.4 0.5 7e+5 5e-13 0 1e-6 1e-6 0.05 0 813406 470 -4.5351e-06 -1000
2845 76 1e+6 0.15 0.1 3.5e-6 0.42 3e-10 2e-4 2e-3 0.3 0.4 0.5 7e+5 5e-13 0 1e-6 1e-6 0.05 0.127368 1e+06 950 1.10691e-06 1.10691e-06
2845 77 1e+6 0.15 0.1 3.5e-6 0.42 3e-10 2e-4 2e-3 0.3 0.4 0.5 7e+5 5e-13 0 1e-6 1e-6 0.05 0 849534 449 -4.34224e-06 -1000
2845 78 1e+6 0.15 0.1 3.5e-6 0.42 3e-10 2e-4 2e-3 0.3 0.4 0.5 7e+5 5e-13 0 1e-6 1e-6 0.05 0.418868 1e+06 530 1.7138e-06 1.7138e-06
2845 79 1e+6 0.15 0.1 3.5e-6 0.42 3e-10 2e-4 2e-3 0.3 0.4 0.5 7e+5 5e-13 0 1e-6 1e-6 0.05 0 140286 627 -2.62955e-05 -1000
2845 80 1e+6 0.15 0.2 3.5e-6 0.42 3e-10 2e-4 2e-3 0.3 0.4 0.5 7e+5 5e-13 0 1e-6 1e-6 0.05 0 252358 637 -1.46176e-05 -1000
2845 81 1e+6 0.15 0.2 3.5e-6 0.42 3e-10 2e-4 2e-3 0.3 0.4 0.5 7e+5 5e-13 0 1e-6 1e-6 0.05 0 112527 559 -3.27823e-05 -1000
2845 82 1e+6 0.15 0.2 3.5e-6 0.42 3e-10 2e-4 2e-3 0.3 0.4 0.5 7e+5 5e-13 0 1e-6 1e-6 0.05 0 92400.7 541 -3.99226e-05 -1000
2845 83 1e+6 0.15 0.2 3.5e-6 0.42 3e-10 2e-4 2e-3 0.3 0.4 0.5 7e+5 5e-13 0 1e-6 1e-6 0.05 0 251276 502 -1.46806e-05 -1000
2845 84 1e+6 0.15 0.2 3.5e-6 0.42 3e-10 2e-4 2e-3 0.3 0.4 0.5 7e+5 5e-13 0 1e-6 1e-6 0.05 0 484218 872 -7.61822e-06 -1000
2845 85 1e+6 0.15 0.2 3.5e-6 0.42 3e-10 2e-4 2e-3 0.3 0.4 0.5 7e+5 5e-13 0 1e-6 1e-6 0.05 0 334840 715 -1.10168e-05 -1000
2845 86 1e+6 0.15 0.2 3.5e-6 0.42 3e-10 2e-4 2e-3 0.3 0.4 0.5 7e+5 5e-13 0 1e-6 1e-6 0.05 0 635382 298 -5.80576e-06 -1000
2845 87 1e+6 0.15 0.2 3.5e-6 0.42 3e-10 2e-4 2e-3 0.3 0.4 0.5 7e+5 5e-13 0 1e-6 1e-6 0.05 0.0337478 1e+06 563 -7.4444e-07 -7.4444e-07
2845 88 1e+6 0.15 0.2 3.5e-6 0.42 3e-10 2e-4 2e-3 0.3 0.4 0.5 7e+5 5e-13 0 1e-6 1e-6 0.05 0 861369 481 -4.28258e-06 -1000
2845 89 1e+6 0.15 0.2 3.5e-6 0.42 3e-10 2e-4 2e-3 0.3 0.4 0.5 7e+5 5e-13 0 1e-6 1e-6 0.05 0 216317 445 -1.70531e-05 -1000
2845 90 1e+6 0.15 0.2 3.5e-6 0.42 3e-10 2e-4 2e-3 0.3 0.4 0.5 7e+5 5e-13 0 1e-6 1e-6 0.05 0 213175 526 -1.73045e-05 -1000
2845 91 1e+6 0.15 0.2 3.5e-6 0.42 3e-10 2e-4 2e-3 0.3 0.4 0.5 7e+5 5e-13 0 1e-6 1e-6 0.05 0.0840787 1e+06 559 1.61268e-07 1.61268e-07
2845 92 1e+6 0.15 0.2 3.5e-6 0.42 3e-10 2e-4 2e-3 0.3 0.4 0.5 7e+5 5e-13 0 1e-6 1e-6 0.05 0 109385 442 -3.37237e-05 -1000
2845 93 1e+6 0.15 0.2 3.5e-6 0.42 3e-10 2e-4 2e-3 0.3 0.4 0.5 7e+5 5e-13 0 1e-6 1e-6 0.05 0.0116086 1e+06 603 -1.74297e-06 -1.74297e-06
2845 94 1e+6 0.15 0.2 3.5e-6 0.42 3e-10 2e-4 2e-3 0.3 0.4 0.5 7e+5 5e-13 0 1e-6 1e-6 0.05 0 159423 599 -2.3139e-05 -1000
2845 95 1e+6 0.15 0.2 3.5e-6 0.42 3e-10 2e-4 2e-3 0.3 0.4 0.5 7e+5 5e-13 0 1e-6 1e-6 0.05 0 310380 520 -1.18851e-05 -1000
2845 96 1e+6 0.15 0.2 3.5e-6 0.42 3e-10 2e-4 2e-3 0.3 0.4 0.5 7e+5 5e-13 0 1e-6 1e-6 0.05 0 248909 347 -1.48202e-05 -1000
2845 97 1e+6 0.15 0.2 3.5e-6 0.42 3e-10 2e-4 2e-3 0.3 0.4 0.5 7e+5 5e-13 0 1e-6 1e-6 0.05 0 339145 532 -1.0877e-05 -1000
2845 98 1e+6 0.15 0.2 3.5e-6 0.42 3e-10 2e-4 2e-3 0.3 0.4 0.5 7e+5 5e-13 0 1e-6 1e-6 0.05 0 105361 434 -3.50118e-05 -1000
2845 99 1e+6 0.15 0.2 3.5e-6 0.42 3e-10 2e-4 2e-3 0.3 0.4 0.5 7e+5 5e-13 0 1e-6 1e-6 0.05 0 313025 433 -1.17846e-05 -1000
2845 100 1e+6 0.2 0.15 3.5e-6 0.42 3e-10 2e-4 2e-3 0.3 0.4 0.5 7e+5 5e-13 0 1e-6 1e-6 0.05 0.362018 1e+06 674 1.80829e-06 1.80829e-06
2845 101 1e+6 0.2 0.15 3.5e-6 0.42 3e-10 2e-4 2e-3 0.3 0.4 0.5 7e+5 5e-13 0 1e-6 1e-6 0.05 0.162437 1e+06 394 4.70004e-07 4.70004e-07
2845 102 1e+6 0.2 0.15 3.5e-6 0.42 3e-10 2e-4 2e-3 0.3 0.4 0.5 7e+5 5e-13 0 1e-6 1e-6 0.05 0.224315 1e+06 584 1.18632e-06 1.18632e-06
2845 103 1e+6 0.2 0.15 3.5e-6 0.42 3e-10 2e-4 2e-3 0.3 0.4 0.5 7e+5 5e-13 0 1e-6 1e-6 0.05 0.39781 1e+06 548 1.69562e-06 1.69562e-06
2845 104 1e+6 0.2 0.15 3.5e-6 0.42 3e-10 2e-4 2e-3 0.3 0.4 0.5 7e+5 5e-13 0 1e-6 1e-6 0.05 0 886436 621 -4.16147e-06 -1000
2845 105 1e+6 0.2 0.15 3.5e-6 0.42 3e-10 2e-4 2e-3 0.3 0.4 0.5 7e+5 5e-13 0 1e-6 1e-6 0.05 0.363326 1e+06 878 2.07631e-06 2.07631e-06
2845 106 1e+6 0.2 0.15 3.5e-6 0.42 3e-10 2e-4 2e-3 0.3 0.4 0.5 7e+5 5e-13 0 1e-6 1e-6 0.05 0.278057 1e+06 597 1.42311e-06 1.42311e-06
2845 107 1e+6 0.2 0.15 3.5e-6 0.42 3e-10 2e-4 2e-3 0.3 0.4 0.5 7e+5 5e-13 0 1e-6 1e-6 0.05 0.245014 1e+06 351 7.65468e-07 7.65468e-07
2845 108 1e+6 0.2 0.15 3.5e-6 0.42 3e-10 2e-4 2e-3 0.3 0.4 0.5 7e+5 5e-13 0 1e-6 1e-6 0.05 0.257322 1e+06 478 1.1233e-06 1.1233e-06
2845 109 1e+6 0.2 0.15 3.5e-6 0.42 3e-10 2e-4 2e-3 0.3 0.4 0.5 7e+5 5e-13 0 1e-6 1e-6 0.05 0.286441 1e+06 590 1.44102e-06 1.44102e-06
2845 110 1e+6 0.2 0.15 3.5e-6 0.42 3e-10 2e-4 2e-3 0.3 0.4 0.5 7e+5 5e-13 0 1e-6 1e-6 0.05 0.813022 1e+06 599 2.49938e-06 2.49938e-06
2845 111 1e+6 0.2 0.15 3.5e-6 0.42 3e-10 2e-4 2e-3 0.3 0.4 0.5 7e+5 5e-13 0 1e-6 1e-6 0.05 0.390328 1e+06 579 1.73166e-06 1.73166e-06
2845 112 1e+6 0.2 0.15 3.5e-6 0.42 3e-10 2e-4 2e-3 0.3 0.4 0.5 7e+5 5e-13 0 1e-6 1e-6 0.05 0.27685 1e+06 419 1.06471e-06 1.06471e-06
2845 113 1e+6 0.2 0.15 3.5e-6 0.42 3e-10 2e-4 2e-3 0.3 0.4 0.5 7e+5 5e-13 0 1e-6 1e-6 0.05 0 503844 490 -7.32147e-06 -1000
2845 114 1e+6 0.2 0.15 3.5e-6 0.42 3e-10 2e-4 2e-3 0.3 0.4 0.5 7e+5 5e-13 0 1e-6 1e-6 0.05 0 90392.9 525 -4.08094e-05 -1000
2845 115 1e+6 0.2 0.15 3.5e-6 0.42 3e-10 2e-4 2e-3 0.3 0.4 0.5 7e+5 5e-13 0 1e-6 1e-6 0.05 0 206659 570 -1.78501e-05 -1000
2845 116 1e+6 0.2 0.15 3.5e-6 0.42 3e-10 2e-4 2e-3 0.3 0.4 0.5 7e+5 5e-13 0 1e-6 1e-6 0.05 0.197002 1e+06 467 8.32909e-07 8.32909e-07
2845 117 1e+6 0.2 0.15 3.5e-6 0.42 3e-10 2e-4 2e-3 0.3 0.4 0.5 7e+5 5e-13 0 1e-6 1e-6 0.05 0 74213.7 512 -4.97061e-05 -1000
2845 118 1e+6 0.2 0.15 3.5e-6 0.42 3e-10 2e-4 2e-3 0.3 0.4 0.5 7e+5 5e-13 0 1e-6 1e-6 0.05 0.138776 1e+06 490 5.30628e-07 5.30628e-07
2845 119 1e+6 0.2 0.15 3.5e-6 0.42 3e-10 2e-4 2e-3 0.3 0.4 0.5 7e+5 5e-13 0 1e-6 1e-6 0.05 0.198113 1e+06 424 7.41937e-07 7.41937e-07
2845 120 1e+6 0.2 0.25 3.5e-6 0.42 3e-10 2e-4 2e-3 0.3 0.4 0.5 7e+5 5e-13 0 1e-6 1e-6 0.05 0 225591 615 -1.63521e-05 -1000
2845 121 1e+6 0.2 0.25 3.5e-6 0.42 3e-10 2e-4 2e-3 0.3 0.4 0.5 7e+5 5e-13 0 1e-6 1e-6 0.05 0 419439 663 -8.79479e-06 -1000
2845 122 1e+6 0.2 0.25 3.5e-6 0.42 3e-10 2e-4 2e-3 0.3 0.4 0.5 7e+5 5e-13 0 1e-6 1e-6 0.05 0 193447 560 -1.90692e-05 -1000
2845 123 1e+6 0.2 0.25 3.5e-6 0.42 3e-10 2e-4 2e-3 0.3 0.4 0.5 7e+5 5e-13 0 1e-6 1e-6 0.05 0 687863 493 -5.36281e-06 -1000
2845 124 1e+6 0.2 0.25 3.5e-6 0.42 3e-10 2e-4 2e-3 0.3 0.4 0.5 7e+5 5e-13 0 1e-6 1e-6 0.05 0 271440 439 -1.35901e-05 -1000
2845 125 1e+6 0.2 0.25 3.5e-6 0.42 3e-10 2e-4 2e-3 0.3 0.4 0.5 7e+5 5e-13 0 1e-6 1e-6 0.05 0 250610 469 -1.47196e-05 -1000
2845 126 1e+6 0.2 0.25 3.5e-6 0.42 3e-10 2e-4 2e-3 0.3 0.4 0.5 7e+5 5e-13 0 1e-6 1e-6 0.05 0 300436 641 -1.22784e-05 -1000
2845 127 1e+6 0.2 0.25 3.5e-6 0.42 3e-10 2e-4 2e-3 0.3 0.4 0.5 7e+5 5e-13 0 1e-6 1e-6 0.05 0 65226.2 489 -5.65552e-05 -1000
2845 128 1e+6 0.2 0.25 3.5e-6 0.42 3e-10 2e-4 2e-3 0.3 0.4 0.5 7e+5 5e-13 0 1e-6 1e-6 0.05 0 92294.6 524 -3.99685e-05 -1000
2845 129 1e+6 0.2 0.25 3.5e-6 0.42 3e-10 2e-4 2e-3 0.3 0.4 0.5 7e+5 5e-13 0 1e-6 1e-6 0.05 0 233623 646 -1.57899e-05 -1000
2845 130 1e+6 0.2 0.25 3.5e-6 0.42 3e-10 2e-4 2e-3 0.3 0.4 0.5 7e+5 5e-13 0 1e-6 1e-6 0.05 0 551137 554 -6.69322e-06 -1000
2845 131 1e+6 0.2 0.25 3.5e-6 0.42 3e-10 2e-4 2e-3 0.3 0.4 0.5 7e+5 5e-13 0 1e-6 1e-6 0.05 0 465286 626 -7.9282e-06 -1000
2845 132 1e+6 0.2 0.25 3.5e-6 0.42 3e-10 2e-4 2e-3 0.3 0.4 0.5 7e+5 5e-13 0 1e-6 1e-6 0.05 0 158500 639 -2.32736e-05 -1000
2845 133 1e+6 0.2 0.25 3.5e-6 0.42 3e-10 2e-4 2e-3 0.3 0.4 0.5 7e+5 5e-13 0 1e-6 1e-6 0.05 0 114610 611 -3.21863e-05 -1000
2845 134 1e+6 0.2 0.25 3.5e-6 0.42 3e-10 2e-4 2e-3 0.3 0.4 0.5 7e+5 5e-13 0 1e-6 1e-6 0.05 0 340941 527 -1.08197e-05 -1000
2845 135 1e+6 0.2 0.25 3.5e-6 0.42 3e-10 2e-4 2e-3 0.3 0.4 0.5 7e+5 5e-13 0 1e-6 1e-6 0.05 0 959761 511 -3.84354e-06 -1000
2845 136 1e+6 0.2 0.25 3.5e-6 0.42 3e-10 2e-4 2e-3 0.3 0.4 0.5 7e+5 5e-13 0 1e-6 1e-6 0.05 0 71272 508 -5.17577e-05 -1000
2845 137 1e+6 0.2 0.25 3.5e-6 0.42 3e-10 2e-4 2e-3 0.3 0.4 0.5 7e+5 5e-13 0 1e-6 1e-6 0.05 0 93463 429 -3.94689e-05 -1000
2845 138 1e+6 0.2 0.25 3.5e-6 0.42 3e-10 2e-4 2e-3 0.3 0.4 0.5 7e+5 5e-13 0 1e-6 1e-6 0.05 0 876866 511 -4.20689e-06 -1000
2845 139 1e+6 0.2 0.25 3.5e-6 0.42 3e-10 2e-4 2e-3 0.3 0.4 0.5 7e+5 5e-13 0 1e-6 1e-6 0.05 0 857595 498 -4.30143e-06 -1000
2845 140 1e+6 0.25 0.2 3.5e-6 0.42 3e-10 2e-4 2e-3 0.3 0.4 0.5 7e+5 5e-13 0 1e-6 1e-6 0.05 0 146873 425 -2.42069e-05 -1000
2845 141 1e+6 0.25 0.2 3.5e-6 0.42 3e-10 2e-4 2e-3 0.3 0.4 0.5 7e+5 5e-13 0 1e-6 1e-6 0.05 0 434953 437 -8.17411e-06 -1000
2845 142 1e+6 0.25 0.2 3.5e-6 0.42 3e-10 2e-4 2e-3 0.3 0.4 0.5 7e+5 5e-13 0 1e-6 1e-6 0.05 0.446372 1e+06 634 2.0901e-06 2.0901e-06
2845 143 1e+6 0.25 0.2 3.5e-6 0.42 3e-10 2e-4 2e-3 0.3 0.4 0.5 7e+5 5e-13 0 1e-6 1e-6 0.05 0.136452 1e+06 513 6.93147e-07 6.93147e-07
2845 144 1e+6 0.25 0.2 3.5e-6 0.42 3e-10 2e-4 2e-3 0.3 0.4 0.5 7e+5 5e-13 0 1e-6 1e-6 0.05 0.102489 1e+06 683 6.93147e-07 6.93147e-07
2845 145 1e+6 0.25 0.2 3.5e-6 0.42 3e-10 2e-4 2e-3 0.3 0.4 0.5 7e+5 5e-13 0 1e-6 1e-6 0.05 0.735537 1e+06 605 2.54273e-06 2.54273e-06
2845 146 1e+6 0.25 0.2 3.5e-6 0.42 3e-10 2e-4 2e-3 0.3 0.4 0.5 7e+5 5e-13 0 1e-6 1e-6 0.05 0.493994 1e+06 666 2.24071e-06 2.24071e-06
2845 147 1e+6 0.25 0.2 3.5e-6 0.42 3e-10 2e-4 2e-3 0.3 0.4 0.5 7e+5 5e-13 0 1e-6 1e-6 0.05 0.642373 1e+06 590 2.38219e-06 2.38219e-06
2845 148 1e+6 0.25 0.2 3.5e-6 0.42 3e-10 2e-4 2e-3 0.3 0.4 0.5 7e+5 5e-13 0 1e-6 1e-6 0.05 0.67341 1e+06 692 2.58884e-06 2.58884e-06
2845 149 1e+6 0.25 0.2 3.5e-6 0.42 3e-10 2e-4 2e-3 0.3 0.4 0.5 7e+5 5e-13 0 1e-6 1e-6 0.05 0 95400.9 567 -3.72674e-05 -1000
2845 150 1e+6 0.25 0.2 3.5e-6 0.42 3e-10 2e-4 2e-3 0.3 0.4 0.5 7e+5 5e-13 0 1e-6 1e-6 0.05 0.4864 1e+06 625 2.16168e-06 2.16168e-06
2845 151 1e+6 0.25 0.2 3.5e-6 0.42 3e-10 2e-4 2e-3 0.3 0.4 0.5 7e+5 5e-13 0 1e-6 1e-6 0.05 0.334545 1e+06 550 1.65959e-06 1.65959e-06
2845 152 1e+6 0.25 0.2 3.5e-6 0.42 3e-10 2e-4 2e-3 0.3 0.4 0.5 7e+5 5e-13 0 1e-6 1e-6 0.05 0.214397 1e+06 639 1.36463e-06 1.36463e-06
2845 153 1e+6 0.25 0.2 3.5e-6 0.42 3e-10 2e-4 2e-3 0.3 0.4 0.5 7e+5 5e-13 0 1e-6 1e-6 0.05 0.308011 1e+06 724 1.85182e-06 1.85182e-06
2845 154 1e+6 0.25 0.2 3.5e-6 0.42 3e-10 2e-4 2e-3 0.3 0.4 0.5 7e+5 5e-13 0 1e-6 1e-6 0.05 0.813808 1e+06 478 2.40823e-06 2.40823e-06
2845 155 1e+6 0.25 0.2 3.5e-6 0.42 3e-10 2e-4 2e-3 0.3 0.4 0.5 7e+5 5e-13 0 1e-6 1e-6 0.05 0.261698 1e+06 577 1.46193e-06 1.46193e-06
2845 156 1e+6 0.25 0.2 3.5e-6 0.42 3e-10 2e-4 2e-3 0.3 0.4 0.5 7e+5 5e-13 0 1e-6 1e-6 0.05 0.66108 1e+06 537 2.31677e-06 2.31677e-06
2845 157 1e+6 0.25 0.2 3.5e-6 0.42 3e-10 2e-4 2e-3 0.3 0.4 0.5 7e+5 5e-13 0 1e-6 1e-6 0.05 0.445455 1e+06 440 1.72277e-06 1.72277e-06
2845 158 1e+6 0.25 0.2 3.5e-6 0.42 3e-10 2e-4 2e-3 0.3 0.4 0.5 7e+5 5e-13 0 1e-6 1e-6 0.05 0.760668 1e+06 539 2.46081e-06 2.46081e-06
2845 159 1e+6 0.25 0.2 3.5e-6 0.42 3e-10 2e-4 2e-3 0.3 0.4 0.5 7e+5 5e-13 0 1e-6 1e-6 0.05 0 292922 454 -1.21375e-05 -1000
2845 160 1e+6 0.05 0.1 4.5e-6 0.42 3e-10 2e-4 2e-3 0.3 0.4 0.5 7e+5 5e-13 0 1e-6 1e-6 0.05 0.317528 1e+06 1181 2.37158e-06 2.37158e-06
2845 161 1e+6 0.05 0.1 4.5e-6 0.42 3e-10 2e-4 2e-3 0.3 0.4 0.5 7e+5 5e-13 0 1e-6 1e-6 0.05 0 505785 400 -7.02937e-06 -1000
2845 162 1e+6 0.05 0.1 4.5e-6 0.42 3e-10 2e-4 2e-3 0.3 0.4 0.5 7e+5 5e-13 0 1e-6 1e-6 0.05 0 315510 274 -1.12686e-05 -1000
2845 163 1e+6 0.05 0.1 4.5e-6 0.42 3e-10 2e-4 2e-3 0.3 0.4 0.5 7e+5 5e-13 0 1e-6 1e-6 0.05 0 101309 451 -3.50941e-05 -1000
2845 164 1e+6 0.05 0.1 4.5e-6 0.42 3e-10 2e-4 2e-3 0.3 0.4 0.5 7e+5 5e-13 0 1e-6 1e-6 0.05 0 622653 282 -5.71e-06 -1000
2845 165 1e+6 0.05 0.1 4.5e-6 0.42 3e-10 2e-4 2e-3 0.3 0.4 0.5 7e+5 5e-13 0 1e-6 1e-6 0.05 0 115201 455 -3.0862e-05 -1000
2845 166 1e+6 0.05 0.1 4.5e-6 0.42 3e-10 2e-4 2e-3 0.3 0.4 0.5 7e+5 5e-13 0 1e-6 1e-6 0.05 0.279428 1e+06 909 1.98199e-06 1.98199e-06
2845 167 1e+6 0.05 0.1 4.5e-6 0.42 3e-10 2e-4 2e-3 0.3 0.4 0.5 7e+5 5e-13 0 1e-6 1e-6 0.05 0 646460 237 -5.49972e-06 -1000
2845 168 1e+6 0.05 0.1 4.5e-6 0.42 3e-10 2e-4 2e-3 0.3 0.4 0.5 7e+5 5e-13 0 1e-6 1e-6 0.05 0 163815 432 -2.17035e-05 -1000
2845 169 1e+6 0.05 0.1 4.5e-6 0.42 3e-10 2e-4 2e-3 0.3 0.4 0.5 7e+5 5e-13 0 1e-6 1e-6 0.05 0 316651 347 -1.1228e-05 -1000
2845 170 1e+6 0.05 0.1 4.5e-6 0.42 3e-10 2e-4 2e-3 0.3 0.4 0.5 7e+5 5e-13 0 1e-6 1e-6 0.05 0 643470 315 -5.52528e-06 -1000
2845 171 1e+6 0.05 0.1 4.5e-6 0.42 3e-10 2e-4 2e-3 0.3 0.4 0.5 7e+5 5e-13 0 1e-6 1e-6 0.05 0.341463 1e+06 492 1.56862e-06 1.56862e-06
2845 172 1e+6 0.05 0.1 4.5e-6 0.42 3e-10 2e-4 2e-3 0.3 0.4 0.5 7e+5 5e-13 0 1e-6 1e-6 0.05 0 388870 317 -9.14276e-06 -1000
2845 173 1e+6 0.05 0.1 4.5e-6 0.42 3e-10 2e-4 2e-3 0.3 0.4 0.5 7e+5 5e-13 0 1e-6 1e-6 0.05 0 83995.8 295 -4.23277e-05 -1000
2845 174 1e+6 0.05 0.1 4.5e-6 0.42 3e-10 2e-4 2e-3 0.3 0.4 0.5 7e+5 5e-13 0 1e-6 1e-6 0.05 0 296556 282 -1.19888e-05 -1000
2845 175 1e+6 0.05 0.1 4.5e-6 0.42 3e-10 2e-4 2e-3 0.3 0.4 0.5 7e+5 5e-13 0 1e-6 1e-6 0.05 0 96348.9 223 -3.69008e-05 -1000
2845 176 1e+6 0.05 0.1 4.5e-6 0.42 3e-10 2e-4 2e-3 0.3 0.4 0.5 7e+5 5e-13 0 1e-6 1e-6 0.05 0 590136 308 -6.02463e-06 -1000
2845 177 1e+6 0.05 0.1 4.5e-6 0.42 3e-10 2e-4 2e-3 0.3 0.4 0.5 7e+5 5e-13 0 1e-6 1e-6 0.05 0.158537 1e+06 246 1.08214e-07 1.08214e-07
2845 178 1e+6 0.05 0.1 4.5e-6 0.42 3e-10 2e-4 2e-3 0.3 0.4 0.5 7e+5 5e-13 0 1e-6 1e-6 0.05 0 568622 595 -6.25257e-06 -1000
2845 179 1e+6 0.05 0.1 4.5e-6 0.42 3e-10 2e-4 2e-3 0.3 0.4 0.5 7e+5 5e-13 0 1e-6 1e-6 0.05 0 147958 482 -2.40294e-05 -1000
2845 180 1e+6 0.1 0.05 4.5e-6 0.42 3e-10 2e-4 2e-3 0.3 0.4 0.5 7e+5 5e-13 0 1e-6 1e-6 0.05 0 513609 584 -7.18227e-06 -1000
2845 181 1e+6 0.1 0.05 4.5e-6 0.42 3e-10 2e-4 2e-3 0.3 0.4 0.5 7e+5 5e-13 0 1e-6 1e-6 0.05 0 135864 574 -2.71513e-05 -1000
2845 182 1e+6 0.1 0.05 4.5e-6 0.42 3e-10 2e-4 2e-3 0.3 0.4 0.5 7e+5 5e-13 0 1e-6 1e-6 0.05 0 203742 681 -1.81056e-05 -1000
2845 183 1e+6 0.1 0.05 4.5e-6 0.42 3e-10 2e-4 2e-3 0.3 0.4 0.5 7e+5 5e-13 0 1e-6 1e-6 0.05 0 662879 469 -5.56493e-06 -1000
2845 184 1e+6 0.1 0.05 4.5e-6 0.42 3e-10 2e-4 2e-3 0.3 0.4 0.5 7e+5 5e-13 0 1e-6 1e-6 0.05 0 52654.6 453 -7.00581e-05 -1000
2845 185 1e+6 0.1 0.05 4.5e-6 0.42 3e-10 2e-4 2e-3 0.3 0.4 0.5 7e+5 5e-13 0 1e-6 1e-6 0.05 0 240282 552 -1.53523e-05 -1000
2845 186 1e+6 0.1 0.05 4.5e-6 0.42 3e-10 2e-4 2e-3 0.3 0.4 0.5 7e+5 5e-13 0 1e-6 1e-6 0.05 0 38008.3 382 -9.70546e-05 -1000
2845 187 1e+6 0.1 0.05 4.5e-6 0.42 3e-10 2e-4 2e-3 0.3 0.4 0.5 7e+5 5e-13 0 1e-6 1e-6 0.05 0 317178 609 -1.16303e-05 -1000
2845 188 1e+6 0.1 0.05 4.5e-6 0.42 3e-10 2e-4 2e-3 0.3 0.4 0.5 7e+5 5e-13 0 1e-6 1e-6 0.05 0 235924 252 -1.56359e-05 -1000
2845 189 1e+6 0.1 0.05 4.5e-6 0.42 3e-10 2e-4 2e-3 0.3 0.4 0.5 7e+5 5e-13 0 1e-6 1e-6 0.05 0 60186.4 395 -6.12909e-05 -1000
2845 190 1e+6 0.1 0.05 4.5e-6 0.42 3e-10 2e-4 2e-3 0.3 0.4 0.5 7e+5 5e-13 0 1e-6 1e-6 0.05 0 39770 365 -9.27552e-05 -1000
2845 191 1e+6 0.1 0.05 4.5e-6 0.42 3e-10 2e-4 2e-3 0.3 0.4 0.5 7e+5 5e-13 0 1e-6 1e-6 0.05 0 55019.3 340 -6.7047e-05 -1000
2845 192 1e+6 0.1 0.05 4.5e-6 0.42 3e-10 2e-4 2e-3 0.3 0.4 0.5 7e+5 5e-13 0 1e-6 1e-6 0.05 0 51330.9 345 -7.18648e-05 -1000
2845 193 1e+6 0.1 0.05 4.5e-6 0.42 3e-10 2e-4 2e-3 0.3 0.4 0.5 7e+5 5e-13 0 1e-6 1e-6 0.05 0 98311.9 615 -3.75222e-05 -1000
2845 194 1e+6 0.1 0.05 4.5e-6 0.42 3e-10 2e-4 2e-3 0.3 0.4 0.5 7e+5 5e-13 0 1e-6 1e-6 0.05 0 115844 370 -3.18434e-05 -1000
2845 195 1e+6 0.1 0.05 4.5e-6 0.42 3e-10 2e-4 2e-3 0.3 0.4 0.5 7e+5 5e-13 0 1e-6 1e-6 0.05 0 238093 627 -1.54934e-05 -1000
2845 196 1e+6 0.1 0.05 4.5e-6 0.42 3e-10 2e-4 2e-3 0.3 0.4 0.5 7e+5 5e-13 0 1e-6 1e-6 0.05 0 132167 551 -2.79107e-05 -1000
2845 197 1e+6 0.1 0.05 4.5e-6 0.42 3e-10 2e-4 2e-3 0.3 0.4 0.5 7e+5 5e-13 0 1e-6 1e-6 0.05 0 67683.1 362 -5.45022e-05 -1000
2845 198 1e+6 0.1 0.05 4.5e-6 0.42 3e-10 2e-4 2e-3 0.3 0.4 0.5 7e+5 5e-13 0 1e-6 1e-6 0.05 0 66676.8 546 -5.53248e-05 -1000
2845 199 1e+6 0.1 0.05 4.5e-6 0.42 3e-10 2e-4 2e-3 0.3 0.4 0.5 7e+5 5e-13 0 1e-6 1e-6 0.05 0 152819 773 -2.41388e-05 -1000
2845 200 1e+6 0.1 0.15 4.5e-6 0.42 3e-10 2e-4 2e-3 0.3 0.4 0.5 7e+5 5e-13 0 1e-6 1e-6 0.05 0.0962567 1e+06 561 3.00105e-07 3.00105e-07
2845 201 1e+6 0.1 0.15 4.5e-6 0.42 3e-10 2e-4 2e-3 0.3 0.4 0.5 7e+5 5e-13 0 1e-6 1e-6 0.05 0 504175 357 -7.31667e-06 -1000
2845 202 1e+6 0.1 0.15 4.5e-6 0.42 3e-10 2e-4 2e-3 0.3 0.4 0.5 7e+5 5e-13 0 1e-6 1e-6 0.05 0 842218 465 -4.37996e-06 -1000
2845 203 1e+6 0.1 0.15 4.5e-6 0.42 3e-10 2e-4 2e-3 0.3 0.4 0.5 7e+5 5e-13 0 1e-6 1e-6 0.05 0 325932 514 -1.1318e-05 -1000
2845 204 1e+6 0.1 0.15 4.5e-6 0.42 3e-10 2e-4 2e-3 0.3 0.4 0.5 7e+5 5e-13 0 1e-6 1e-6 0.05 0 308904 581 -1.19418e-05 -1000
2845 205 1e+6 0.1 0.15 4.5e-6 0.42 3e-10 2e-4 2e-3 0.3 0.4 0.5 7e+5 5e-13 0 1e-6 1e-6 0.05 0 600444 468 -6.14359e-06 -1000
2845 206 1e+6 0.1 0.15 4.5e-6 0.42 3e-10 2e-4 2e-3 0.3 0.4 0.5 7e+5 5e-13 0 1e-6 1e-6 0.05 0 200781 497 -1.83726e-05 -1000
2845 207 1e+6 0.1 0.15 4.5e-6 0.42 3e-10 2e-4 2e-3 0.3 0.4 0.5 7e+5 5e-13 0 1e-6 1e-6 0.05 0.0450644 1e+06 466 -6.44357e-07 -6.44357e-07
2845 208 1e+6 0.1 0.15 4.5e-6 0.42 3e-10 2e-4 2e-3 0.3 0.4 0.5 7e+5 5e-13 0 1e-6 1e-6 0.05 0.00191205 1e+06 523 -3.68888e-06 -3.68888e-06
2845 209 1e+6 0.1 0.15 4.5e-6 0.42 3e-10 2e-4 2e-3 0.3 0.4 0.5 7e+5 5e-13 0 1e-6 1e-6 0.05 0 189377 611 -1.9479e-05 -1000
2845 210 1e+6 0.1 0.15 4.5e-6 0.42 3e-10 2e-4 2e-3 0.3 0.4 0.5 7e+5 5e-13 0 1e-6 1e-6 0.05 0 466892 355 -7.90093e-06 -1000
2845 211 1e+6 0.1 0.15 4.5e-6 0.42 3e-10 2e-4 2e-3 0.3 0.4 0.5 7e+5 5e-13 0 1e-6 1e-6 0.05 0.0631579 1e+06 380 -5.10826e-07 -5.10826e-07
2845 212 1e+6 0.1 0.15 4.5e-6 0.42 3e-10 2e-4 2e-3 0.3 0.4 0.5 7e+5 5e-13 0 1e-6 1e-6 0.05 0 950243 493 -3.88204e-06 -1000
2845 213 1e+6 0.1 0.15 4.5e-6 0.42 3e-10 2e-4 2e-3 0.3 0.4 0.5 7e+5 5e-13 0 1e-6 1e-6 0.05 0 975198 709 -3.7827e-06 -1000
2845 214 1e+6 0.1 0.15 4.5e-6 0.42 3e-10 2e-4 2e-3 0.3 0.4 0.5 7e+5 5e-13 0 1e-6 1e-6 0.05 0.113586 1e+06 449 2.42946e-07 2.42946e-07
2845 215 1e+6 0.1 0.15 4.5e-6 0.42 3e-10 2e-4 2e-3 0.3 0.4 0.5 7e+5 5e-13 0 1e-6 1e-6 0.05 0 526268 371 -7.00951e-06 -1000
2845 216 1e+6 0.1 0.15 4.5e-6 0.42 3e-10 2e-4 2e-3 0.3 0.4 0.5 7e+5 5e-13 0 1e-6 1e-6 0.05 0 886023 672 -4.16341e-06 -1000
2845 217 1e+6 0.1 0.15 4.5e-6 0.42 3e-10 2e-4 2e-3 0.3 0.4 0.5 7e+5 5e-13 0 1e-6 1e-6 0.05 0 229052 773 -1.6105e-05 -1000
2845 218 1e+6 0.1 0.15 4.5e-6 0.42 3e-10 2e-4 2e-3 0.3 0.4 0.5 7e+5 5e-13 0 1e-6 1e-6 0.05 0 216623 460 -1.7029e-05 -1000
2845 219 1e+6 0.1 0.15 4.5e-6 0.42 3e-10 2e-4 2e-3 0.3 0.4 0.5 7e+5 5e-13 0 1e-6 1e-6 0.05 0 233846 479 -1.57749e-05 -1000
2845 220 1e+6 0.15 0.1 4.5e-6 0.42 3e-10 2e-4 2e-3 0.3 0.4 0.5 7e+5 5e-13 0 1e-6 1e-6 0.05 0 933669 1202 -3.95095e-06 -1000
2845 221 1e+6 0.15 0.1 4.5e-6 0.42 3e-10 2e-4 2e-3 0.3 0.4 0.5 7e+5 5e-13 0 1e-6 1e-6 0.05 0 82241.3 649 -4.48544e-05 -1000
2845 222 1e+6 0.15 0.1 4.5e-6 0.42 3e-10 2e-4 2e-3 0.3 0.4 0.5 7e+5 5e-13 0 1e-6 1e-6 0.05 0 324452 467 -1.13696e-05 -1000
2845 223 1e+6 0.15 0.1 4.5e-6 0.42 3e-10 2e-4 2e-3 0.3 0.4 0.5 7e+5 5e-13 0 1e-6 1e-6 0.05 0.545455 1e+06 748 2.32239e-06 2.32239e-06
2845 224 1e+6 0.15 0.1 4.5e-6 0.42 3e-10 2e-4 2e-3 0.3 0.4 0.5 7e+5 5e-13 0 1e-6 1e-6 0.05 0.23221 1e+06 534 1.1314e-06 1.1314e-06
2845 225 1e+6 0.15 0.1 4.5e-6 0.42 3e-10 2e-4 2e-3 0.3 0.4 0.5 7e+5 5e-13 0 1e-6 1e-6 0.05 0 34058.5 334 -0.00010831 -1000
2845 226 1e+6 0.15 0.1 4.5e-6 0.42 3e-10 2e-4 2e-3 0.3 0.4 0.5 7e+5 5e-13 0 1e-6 1e-6 0.05 0 734045 717 -5.02541e-06 -1000
2845 227 1e+6 0.15 0.1 4.5e-6 0.42 3e-10 2e-4 2e-3 0.3 0.4 0.5 7e+5 5e-13 0 1e-6 1e-6 0.05 0.209756 1e+06 615 1.17093e-06 1.17093e-06
2845 228 1e+6 0.15 0.1 4.5e-6 0.42 3e-10 2e-4 2e-3 0.3 0.4 0.5 7e+5 5e-13 0 1e-6 1e-6 0.05 0.280788 1e+06 406 1.04732e-06 1.04732e-06
2845 229 1e+6 0.15 0.1 4.5e-6 0.42 3e-10 2e-4 2e-3 0.3 0.4 0.5 7e+5 5e-13 0 1e-6 1e-6 0.05 0.353992 1e+06 952 2.1312e-06 2.1312e-06
2845 230 1e+6 0.15 0.1 4.5e-6 0.42 3e-10 2e-4 2e-3 0.3 0.4 0.5 7e+5 5e-13 0 1e-6 1e-6 0.05 0.612786 1e+06 829 2.5416e-06 2.5416e-06
2845 231 1e+6 0.15 0.1 4.5e-6 0.42 3e-10 2e-4 2e-3 0.3 0.4 0.5 7e+5 5e-13 0 1e-6 1e-6 0.05 0 136785 686 -2.69685e-05 -1000
2845 232 1e+6 0.15 0.1 4.5e-6 0.42 3e-10 2e-4 2e-3 0.3 0.4 0.5 7e+5 5e-13 0 1e-6 1e-6 0.05 0 516532 423 -7.14162e-06 -1000
2845 233 1e+6 0.15 0.1 4.5e-6 0.42 3e-10 2e-4 2e-3 0.3 0.4 0.5 7e+5 5e-13 0 1e-6 1e-6 0.05 0 33646 423 -0.000109638 -1000
2845 234 1e+6 0.15 0.1 4.5e-6 0.42 3e-10 2e-4 2e-3 0.3 0.4 0.5 7e+5 5e-13 0 1e-6 1e-6 0.05 0.30727 1e+06 729 1.72277e-06 1.72277e-06
2845 235 1e+6 0.15 0.1 4.5e-6 0.42 3e-10 2e-4 2e-3 0.3 0.4 0.5 7e+5 5e-13 0 1e-6 1e-6 0.05 0.0766823 1e+06 639 2.02941e-07 2.02941e-07
2845 236 1e+6 0.15 0.1 4.5e-6 0.42 3e-10 2e-4 2e-3 0.3 0.4 0.5 7e+5 5e-13 0 1e-6 1e-6 0.05 0 436358 598 -8.4538e-06 -1000
2845 237 1e+6 0.15 0.1 4.5e-6 0.42 3e-10 2e-4 2e-3 0.3 0.4 0.5 7e+5 5e-13 0 1e-6 1e-6 0.05 0.201964 1e+06 713 1.28093e-06 1.28093e-06
2845 238 1e+6 0.15 0.1 4.5e-6 0.42 3e-10 2e-4 2e-3 0.3 0.4 0.5 7e+5 5e-13 0 1e-6 1e-6 0.05 0 153773 758 -2.39891e-05 -1000
2845 239 1e+6 0.15 0.1 4.5e-6 0.42 3e-10 2e-4 2e-3 0.3 0.4 0.5 7e+5 5e-13 0 1e-6 1e-6 0.05 0.18569 1e+06 587 1.00247e-06 1.00247e-06
2845 240 1e+6 0.15 0.2 4.5e-6 0.42 3e-10 2e-4 2e-3 0.3 0.4 0.5 7e+5 5e-13 0 1e-6 1e-6 0.05 0 45184.7 328 -8.16401e-05 -1000
2845 241 1e+6 0.15 0.2 4.5e-6 0.42 3e-10 2e-4 2e-3 0.3 0.4 0.5 7e+5 5e-13 0 1e-6 1e-6 0.05 0 293999 583 -1.25473e-05 -1000
2845 242 1e+6 0.15 0.2 4.5e-6 0.42 3e-10 2e-4 2e-3 0.3 0.4 0.5 7e+5 5e-13 0 1e-6 1e-6 0.05 0 839256 737 -4.39542e-06 -1000
2845 243 1e+6 0.15 0.2 4.5e-6 0.42 3e-10 2e-4 2e-3 0.3 0.4 0.5 7e+5 5e-13 0 1e-6 1e-6 0.05 0 321722 540 -1.1466e-05 -1000
2845 244 1e+6 0.15 0.2 4.5e-6 0.42 3e-10 2e-4 2e-3 0.3 0.4 0.5 7e+5 5e-13 0 1e-6 1e-6 0.05 0 170487 732 -2.16373e-05 -1000
2845 245 1e+6 0.15 0.2 4.5e-6 0.42 3e-10 2e-4 2e-3 0.3 0.4 0.5 7e+5 5e-13 0 1e-6 1e-6 0.05 0 221346 569 -1.66656e-05 -1000
2845 246 1e+6 0.15 0.2 4.5e-6 0.42 3e-10 2e-4 2e-3 0.3 0.4 0.5 7e+5 5e-13 0 1e-6 1e-6 0.05 0 964176 579 -3.82594e-06 -1000
2845 247 1e+6 0.15 0.2 4.5e-6 0.42 3e-10 2e-4 2e-3 0.3 0.4 0.5 7e+5 5e-13 0 1e-6 1e-6 0.05 0 349569 597 -1.05526e-05 -1000
2845 248 1e+6 0.15 0.2 4.5e-6 0.42 3e-10 2e-4 2e-3 0.3 0.4 0.5 7e+5 5e-13 0 1e-6 1e-6 0.05 0 88436.8 561 -4.1712e-05 -1000
2845 249 1e+6 0.15 0.2 4.5e-6 0.42 3e-10 2e-4 2e-3 0.3 0.4 0.5 7e+5 5e-13 0 1e-6 1e-6 0.05 0 972655 758 -3.79259e-06 -1000
2845 250 1e+6 0.15 0.2 4.5e-6 0.42 3e-10 2e-4 2e-3 0.3 0.4 0.5 7e+5 5e-13 0 1e-6 1e-6 0.05 0 145479 693 -2.53568e-05 -1000
2845 251 1e+6 0.15 0.2 4.5e-6 0.42 3e-10 2e-4 2e-3 0.3 0.4 0.5 7e+5 5e-13 0 1e-6 1e-6 0.05 0 272672 760 -1.35287e-05 -1000
2845 252 1e+6 0.15 0.2 4.5e-6 0.42 3e-10 2e-4 2e-3 0.3 0.4 0.5 7e+5 5e-13 0 1e-6 1e-6 0.05 0 79266.8 502 -4.65375e-05 -1000
2845 253 1e+6 0.15 0.2 4.5e-6 0.42 3e-10 2e-4 2e-3 0.3 0.4 0.5 7e+5 5e-13 0 1e-6 1e-6 0.05 0 127398 600 -2.89556e-05 -1000
2845 254 1e+6 0.15 0.2 4.5e-6 0.42 3e-10 2e-4 2e-3 0.3 0.4 0.5 7e+5 5e-13 0 1e-6 1e-6 0.05 0 289188 512 -1.2756e-05 -1000
2845 255 1e+6 0.15 0.2 4.5e-6 0.42 3e-10 2e-4 2e-3 0.3 0.4 0.5 7e+5 5e-13 0 1e-6 1e-6 0.05 0 226734 407 -1.62696e-05 -1000
2845 256 1e+6 0.15 0.2 4.5e-6 0.42 3e-10 2e-4 2e-3 0.3 0.4 0.5 7e+5 5e-13 0 1e-6 1e-6 0.05 0.00190476 1e+06 525 -3.68888e-06 -3.68888e-06
2845 257 1e+6 0.15 0.2 4.5e-6 0.42 3e-10 2e-4 2e-3 0.3 0.4 0.5 7e+5 5e-13 0 1e-6 1e-6 0.05 0 106504 516 -3.46362e-05 -1000
2845 258 1e+6 0.15 0.2 4.5e-6 0.42 3e-10 2e-4 2e-3 0.3 0.4 0.5 7e+5 5e-13 0 1e-6 1e-6 0.05 0 808042 681 -4.56521e-06 -1000
2845 259 1e+6 0.15 0.2 4.5e-6 0.42 3e-10 2e-4 2e-3 0.3 0.4 0.5 7e+5 5e-13 0 1e-6 1e-6 0.05 0 359475 666 -1.02618e-05 -1000
2845 260 1e+6 0.2 0.15 4.5e-6 0.42 3e-10 2e-4 2e-3 0.3 0.4 0.5 7e+5 5e-13 0 1e-6 1e-6 0.05 0.0346715 1e+06 548 -7.4444e-07 -7.4444e-07
2845 261 1e+6 0.2 0.15 4.5e-6 0.42 3e-10 2e-4 2e-3 0.3 0.4 0.5 7e+5 5e-13 0 1e-6 1e-6 0.05 0 183269 527 -2.01282e-05 -1000
2845 262 1e+6 0.2 0.15 4.5e-6 0.42 3e-10 2e-4 2e-3 0.3 0.4 0.5 7e+5 5e-13 0 1e-6 1e-6 0.05 0 463650 585 -7.95617e-06 -1000
2845 263 1e+6 0.2 0.15 4.5e-6 0.42 3e-10 2e-4 2e-3 0.3 0.4 0.5 7e+5 5e-13 0 1e-6 1e-6 0.05 0.710997 1e+06 391 1.93874e-06 1.93874e-06
2845 264 1e+6 0.2 0.15 4.5e-6 0.42 3e-10 2e-4 2e-3 0.3 0.4 0.5 7e+5 5e-13 0 1e-6 1e-6 0.05 0.140625 1e+06 448 4.54255e-07 4.54255e-07
2845 265 1e+6 0.2 0.15 4.5e-6 0.42 3e-10 2e-4 2e-3 0.3 0.4 0.5 7e+5 5e-13 0 1e-6 1e-6 0.05 0.246753 1e+06 616 1.335e-06 1.335e-06
2845 266 1e+6 0.2 0.15 4.5e-6 0.42 3e-10 2e-4 2e-3 0.3 0.4 0.5 7e+5 5e-13 0 1e-6 1e-6 0.05 0 372539 644 -9.90199e-06 -1000
2845 267 1e+6 0.2 0.15 4.5e-6 0.42 3e-10 2e-4 2e-3 0.3 0.4 0.5 7e+5 5e-13 0 1e-6 1e-6 0.05 0.665676 1e+06 673 2.41591e-06 2.41591e-06
2845 268 1e+6 0.2 0.15 4.5e-6 0.42 3e-10 2e-4 2e-3 0.3 0.4 0.5 7e+5 5e-13 0 1e-6 1e-6 0.05 0.350923 1e+06 379 1.20147e-06 1.20147e-06
2845 269 1e+6 0.2 0.15 4.5e-6 0.42 3e-10 2e-4 2e-3 0.3 0.4 0.5 7e+5 5e-13 0 1e-6 1e-6 0.05 0.247019 1e+06 587 1.28785e-06 1.28785e-06
2845 270 1e+6 0.2 0.15 4.5e-6 0.42 3e-10 2e-4 2e-3 0.3 0.4 0.5 7e+5 5e-13 0 1e-6 1e-6 0.05 0.312224 1e+06 679 1.66771e-06 1.66771e-06
2845 271 1e+6 0.2 0.15 4.5e-6 0.42 3e-10 2e-4 2e-3 0.3 0.4 0.5 7e+5 5e-13 0 1e-6 1e-6 0.05 0.441498 1e+06 641 1.95657e-06 1.95657e-06
2845 272 1e+6 0.2 0.15 4.5e-6 0.42 3e-10 2e-4 2e-3 0.3 0.4 0.5 7e+5 5e-13 0 1e-6 1e-6 0.05 0.502825 1e+06 531 1.89837e-06 1.89837e-06
2845 273 1e+6 0.2 0.15 4.5e-6 0.42 3e-10 2e-4 2e-3 0.3 0.4 0.5 7e+5 5e-13 0 1e-6 1e-6 0.05 0.436209 1e+06 823 2.19444e-06 2.19444e-06
2845 274 1e+6 0.2 0.15 4.5e-6 0.42 3e-10 2e-4 2e-3 0.3 0.4 0.5 7e+5 5e-13 0 1e-6 1e-6 0.05 0.31348 1e+06 638 1.60944e-06 1.60944e-06
2845 275 1e+6 0.2 0.15 4.5e-6 0.42 3e-10 2e-4 2e-3 0.3 0.4 0.5 7e+5 5e-13 0 1e-6 1e-6 0.05 0 137940 642 -2.67426e-05 -1000
2845 276 1e+6 0.2 0.15 4.5e-6 0.42 3e-10 2e-4 2e-3 0.3 0.4 0.5 7e+5 5e-13 0 1e-6 1e-6 0.05 0.214112 1e+06 411 7.88457e-07 7.88457e-07
2845 277 1e+6 0.2 0.15 4.5e-6 0.42 3e-10 2e-4 2e-3 0.3 0.4 0.5 7e+5 5e-13 0 1e-6 1e-6 0.05 0.176724 1e+06 464 7.1784e-07 7.1784e-07
2845 278 1e+6 0.2 0.15 4.5e-6 0.42 3e-10 2e-4 2e-3 0.3 0.4 0.5 7e+5 5e-13 0 1e-6 1e-6 0.05 0.495127 1e+06 513 1.84845e-06 1.84845e-06
2845 279 1e+6 0.2 0.15 4.5e-6 0.42 3e-10 2e-4 2e-3 0.3 0.4 0.5 7e+5 5e-13 0 1e-6 1e-6 0.05 0 35268.8 353 -0.000104593 -1000
2845 280 1e+6 0.2 0.25 4.5e-6 0.42 3e-10 2e-4 2e-3 0.3 0.4 0.5 7e+5 5e-13 0 1e-6 1e-6 0.05 0 184222 425 -2.0024e-05 -1000
2845 281 1e+6 0.2 0.25 4.5e-6 0.42 3e-10 2e-4 2e-3 0.3 0.4 0.5 7e+5 5e-13 0 1e-6 1e-6 0.05 0 233835 367 -1.57756e-05 -1000
2845 282 1e+6 0.2 0.25 4.5e-6 0.42 3e-10 2e-4 2e-3 0.3 0.4 0.5 7e+5 5e-13 0 1e-6 1e-6 0.05 0 133309 503 -2.76716e-05 -1000
2845 283 1e+6 0.2 0.25 4.5e-6 0.42 3e-10 2e-4 2e-3 0.3 0.4 0.5 7e+5 5e-13 0 1e-6 1e-6 0.05 0 790013 598 -4.66939e-06 -1000
2845 284 1e+6 0.2 0.25 4.5e-6 0.42 3e-10 2e-4 2e-3 0.3 0.4 0.5 7e+5 5e-13 0 1e-6 1e-6 0.05 0 37244.4 322 -9.90451e-05 -1000
2845 285 1e+6 0.2 0.25 4.5e-6 0.42 3e-10 2e-4 2e-3 0.3 0.4 0.5 7e+5 5e-13 0 1e-6 1e-6 0.05 0.0205607 1e+06 535 -1.29098e-06 -1.29098e-06
2845 286 1e+6 0.2 0.25 4.5e-6 0.42 3e-10 2e-4 2e-3 0.3 0.4 0.5 7e+5 5e-13 0 1e-6 1e-6 0.05 0 119000 603 -3.09991e-05 -1000
2845 287 1e+6 0.2 0.25 4.5e-6 0.42 3e-10 2e-4 2e-3 0.3 0.4 0.5 7e+5 5e-13 0 1e-6 1e-6 0.05 0.0787746 1e+06 457 -1.05361e-07 -1.05361e-07
2845 288 1e+6 0.2 0.25 4.5e-6 0.42 3e-10 2e-4 2e-3 0.3 0.4 0.5 7e+5 5e-13 0 1e-6 1e-6 0.05 0 566526 394 -6.5114e-06 -1000
2845 289 1e+6 0.2 0.25 4.5e-6 0.42 3e-10 2e-4 2e-3 0.3 0.4 0.5 7e+5 5e-13 0 1e-6 1e-6 0.05 0 225608 549 -1.63508e-05 -1000
2845 290 1e+6 0.2 0.25 4.5e-6 0.42 3e-10 2e-4 2e-3 0.3 0.4 0.5 7e+5 5e-13 0 1e-6 1e-6 0.05 0 184954 527 -1.99449e-05 -1000
2845 291 1e+6 0.2 0.25 4.5e-6 0.42 3e-10 2e-4 2e-3 0.3 0.4 0.5 7e+5 5e-13 0 1e-6 1e-6 0.05 0 109635 509 -3.36468e-05 -1000
2845 292 1e+6 0.2 0.25 4.5e-6 0.42 3e-10 2e-4 2e-3 0.3 0.4 0.5 7e+5 5e-13 0 1e-6 1e-6 0.05 0 527979 648 -6.98679e-06 -1000
2845 293 1e+6 0.2 0.25 4.5e-6 0.42 3e-10 2e-4 2e-3 0.3 0.4 0.5 7e+5 5e-13 0 1e-6 1e-6 0.05 0.169725 1e+06 872 1.30833e-06 1.30833e-06
2845 294 1e+6 0.2 0.25 4.5e-6 0.42 3e-10 2e-4 2e-3 0.3 0.4 0.5 7e+5 5e-13 0 1e-6 1e-6 0.05 0 340101 363 -1.08464e-05 -1000
2845 295 1e+6 0.2 0.25 4.5e-6 0.42 3e-10 2e-4 2e-3 0.3 0.4 0.5 7e+5 5e-13 0 1e-6 1e-6 0.05 0.0807537 1e+06 743 4.05465e-07 4.05465e-07
2845 296 1e+6 0.2 0.25 4.5e-6 0.42 3e-10 2e-4 2e-3 0.3 0.4 0.5 7e+5 5e-13 0 1e-6 1e-6 0.05 0 86264.8 471 -4.27623e-05 -1000
2845 297 1e+6 0.2 0.25 4.5e-6 0.42 3e-10 2e-4 2e-3 0.3 0.4 0.5 7e+5 5e-13 0 1e-6 1e-6 0.05 0 539686 709 -6.83523e-06 -1000
2845 298 1e+6 0.2 0.25 4.5e-6 0.42 3e-10 2e-4 2e-3 0.3 0.4 0.5 7e+5 5e-13 0 1e-6 1e-6 0.05 0 216154 438 -1.7066e-05 -1000
2845 299 1e+6 0.2 0.25 4.5e-6 0.42 3e-10 2e-4 2e-3 0.3 0.4 0.5 7e+5 5e-13 0 1e-6 1e-6 0.05 0 111035 641 -3.32225e-05 -1000
2845 300 1e+6 0.25 0.2 4.5e-6 0.42 3e-10 2e-4 2e-3 0.3 0.4 0.5 7e+5 5e-13 0 1e-6 1e-6 0.05 0.449102 1e+06 501 1.86075e-06 1.86075e-06
2845 301 1e+6 0.25 0.2 4.5e-6 0.42 3e-10 2e-4 2e-3 0.3 0.4 0.5 7e+5 5e-13 0 1e-6 1e-6 0.05 0.266344 1e+06 413 1.14513e-06 1.14513e-06
2845 302 1e+6 0.25 0.2 4.5e-6 0.42 3e-10 2e-4 2e-3 0.3 0.4 0.5 7e+5 5e-13 0 1e-6 1e-6 0.05 0.782274 1e+06 519 2.45101e-06 2.45101e-06
2845 303 1e+6 0.25 0.2 4.5e-6 0.42 3e-10 2e-4 2e-3 0.3 0.4 0.5 7e+5 5e-13 0 1e-6 1e-6 0.05 0.451417 1e+06 494 1.85182e-06 1.85182e-06
2845 304 1e+6 0.25 0.2 4.5e-6 0.42 3e-10 2e-4 2e-3 0.3 0.4 0.5 7e+5 5e-13 0 1e-6 1e-6 0.05 0.452874 1e+06 435 1.72786e-06 1.72786e-06
2845 305 1e+6 0.25 0.2 4.5e-6 0.42 3e-10 2e-4 2e-3 0.3 0.4 0.5 7e+5 5e-13 0 1e-6 1e-6 0.05 0.378981 1e+06 628 1.91692e-06 1.91692e-06
2845 306 1e+6 0.25 0.2 4.5e-6 0.42 3e-10 2e-4 2e-3 0.3 0.4 0.5 7e+5 5e-13 0 1e-6 1e-6 0.05 0.707434 1e+06 417 2.13163e-06 2.13163e-06
2845 307 1e+6 0.25 0.2 4.5e-6 0.42 3e-10 2e-4 2e-3 0.3 0.4 0.5 7e+5 5e-13 0 1e-6 1e-6 0.05 0.27572 1e+06 486 1.34249e-06 1.34249e-06
2845 308 1e+6 0.25 0.2 4.5e-6 0.42 3e-10 2e-4 2e-3 0.3 0.4 0.5 7e+5 5e-13 0 1e-6 1e-6 0.05 0.152364 1e+06 571 9.1056e-07 9.1056e-07
2845 309 1e+6 0.25 0.2 4.5e-6 0.42 3e-10 2e-4 2e-3 0.3 0.4 0.5 7e+5 5e-13 0 1e-6 1e-6 0.05 0.281905 1e+06 525 1.44186e-06 1.44186e-06
2845 310 1e+6 0.25 0.2 4.5e-6 0.42 3e-10 2e-4 2e-3 0.3 0.4 0.5 7e+5 5e-13 0 1e-6 1e-6 0.05 0.420068 1e+06 588 1.95404e-06 1.95404e-06
2845 311 1e+6 0.25 0.2 4.5e-6 0.42 3e-10 2e-4 2e-3 0.3 0.4 0.5 7e+5 5e-13 0 1e-6 1e-6 0.05 0.345168 1e+06 507 1.60944e-06 1.60944e-06
2845 312 1e+6 0.25 0.2 4.5e-6 0.42 3e-10 2e-4 2e-3 0.3 0.4 0.5 7e+5 5e-13 0 1e-6 1e-6 0.05 0.53945 1e+06 545 2.12823e-06 2.12823e-06
2845 313 1e+6 0.25 0.2 4.5e-6 0.42 3e-10 2e-4 2e-3 0.3 0.4 0.5 7e+5 5e-13 0 1e-6 1e-6 0.05 0.448718 1e+06 546 1.94591e-06 1.94591e-06
2845 314 1e+6 0.25 0.2 4.5e-6 0.42 3e-10 2e-4 2e-3 0.3 0.4 0.5 7e+5 5e-13 0 1e-6 1e-6 0.05 0 278845 443 -1.27502e-05 -1000
2845 315 1e+6 0.25 0.2 4.5e-6 0.42 3e-10 2e-4 2e-3 0.3 0.4 0.5 7e+5 5e-13 0 1e-6 1e-6 0.05 0.423077 1e+06 806 2.27653e-06 2.27653e-06
2845 316 1e+6 0.25 0.2 4.5e-6 0.42 3e-10 2e-4 2e-3 0.3 0.4 0.5 7e+5 5e-13 0 1e-6 1e-6 0.05 0.732759 1e+06 580 2.49674e-06 2.49674e-06
2845 317 1e+6 0.25 0.2 4.5e-6 0.42 3e-10 2e-4 2e-3 0.3 0.4 0.5 7e+5 5e-13 0 1e-6 1e-6 0.05 0.697168 1e+06 459 2.21297e-06 2.21297e-06
2845 318 1e+6 0.25 0.2 4.5e-6 0.42 3e-10 2e-4 2e-3 0.3 0.4 0.5 7e+5 5e-13 0 1e-6 1e-6 0.05 0 101398 561 -3.50634e-05 -1000
2845 319 1e+6 0.25 0.2 4.5e-6 0.42 3e-10 2e-4 2e-3 0.3 0.4 0.5 7e+5 5e-13 0 1e-6 1e-6 0.05 0.0891266 1e+06 561 3.56675e-07 3.56675e-07
2845 320 1e+6 0.02 0.07 6.5e-6 0.42 3e-10 2e-4 2e-3 0.3 0.4 0.5 7e+5 5e-13 0 1e-6 1e-6 0.05 1 671195 816 5.52549e-06 5.52549e-06
2845 321 1e+6 0.02 0.07 6.5e-6 0.42 3e-10 2e-4 2e-3 0.3 0.4 0.5 7e+5 5e-13 0 1e-6 1e-6 0.05 0 85593.4 35 -3.49996e-05 -1000
2845 322 1e+6 0.02 0.07 6.5e-6 0.42 3e-10 2e-4 2e-3 0.3 0.4 0.5 7e+5 5e-13 0 1e-6 1e-6 0.05 0 47267.2 169 -6.33787e-05 -1000
2845 323 1e+6 0.02 0.07 6.5e-6 0.42 3e-10 2e-4 2e-3 0.3 0.4 0.5 7e+5 5e-13 0 1e-6 1e-6 0.05 1 335918 40 2.06344e-06 2.06344e-06
2845 324 1e+6 0.02 0.07 6.5e-6 0.42 3e-10 2e-4 2e-3 0.3 0.4 0.5 7e+5 5e-13 0 1e-6 1e-6 0.05 0 333764 8 -8.97559e-06 -1000
2845 325 1e+6 0.02 0.07 6.5e-6 0.42 3e-10 2e-4 2e-3 0.3 0.4 0.5 7e+5 5e-13 0 1e-6 1e-6 0.05 1 339123 27 8.84944e-07 8.84944e-07
2845 326 1e+6 0.02 0.07 6.5e-6 0.42 3e-10 2e-4 2e-3 0.3 0.4 0.5 7e+5 5e-13 0 1e-6 1e-6 0.05 1 510480 75 2.58924e-06 2.58924e-06
2845 327 1e+6 0.02 0.07 6.5e-6 0.42 3e-10 2e-4 2e-3 0.3 0.4 0.5 7e+5 5e-13 0 1e-6 1e-6 0.05 0 126587 11 -2.36653e-05 -1000
2845 328 1e+6 0.02 0.07 6.5e-6 0.42 3e-10 2e-4 2e-3 0.3 0.4 0.5 7e+5 5e-13 0 1e-6 1e-6 0.05 1 362797 14 -9.83125e-07 -9.83125e-07
2845 329 1e+6 0.02 0.07 6.5e-6 0.42 3e-10 2e-4 2e-3 0.3 0.4 0.5 7e+5 5e-13 0 1e-6 1e-6 0.05 1 388948 28 8.65082e-07 8.65082e-07
2845 330 1e+6 0.02 0.07 6.5e-6 0.42 3e-10 2e-4 2e-3 0.3 0.4 0.5 7e+5 5e-13 0 1e-6 1e-6 0.05 1 457269 15 -6.29131e-07 -6.29131e-07
2845 331 1e+6 0.02 0.07 6.5e-6 0.42 3e-10 2e-4 2e-3 0.3 0.4 0.5 7e+5 5e-13 0 1e-6 1e-6 0.05 1 338117 5 -4.10004e-06 -4.10004e-06
2845 332 1e+6 0.02 0.07 6.5e-6 0.42 3e-10 2e-4 2e-3 0.3 0.4 0.5 7e+5 5e-13 0 1e-6 1e-6 0.05 0 89437.3 22 -3.34954e-05 -1000
2845 333 1e+6 0.02 0.07 6.5e-6 0.42 3e-10 2e-4 2e-3 0.3 0.4 0.5 7e+5 5e-13 0 1e-6 1e-6 0.05 0 306860 4 -9.76255e-06 -1000
2845 334 1e+6 0.02 0.07 6.5e-6 0.42 3e-10 2e-4 2e-3 0.3 0.4 0.5 7e+5 5e-13 0 1e-6 1e-6 0.05 0 57290.2 103 -5.22904e-05 -1000
2845 335 1e+6 0.02 0.07 6.5e-6 0.42 3e-10 2e-4 2e-3 0.3 0.4 0.5 7e+5 5e-13 0 1e-6 1e-6 0.05 0 73830.6 72 -4.05758e-05 -1000
2845 336 1e+6 0.02 0.07 6.5e-6 0.42 3e-10 2e-4 2e-3 0.3 0.4 0.5 7e+5 5e-13 0 1e-6 1e-6 0.05 0 71510.9 75 -4.1892e-05 -1000
2845 337 1e+6 0.02 0.07 6.5e-6 0.42 3e-10 2e-4 2e-3 0.3 0.4 0.5 7e+5 5e-13 0 1e-6 1e-6 0.05 0 437367 4 -6.84946e-06 -1000
2845 338 1e+6 0.02 0.07 6.5e-6 0.42 3e-10 2e-4 2e-3 0.3 0.4 0.5 7e+5 5e-13 0 1e-6 1e-6 0.05 0 93935.4 22 -3.18914e-05 -1000
2845 339 1e+6 0.02 0.07 6.5e-6 0.42 3e-10 2e-4 2e-3 0.3 0.4 0.5 7e+5 5e-13 0 1e-6 1e-6 0.05 1 826841 141 2.36204e-06 2.36204e-06
2845 340 1e+6 0.07 0.02 6.5e-6 0.42 3e-10 2e-4 2e-3 0.3 0.4 0.5 7e+5 5e-13 0 1e-6 1e-6 0.05 0 186587 552 -1.97703e-05 -1000
2845 341 1e+6 0.07 0.02 6.5e-6 0.42 3e-10 2e-4 2e-3 0.3 0.4 0.5 7e+5 5e-13 0 1e-6 1e-6 0.05 0 56988.6 301 -6.47301e-05 -1000
2845 342 1e+6 0.07 0.02 6.5e-6 0.42 3e-10 2e-4 2e-3 0.3 0.4 0.5 7e+5 5e-13 0 1e-6 1e-6 0.05 0 92306.8 525 -3.99633e-05 -1000
2845 343 1e+6 0.07 0.02 6.5e-6 0.42 3e-10 2e-4 2e-3 0.3 0.4 0.5 7e+5 5e-13 0 1e-6 1e-6 0.05 0 49844.6 287 -7.40077e-05 -1000
2845 344 1e+6 0.07 0.02 6.5e-6 0.42 3e-10 2e-4 2e-3 0.3 0.4 0.5 7e+5 5e-13 0 1e-6 1e-6 0.05 0 47130.8 300 -7.8269e-05 -1000
2845 345 1e+6 0.07 0.02 6.5e-6 0.42 3e-10 2e-4 2e-3 0.3 0.4 0.5 7e+5 5e-13 0 1e-6 1e-6 0.05 0 226674 500 -1.6274e-05 -1000
2845 346 1e+6 0.07 0.02 6.5e-6 0.42 3e-10 2e-4 2e-3 0.3 0.4 0.5 7e+5 5e-13 0 1e-6 1e-6 0.05 0 43131.2 338 -8.5527e-05 -1000
2845 347 1e+6 0.07 0.02 6.5e-6 0.42 3e-10 2e-4 2e-3 0.3 0.4 0.5 7e+5 5e-13 0 1e-6 1e-6 0.05 0 69121.8 358 -5.33678e-05 -1000
2845 348 1e+6 0.07 0.02 6.5e-6 0.42 3e-10 2e-4 2e-3 0.3 0.4 0.5 7e+5 5e-13 0 1e-6 1e-6 0.05 0 280571 448 -1.31478e-05 -1000
2845 349 1e+6 0.07 0.02 6.5e-6 0.42 3e-10 2e-4 2e-3 0.3 0.4 0.5 7e+5 5e-13 0 1e-6 1e-6 0.05 0 171915 535 -2.14576e-05 -1000
2845 350 1e+6 0.07 0.02 6.5e-6 0.42 3e-10 2e-4 2e-3 0.3 0.4 0.5 7e+5 5e-13 0 1e-6 1e-6 0.05 0 114052 425 -3.23439e-05 -1000
2845 351 1e+6 0.07 0.02 6.5e-6 0.42 3e-10 2e-4 2e-3 0.3 0.4 0.5 7e+5 5e-13 0 1e-6 1e-6 0.05 0 74127.5 489 -4.9764e-05 -1000
2845 352 1e+6 0.07 0.02 6.5e-6 0.42 3e-10 2e-4 2e-3 0.3 0.4 0.5 7e+5 5e-13 0 1e-6 1e-6 0.05 0 42002.7 343 -8.78249e-05 -1000
2845 353 1e+6 0.07 0.02 6.5e-6 0.42 3e-10 2e-4 2e-3 0.3 0.4 0.5 7e+5 5e-13 0 1e-6 1e-6 0.05 0 344259 833 -1.07154e-05 -1000
2845 354 1e+6 0.07 0.02 6.5e-6 0.42 3e-10 2e-4 2e-3 0.3 0.4 0.5 7e+5 5e-13 0 1e-6 1e-6 0.05 0 113375 462 -3.2537e-05 -1000
2845 355 1e+6 0.07 0.02 6.5e-6 0.42 3e-10 2e-4 2e-3 0.3 0.4 0.5 7e+5 5e-13 0 1e-6 1e-6 0.05 0 330591 1074 -1.11584e-05 -1000
2845 356 1e+6 0.07 0.02 6.5e-6 0.42 3e-10 2e-4 2e-3 0.3 0.4 0.5 7e+5 5e-13 0 1e-6 1e-6 0.05 0 41792.3 327 -8.82669e-05 -1000
2845 357 1e+6 0.07 0.02 6.5e-6 0.42 3e-10 2e-4 2e-3 0.3 0.4 0.5 7e+5 5e-13 0 1e-6 1e-6 0.05 0 49269.9 330 -7.48709e-05 -1000
2845 358 1e+6 0.07 0.02 6.5e-6 0.42 3e-10 2e-4 2e-3 0.3 0.4 0.5 7e+5 5e-13 0 1e-6 1e-6 0.05 0 69078.5 293 -5.34012e-05 -1000
2845 359 1e+6 0.07 0.02 6.5e-6 0.42 3e-10 2e-4 2e-3 0.3 0.4 0.5 7e+5 5e-13 0 1e-6 1e-6 0.05 0 64186.5 237 -5.74713e-05 -1000
2845 360 1e+6 0.02 0.07 7e-6 0.42 3e-10 2e-4 2e-3 0.3 0.4 0.5 7e+5 5e-13 0 1e-6 1e-6 0.05 0 79365.1 31 -3.77462e-05 -1000
2845 361 1e+6 0.02 0.07 7e-6 0.42 3e-10 2e-4 2e-3 0.3 0.4 0.5 7e+5 5e-13 0 1e-6 1e-6 0.05 0 134202 16 -2.23226e-05 -1000
2845 362 1e+6 0.02 0.07 7e-6 0.42 3e-10 2e-4 2e-3 0.3 0.4 0.5 7e+5 5e-13 0 1e-6 1e-6 0.05 0 64413.1 112 -4.65082e-05 -1000
2845 363 1e+6 0.02 0.07 7e-6 0.42 3e-10 2e-4 2e-3 0.3 0.4 0.5 7e+5 5e-13 0 1e-6 1e-6 0.05 1 673414 98 2.35997e-06 2.35997e-06
2845 364 1e+6 0.02 0.07 7e-6 0.42 3e-10 2e-4 2e-3 0.3 0.4 0.5 7e+5 5e-13 0 1e-6 1e-6 0.05 0 52871.6 135 -5.66605e-05 -1000
2845 365 1e+6 0.02 0.07 7e-6 0.42 3e-10 2e-4 2e-3 0.3 0.4 0.5 7e+5 5e-13 0 1e-6 1e-6 0.05 0 100726 92 -2.97414e-05 -1000
2845 366 1e+6 0.02 0.07 7e-6 0.42 3e-10 2e-4 2e-3 0.3 0.4 0.5 7e+5 5e-13 0 1e-6 1e-6 0.05 0 143105 11 -2.09338e-05 -1000
2845 367 1e+6 0.02 0.07 7e-6 0.42 3e-10 2e-4 2e-3 0.3 0.4 0.5 7e+5 5e-13 0 1e-6 1e-6 0.05 1 298708 21 1.63337e-07 1.63337e-07
2845 368 1e+6 0.02 0.07 7e-6 0.42 3e-10 2e-4 2e-3 0.3 0.4 0.5 7e+5 5e-13 0 1e-6 1e-6 0.05 1 770555 307 3.54435e-06 3.54435e-06
2845 369 1e+6 0.02 0.07 7e-6 0.42 3e-10 2e-4 2e-3 0.3 0.4 0.5 7e+5 5e-13 0 1e-6 1e-6 0.05 1 257054 17 -6.32236e-07 -6.32236e-07
2845 370 1e+6 0.02 0.07 7e-6 0.42 3e-10 2e-4 2e-3 0.3 0.4 0.5 7e+5 5e-13 0 1e-6 1e-6 0.05 0 251101 2 -1.19304e-05 -1000
2845 371 1e+6 0.02 0.07 7e-6 0.42 3e-10 2e-4 2e-3 0.3 0.4 0.5 7e+5 5e-13 0 1e-6 1e-6 0.05 0 375252 30 -7.98326e-06 -1000
2845 372 1e+6 0.02 0.07 7e-6 0.42 3e-10 2e-4 2e-3 0.3 0.4 0.5 7e+5 5e-13 0 1e-6 1e-6 0.05 1 476842 117 3.70446e-06 3.70446e-06
2845 373 1e+6 0.02 0.07 7e-6 0.42 3e-10 2e-4 2e-3 0.3 0.4 0.5 7e+5 5e-13 0 1e-6 1e-6 0.05 0 116016 80 -2.58218e-05 -1000
2845 374 1e+6 0.02 0.07 7e-6 0.42 3e-10 2e-4 2e-3 0.3 0.4 0.5 7e+5 5e-13 0 1e-6 1e-6 0.05 1 378099 209 6.20631e-06 6.20631e-06
2845 375 1e+6 0.02 0.07 7e-6 0.42 3e-10 2e-4 2e-3 0.3 0.4 0.5 7e+5 5e-13 0 1e-6 1e-6 0.05 1 398726 27 7.52659e-07 7.52659e-07
2845 376 1e+6 0.02 0.07 7e-6 0.42 3e-10 2e-4 2e-3 0.3 0.4 0.5 7e+5 5e-13 0 1e-6 1e-6 0.05 1 856941 251 2.95204e-06 2.95204e-06
2845 377 1e+6 0.02 0.07 7e-6 0.42 3e-10 2e-4 2e-3 0.3 0.4 0.5 7e+5 5e-13 0 1e-6 1e-6 0.05 1 503825 177 4.32772e-06 4.32772e-06
2845 378 1e+6 0.02 0.07 7e-6 0.42 3e-10 2e-4 2e-3 0.3 0.4 0.5 7e+5 5e-13 0 1e-6 1e-6 0.05 0 168791 34 -1.77482e-05 -1000
2845 379 1e+6 0.02 0.07 7e-6 0.42 3e-10 2e-4 2e-3 0.3 0.4 0.5 7e+5 5e-13 0 1e-6 1e-6 0.05 0 63797.1 71 -4.69572e-05 -1000
2845 380 1e+6 0.07 0.02 7e-6 0.42 3e-10 2e-4 2e-3 0.3 0.4 0.5 7e+5 5e-13 0 1e-6 1e-6 0.05 0 48205 305 -7.65248e-05 -1000
2845 381 1e+6 0.07 0.02 7e-6 0.42 3e-10 2e-4 2e-3 0.3 0.4 0.5 7e+5 5e-13 0 1e-6 1e-6 0.05 0 314593 429 -1.17259e-05 -1000
2845 382 1e+6 0.07 0.02 7e-6 0.42 3e-10 2e-4 2e-3 0.3 0.4 0.5 7e+5 5e-13 0 1e-6 1e-6 0.05 0 245151 416 -1.50474e-05 -1000
2845 383 1e+6 0.07 0.02 7e-6 0.42 3e-10 2e-4 2e-3 0.3 0.4 0.5 7e+5 5e-13 0 1e-6 1e-6 0.05 0 187863 607 -1.96361e-05 -1000
2845 384 1e+6 0.07 0.02 7e-6 0.42 3e-10 2e-4 2e-3 0.3 0.4 0.5 7e+5 5e-13 0 1e-6 1e-6 0.05 0 105318 495 -3.50262e-05 -1000
2845 385 1e+6 0.07 0.02 7e-6 0.42 3e-10 2e-4 2e-3 0.3 0.4 0.5 7e+5 5e-13 0 1e-6 1e-6 0.05 0 49282 224 -7.48525e-05 -1000
2845 386 1e+6 0.07 0.02 7e-6 0.42 3e-10 2e-4 2e-3 0.3 0.4 0.5 7e+5 5e-13 0 1e-6 1e-6 0.05 0 178105 591 -2.07119e-05 -1000
2845 387 1e+6 0.07 0.02 7e-6 0.42 3e-10 2e-4 2e-3 0.3 0.4 0.5 7e+5 5e-13 0 1e-6 1e-6 0.05 0 79185.8 305 -4.65851e-05 -1000
2845 388 1e+6 0.07 0.02 7e-6 0.42 3e-10 2e-4 2e-3 0.3 0.4 0.5 7e+5 5e-13 0 1e-6 1e-6 0.05 0 173452 527 -2.12675e-05 -1000
2845 389 1e+6 0.07 0.02 7e-6 0.42 3e-10 2e-4 2e-3 0.3 0.4 0.5 7e+5 5e-13 0 1e-6 1e-6 0.05 0 70109.9 395 -5.26157e-05 -1000
2845 390 1e+6 0.07 0.02 7e-6 0.42 3e-10 2e-4 2e-3 0.3 0.4 0.5 7e+5 5e-13 0 1e-6 1e-6 0.05 0 122343 421 -3.0152e-05 -1000
2845 391 1e+6 0.07 0.02 7e-6 0.42 3e-10 2e-4 2e-3 0.3 0.4 0.5 7e+5 5e-13 0 1e-6 1e-6 0.05 0 26392.5 438 -0.00013977 -1000
2845 392 1e+6 0.07 0.02 7e-6 0.42 3e-10 2e-4 2e-3 0.3 0.4 0.5 7e+5 5e-13 0 1e-6 1e-6 0.05 0 43406.9 278 -8.49837e-05 -1000
2845 393 1e+6 0.07 0.02 7e-6 0.42 3e-10 2e-4 2e-3 0.3 0.4 0.5 7e+5 5e-13 0 1e-6 1e-6 0.05 0 477994 640 -7.71742e-06 -1000
2845 394 1e+6 0.07 0.02 7e-6 0.42 3e-10 2e-4 2e-3 0.3 0.4 0.5 7e+5 5e-13 0 1e-6 1e-6 0.05 0 492515 898 -7.48989e-06 -1000
2845 395 1e+6 0.07 0.02 7e-6 0.42 3e-10 2e-4 2e-3 0.3 0.4 0.5 7e+5 5e-13 0 1e-6 1e-6 0.05 0 159276 446 -2.31603e-05 -1000
2845 396 1e+6 0.07 0.02 7e-6 0.42 3e-10 2e-4 2e-3 0.3 0.4 0.5 7e+5 5e-13 0 1e-6 1e-6 0.05 0 91748.9 408 -4.02062e-05 -1000
2845 397 1e+6 0.07 0.02 7e-6 0.42 3e-10 2e-4 2e-3 0.3 0.4 0.5 7e+5 5e-13 0 1e-6 1e-6 0.05 0 224973 503 -1.6397e-05 -1000
2845 398 1e+6 0.07 0.02 7e-6 0.42 3e-10 2e-4 2e-3 0.3 0.4 0.5 7e+5 5e-13 0 1e-6 1e-6 0.05 0 139814 554 -2.63841e-05 -1000
2845 399 1e+6 0.07 0.02 7e-6 0.42 3e-10 2e-4 2e-3 0.3 0.4 0.5 7e+5 5e-13 0 1e-6 1e-6 0.05 0 239808 454 -1.53827e-05 -1000
