2775 0 1e+6 0.02 0.07 8e-6 0.42 3e-10 2e-4 2e-3 0.3 0.4 0.5 7e+5 5e-13 0 1e-6 1e-6 0.05 0 73870.7 42 -4.05537e-05 -1000
2775 1 1e+6 0.02 0.07 8e-6 0.42 3e-10 2e-4 2e-3 0.3 0.4 0.5 7e+5 5e-13 0 1e-6 1e-6 0.05 0 62146.5 139 -4.82043e-05 -1000
2775 2 1e+6 0.02 0.07 8e-6 0.42 3e-10 2e-4 2e-3 0.3 0.4 0.5 7e+5 5e-13 0 1e-6 1e-6 0.05 0 315512 7 -9.49483e-06 -1000
2775 3 1e+6 0.02 0.07 8e-6 0.42 3e-10 2e-4 2e-3 0.3 0.4 0.5 7e+5 5e-13 0 1e-6 1e-6 0.05 1 210724 2 -1.0927e-05 -1.0927e-05
2775 4 1e+6 0.02 0.07 8e-6 0.42 3e-10 2e-4 2e-3 0.3 0.4 0.5 7e+5 5e-13 0 1e-6 1e-6 0.05 0 181003 15 -1.65508e-05 -1000
2775 5 1e+6 0.02 0.07 8e-6 0.42 3e-10 2e-4 2e-3 0.3 0.4 0.5 7e+5 5e-13 0 1e-6 1e-6 0.05 1 298987 2 -7.70129e-06 -7.70129e-06
2775 6 1e+6 0.02 0.07 8e-6 0.42 3e-10 2e-4 2e-3 0.3 0.4 0.5 7e+5 5e-13 0 1e-6 1e-6 0.05 1 453180 4 -3.55143e-06 -3.55143e-06
2775 7 1e+6 0.02 0.07 8e-6 0.42 3e-10 2e-4 2e-3 0.3 0.4 0.5 7e+5 5e-13 0 1e-6 1e-6 0.05 0 218868 10 -1.36874e-05 -1000
2775 8 1e+6 0.02 0.07 8e-6 0.42 3e-10 2e-4 2e-3 0.3 0.4 0.5 7e+5 5e-13 0 1e-6 1e-6 0.05 1 481836 90 3.12156e-06 3.12156e-06
2775 9 1e+6 0.02 0.07 8e-6 0.42 3e-10 2e-4 2e-3 0.3 0.4 0.5 7e+5 5e-13 0 1e-6 1e-6 0.05 0 99833 61 -3.00074e-05 -1000
2775 10 1e+6 0.02 0.07 8e-6 0.42 3e-10 2e-4 2e-3 0.3 0.4 0.5 7e+5 5e-13 0 1e-6 1e-6 0.05 0 386337 8 -7.75419e-06 -1000
2775 11 1e+6 0.02 0.07 8e-6 0.42 3e-10 2e-4 2e-3 0.3 0.4 0.5 7e+5 5e-13 0 1e-6 1e-6 0.05 0 71600 58 -4.18398e-05 -1000
2775 12 1e+6 0.02 0.07 8e-6 0.42 3e-10 2e-4 2e-3 0.3 0.4 0.5 7e+5 5e-13 0 1e-6 1e-6 0.05 0 115183 39 -2.60085e-05 -1000
2775 13 1e+6 0.02 0.07 8e-6 0.42 3e-10 2e-4 2e-3 0.3 0.4 0.5 7e+5 5e-13 0 1e-6 1e-6 0.05 0 77018.5 79 -3.88963e-05 -1000
2775 14 1e+6 0.02 0.07 8e-6 0.42 3e-10 2e-4 2e-3 0.3 0.4 0.5 7e+5 5e-13 0 1e-6 1e-6 0.05 1 580355 267 4.4654e-06 4.4654e-06
2775 15 1e+6 0.02 0.07 8e-6 0.42 3e-10 2e-4 2e-3 0.3 0.4 0.5 7e+5 5e-13 0 1e-6 1e-6 0.05 0 93847.7 55 -3.19212e-05 -1000
2775 16 1e+6 0.02 0.07 8e-6 0.42 3e-10 2e-4 2e-3 0.3 0.4 0.5 7e+5 5e-13 0 1e-6 1e-6 0.05 0.952569 1e+06 759 3.58768e-06 3.58768e-06
2775 17 1e+6 0.02 0.07 8e-6 0.42 3e-10 2e-4 2e-3 0.3 0.4 0.5 7e+5 5e-13 0 1e-6 1e-6 0.05 1 450002 243 5.5496e-06 5.5496e-06
2775 18 1e+6 0.02 0.07 8e-6 0.42 3e-10 2e-4 2e-3 0.3 0.4 0.5 7e+5 5e-13 0 1e-6 1e-6 0.05 0 119074 12 -2.51585e-05 -1000
2775 19 1e+6 0.02 0.07 8e-6 0.42 3e-10 2e-4 2e-3 0.3 0.4 0.5 7e+5 5e-13 0 1e-6 1e-6 0.05 1 801501 1034 4.92259e-06 4.92259e-06
2775 20 1e+6 0.07 0.02 8e-6 0.42 3e-10 2e-4 2e-3 0.3 0.4 0.5 7e+5 5e-13 0 1e-6 1e-6 0.05 0 89256.2 340 -4.13291e-05 -1000
2775 21 1e+6 0.07 0.02 8e-6 0.42 3e-10 2e-4 2e-3 0.3 0.4 0.5 7e+5 5e-13 0 1e-6 1e-6 0.05 0 493794 248 -7.47048e-06 -1000
2775 22 1e+6 0.07 0.02 8e-6 0.42 3e-10 2e-4 2e-3 0.3 0.4 0.5 7e+5 5e-13 0 1e-6 1e-6 0.05 0 489167 508 -7.54114e-06 -1000
2775 23 1e+6 0.07 0.02 8e-6 0.42 3e-10 2e-4 2e-3 0.3 0.4 0.5 7e+5 5e-13 0 1e-6 1e-6 0.05 0 137871 423 -2.6756e-05 -1000
2775 24 1e+6 0.07 0.02 8e-6 0.42 3e-10 2e-4 2e-3 0.3 0.4 0.5 7e+5 5e-13 0 1e-6 1e-6 0.05 0 40181.8 371 -9.18047e-05 -1000
2775 25 1e+6 0.07 0.02 8e-6 0.42 3e-10 2e-4 2e-3 0.3 0.4 0.5 7e+5 5e-13 0 1e-6 1e-6 0.05 0 382601 1286 -9.64157e-06 -1000
2775 26 1e+6 0.07 0.02 8e-6 0.42 3e-10 2e-4 2e-3 0.3 0.4 0.5 7e+5 5e-13 0 1e-6 1e-6 0.05 0 67100.4 346 -5.49755e-05 -1000
2775 27 1e+6 0.07 0.02 8e-6 0.42 3e-10 2e-4 2e-3 0.3 0.4 0.5 7e+5 5e-13 0 1e-6 1e-6 0.05 0 560928 886 -6.57639e-06 -1000
2775 28 1e+6 0.07 0.02 8e-6 0.42 3e-10 2e-4 2e-3 0.3 0.4 0.5 7e+5 5e-13 0 1e-6 1e-6 0.05 0 56251.6 314 -6.55782e-05 -1000
2775 29 1e+6 0.07 0.02 8e-6 0.42 3e-10 2e-4 2e-3 0.3 0.4 0.5 7e+5 5e-13 0 1e-6 1e-6 0.05 0 277371 423 -1.32994e-05 -1000
2775 30 1e+6 0.07 0.02 8e-6 0.42 3e-10 2e-4 2e-3 0.3 0.4 0.5 7e+5 5e-13 0 1e-6 1e-6 0.05 0 119014 350 -3.09953e-05 -1000
2775 31 1e+6 0.07 0.02 8e-6 0.42 3e-10 2e-4 2e-3 0.3 0.4 0.5 7e+5 5e-13 0 1e-6 1e-6 0.05 0 35014 362 -0.000105354 -1000
2775 32 1e+6 0.07 0.02 8e-6 0.42 3e-10 2e-4 2e-3 0.3 0.4 0.5 7e+5 5e-13 0 1e-6 1e-6 0.05 0.0140187 1e+06 642 -1.49165e-06 -1.49165e-06
2775 33 1e+6 0.07 0.02 8e-6 0.42 3e-10 2e-4 2e-3 0.3 0.4 0.5 7e+5 5e-13 0 1e-6 1e-6 0.05 0 53243.5 295 -6.92832e-05 -1000
2775 34 1e+6 0.07 0.02 8e-6 0.42 3e-10 2e-4 2e-3 0.3 0.4 0.5 7e+5 5e-13 0 1e-6 1e-6 0.05 0 472367 554 -7.80934e-06 -1000
2775 35 1e+6 0.07 0.02 8e-6 0.42 3e-10 2e-4 2e-3 0.3 0.4 0.5 7e+5 5e-13 0 1e-6 1e-6 0.05 0 224387 543 -1.64398e-05 -1000
2775 36 1e+6 0.07 0.02 8e-6 0.42 3e-10 2e-4 2e-3 0.3 0.4 0.5 7e+5 5e-13 0 1e-6 1e-6 0.05 0 120590 519 -3.05903e-05 -1000
2775 37 1e+6 0.07 0.02 8e-6 0.42 3e-10 2e-4 2e-3 0.3 0.4 0.5 7e+5 5e-13 0 1e-6 1e-6 0.05 0 391443 453 -9.42379e-06 -1000
2775 38 1e+6 0.07 0.02 8e-6 0.42 3e-10 2e-4 2e-3 0.3 0.4 0.5 7e+5 5e-13 0 1e-6 1e-6 0.05 0 325974 515 -1.13165e-05 -1000
2775 39 1e+6 0.07 0.02 8e-6 0.42 3e-10 2e-4 2e-3 0.3 0.4 0.5 7e+5 5e-13 0 1e-6 1e-6 0.05 0 220290 576 -1.67456e-05 -1000
2775 40 1e+6 0.05 0.1 8e-6 0.42 3e-10 2e-4 2e-3 0.3 0.4 0.5 7e+5 5e-13 0 1e-6 1e-6 0.05 0 339825 496 -1.04623e-05 -1000
2775 41 1e+6 0.05 0.1 8e-6 0.42 3e-10 2e-4 2e-3 0.3 0.4 0.5 7e+5 5e-13 0 1e-6 1e-6 0.05 0 119011 461 -2.98741e-05 -1000
2775 42 1e+6 0.05 0.1 8e-6 0.42 3e-10 2e-4 2e-3 0.3 0.4 0.5 7e+5 5e-13 0 1e-6 1e-6 0.05 0 174893 341 -2.03287e-05 -1000
2775 43 1e+6 0.05 0.1 8e-6 0.42 3e-10 2e-4 2e-3 0.3 0.4 0.5 7e+5 5e-13 0 1e-6 1e-6 0.05 0 308846 236 -1.15117e-05 -1000
2775 44 1e+6 0.05 0.1 8e-6 0.42 3e-10 2e-4 2e-3 0.3 0.4 0.5 7e+5 5e-13 0 1e-6 1e-6 0.05 0 102285 239 -3.47592e-05 -1000
2775 45 1e+6 0.05 0.1 8e-6 0.42 3e-10 2e-4 2e-3 0.3 0.4 0.5 7e+5 5e-13 0 1e-6 1e-6 0.05 0.208291 1e+06 989 1.77253e-06 1.77253e-06
2775 46 1e+6 0.05 0.1 8e-6 0.42 3e-10 2e-4 2e-3 0.3 0.4 0.5 7e+5 5e-13 0 1e-6 1e-6 0.05 0 789462 424 -4.50351e-06 -1000
2775 47 1e+6 0.05 0.1 8e-6 0.42 3e-10 2e-4 2e-3 0.3 0.4 0.5 7e+5 5e-13 0 1e-6 1e-6 0.05 0 388332 615 -9.15545e-06 -1000
2775 48 1e+6 0.05 0.1 8e-6 0.42 3e-10 2e-4 2e-3 0.3 0.4 0.5 7e+5 5e-13 0 1e-6 1e-6 0.05 0 553288 565 -6.42585e-06 -1000
2775 49 1e+6 0.05 0.1 8e-6 0.42 3e-10 2e-4 2e-3 0.3 0.4 0.5 7e+5 5e-13 0 1e-6 1e-6 0.05 0 867740 143 -4.09725e-06 -1000
2775 50 1e+6 0.05 0.1 8e-6 0.42 3e-10 2e-4 2e-3 0.3 0.4 0.5 7e+5 5e-13 0 1e-6 1e-6 0.05 0 100334 380 -3.5435e-05 -1000
2775 51 1e+6 0.05 0.1 8e-6 0.42 3e-10 2e-4 2e-3 0.3 0.4 0.5 7e+5 5e-13 0 1e-6 1e-6 0.05 0.759615 1e+06 624 2.60586e-06 2.60586e-06
2775 52 1e+6 0.05 0.1 8e-6 0.42 3e-10 2e-4 2e-3 0.3 0.4 0.5 7e+5 5e-13 0 1e-6 1e-6 0.05 0.225225 1e+06 333 7.6214e-07 7.6214e-07
2775 53 1e+6 0.05 0.1 8e-6 0.42 3e-10 2e-4 2e-3 0.3 0.4 0.5 7e+5 5e-13 0 1e-6 1e-6 0.05 0 76496.2 140 -4.64774e-05 -1000
2775 54 1e+6 0.05 0.1 8e-6 0.42 3e-10 2e-4 2e-3 0.3 0.4 0.5 7e+5 5e-13 0 1e-6 1e-6 0.05 0 149997 298 -2.37027e-05 -1000
2775 55 1e+6 0.05 0.1 8e-6 0.42 3e-10 2e-4 2e-3 0.3 0.4 0.5 7e+5 5e-13 0 1e-6 1e-6 0.05 0.432806 1e+06 1012 2.52687e-06 2.52687e-06
2775 56 1e+6 0.05 0.1 8e-6 0.42 3e-10 2e-4 2e-3 0.3 0.4 0.5 7e+5 5e-13 0 1e-6 1e-6 0.05 0 583744 109 -6.09059e-06 -1000
2775 57 1e+6 0.05 0.1 8e-6 0.42 3e-10 2e-4 2e-3 0.3 0.4 0.5 7e+5 5e-13 0 1e-6 1e-6 0.05 0 123696 530 -2.87426e-05 -1000
2775 58 1e+6 0.05 0.1 8e-6 0.42 3e-10 2e-4 2e-3 0.3 0.4 0.5 7e+5 5e-13 0 1e-6 1e-6 0.05 0 102687 264 -3.46232e-05 -1000
2775 59 1e+6 0.05 0.1 8e-6 0.42 3e-10 2e-4 2e-3 0.3 0.4 0.5 7e+5 5e-13 0 1e-6 1e-6 0.05 0 100808 174 -3.52686e-05 -1000
2775 60 1e+6 0.1 0.05 8e-6 0.42 3e-10 2e-4 2e-3 0.3 0.4 0.5 7e+5 5e-13 0 1e-6 1e-6 0.05 0 887090 581 -4.1584e-06 -1000
2775 61 1e+6 0.1 0.05 8e-6 0.42 3e-10 2e-4 2e-3 0.3 0.4 0.5 7e+5 5e-13 0 1e-6 1e-6 0.05 0 102211 598 -3.6091e-05 -1000
2775 62 1e+6 0.1 0.05 8e-6 0.42 3e-10 2e-4 2e-3 0.3 0.4 0.5 7e+5 5e-13 0 1e-6 1e-6 0.05 0 726406 342 -5.07826e-06 -1000
2775 63 1e+6 0.1 0.05 8e-6 0.42 3e-10 2e-4 2e-3 0.3 0.4 0.5 7e+5 5e-13 0 1e-6 1e-6 0.05 0 563751 404 -6.54346e-06 -1000
2775 64 1e+6 0.1 0.05 8e-6 0.42 3e-10 2e-4 2e-3 0.3 0.4 0.5 7e+5 5e-13 0 1e-6 1e-6 0.05 0 69339.9 438 -5.31999e-05 -1000
2775 65 1e+6 0.1 0.05 8e-6 0.42 3e-10 2e-4 2e-3 0.3 0.4 0.5 7e+5 5e-13 0 1e-6 1e-6 0.05 0.0377358 1e+06 424 -9.16291e-07 -9.16291e-07
2775 66 1e+6 0.1 0.05 8e-6 0.42 3e-10 2e-4 2e-3 0.3 0.4 0.5 7e+5 5e-13 0 1e-6 1e-6 0.05 0.052795 1e+06 644 -1.62519e-07 -1.62519e-07
2775 67 1e+6 0.1 0.05 8e-6 0.42 3e-10 2e-4 2e-3 0.3 0.4 0.5 7e+5 5e-13 0 1e-6 1e-6 0.05 0 596971 465 -6.17932e-06 -1000
2775 68 1e+6 0.1 0.05 8e-6 0.42 3e-10 2e-4 2e-3 0.3 0.4 0.5 7e+5 5e-13 0 1e-6 1e-6 0.05 0.0715935 1e+06 866 4.38255e-07 4.38255e-07
2775 69 1e+6 0.1 0.05 8e-6 0.42 3e-10 2e-4 2e-3 0.3 0.4 0.5 7e+5 5e-13 0 1e-6 1e-6 0.05 0 354803 747 -1.0397e-05 -1000
2775 70 1e+6 0.1 0.05 8e-6 0.42 3e-10 2e-4 2e-3 0.3 0.4 0.5 7e+5 5e-13 0 1e-6 1e-6 0.05 0.132686 1e+06 309 2.46926e-08 2.46926e-08
2775 71 1e+6 0.1 0.05 8e-6 0.42 3e-10 2e-4 2e-3 0.3 0.4 0.5 7e+5 5e-13 0 1e-6 1e-6 0.05 0 620310 326 -5.94683e-06 -1000
2775 72 1e+6 0.1 0.05 8e-6 0.42 3e-10 2e-4 2e-3 0.3 0.4 0.5 7e+5 5e-13 0 1e-6 1e-6 0.05 0.323625 1e+06 618 1.60944e-06 1.60944e-06
2775 73 1e+6 0.1 0.05 8e-6 0.42 3e-10 2e-4 2e-3 0.3 0.4 0.5 7e+5 5e-13 0 1e-6 1e-6 0.05 0 480014 286 -7.68494e-06 -1000
2775 74 1e+6 0.1 0.05 8e-6 0.42 3e-10 2e-4 2e-3 0.3 0.4 0.5 7e+5 5e-13 0 1e-6 1e-6 0.05 0 293120 740 -1.25849e-05 -1000
2775 75 1e+6 0.1 0.05 8e-6 0.42 3e-10 2e-4 2e-3 0.3 0.4 0.5 7e+5 5e-13 0 1e-6 1e-6 0.05 0 225589 505 -1.63522e-05 -1000
2775 76 1e+6 0.1 0.05 8e-6 0.42 3e-10 2e-4 2e-3 0.3 0.4 0.5 7e+5 5e-13 0 1e-6 1e-6 0.05 0 207447 617 -1.77822e-05 -1000
2775 77 1e+6 0.1 0.05 8e-6 0.42 3e-10 2e-4 2e-3 0.3 0.4 0.5 7e+5 5e-13 0 1e-6 1e-6 0.05 0.264646 1e+06 495 1.18632e-06 1.18632e-06
2775 78 1e+6 0.1 0.05 8e-6 0.42 3e-10 2e-4 2e-3 0.3 0.4 0.5 7e+5 5e-13 0 1e-6 1e-6 0.05 0 47068 301 -7.83734e-05 -1000
2775 79 1e+6 0.1 0.05 8e-6 0.42 3e-10 2e-4 2e-3 0.3 0.4 0.5 7e+5 5e-13 0 1e-6 1e-6 0.05 0 103764 497 -3.55507e-05 -1000
2775 80 1e+6 0.1 0.15 8e-6 0.42 3e-10 2e-4 2e-3 0.3 0.4 0.5 7e+5 5e-13 0 1e-6 1e-6 0.05 0 73914 499 -4.99077e-05 -1000
2775 81 1e+6 0.1 0.15 8e-6 0.42 3e-10 2e-4 2e-3 0.3 0.4 0.5 7e+5 5e-13 0 1e-6 1e-6 0.05 0 311629 425 -1.18374e-05 -1000
2775 82 1e+6 0.1 0.15 8e-6 0.42 3e-10 2e-4 2e-3 0.3 0.4 0.5 7e+5 5e-13 0 1e-6 1e-6 0.05 0 168789 498 -2.1855e-05 -1000
2775 83 1e+6 0.1 0.15 8e-6 0.42 3e-10 2e-4 2e-3 0.3 0.4 0.5 7e+5 5e-13 0 1e-6 1e-6 0.05 0 273882 405 -1.34689e-05 -1000
2775 84 1e+6 0.1 0.15 8e-6 0.42 3e-10 2e-4 2e-3 0.3 0.4 0.5 7e+5 5e-13 0 1e-6 1e-6 0.05 0 381193 616 -9.67719e-06 -1000
2775 85 1e+6 0.1 0.15 8e-6 0.42 3e-10 2e-4 2e-3 0.3 0.4 0.5 7e+5 5e-13 0 1e-6 1e-6 0.05 0 779735 323 -4.73094e-06 -1000
2775 86 1e+6 0.1 0.15 8e-6 0.42 3e-10 2e-4 2e-3 0.3 0.4 0.5 7e+5 5e-13 0 1e-6 1e-6 0.05 0 887183 340 -4.15797e-06 -1000
2775 87 1e+6 0.1 0.15 8e-6 0.42 3e-10 2e-4 2e-3 0.3 0.4 0.5 7e+5 5e-13 0 1e-6 1e-6 0.05 0 118829 493 -3.10436e-05 -1000
2775 88 1e+6 0.1 0.15 8e-6 0.42 3e-10 2e-4 2e-3 0.3 0.4 0.5 7e+5 5e-13 0 1e-6 1e-6 0.05 0 132343 465 -2.78736e-05 -1000
2775 89 1e+6 0.1 0.15 8e-6 0.42 3e-10 2e-4 2e-3 0.3 0.4 0.5 7e+5 5e-13 0 1e-6 1e-6 0.05 0 301919 864 -1.22181e-05 -1000
2775 90 1e+6 0.1 0.15 8e-6 0.42 3e-10 2e-4 2e-3 0.3 0.4 0.5 7e+5 5e-13 0 1e-6 1e-6 0.05 0 228577 728 -1.61385e-05 -1000
2775 91 1e+6 0.1 0.15 8e-6 0.42 3e-10 2e-4 2e-3 0.3 0.4 0.5 7e+5 5e-13 0 1e-6 1e-6 0.05 0 341877 407 -1.07901e-05 -1000
2775 92 1e+6 0.1 0.15 8e-6 0.42 3e-10 2e-4 2e-3 0.3 0.4 0.5 7e+5 5e-13 0 1e-6 1e-6 0.05 0 535155 266 -6.8931e-06 -1000
2775 93 1e+6 0.1 0.15 8e-6 0.42 3e-10 2e-4 2e-3 0.3 0.4 0.5 7e+5 5e-13 0 1e-6 1e-6 0.05 0 810236 305 -4.55284e-06 -1000
2775 94 1e+6 0.1 0.15 8e-6 0.42 3e-10 2e-4 2e-3 0.3 0.4 0.5 7e+5 5e-13 0 1e-6 1e-6 0.05 0.0478873 1e+06 355 -8.55666e-07 -8.55666e-07
2775 95 1e+6 0.1 0.15 8e-6 0.42 3e-10 2e-4 2e-3 0.3 0.4 0.5 7e+5 5e-13 0 1e-6 1e-6 0.05 0 877424 419 -4.20421e-06 -1000
2775 96 1e+6 0.1 0.15 8e-6 0.42 3e-10 2e-4 2e-3 0.3 0.4 0.5 7e+5 5e-13 0 1e-6 1e-6 0.05 0 275785 623 -1.33759e-05 -1000
2775 97 1e+6 0.1 0.15 8e-6 0.42 3e-10 2e-4 2e-3 0.3 0.4 0.5 7e+5 5e-13 0 1e-6 1e-6 0.05 0 505253 396 -7.30106e-06 -1000
2775 98 1e+6 0.1 0.15 8e-6 0.42 3e-10 2e-4 2e-3 0.3 0.4 0.5 7e+5 5e-13 0 1e-6 1e-6 0.05 0 321883 852 -1.14603e-05 -1000
2775 99 1e+6 0.1 0.15 8e-6 0.42 3e-10 2e-4 2e-3 0.3 0.4 0.5 7e+5 5e-13 0 1e-6 1e-6 0.05 0 184532 273 -1.99904e-05 -1000
2775 100 1e+6 0.15 0.1 8e-6 0.42 3e-10 2e-4 2e-3 0.3 0.4 0.5 7e+5 5e-13 0 1e-6 1e-6 0.05 0 101459 518 -3.63584e-05 -1000
2775 101 1e+6 0.15 0.1 8e-6 0.42 3e-10 2e-4 2e-3 0.3 0.4 0.5 7e+5 5e-13 0 1e-6 1e-6 0.05 0.24422 1e+06 692 1.44102e-06 1.44102e-06
2775 102 1e+6 0.15 0.1 8e-6 0.42 3e-10 2e-4 2e-3 0.3 0.4 0.5 7e+5 5e-13 0 1e-6 1e-6 0.05 0.306065 1e+06 709 1.69102e-06 1.69102e-06
2775 103 1e+6 0.15 0.1 8e-6 0.42 3e-10 2e-4 2e-3 0.3 0.4 0.5 7e+5 5e-13 0 1e-6 1e-6 0.05 0.354412 1e+06 680 1.79592e-06 1.79592e-06
2775 104 1e+6 0.15 0.1 8e-6 0.42 3e-10 2e-4 2e-3 0.3 0.4 0.5 7e+5 5e-13 0 1e-6 1e-6 0.05 0 160763 547 -2.29461e-05 -1000
2775 105 1e+6 0.15 0.1 8e-6 0.42 3e-10 2e-4 2e-3 0.3 0.4 0.5 7e+5 5e-13 0 1e-6 1e-6 0.05 0.593002 1e+06 543 2.08567e-06 2.08567e-06
2775 106 1e+6 0.15 0.1 8e-6 0.42 3e-10 2e-4 2e-3 0.3 0.4 0.5 7e+5 5e-13 0 1e-6 1e-6 0.05 0.131448 1e+06 601 6.80568e-07 6.80568e-07
2775 107 1e+6 0.15 0.1 8e-6 0.42 3e-10 2e-4 2e-3 0.3 0.4 0.5 7e+5 5e-13 0 1e-6 1e-6 0.05 0 83089.9 533 -4.43962e-05 -1000
2775 108 1e+6 0.15 0.1 8e-6 0.42 3e-10 2e-4 2e-3 0.3 0.4 0.5 7e+5 5e-13 0 1e-6 1e-6 0.05 0.648649 1e+06 592 2.26176e-06 2.26176e-06
2775 109 1e+6 0.15 0.1 8e-6 0.42 3e-10 2e-4 2e-3 0.3 0.4 0.5 7e+5 5e-13 0 1e-6 1e-6 0.05 0 149137 484 -2.47348e-05 -1000
2775 110 1e+6 0.15 0.1 8e-6 0.42 3e-10 2e-4 2e-3 0.3 0.4 0.5 7e+5 5e-13 0 1e-6 1e-6 0.05 0.259528 1e+06 1102 1.96711e-06 1.96711e-06
2775 111 1e+6 0.15 0.1 8e-6 0.42 3e-10 2e-4 2e-3 0.3 0.4 0.5 7e+5 5e-13 0 1e-6 1e-6 0.05 0 716966 504 -5.14512e-06 -1000
2775 112 1e+6 0.15 0.1 8e-6 0.42 3e-10 2e-4 2e-3 0.3 0.4 0.5 7e+5 5e-13 0 1e-6 1e-6 0.05 0 217578 391 -1.69542e-05 -1000
2775 113 1e+6 0.15 0.1 8e-6 0.42 3e-10 2e-4 2e-3 0.3 0.4 0.5 7e+5 5e-13 0 1e-6 1e-6 0.05 0.396973 1e+06 859 2.143e-06 2.143e-06
2775 114 1e+6 0.15 0.1 8e-6 0.42 3e-10 2e-4 2e-3 0.3 0.4 0.5 7e+5 5e-13 0 1e-6 1e-6 0.05 0.49925 1e+06 667 2.11926e-06 2.11926e-06
2775 115 1e+6 0.15 0.1 8e-6 0.42 3e-10 2e-4 2e-3 0.3 0.4 0.5 7e+5 5e-13 0 1e-6 1e-6 0.05 0 650287 469 -5.67269e-06 -1000
2775 116 1e+6 0.15 0.1 8e-6 0.42 3e-10 2e-4 2e-3 0.3 0.4 0.5 7e+5 5e-13 0 1e-6 1e-6 0.05 0.340461 1e+06 608 1.64384e-06 1.64384e-06
2775 117 1e+6 0.15 0.1 8e-6 0.42 3e-10 2e-4 2e-3 0.3 0.4 0.5 7e+5 5e-13 0 1e-6 1e-6 0.05 0.362723 1e+06 896 2.09495e-06 2.09495e-06
2775 118 1e+6 0.15 0.1 8e-6 0.42 3e-10 2e-4 2e-3 0.3 0.4 0.5 7e+5 5e-13 0 1e-6 1e-6 0.05 0 540587 712 -6.82384e-06 -1000
2775 119 1e+6 0.15 0.1 8e-6 0.42 3e-10 2e-4 2e-3 0.3 0.4 0.5 7e+5 5e-13 0 1e-6 1e-6 0.05 0.523438 1e+06 640 2.12525e-06 2.12525e-06
2775 120 1e+6 0.02 0.07 9e-6 0.42 3e-10 2e-4 2e-3 0.3 0.4 0.5 7e+5 5e-13 0 1e-6 1e-6 0.05 1 902766 228 2.69573e-06 2.69573e-06
2775 121 1e+6 0.02 0.07 9e-6 0.42 3e-10 2e-4 2e-3 0.3 0.4 0.5 7e+5 5e-13 0 1e-6 1e-6 0.05 0 82955 79 -3.61127e-05 -1000
2775 122 1e+6 0.02 0.07 9e-6 0.42 3e-10 2e-4 2e-3 0.3 0.4 0.5 7e+5 5e-13 0 1e-6 1e-6 0.05 1 322954 1 -9.27604e-06 -9.27604e-06
2775 123 1e+6 0.02 0.07 9e-6 0.42 3e-10 2e-4 2e-3 0.3 0.4 0.5 7e+5 5e-13 0 1e-6 1e-6 0.05 1 440868 1 -6.79508e-06 -6.79508e-06
2775 124 1e+6 0.02 0.07 9e-6 0.42 3e-10 2e-4 2e-3 0.3 0.4 0.5 7e+5 5e-13 0 1e-6 1e-6 0.05 0 83265.7 60 -3.5978e-05 -1000
2775 125 1e+6 0.02 0.07 9e-6 0.42 3e-10 2e-4 2e-3 0.3 0.4 0.5 7e+5 5e-13 0 1e-6 1e-6 0.05 0 299386 4 -1.00063e-05 -1000
2775 126 1e+6 0.02 0.07 9e-6 0.42 3e-10 2e-4 2e-3 0.3 0.4 0.5 7e+5 5e-13 0 1e-6 1e-6 0.05 0 225131 63 -1.33066e-05 -1000
2775 127 1e+6 0.02 0.07 9e-6 0.42 3e-10 2e-4 2e-3 0.3 0.4 0.5 7e+5 5e-13 0 1e-6 1e-6 0.05 0 71535.7 63 -4.18775e-05 -1000
2775 128 1e+6 0.02 0.07 9e-6 0.42 3e-10 2e-4 2e-3 0.3 0.4 0.5 7e+5 5e-13 0 1e-6 1e-6 0.05 0 71652.4 78 -4.18093e-05 -1000
2775 129 1e+6 0.02 0.07 9e-6 0.42 3e-10 2e-4 2e-3 0.3 0.4 0.5 7e+5 5e-13 0 1e-6 1e-6 0.05 1 500525 77 2.69332e-06 2.69332e-06
2775 130 1e+6 0.02 0.07 9e-6 0.42 3e-10 2e-4 2e-3 0.3 0.4 0.5 7e+5 5e-13 0 1e-6 1e-6 0.05 1 402082 57 2.60474e-06 2.60474e-06
2775 131 1e+6 0.02 0.07 9e-6 0.42 3e-10 2e-4 2e-3 0.3 0.4 0.5 7e+5 5e-13 0 1e-6 1e-6 0.05 1 343218 32 1.3694e-06 1.3694e-06
2775 132 1e+6 0.02 0.07 9e-6 0.42 3e-10 2e-4 2e-3 0.3 0.4 0.5 7e+5 5e-13 0 1e-6 1e-6 0.05 1 572513 59 1.88957e-06 1.88957e-06
2775 133 1e+6 0.02 0.07 9e-6 0.42 3e-10 2e-4 2e-3 0.3 0.4 0.5 7e+5 5e-13 0 1e-6 1e-6 0.05 0 84611.2 50 -3.54058e-05 -1000
2775 134 1e+6 0.02 0.07 9e-6 0.42 3e-10 2e-4 2e-3 0.3 0.4 0.5 7e+5 5e-13 0 1e-6 1e-6 0.05 0 278926 5 -1.07402e-05 -1000
2775 135 1e+6 0.02 0.07 9e-6 0.42 3e-10 2e-4 2e-3 0.3 0.4 0.5 7e+5 5e-13 0 1e-6 1e-6 0.05 1 863558 393 3.44861e-06 3.44861e-06
2775 136 1e+6 0.02 0.07 9e-6 0.42 3e-10 2e-4 2e-3 0.3 0.4 0.5 7e+5 5e-13 0 1e-6 1e-6 0.05 0 65812.3 98 -4.55194e-05 -1000
2775 137 1e+6 0.02 0.07 9e-6 0.42 3e-10 2e-4 2e-3 0.3 0.4 0.5 7e+5 5e-13 0 1e-6 1e-6 0.05 0 246959 10 -1.21305e-05 -1000
2775 138 1e+6 0.02 0.07 9e-6 0.42 3e-10 2e-4 2e-3 0.3 0.4 0.5 7e+5 5e-13 0 1e-6 1e-6 0.05 0 75385.4 75 -3.97389e-05 -1000
2775 139 1e+6 0.02 0.07 9e-6 0.42 3e-10 2e-4 2e-3 0.3 0.4 0.5 7e+5 5e-13 0 1e-6 1e-6 0.05 0 15368.5 1736 -0.000194927 -1000
2775 140 1e+6 0.07 0.02 9e-6 0.42 3e-10 2e-4 2e-3 0.3 0.4 0.5 7e+5 5e-13 0 1e-6 1e-6 0.05 0 407795 988 -9.04591e-06 -1000
2775 141 1e+6 0.07 0.02 9e-6 0.42 3e-10 2e-4 2e-3 0.3 0.4 0.5 7e+5 5e-13 0 1e-6 1e-6 0.05 0 61908.3 258 -5.95862e-05 -1000
2775 142 1e+6 0.07 0.02 9e-6 0.42 3e-10 2e-4 2e-3 0.3 0.4 0.5 7e+5 5e-13 0 1e-6 1e-6 0.05 0 340919 303 -1.08204e-05 -1000
2775 143 1e+6 0.07 0.02 9e-6 0.42 3e-10 2e-4 2e-3 0.3 0.4 0.5 7e+5 5e-13 0 1e-6 1e-6 0.05 0 481676 615 -7.65843e-06 -1000
2775 144 1e+6 0.07 0.02 9e-6 0.42 3e-10 2e-4 2e-3 0.3 0.4 0.5 7e+5 5e-13 0 1e-6 1e-6 0.05 0 384167 270 -9.60229e-06 -1000
2775 145 1e+6 0.07 0.02 9e-6 0.42 3e-10 2e-4 2e-3 0.3 0.4 0.5 7e+5 5e-13 0 1e-6 1e-6 0.05 0 321098 566 -1.14883e-05 -1000
2775 146 1e+6 0.07 0.02 9e-6 0.42 3e-10 2e-4 2e-3 0.3 0.4 0.5 7e+5 5e-13 0 1e-6 1e-6 0.05 0 161892 375 -2.27861e-05 -1000
2775 147 1e+6 0.07 0.02 9e-6 0.42 3e-10 2e-4 2e-3 0.3 0.4 0.5 7e+5 5e-13 0 1e-6 1e-6 0.05 0 914125 925 -4.03542e-06 -1000
2775 148 1e+6 0.07 0.02 9e-6 0.42 3e-10 2e-4 2e-3 0.3 0.4 0.5 7e+5 5e-13 0 1e-6 1e-6 0.05 0 398509 325 -9.25669e-06 -1000
2775 149 1e+6 0.07 0.02 9e-6 0.42 3e-10 2e-4 2e-3 0.3 0.4 0.5 7e+5 5e-13 0 1e-6 1e-6 0.05 0 514097 286 -7.17545e-06 -1000
2775 150 1e+6 0.07 0.02 9e-6 0.42 3e-10 2e-4 2e-3 0.3 0.4 0.5 7e+5 5e-13 0 1e-6 1e-6 0.05 0 629987 397 -5.85549e-06 -1000
2775 151 1e+6 0.07 0.02 9e-6 0.42 3e-10 2e-4 2e-3 0.3 0.4 0.5 7e+5 5e-13 0 1e-6 1e-6 0.05 0 313844 762 -1.17538e-05 -1000
2775 152 1e+6 0.07 0.02 9e-6 0.42 3e-10 2e-4 2e-3 0.3 0.4 0.5 7e+5 5e-13 0 1e-6 1e-6 0.05 0 383164 392 -9.62742e-06 -1000
2775 153 1e+6 0.07 0.02 9e-6 0.42 3e-10 2e-4 2e-3 0.3 0.4 0.5 7e+5 5e-13 0 1e-6 1e-6 0.05 0 298154 610 -1.23724e-05 -1000
2775 154 1e+6 0.07 0.02 9e-6 0.42 3e-10 2e-4 2e-3 0.3 0.4 0.5 7e+5 5e-13 0 1e-6 1e-6 0.05 0 105398 528 -3.49997e-05 -1000
2775 155 1e+6 0.07 0.02 9e-6 0.42 3e-10 2e-4 2e-3 0.3 0.4 0.5 7e+5 5e-13 0 1e-6 1e-6 0.05 0 365112 295 -1.01034e-05 -1000
2775 156 1e+6 0.07 0.02 9e-6 0.42 3e-10 2e-4 2e-3 0.3 0.4 0.5 7e+5 5e-13 0 1e-6 1e-6 0.05 0 76429 539 -4.82654e-05 -1000
2775 157 1e+6 0.07 0.02 9e-6 0.42 3e-10 2e-4 2e-3 0.3 0.4 0.5 7e+5 5e-13 0 1e-6 1e-6 0.05 0 96086.4 437 -3.83913e-05 -1000
2775 158 1e+6 0.07 0.02 9e-6 0.42 3e-10 2e-4 2e-3 0.3 0.4 0.5 7e+5 5e-13 0 1e-6 1e-6 0.05 0 219946 505 -1.67718e-05 -1000
2775 159 1e+6 0.07 0.02 9e-6 0.42 3e-10 2e-4 2e-3 0.3 0.4 0.5 7e+5 5e-13 0 1e-6 1e-6 0.05 0 121874 488 -3.02679e-05 -1000
2775 160 1e+6 0.05 0.1 9e-6 0.42 3e-10 2e-4 2e-3 0.3 0.4 0.5 7e+5 5e-13 0 1e-6 1e-6 0.05 0 266411 243 -1.33454e-05 -1000
2775 161 1e+6 0.05 0.1 9e-6 0.42 3e-10 2e-4 2e-3 0.3 0.4 0.5 7e+5 5e-13 0 1e-6 1e-6 0.05 0.213729 1e+06 641 1.36463e-06 1.36463e-06
2775 162 1e+6 0.05 0.1 9e-6 0.42 3e-10 2e-4 2e-3 0.3 0.4 0.5 7e+5 5e-13 0 1e-6 1e-6 0.05 0 963364 272 -3.69055e-06 -1000
2775 163 1e+6 0.05 0.1 9e-6 0.42 3e-10 2e-4 2e-3 0.3 0.4 0.5 7e+5 5e-13 0 1e-6 1e-6 0.05 0 715604 125 -4.96832e-06 -1000
2775 164 1e+6 0.05 0.1 9e-6 0.42 3e-10 2e-4 2e-3 0.3 0.4 0.5 7e+5 5e-13 0 1e-6 1e-6 0.05 0.222411 1e+06 589 1.31985e-06 1.31985e-06
2775 165 1e+6 0.05 0.1 9e-6 0.42 3e-10 2e-4 2e-3 0.3 0.4 0.5 7e+5 5e-13 0 1e-6 1e-6 0.05 0 376949 286 -9.4319e-06 -1000
2775 166 1e+6 0.05 0.1 9e-6 0.42 3e-10 2e-4 2e-3 0.3 0.4 0.5 7e+5 5e-13 0 1e-6 1e-6 0.05 0 66659.1 196 -5.33363e-05 -1000
2775 167 1e+6 0.05 0.1 9e-6 0.42 3e-10 2e-4 2e-3 0.3 0.4 0.5 7e+5 5e-13 0 1e-6 1e-6 0.05 0 81497.3 157 -4.36254e-05 -1000
2775 168 1e+6 0.05 0.1 9e-6 0.42 3e-10 2e-4 2e-3 0.3 0.4 0.5 7e+5 5e-13 0 1e-6 1e-6 0.05 0 396523 297 -8.9663e-06 -1000
2775 169 1e+6 0.05 0.1 9e-6 0.42 3e-10 2e-4 2e-3 0.3 0.4 0.5 7e+5 5e-13 0 1e-6 1e-6 0.05 0 249720 401 -1.42374e-05 -1000
2775 170 1e+6 0.05 0.1 9e-6 0.42 3e-10 2e-4 2e-3 0.3 0.4 0.5 7e+5 5e-13 0 1e-6 1e-6 0.05 0.382796 1e+06 465 1.62644e-06 1.62644e-06
2775 171 1e+6 0.05 0.1 9e-6 0.42 3e-10 2e-4 2e-3 0.3 0.4 0.5 7e+5 5e-13 0 1e-6 1e-6 0.05 0.422907 1e+06 908 2.39529e-06 2.39529e-06
2775 172 1e+6 0.05 0.1 9e-6 0.42 3e-10 2e-4 2e-3 0.3 0.4 0.5 7e+5 5e-13 0 1e-6 1e-6 0.05 0.159494 1e+06 395 5.87787e-07 5.87787e-07
2775 173 1e+6 0.05 0.1 9e-6 0.42 3e-10 2e-4 2e-3 0.3 0.4 0.5 7e+5 5e-13 0 1e-6 1e-6 0.05 0 154057 345 -2.30782e-05 -1000
2775 174 1e+6 0.05 0.1 9e-6 0.42 3e-10 2e-4 2e-3 0.3 0.4 0.5 7e+5 5e-13 0 1e-6 1e-6 0.05 0 88930.2 295 -3.99791e-05 -1000
2775 175 1e+6 0.05 0.1 9e-6 0.42 3e-10 2e-4 2e-3 0.3 0.4 0.5 7e+5 5e-13 0 1e-6 1e-6 0.05 0.667347 1e+06 980 2.92776e-06 2.92776e-06
2775 176 1e+6 0.05 0.1 9e-6 0.42 3e-10 2e-4 2e-3 0.3 0.4 0.5 7e+5 5e-13 0 1e-6 1e-6 0.05 0 353814 700 -1.00486e-05 -1000
2775 177 1e+6 0.05 0.1 9e-6 0.42 3e-10 2e-4 2e-3 0.3 0.4 0.5 7e+5 5e-13 0 1e-6 1e-6 0.05 0 874168 180 -4.06712e-06 -1000
2775 178 1e+6 0.05 0.1 9e-6 0.42 3e-10 2e-4 2e-3 0.3 0.4 0.5 7e+5 5e-13 0 1e-6 1e-6 0.05 0 931383 508 -3.81728e-06 -1000
2775 179 1e+6 0.05 0.1 9e-6 0.42 3e-10 2e-4 2e-3 0.3 0.4 0.5 7e+5 5e-13 0 1e-6 1e-6 0.05 0.244253 1e+06 348 8.87303e-07 8.87303e-07
2775 180 1e+6 0.1 0.05 9e-6 0.42 3e-10 2e-4 2e-3 0.3 0.4 0.5 7e+5 5e-13 0 1e-6 1e-6 0.05 0 895630 535 -4.11876e-06 -1000
2775 181 1e+6 0.1 0.05 9e-6 0.42 3e-10 2e-4 2e-3 0.3 0.4 0.5 7e+5 5e-13 0 1e-6 1e-6 0.05 0.0353698 1e+06 311 -1.29098e-06 -1.29098e-06
2775 182 1e+6 0.1 0.05 9e-6 0.42 3e-10 2e-4 2e-3 0.3 0.4 0.5 7e+5 5e-13 0 1e-6 1e-6 0.05 0.357223 1e+06 893 2.07631e-06 2.07631e-06
2775 183 1e+6 0.1 0.05 9e-6 0.42 3e-10 2e-4 2e-3 0.3 0.4 0.5 7e+5 5e-13 0 1e-6 1e-6 0.05 0 874047 456 -4.22046e-06 -1000
2775 184 1e+6 0.1 0.05 9e-6 0.42 3e-10 2e-4 2e-3 0.3 0.4 0.5 7e+5 5e-13 0 1e-6 1e-6 0.05 0.223158 1e+06 475 9.7456e-07 9.7456e-07
2775 185 1e+6 0.1 0.05 9e-6 0.42 3e-10 2e-4 2e-3 0.3 0.4 0.5 7e+5 5e-13 0 1e-6 1e-6 0.05 0.100094 1e+06 1059 9.7456e-07 9.7456e-07
2775 186 1e+6 0.1 0.05 9e-6 0.42 3e-10 2e-4 2e-3 0.3 0.4 0.5 7e+5 5e-13 0 1e-6 1e-6 0.05 0 437010 296 -8.44119e-06 -1000
2775 187 1e+6 0.1 0.05 9e-6 0.42 3e-10 2e-4 2e-3 0.3 0.4 0.5 7e+5 5e-13 0 1e-6 1e-6 0.05 0.506139 1e+06 733 2.22732e-06 2.22732e-06
2775 188 1e+6 0.1 0.05 9e-6 0.42 3e-10 2e-4 2e-3 0.3 0.4 0.5 7e+5 5e-13 0 1e-6 1e-6 0.05 0 302922 435 -1.21777e-05 -1000
2775 189 1e+6 0.1 0.05 9e-6 0.42 3e-10 2e-4 2e-3 0.3 0.4 0.5 7e+5 5e-13 0 1e-6 1e-6 0.05 0 443058 1249 -8.32595e-06 -1000
2775 190 1e+6 0.1 0.05 9e-6 0.42 3e-10 2e-4 2e-3 0.3 0.4 0.5 7e+5 5e-13 0 1e-6 1e-6 0.05 0 184095 517 -2.00379e-05 -1000
2775 191 1e+6 0.1 0.05 9e-6 0.42 3e-10 2e-4 2e-3 0.3 0.4 0.5 7e+5 5e-13 0 1e-6 1e-6 0.05 0.193117 1e+06 523 9.26241e-07 9.26241e-07
2775 192 1e+6 0.1 0.05 9e-6 0.42 3e-10 2e-4 2e-3 0.3 0.4 0.5 7e+5 5e-13 0 1e-6 1e-6 0.05 0 484926 310 -7.6071e-06 -1000
2775 193 1e+6 0.1 0.05 9e-6 0.42 3e-10 2e-4 2e-3 0.3 0.4 0.5 7e+5 5e-13 0 1e-6 1e-6 0.05 0 54868.3 319 -6.72315e-05 -1000
2775 194 1e+6 0.1 0.05 9e-6 0.42 3e-10 2e-4 2e-3 0.3 0.4 0.5 7e+5 5e-13 0 1e-6 1e-6 0.05 0 469364 412 -7.85931e-06 -1000
2775 195 1e+6 0.1 0.05 9e-6 0.42 3e-10 2e-4 2e-3 0.3 0.4 0.5 7e+5 5e-13 0 1e-6 1e-6 0.05 0 49819.1 333 -7.40455e-05 -1000
2775 196 1e+6 0.1 0.05 9e-6 0.42 3e-10 2e-4 2e-3 0.3 0.4 0.5 7e+5 5e-13 0 1e-6 1e-6 0.05 0 897122 387 -4.1119e-06 -1000
2775 197 1e+6 0.1 0.05 9e-6 0.42 3e-10 2e-4 2e-3 0.3 0.4 0.5 7e+5 5e-13 0 1e-6 1e-6 0.05 0 165366 665 -2.23073e-05 -1000
2775 198 1e+6 0.1 0.05 9e-6 0.42 3e-10 2e-4 2e-3 0.3 0.4 0.5 7e+5 5e-13 0 1e-6 1e-6 0.05 0 45841.7 331 -8.04699e-05 -1000
2775 199 1e+6 0.1 0.05 9e-6 0.42 3e-10 2e-4 2e-3 0.3 0.4 0.5 7e+5 5e-13 0 1e-6 1e-6 0.05 0.00662252 1e+06 755 -2.07944e-06 -2.07944e-06
2775 200 1e+6 0.1 0.15 9e-6 0.42 3e-10 2e-4 2e-3 0.3 0.4 0.5 7e+5 5e-13 0 1e-6 1e-6 0.05 0 290484 289 -1.26991e-05 -1000
2775 201 1e+6 0.1 0.15 9e-6 0.42 3e-10 2e-4 2e-3 0.3 0.4 0.5 7e+5 5e-13 0 1e-6 1e-6 0.05 0 549396 355 -6.71443e-06 -1000
2775 202 1e+6 0.1 0.15 9e-6 0.42 3e-10 2e-4 2e-3 0.3 0.4 0.5 7e+5 5e-13 0 1e-6 1e-6 0.05 0 60663.9 336 -6.08085e-05 -1000
2775 203 1e+6 0.1 0.15 9e-6 0.42 3e-10 2e-4 2e-3 0.3 0.4 0.5 7e+5 5e-13 0 1e-6 1e-6 0.05 0 157118 372 -2.34784e-05 -1000
2775 204 1e+6 0.1 0.15 9e-6 0.42 3e-10 2e-4 2e-3 0.3 0.4 0.5 7e+5 5e-13 0 1e-6 1e-6 0.05 0 270498 431 -1.36374e-05 -1000
2775 205 1e+6 0.1 0.15 9e-6 0.42 3e-10 2e-4 2e-3 0.3 0.4 0.5 7e+5 5e-13 0 1e-6 1e-6 0.05 0 386845 450 -9.53581e-06 -1000
2775 206 1e+6 0.1 0.15 9e-6 0.42 3e-10 2e-4 2e-3 0.3 0.4 0.5 7e+5 5e-13 0 1e-6 1e-6 0.05 0 174115 474 -2.11865e-05 -1000
2775 207 1e+6 0.1 0.15 9e-6 0.42 3e-10 2e-4 2e-3 0.3 0.4 0.5 7e+5 5e-13 0 1e-6 1e-6 0.05 0 590199 417 -6.25023e-06 -1000
2775 208 1e+6 0.1 0.15 9e-6 0.42 3e-10 2e-4 2e-3 0.3 0.4 0.5 7e+5 5e-13 0 1e-6 1e-6 0.05 0 121372 386 -3.03932e-05 -1000
2775 209 1e+6 0.1 0.15 9e-6 0.42 3e-10 2e-4 2e-3 0.3 0.4 0.5 7e+5 5e-13 0 1e-6 1e-6 0.05 0 292185 572 -1.26251e-05 -1000
2775 210 1e+6 0.1 0.15 9e-6 0.42 3e-10 2e-4 2e-3 0.3 0.4 0.5 7e+5 5e-13 0 1e-6 1e-6 0.05 0 316512 710 -1.16548e-05 -1000
2775 211 1e+6 0.1 0.15 9e-6 0.42 3e-10 2e-4 2e-3 0.3 0.4 0.5 7e+5 5e-13 0 1e-6 1e-6 0.05 0 347803 510 -1.06062e-05 -1000
2775 212 1e+6 0.1 0.15 9e-6 0.42 3e-10 2e-4 2e-3 0.3 0.4 0.5 7e+5 5e-13 0 1e-6 1e-6 0.05 0 161314 605 -2.28677e-05 -1000
2775 213 1e+6 0.1 0.15 9e-6 0.42 3e-10 2e-4 2e-3 0.3 0.4 0.5 7e+5 5e-13 0 1e-6 1e-6 0.05 0 276019 434 -1.33646e-05 -1000
2775 214 1e+6 0.1 0.15 9e-6 0.42 3e-10 2e-4 2e-3 0.3 0.4 0.5 7e+5 5e-13 0 1e-6 1e-6 0.05 0 248737 425 -1.48305e-05 -1000
2775 215 1e+6 0.1 0.15 9e-6 0.42 3e-10 2e-4 2e-3 0.3 0.4 0.5 7e+5 5e-13 0 1e-6 1e-6 0.05 0 940077 820 -3.92402e-06 -1000
2775 216 1e+6 0.1 0.15 9e-6 0.42 3e-10 2e-4 2e-3 0.3 0.4 0.5 7e+5 5e-13 0 1e-6 1e-6 0.05 0 249747 634 -1.47705e-05 -1000
2775 217 1e+6 0.1 0.15 9e-6 0.42 3e-10 2e-4 2e-3 0.3 0.4 0.5 7e+5 5e-13 0 1e-6 1e-6 0.05 0 503418 834 -7.32766e-06 -1000
2775 218 1e+6 0.1 0.15 9e-6 0.42 3e-10 2e-4 2e-3 0.3 0.4 0.5 7e+5 5e-13 0 1e-6 1e-6 0.05 0 228256 416 -1.61611e-05 -1000
2775 219 1e+6 0.1 0.15 9e-6 0.42 3e-10 2e-4 2e-3 0.3 0.4 0.5 7e+5 5e-13 0 1e-6 1e-6 0.05 0 105456 474 -3.49803e-05 -1000
2775 220 1e+6 0.15 0.1 9e-6 0.42 3e-10 2e-4 2e-3 0.3 0.4 0.5 7e+5 5e-13 0 1e-6 1e-6 0.05 0 449305 457 -8.21019e-06 -1000
2775 221 1e+6 0.15 0.1 9e-6 0.42 3e-10 2e-4 2e-3 0.3 0.4 0.5 7e+5 5e-13 0 1e-6 1e-6 0.05 0 160581 594 -2.29721e-05 -1000
2775 222 1e+6 0.15 0.1 9e-6 0.42 3e-10 2e-4 2e-3 0.3 0.4 0.5 7e+5 5e-13 0 1e-6 1e-6 0.05 0 390942 322 -9.43588e-06 -1000
2775 223 1e+6 0.15 0.1 9e-6 0.42 3e-10 2e-4 2e-3 0.3 0.4 0.5 7e+5 5e-13 0 1e-6 1e-6 0.05 0.588968 1e+06 562 2.11324e-06 2.11324e-06
2775 224 1e+6 0.15 0.1 9e-6 0.42 3e-10 2e-4 2e-3 0.3 0.4 0.5 7e+5 5e-13 0 1e-6 1e-6 0.05 0 154903 565 -2.38142e-05 -1000
2775 225 1e+6 0.15 0.1 9e-6 0.42 3e-10 2e-4 2e-3 0.3 0.4 0.5 7e+5 5e-13 0 1e-6 1e-6 0.05 0.626898 1e+06 461 1.97755e-06 1.97755e-06
2775 226 1e+6 0.15 0.1 9e-6 0.42 3e-10 2e-4 2e-3 0.3 0.4 0.5 7e+5 5e-13 0 1e-6 1e-6 0.05 0.0559701 1e+06 536 -2.87682e-07 -2.87682e-07
2775 227 1e+6 0.15 0.1 9e-6 0.42 3e-10 2e-4 2e-3 0.3 0.4 0.5 7e+5 5e-13 0 1e-6 1e-6 0.05 0.340242 1e+06 579 1.59432e-06 1.59432e-06
2775 228 1e+6 0.15 0.1 9e-6 0.42 3e-10 2e-4 2e-3 0.3 0.4 0.5 7e+5 5e-13 0 1e-6 1e-6 0.05 0.141243 1e+06 708 9.16291e-07 9.16291e-07
2775 229 1e+6 0.15 0.1 9e-6 0.42 3e-10 2e-4 2e-3 0.3 0.4 0.5 7e+5 5e-13 0 1e-6 1e-6 0.05 0.527415 1e+06 383 1.61939e-06 1.61939e-06
2775 230 1e+6 0.15 0.1 9e-6 0.42 3e-10 2e-4 2e-3 0.3 0.4 0.5 7e+5 5e-13 0 1e-6 1e-6 0.05 0.447217 1e+06 521 1.76216e-06 1.76216e-06
2775 231 1e+6 0.15 0.1 9e-6 0.42 3e-10 2e-4 2e-3 0.3 0.4 0.5 7e+5 5e-13 0 1e-6 1e-6 0.05 0 61190.3 441 -6.02853e-05 -1000
2775 232 1e+6 0.15 0.1 9e-6 0.42 3e-10 2e-4 2e-3 0.3 0.4 0.5 7e+5 5e-13 0 1e-6 1e-6 0.05 0.660592 1e+06 439 1.981e-06 1.981e-06
2775 233 1e+6 0.15 0.1 9e-6 0.42 3e-10 2e-4 2e-3 0.3 0.4 0.5 7e+5 5e-13 0 1e-6 1e-6 0.05 0.0896638 1e+06 803 5.87787e-07 5.87787e-07
2775 234 1e+6 0.15 0.1 9e-6 0.42 3e-10 2e-4 2e-3 0.3 0.4 0.5 7e+5 5e-13 0 1e-6 1e-6 0.05 0.216475 1e+06 522 1.03851e-06 1.03851e-06
2775 235 1e+6 0.15 0.1 9e-6 0.42 3e-10 2e-4 2e-3 0.3 0.4 0.5 7e+5 5e-13 0 1e-6 1e-6 0.05 0.0690738 1e+06 637 9.53102e-08 9.53102e-08
2775 236 1e+6 0.15 0.1 9e-6 0.42 3e-10 2e-4 2e-3 0.3 0.4 0.5 7e+5 5e-13 0 1e-6 1e-6 0.05 0 304737 795 -1.21051e-05 -1000
2775 237 1e+6 0.15 0.1 9e-6 0.42 3e-10 2e-4 2e-3 0.3 0.4 0.5 7e+5 5e-13 0 1e-6 1e-6 0.05 0.0451613 1e+06 310 -1.04982e-06 -1.04982e-06
2775 238 1e+6 0.15 0.1 9e-6 0.42 3e-10 2e-4 2e-3 0.3 0.4 0.5 7e+5 5e-13 0 1e-6 1e-6 0.05 0.567322 1e+06 661 2.23805e-06 2.23805e-06
2775 239 1e+6 0.15 0.1 9e-6 0.42 3e-10 2e-4 2e-3 0.3 0.4 0.5 7e+5 5e-13 0 1e-6 1e-6 0.05 0.672662 1e+06 834 2.64084e-06 2.64084e-06
