2781 0 1e+6 0.05 0.1 6e-6 0.42 3e-10 2e-4 2e-3 0.3 0.4 0.5 7e+5 5e-13 0 1e-6 1e-6 0.05 0.267427 1e+06 789 1.79651e-06 1.79651e-06
2781 1 1e+6 0.05 0.1 6e-6 0.42 3e-10 2e-4 2e-3 0.3 0.4 0.5 7e+5 5e-13 0 1e-6 1e-6 0.05 0.945092 1e+06 601 2.78677e-06 2.78677e-06
2781 2 1e+6 0.05 0.1 6e-6 0.42 3e-10 2e-4 2e-3 0.3 0.4 0.5 7e+5 5e-13 0 1e-6 1e-6 0.05 0.732989 1e+06 1161 3.19106e-06 3.19106e-06
2781 3 1e+6 0.05 0.1 6e-6 0.42 3e-10 2e-4 2e-3 0.3 0.4 0.5 7e+5 5e-13 0 1e-6 1e-6 0.05 0.0839695 1e+06 655 4.51985e-07 4.51985e-07
2781 4 1e+6 0.05 0.1 6e-6 0.42 3e-10 2e-4 2e-3 0.3 0.4 0.5 7e+5 5e-13 0 1e-6 1e-6 0.05 0 362188 261 -9.81632e-06 -1000
2781 5 1e+6 0.05 0.1 6e-6 0.42 3e-10 2e-4 2e-3 0.3 0.4 0.5 7e+5 5e-13 0 1e-6 1e-6 0.05 0 139936 406 -2.54069e-05 -1000
2781 6 1e+6 0.05 0.1 6e-6 0.42 3e-10 2e-4 2e-3 0.3 0.4 0.5 7e+5 5e-13 0 1e-6 1e-6 0.05 0.320713 1e+06 898 2.10761e-06 2.10761e-06
2781 7 1e+6 0.05 0.1 6e-6 0.42 3e-10 2e-4 2e-3 0.3 0.4 0.5 7e+5 5e-13 0 1e-6 1e-6 0.05 0 290252 486 -1.22492e-05 -1000
2781 8 1e+6 0.05 0.1 6e-6 0.42 3e-10 2e-4 2e-3 0.3 0.4 0.5 7e+5 5e-13 0 1e-6 1e-6 0.05 0 886271 233 -4.01158e-06 -1000
2781 9 1e+6 0.05 0.1 6e-6 0.42 3e-10 2e-4 2e-3 0.3 0.4 0.5 7e+5 5e-13 0 1e-6 1e-6 0.05 0 225297 288 -1.57807e-05 -1000
2781 10 1e+6 0.05 0.1 6e-6 0.42 3e-10 2e-4 2e-3 0.3 0.4 0.5 7e+5 5e-13 0 1e-6 1e-6 0.05 0 246666 509 -1.44136e-05 -1000
2781 11 1e+6 0.05 0.1 6e-6 0.42 3e-10 2e-4 2e-3 0.3 0.4 0.5 7e+5 5e-13 0 1e-6 1e-6 0.05 0 77575.5 242 -4.58308e-05 -1000
2781 12 1e+6 0.05 0.1 6e-6 0.42 3e-10 2e-4 2e-3 0.3 0.4 0.5 7e+5 5e-13 0 1e-6 1e-6 0.05 0 208295 367 -1.70688e-05 -1000
2781 13 1e+6 0.05 0.1 6e-6 0.42 3e-10 2e-4 2e-3 0.3 0.4 0.5 7e+5 5e-13 0 1e-6 1e-6 0.05 0 118813 434 -2.99239e-05 -1000
2781 14 1e+6 0.05 0.1 6e-6 0.42 3e-10 2e-4 2e-3 0.3 0.4 0.5 7e+5 5e-13 0 1e-6 1e-6 0.05 0 175339 186 -2.0277e-05 -1000
2781 15 1e+6 0.05 0.1 6e-6 0.42 3e-10 2e-4 2e-3 0.3 0.4 0.5 7e+5 5e-13 0 1e-6 1e-6 0.05 0.577143 1e+06 175 1.05977e-06 1.05977e-06
2781 16 1e+6 0.05 0.1 6e-6 0.42 3e-10 2e-4 2e-3 0.3 0.4 0.5 7e+5 5e-13 0 1e-6 1e-6 0.05 0.134763 1e+06 653 9.21989e-07 9.21989e-07
2781 17 1e+6 0.05 0.1 6e-6 0.42 3e-10 2e-4 2e-3 0.3 0.4 0.5 7e+5 5e-13 0 1e-6 1e-6 0.05 0.126386 1e+06 902 1.18085e-06 1.18085e-06
2781 18 1e+6 0.05 0.1 6e-6 0.42 3e-10 2e-4 2e-3 0.3 0.4 0.5 7e+5 5e-13 0 1e-6 1e-6 0.05 0 77486.6 167 -4.58834e-05 -1000
2781 19 1e+6 0.05 0.1 6e-6 0.42 3e-10 2e-4 2e-3 0.3 0.4 0.5 7e+5 5e-13 0 1e-6 1e-6 0.05 0 807429 313 -4.4033e-06 -1000
2781 20 1e+6 0.1 0.05 6e-6 0.42 3e-10 2e-4 2e-3 0.3 0.4 0.5 7e+5 5e-13 0 1e-6 1e-6 0.05 0 444487 445 -8.29918e-06 -1000
2781 21 1e+6 0.1 0.05 6e-6 0.42 3e-10 2e-4 2e-3 0.3 0.4 0.5 7e+5 5e-13 0 1e-6 1e-6 0.05 0 99211.5 821 -3.7182e-05 -1000
2781 22 1e+6 0.1 0.05 6e-6 0.42 3e-10 2e-4 2e-3 0.3 0.4 0.5 7e+5 5e-13 0 1e-6 1e-6 0.05 0 161569 989 -2.28317e-05 -1000
2781 23 1e+6 0.1 0.05 6e-6 0.42 3e-10 2e-4 2e-3 0.3 0.4 0.5 7e+5 5e-13 0 1e-6 1e-6 0.05 0 209372 454 -1.76188e-05 -1000
2781 24 1e+6 0.1 0.05 6e-6 0.42 3e-10 2e-4 2e-3 0.3 0.4 0.5 7e+5 5e-13 0 1e-6 1e-6 0.05 0.10424 1e+06 566 3.88658e-07 3.88658e-07
2781 25 1e+6 0.1 0.05 6e-6 0.42 3e-10 2e-4 2e-3 0.3 0.4 0.5 7e+5 5e-13 0 1e-6 1e-6 0.05 0.0552147 1e+06 326 -7.98508e-07 -7.98508e-07
2781 26 1e+6 0.1 0.05 6e-6 0.42 3e-10 2e-4 2e-3 0.3 0.4 0.5 7e+5 5e-13 0 1e-6 1e-6 0.05 0.0974441 1e+06 626 4.21994e-07 4.21994e-07
2781 27 1e+6 0.1 0.05 6e-6 0.42 3e-10 2e-4 2e-3 0.3 0.4 0.5 7e+5 5e-13 0 1e-6 1e-6 0.05 0 119836 631 -3.07828e-05 -1000
2781 28 1e+6 0.1 0.05 6e-6 0.42 3e-10 2e-4 2e-3 0.3 0.4 0.5 7e+5 5e-13 0 1e-6 1e-6 0.05 0 63332.3 399 -5.82464e-05 -1000
2781 29 1e+6 0.1 0.05 6e-6 0.42 3e-10 2e-4 2e-3 0.3 0.4 0.5 7e+5 5e-13 0 1e-6 1e-6 0.05 0 96566.5 559 -3.82004e-05 -1000
2781 30 1e+6 0.1 0.05 6e-6 0.42 3e-10 2e-4 2e-3 0.3 0.4 0.5 7e+5 5e-13 0 1e-6 1e-6 0.05 0 154409 586 -2.38903e-05 -1000
2781 31 1e+6 0.1 0.05 6e-6 0.42 3e-10 2e-4 2e-3 0.3 0.4 0.5 7e+5 5e-13 0 1e-6 1e-6 0.05 0 545244 489 -6.76556e-06 -1000
2781 32 1e+6 0.1 0.05 6e-6 0.42 3e-10 2e-4 2e-3 0.3 0.4 0.5 7e+5 5e-13 0 1e-6 1e-6 0.05 0 848764 482 -4.34618e-06 -1000
2781 33 1e+6 0.1 0.05 6e-6 0.42 3e-10 2e-4 2e-3 0.3 0.4 0.5 7e+5 5e-13 0 1e-6 1e-6 0.05 0 579049 398 -6.37059e-06 -1000
2781 34 1e+6 0.1 0.05 6e-6 0.42 3e-10 2e-4 2e-3 0.3 0.4 0.5 7e+5 5e-13 0 1e-6 1e-6 0.05 0 244291 518 -1.51004e-05 -1000
2781 35 1e+6 0.1 0.05 6e-6 0.42 3e-10 2e-4 2e-3 0.3 0.4 0.5 7e+5 5e-13 0 1e-6 1e-6 0.05 0 71182.1 428 -5.18231e-05 -1000
2781 36 1e+6 0.1 0.05 6e-6 0.42 3e-10 2e-4 2e-3 0.3 0.4 0.5 7e+5 5e-13 0 1e-6 1e-6 0.05 0 227904 799 -1.61861e-05 -1000
2781 37 1e+6 0.1 0.05 6e-6 0.42 3e-10 2e-4 2e-3 0.3 0.4 0.5 7e+5 5e-13 0 1e-6 1e-6 0.05 0 45560.6 314 -8.09665e-05 -1000
2781 38 1e+6 0.1 0.05 6e-6 0.42 3e-10 2e-4 2e-3 0.3 0.4 0.5 7e+5 5e-13 0 1e-6 1e-6 0.05 0 121579 561 -3.03415e-05 -1000
2781 39 1e+6 0.1 0.05 6e-6 0.42 3e-10 2e-4 2e-3 0.3 0.4 0.5 7e+5 5e-13 0 1e-6 1e-6 0.05 0 283928 361 -1.29923e-05 -1000
2781 40 1e+6 0.1 0.15 6e-6 0.42 3e-10 2e-4 2e-3 0.3 0.4 0.5 7e+5 5e-13 0 1e-6 1e-6 0.05 0 566643 335 -6.51006e-06 -1000
2781 41 1e+6 0.1 0.15 6e-6 0.42 3e-10 2e-4 2e-3 0.3 0.4 0.5 7e+5 5e-13 0 1e-6 1e-6 0.05 0 144231 741 -2.55762e-05 -1000
2781 42 1e+6 0.1 0.15 6e-6 0.42 3e-10 2e-4 2e-3 0.3 0.4 0.5 7e+5 5e-13 0 1e-6 1e-6 0.05 0 101938 604 -3.61875e-05 -1000
2781 43 1e+6 0.1 0.15 6e-6 0.42 3e-10 2e-4 2e-3 0.3 0.4 0.5 7e+5 5e-13 0 1e-6 1e-6 0.05 0 143526 467 -2.57019e-05 -1000
2781 44 1e+6 0.1 0.15 6e-6 0.42 3e-10 2e-4 2e-3 0.3 0.4 0.5 7e+5 5e-13 0 1e-6 1e-6 0.05 0 436806 550 -8.44511e-06 -1000
2781 45 1e+6 0.1 0.15 6e-6 0.42 3e-10 2e-4 2e-3 0.3 0.4 0.5 7e+5 5e-13 0 1e-6 1e-6 0.05 0 678989 362 -5.4329e-06 -1000
2781 46 1e+6 0.1 0.15 6e-6 0.42 3e-10 2e-4 2e-3 0.3 0.4 0.5 7e+5 5e-13 0 1e-6 1e-6 0.05 0 907834 337 -4.06338e-06 -1000
2781 47 1e+6 0.1 0.15 6e-6 0.42 3e-10 2e-4 2e-3 0.3 0.4 0.5 7e+5 5e-13 0 1e-6 1e-6 0.05 0 279343 391 -1.32056e-05 -1000
2781 48 1e+6 0.1 0.15 6e-6 0.42 3e-10 2e-4 2e-3 0.3 0.4 0.5 7e+5 5e-13 0 1e-6 1e-6 0.05 0 71883.5 335 -5.13175e-05 -1000
2781 49 1e+6 0.1 0.15 6e-6 0.42 3e-10 2e-4 2e-3 0.3 0.4 0.5 7e+5 5e-13 0 1e-6 1e-6 0.05 0 367847 387 -1.00283e-05 -1000
2781 50 1e+6 0.1 0.15 6e-6 0.42 3e-10 2e-4 2e-3 0.3 0.4 0.5 7e+5 5e-13 0 1e-6 1e-6 0.05 0 350011 298 -1.05393e-05 -1000
2781 51 1e+6 0.1 0.15 6e-6 0.42 3e-10 2e-4 2e-3 0.3 0.4 0.5 7e+5 5e-13 0 1e-6 1e-6 0.05 0 494643 280 -7.45766e-06 -1000
2781 52 1e+6 0.1 0.15 6e-6 0.42 3e-10 2e-4 2e-3 0.3 0.4 0.5 7e+5 5e-13 0 1e-6 1e-6 0.05 0 253735 395 -1.45383e-05 -1000
2781 53 1e+6 0.1 0.15 6e-6 0.42 3e-10 2e-4 2e-3 0.3 0.4 0.5 7e+5 5e-13 0 1e-6 1e-6 0.05 0 322397 543 -1.1442e-05 -1000
2781 54 1e+6 0.1 0.15 6e-6 0.42 3e-10 2e-4 2e-3 0.3 0.4 0.5 7e+5 5e-13 0 1e-6 1e-6 0.05 0 278177 610 -1.32609e-05 -1000
2781 55 1e+6 0.1 0.15 6e-6 0.42 3e-10 2e-4 2e-3 0.3 0.4 0.5 7e+5 5e-13 0 1e-6 1e-6 0.05 0 320701 361 -1.15025e-05 -1000
2781 56 1e+6 0.1 0.15 6e-6 0.42 3e-10 2e-4 2e-3 0.3 0.4 0.5 7e+5 5e-13 0 1e-6 1e-6 0.05 0 657239 688 -5.61269e-06 -1000
2781 57 1e+6 0.1 0.15 6e-6 0.42 3e-10 2e-4 2e-3 0.3 0.4 0.5 7e+5 5e-13 0 1e-6 1e-6 0.05 0 244717 385 -1.50741e-05 -1000
2781 58 1e+6 0.1 0.15 6e-6 0.42 3e-10 2e-4 2e-3 0.3 0.4 0.5 7e+5 5e-13 0 1e-6 1e-6 0.05 0 585652 800 -6.29876e-06 -1000
2781 59 1e+6 0.1 0.15 6e-6 0.42 3e-10 2e-4 2e-3 0.3 0.4 0.5 7e+5 5e-13 0 1e-6 1e-6 0.05 0 206980 400 -1.78224e-05 -1000
2781 60 1e+6 0.15 0.1 6e-6 0.42 3e-10 2e-4 2e-3 0.3 0.4 0.5 7e+5 5e-13 0 1e-6 1e-6 0.05 0.315436 1e+06 447 1.25988e-06 1.25988e-06
2781 61 1e+6 0.15 0.1 6e-6 0.42 3e-10 2e-4 2e-3 0.3 0.4 0.5 7e+5 5e-13 0 1e-6 1e-6 0.05 0.22623 1e+06 610 1.23837e-06 1.23837e-06
2781 62 1e+6 0.15 0.1 6e-6 0.42 3e-10 2e-4 2e-3 0.3 0.4 0.5 7e+5 5e-13 0 1e-6 1e-6 0.05 0 118309 578 -3.118e-05 -1000
2781 63 1e+6 0.15 0.1 6e-6 0.42 3e-10 2e-4 2e-3 0.3 0.4 0.5 7e+5 5e-13 0 1e-6 1e-6 0.05 0.716028 1e+06 574 2.32971e-06 2.32971e-06
2781 64 1e+6 0.15 0.1 6e-6 0.42 3e-10 2e-4 2e-3 0.3 0.4 0.5 7e+5 5e-13 0 1e-6 1e-6 0.05 0 29143.8 435 -0.000126575 -1000
2781 65 1e+6 0.15 0.1 6e-6 0.42 3e-10 2e-4 2e-3 0.3 0.4 0.5 7e+5 5e-13 0 1e-6 1e-6 0.05 0 842040 370 -4.38088e-06 -1000
2781 66 1e+6 0.15 0.1 6e-6 0.42 3e-10 2e-4 2e-3 0.3 0.4 0.5 7e+5 5e-13 0 1e-6 1e-6 0.05 0.0764925 1e+06 536 2.46926e-08 2.46926e-08
2781 67 1e+6 0.15 0.1 6e-6 0.42 3e-10 2e-4 2e-3 0.3 0.4 0.5 7e+5 5e-13 0 1e-6 1e-6 0.05 0 138651 501 -2.66055e-05 -1000
2781 68 1e+6 0.15 0.1 6e-6 0.42 3e-10 2e-4 2e-3 0.3 0.4 0.5 7e+5 5e-13 0 1e-6 1e-6 0.05 0.66313 1e+06 377 1.83258e-06 1.83258e-06
2781 69 1e+6 0.15 0.1 6e-6 0.42 3e-10 2e-4 2e-3 0.3 0.4 0.5 7e+5 5e-13 0 1e-6 1e-6 0.05 0.173034 1e+06 890 1.34807e-06 1.34807e-06
2781 70 1e+6 0.15 0.1 6e-6 0.42 3e-10 2e-4 2e-3 0.3 0.4 0.5 7e+5 5e-13 0 1e-6 1e-6 0.05 0.0998185 1e+06 551 3.18454e-07 3.18454e-07
2781 71 1e+6 0.15 0.1 6e-6 0.42 3e-10 2e-4 2e-3 0.3 0.4 0.5 7e+5 5e-13 0 1e-6 1e-6 0.05 0.254302 1e+06 523 1.20147e-06 1.20147e-06
2781 72 1e+6 0.15 0.1 6e-6 0.42 3e-10 2e-4 2e-3 0.3 0.4 0.5 7e+5 5e-13 0 1e-6 1e-6 0.05 0.374074 1e+06 540 1.61939e-06 1.61939e-06
2781 73 1e+6 0.15 0.1 6e-6 0.42 3e-10 2e-4 2e-3 0.3 0.4 0.5 7e+5 5e-13 0 1e-6 1e-6 0.05 0.0506567 1e+06 533 -3.93043e-07 -3.93043e-07
2781 74 1e+6 0.15 0.1 6e-6 0.42 3e-10 2e-4 2e-3 0.3 0.4 0.5 7e+5 5e-13 0 1e-6 1e-6 0.05 0.160069 1e+06 581 8.4372e-07 8.4372e-07
2781 75 1e+6 0.15 0.1 6e-6 0.42 3e-10 2e-4 2e-3 0.3 0.4 0.5 7e+5 5e-13 0 1e-6 1e-6 0.05 0 175960 587 -2.09643e-05 -1000
2781 76 1e+6 0.15 0.1 6e-6 0.42 3e-10 2e-4 2e-3 0.3 0.4 0.5 7e+5 5e-13 0 1e-6 1e-6 0.05 0.346734 1e+06 597 1.64384e-06 1.64384e-06
2781 77 1e+6 0.15 0.1 6e-6 0.42 3e-10 2e-4 2e-3 0.3 0.4 0.5 7e+5 5e-13 0 1e-6 1e-6 0.05 0.30572 1e+06 507 1.35455e-06 1.35455e-06
2781 78 1e+6 0.15 0.1 6e-6 0.42 3e-10 2e-4 2e-3 0.3 0.4 0.5 7e+5 5e-13 0 1e-6 1e-6 0.05 0.271472 1e+06 652 1.48727e-06 1.48727e-06
2781 79 1e+6 0.15 0.1 6e-6 0.42 3e-10 2e-4 2e-3 0.3 0.4 0.5 7e+5 5e-13 0 1e-6 1e-6 0.05 0.0496032 1e+06 504 -4.70004e-07 -4.70004e-07
2781 80 1e+6 0.15 0.2 6e-6 0.42 3e-10 2e-4 2e-3 0.3 0.4 0.5 7e+5 5e-13 0 1e-6 1e-6 0.05 0 247356 630 -1.49132e-05 -1000
2781 81 1e+6 0.15 0.2 6e-6 0.42 3e-10 2e-4 2e-3 0.3 0.4 0.5 7e+5 5e-13 0 1e-6 1e-6 0.05 0 47869.9 331 -7.70605e-05 -1000
2781 82 1e+6 0.15 0.2 6e-6 0.42 3e-10 2e-4 2e-3 0.3 0.4 0.5 7e+5 5e-13 0 1e-6 1e-6 0.05 0 206628 578 -1.78528e-05 -1000
2781 83 1e+6 0.15 0.2 6e-6 0.42 3e-10 2e-4 2e-3 0.3 0.4 0.5 7e+5 5e-13 0 1e-6 1e-6 0.05 0 675128 526 -5.46397e-06 -1000
2781 84 1e+6 0.15 0.2 6e-6 0.42 3e-10 2e-4 2e-3 0.3 0.4 0.5 7e+5 5e-13 0 1e-6 1e-6 0.05 0 480082 537 -7.68385e-06 -1000
2781 85 1e+6 0.15 0.2 6e-6 0.42 3e-10 2e-4 2e-3 0.3 0.4 0.5 7e+5 5e-13 0 1e-6 1e-6 0.05 0 212398 418 -1.73678e-05 -1000
2781 86 1e+6 0.15 0.2 6e-6 0.42 3e-10 2e-4 2e-3 0.3 0.4 0.5 7e+5 5e-13 0 1e-6 1e-6 0.05 0 107463 605 -3.43271e-05 -1000
2781 87 1e+6 0.15 0.2 6e-6 0.42 3e-10 2e-4 2e-3 0.3 0.4 0.5 7e+5 5e-13 0 1e-6 1e-6 0.05 0 180435 494 -2.04443e-05 -1000
2781 88 1e+6 0.15 0.2 6e-6 0.42 3e-10 2e-4 2e-3 0.3 0.4 0.5 7e+5 5e-13 0 1e-6 1e-6 0.05 0 55294.6 352 -6.67132e-05 -1000
2781 89 1e+6 0.15 0.2 6e-6 0.42 3e-10 2e-4 2e-3 0.3 0.4 0.5 7e+5 5e-13 0 1e-6 1e-6 0.05 0 57331.2 480 -6.43434e-05 -1000
2781 90 1e+6 0.15 0.2 6e-6 0.42 3e-10 2e-4 2e-3 0.3 0.4 0.5 7e+5 5e-13 0 1e-6 1e-6 0.05 0 115164 674 -3.20316e-05 -1000
2781 91 1e+6 0.15 0.2 6e-6 0.42 3e-10 2e-4 2e-3 0.3 0.4 0.5 7e+5 5e-13 0 1e-6 1e-6 0.05 0 198598 704 -1.85746e-05 -1000
2781 92 1e+6 0.15 0.2 6e-6 0.42 3e-10 2e-4 2e-3 0.3 0.4 0.5 7e+5 5e-13 0 1e-6 1e-6 0.05 0 377299 713 -9.77707e-06 -1000
2781 93 1e+6 0.15 0.2 6e-6 0.42 3e-10 2e-4 2e-3 0.3 0.4 0.5 7e+5 5e-13 0 1e-6 1e-6 0.05 0 204179 464 -1.80669e-05 -1000
2781 94 1e+6 0.15 0.2 6e-6 0.42 3e-10 2e-4 2e-3 0.3 0.4 0.5 7e+5 5e-13 0 1e-6 1e-6 0.05 0 137501 505 -2.6828e-05 -1000
2781 95 1e+6 0.15 0.2 6e-6 0.42 3e-10 2e-4 2e-3 0.3 0.4 0.5 7e+5 5e-13 0 1e-6 1e-6 0.05 0 39687 315 -9.29494e-05 -1000
2781 96 1e+6 0.15 0.2 6e-6 0.42 3e-10 2e-4 2e-3 0.3 0.4 0.5 7e+5 5e-13 0 1e-6 1e-6 0.05 0 566509 452 -6.5116e-06 -1000
2781 97 1e+6 0.15 0.2 6e-6 0.42 3e-10 2e-4 2e-3 0.3 0.4 0.5 7e+5 5e-13 0 1e-6 1e-6 0.05 0 195198 704 -1.88982e-05 -1000
2781 98 1e+6 0.15 0.2 6e-6 0.42 3e-10 2e-4 2e-3 0.3 0.4 0.5 7e+5 5e-13 0 1e-6 1e-6 0.05 0 276452 552 -1.33437e-05 -1000
2781 99 1e+6 0.15 0.2 6e-6 0.42 3e-10 2e-4 2e-3 0.3 0.4 0.5 7e+5 5e-13 0 1e-6 1e-6 0.05 0 514617 502 -7.1682e-06 -1000
2781 100 1e+6 0.2 0.15 6e-6 0.42 3e-10 2e-4 2e-3 0.3 0.4 0.5 7e+5 5e-13 0 1e-6 1e-6 0.05 0.437729 1e+06 546 1.78758e-06 1.78758e-06
2781 101 1e+6 0.2 0.15 6e-6 0.42 3e-10 2e-4 2e-3 0.3 0.4 0.5 7e+5 5e-13 0 1e-6 1e-6 0.05 0.442424 1e+06 495 1.70019e-06 1.70019e-06
2781 102 1e+6 0.2 0.15 6e-6 0.42 3e-10 2e-4 2e-3 0.3 0.4 0.5 7e+5 5e-13 0 1e-6 1e-6 0.05 0.711988 1e+06 684 2.49938e-06 2.49938e-06
2781 103 1e+6 0.2 0.15 6e-6 0.42 3e-10 2e-4 2e-3 0.3 0.4 0.5 7e+5 5e-13 0 1e-6 1e-6 0.05 0.534722 1e+06 432 1.75354e-06 1.75354e-06
2781 104 1e+6 0.2 0.15 6e-6 0.42 3e-10 2e-4 2e-3 0.3 0.4 0.5 7e+5 5e-13 0 1e-6 1e-6 0.05 0.832936 1e+06 838 2.85934e-06 2.85934e-06
2781 105 1e+6 0.2 0.15 6e-6 0.42 3e-10 2e-4 2e-3 0.3 0.4 0.5 7e+5 5e-13 0 1e-6 1e-6 0.05 0.491304 1e+06 690 2.13712e-06 2.13712e-06
2781 106 1e+6 0.2 0.15 6e-6 0.42 3e-10 2e-4 2e-3 0.3 0.4 0.5 7e+5 5e-13 0 1e-6 1e-6 0.05 0 309989 529 -1.19e-05 -1000
2781 107 1e+6 0.2 0.15 6e-6 0.42 3e-10 2e-4 2e-3 0.3 0.4 0.5 7e+5 5e-13 0 1e-6 1e-6 0.05 0.458333 1e+06 912 2.3466e-06 2.3466e-06
2781 108 1e+6 0.2 0.15 6e-6 0.42 3e-10 2e-4 2e-3 0.3 0.4 0.5 7e+5 5e-13 0 1e-6 1e-6 0.05 0.194444 1e+06 720 1.25276e-06 1.25276e-06
2781 109 1e+6 0.2 0.15 6e-6 0.42 3e-10 2e-4 2e-3 0.3 0.4 0.5 7e+5 5e-13 0 1e-6 1e-6 0.05 0.598361 1e+06 488 1.98787e-06 1.98787e-06
2781 110 1e+6 0.2 0.15 6e-6 0.42 3e-10 2e-4 2e-3 0.3 0.4 0.5 7e+5 5e-13 0 1e-6 1e-6 0.05 0.252964 1e+06 506 1.16315e-06 1.16315e-06
2781 111 1e+6 0.2 0.15 6e-6 0.42 3e-10 2e-4 2e-3 0.3 0.4 0.5 7e+5 5e-13 0 1e-6 1e-6 0.05 0.478632 1e+06 819 2.28238e-06 2.28238e-06
2781 112 1e+6 0.2 0.15 6e-6 0.42 3e-10 2e-4 2e-3 0.3 0.4 0.5 7e+5 5e-13 0 1e-6 1e-6 0.05 0.116861 1e+06 599 5.59616e-07 5.59616e-07
2781 113 1e+6 0.2 0.15 6e-6 0.42 3e-10 2e-4 2e-3 0.3 0.4 0.5 7e+5 5e-13 0 1e-6 1e-6 0.05 0.464407 1e+06 590 1.92425e-06 1.92425e-06
2781 114 1e+6 0.2 0.15 6e-6 0.42 3e-10 2e-4 2e-3 0.3 0.4 0.5 7e+5 5e-13 0 1e-6 1e-6 0.05 0.359712 1e+06 695 1.83258e-06 1.83258e-06
2781 115 1e+6 0.2 0.15 6e-6 0.42 3e-10 2e-4 2e-3 0.3 0.4 0.5 7e+5 5e-13 0 1e-6 1e-6 0.05 0.0559441 1e+06 715 0 0
2781 116 1e+6 0.2 0.15 6e-6 0.42 3e-10 2e-4 2e-3 0.3 0.4 0.5 7e+5 5e-13 0 1e-6 1e-6 0.05 0.49835 1e+06 606 2.02155e-06 2.02155e-06
2781 117 1e+6 0.2 0.15 6e-6 0.42 3e-10 2e-4 2e-3 0.3 0.4 0.5 7e+5 5e-13 0 1e-6 1e-6 0.05 0.264045 1e+06 712 1.54756e-06 1.54756e-06
2781 118 1e+6 0.2 0.15 6e-6 0.42 3e-10 2e-4 2e-3 0.3 0.4 0.5 7e+5 5e-13 0 1e-6 1e-6 0.05 0.406977 1e+06 430 1.47591e-06 1.47591e-06
2781 119 1e+6 0.2 0.15 6e-6 0.42 3e-10 2e-4 2e-3 0.3 0.4 0.5 7e+5 5e-13 0 1e-6 1e-6 0.05 0.449029 1e+06 412 1.53148e-06 1.53148e-06
2781 120 1e+6 0.05 0.1 7e-6 0.42 3e-10 2e-4 2e-3 0.3 0.4 0.5 7e+5 5e-13 0 1e-6 1e-6 0.05 0 395530 297 -8.98882e-06 -1000
2781 121 1e+6 0.05 0.1 7e-6 0.42 3e-10 2e-4 2e-3 0.3 0.4 0.5 7e+5 5e-13 0 1e-6 1e-6 0.05 0.748227 1e+06 282 1.79651e-06 1.79651e-06
2781 122 1e+6 0.05 0.1 7e-6 0.42 3e-10 2e-4 2e-3 0.3 0.4 0.5 7e+5 5e-13 0 1e-6 1e-6 0.05 0 81039.6 177 -4.38717e-05 -1000
2781 123 1e+6 0.05 0.1 7e-6 0.42 3e-10 2e-4 2e-3 0.3 0.4 0.5 7e+5 5e-13 0 1e-6 1e-6 0.05 0 160563 468 -2.2143e-05 -1000
2781 124 1e+6 0.05 0.1 7e-6 0.42 3e-10 2e-4 2e-3 0.3 0.4 0.5 7e+5 5e-13 0 1e-6 1e-6 0.05 0 634858 224 -5.60022e-06 -1000
2781 125 1e+6 0.05 0.1 7e-6 0.42 3e-10 2e-4 2e-3 0.3 0.4 0.5 7e+5 5e-13 0 1e-6 1e-6 0.05 0.48 1e+06 275 1.32745e-06 1.32745e-06
2781 126 1e+6 0.05 0.1 7e-6 0.42 3e-10 2e-4 2e-3 0.3 0.4 0.5 7e+5 5e-13 0 1e-6 1e-6 0.05 0 243446 398 -1.46043e-05 -1000
2781 127 1e+6 0.05 0.1 7e-6 0.42 3e-10 2e-4 2e-3 0.3 0.4 0.5 7e+5 5e-13 0 1e-6 1e-6 0.05 0 977385 218 -3.63761e-06 -1000
2781 128 1e+6 0.05 0.1 7e-6 0.42 3e-10 2e-4 2e-3 0.3 0.4 0.5 7e+5 5e-13 0 1e-6 1e-6 0.05 0 739907 332 -4.80513e-06 -1000
2781 129 1e+6 0.05 0.1 7e-6 0.42 3e-10 2e-4 2e-3 0.3 0.4 0.5 7e+5 5e-13 0 1e-6 1e-6 0.05 0.0783898 1e+06 472 5.55699e-08 5.55699e-08
2781 130 1e+6 0.05 0.1 7e-6 0.42 3e-10 2e-4 2e-3 0.3 0.4 0.5 7e+5 5e-13 0 1e-6 1e-6 0.05 0 64498.9 183 -5.51226e-05 -1000
2781 131 1e+6 0.05 0.1 7e-6 0.42 3e-10 2e-4 2e-3 0.3 0.4 0.5 7e+5 5e-13 0 1e-6 1e-6 0.05 0 662929 267 -5.36309e-06 -1000
2781 132 1e+6 0.05 0.1 7e-6 0.42 3e-10 2e-4 2e-3 0.3 0.4 0.5 7e+5 5e-13 0 1e-6 1e-6 0.05 0 75389.7 199 -4.71596e-05 -1000
2781 133 1e+6 0.05 0.1 7e-6 0.42 3e-10 2e-4 2e-3 0.3 0.4 0.5 7e+5 5e-13 0 1e-6 1e-6 0.05 0 73640.9 173 -4.82795e-05 -1000
2781 134 1e+6 0.05 0.1 7e-6 0.42 3e-10 2e-4 2e-3 0.3 0.4 0.5 7e+5 5e-13 0 1e-6 1e-6 0.05 0.240535 1e+06 449 1.12678e-06 1.12678e-06
2781 135 1e+6 0.05 0.1 7e-6 0.42 3e-10 2e-4 2e-3 0.3 0.4 0.5 7e+5 5e-13 0 1e-6 1e-6 0.05 0 120563 251 -2.94895e-05 -1000
2781 136 1e+6 0.05 0.1 7e-6 0.42 3e-10 2e-4 2e-3 0.3 0.4 0.5 7e+5 5e-13 0 1e-6 1e-6 0.05 0.50396 1e+06 1010 2.6771e-06 2.6771e-06
2781 137 1e+6 0.05 0.1 7e-6 0.42 3e-10 2e-4 2e-3 0.3 0.4 0.5 7e+5 5e-13 0 1e-6 1e-6 0.05 0.226562 1e+06 256 5.05095e-07 5.05095e-07
2781 138 1e+6 0.05 0.1 7e-6 0.42 3e-10 2e-4 2e-3 0.3 0.4 0.5 7e+5 5e-13 0 1e-6 1e-6 0.05 0 63392.2 223 -5.60849e-05 -1000
2781 139 1e+6 0.05 0.1 7e-6 0.42 3e-10 2e-4 2e-3 0.3 0.4 0.5 7e+5 5e-13 0 1e-6 1e-6 0.05 0 428636 280 -8.29456e-06 -1000
2781 140 1e+6 0.1 0.05 7e-6 0.42 3e-10 2e-4 2e-3 0.3 0.4 0.5 7e+5 5e-13 0 1e-6 1e-6 0.05 0 448452 586 -8.2258e-06 -1000
2781 141 1e+6 0.1 0.05 7e-6 0.42 3e-10 2e-4 2e-3 0.3 0.4 0.5 7e+5 5e-13 0 1e-6 1e-6 0.05 0 30590.2 385 -0.00012059 -1000
2781 142 1e+6 0.1 0.05 7e-6 0.42 3e-10 2e-4 2e-3 0.3 0.4 0.5 7e+5 5e-13 0 1e-6 1e-6 0.05 0 158614 589 -2.3257e-05 -1000
2781 143 1e+6 0.1 0.05 7e-6 0.42 3e-10 2e-4 2e-3 0.3 0.4 0.5 7e+5 5e-13 0 1e-6 1e-6 0.05 0 817595 740 -4.51187e-06 -1000
2781 144 1e+6 0.1 0.05 7e-6 0.42 3e-10 2e-4 2e-3 0.3 0.4 0.5 7e+5 5e-13 0 1e-6 1e-6 0.05 0 114140 459 -3.2319e-05 -1000
2781 145 1e+6 0.1 0.05 7e-6 0.42 3e-10 2e-4 2e-3 0.3 0.4 0.5 7e+5 5e-13 0 1e-6 1e-6 0.05 0 492486 300 -7.49032e-06 -1000
2781 146 1e+6 0.1 0.05 7e-6 0.42 3e-10 2e-4 2e-3 0.3 0.4 0.5 7e+5 5e-13 0 1e-6 1e-6 0.05 0 403413 694 -9.14418e-06 -1000
2781 147 1e+6 0.1 0.05 7e-6 0.42 3e-10 2e-4 2e-3 0.3 0.4 0.5 7e+5 5e-13 0 1e-6 1e-6 0.05 0 54942.5 295 -6.71408e-05 -1000
2781 148 1e+6 0.1 0.05 7e-6 0.42 3e-10 2e-4 2e-3 0.3 0.4 0.5 7e+5 5e-13 0 1e-6 1e-6 0.05 0.0477032 1e+06 566 -3.93043e-07 -3.93043e-07
2781 149 1e+6 0.1 0.05 7e-6 0.42 3e-10 2e-4 2e-3 0.3 0.4 0.5 7e+5 5e-13 0 1e-6 1e-6 0.05 0 103464 671 -3.56538e-05 -1000
2781 150 1e+6 0.1 0.05 7e-6 0.42 3e-10 2e-4 2e-3 0.3 0.4 0.5 7e+5 5e-13 0 1e-6 1e-6 0.05 0 417654 389 -8.83238e-06 -1000
2781 151 1e+6 0.1 0.05 7e-6 0.42 3e-10 2e-4 2e-3 0.3 0.4 0.5 7e+5 5e-13 0 1e-6 1e-6 0.05 0 997085 1000 -3.69966e-06 -1000
2781 152 1e+6 0.1 0.05 7e-6 0.42 3e-10 2e-4 2e-3 0.3 0.4 0.5 7e+5 5e-13 0 1e-6 1e-6 0.05 0 128890 550 -2.86204e-05 -1000
2781 153 1e+6 0.1 0.05 7e-6 0.42 3e-10 2e-4 2e-3 0.3 0.4 0.5 7e+5 5e-13 0 1e-6 1e-6 0.05 0 906291 778 -4.0703e-06 -1000
2781 154 1e+6 0.1 0.05 7e-6 0.42 3e-10 2e-4 2e-3 0.3 0.4 0.5 7e+5 5e-13 0 1e-6 1e-6 0.05 0 98456.2 517 -3.74672e-05 -1000
2781 155 1e+6 0.1 0.05 7e-6 0.42 3e-10 2e-4 2e-3 0.3 0.4 0.5 7e+5 5e-13 0 1e-6 1e-6 0.05 0 333265 332 -1.10689e-05 -1000
2781 156 1e+6 0.1 0.05 7e-6 0.42 3e-10 2e-4 2e-3 0.3 0.4 0.5 7e+5 5e-13 0 1e-6 1e-6 0.05 0 58389.8 292 -6.31768e-05 -1000
2781 157 1e+6 0.1 0.05 7e-6 0.42 3e-10 2e-4 2e-3 0.3 0.4 0.5 7e+5 5e-13 0 1e-6 1e-6 0.05 0 136711 528 -2.69831e-05 -1000
2781 158 1e+6 0.1 0.05 7e-6 0.42 3e-10 2e-4 2e-3 0.3 0.4 0.5 7e+5 5e-13 0 1e-6 1e-6 0.05 0 159397 387 -2.31428e-05 -1000
2781 159 1e+6 0.1 0.05 7e-6 0.42 3e-10 2e-4 2e-3 0.3 0.4 0.5 7e+5 5e-13 0 1e-6 1e-6 0.05 0.101949 1e+06 667 5.30628e-07 5.30628e-07
2781 160 1e+6 0.1 0.15 7e-6 0.42 3e-10 2e-4 2e-3 0.3 0.4 0.5 7e+5 5e-13 0 1e-6 1e-6 0.05 0 256141 434 -1.44018e-05 -1000
2781 161 1e+6 0.1 0.15 7e-6 0.42 3e-10 2e-4 2e-3 0.3 0.4 0.5 7e+5 5e-13 0 1e-6 1e-6 0.05 0 236077 543 -1.56257e-05 -1000
2781 162 1e+6 0.1 0.15 7e-6 0.42 3e-10 2e-4 2e-3 0.3 0.4 0.5 7e+5 5e-13 0 1e-6 1e-6 0.05 0.0333333 1e+06 300 -1.38629e-06 -1.38629e-06
2781 163 1e+6 0.1 0.15 7e-6 0.42 3e-10 2e-4 2e-3 0.3 0.4 0.5 7e+5 5e-13 0 1e-6 1e-6 0.05 0.0386598 1e+06 776 -2.87682e-07 -2.87682e-07
2781 164 1e+6 0.1 0.15 7e-6 0.42 3e-10 2e-4 2e-3 0.3 0.4 0.5 7e+5 5e-13 0 1e-6 1e-6 0.05 0 211352 647 -1.74537e-05 -1000
2781 165 1e+6 0.1 0.15 7e-6 0.42 3e-10 2e-4 2e-3 0.3 0.4 0.5 7e+5 5e-13 0 1e-6 1e-6 0.05 0 353076 225 -1.04478e-05 -1000
2781 166 1e+6 0.1 0.15 7e-6 0.42 3e-10 2e-4 2e-3 0.3 0.4 0.5 7e+5 5e-13 0 1e-6 1e-6 0.05 0 116003 523 -3.17999e-05 -1000
2781 167 1e+6 0.1 0.15 7e-6 0.42 3e-10 2e-4 2e-3 0.3 0.4 0.5 7e+5 5e-13 0 1e-6 1e-6 0.05 0 312401 460 -1.18082e-05 -1000
2781 168 1e+6 0.1 0.15 7e-6 0.42 3e-10 2e-4 2e-3 0.3 0.4 0.5 7e+5 5e-13 0 1e-6 1e-6 0.05 0 744749 738 -4.95318e-06 -1000
2781 169 1e+6 0.1 0.15 7e-6 0.42 3e-10 2e-4 2e-3 0.3 0.4 0.5 7e+5 5e-13 0 1e-6 1e-6 0.05 0.0589569 1e+06 441 -4.30783e-07 -4.30783e-07
2781 170 1e+6 0.1 0.15 7e-6 0.42 3e-10 2e-4 2e-3 0.3 0.4 0.5 7e+5 5e-13 0 1e-6 1e-6 0.05 0 140733 556 -2.62118e-05 -1000
2781 171 1e+6 0.1 0.15 7e-6 0.42 3e-10 2e-4 2e-3 0.3 0.4 0.5 7e+5 5e-13 0 1e-6 1e-6 0.05 0 351801 457 -1.04857e-05 -1000
2781 172 1e+6 0.1 0.15 7e-6 0.42 3e-10 2e-4 2e-3 0.3 0.4 0.5 7e+5 5e-13 0 1e-6 1e-6 0.05 0 88412.9 582 -4.17233e-05 -1000
2781 173 1e+6 0.1 0.15 7e-6 0.42 3e-10 2e-4 2e-3 0.3 0.4 0.5 7e+5 5e-13 0 1e-6 1e-6 0.05 0 162684 441 -2.26751e-05 -1000
2781 174 1e+6 0.1 0.15 7e-6 0.42 3e-10 2e-4 2e-3 0.3 0.4 0.5 7e+5 5e-13 0 1e-6 1e-6 0.05 0.0303398 1e+06 824 -4.70004e-07 -4.70004e-07
2781 175 1e+6 0.1 0.15 7e-6 0.42 3e-10 2e-4 2e-3 0.3 0.4 0.5 7e+5 5e-13 0 1e-6 1e-6 0.05 0 275569 423 -1.33864e-05 -1000
2781 176 1e+6 0.1 0.15 7e-6 0.42 3e-10 2e-4 2e-3 0.3 0.4 0.5 7e+5 5e-13 0 1e-6 1e-6 0.05 0 555066 527 -6.64584e-06 -1000
2781 177 1e+6 0.1 0.15 7e-6 0.42 3e-10 2e-4 2e-3 0.3 0.4 0.5 7e+5 5e-13 0 1e-6 1e-6 0.05 0 523451 534 -7.04724e-06 -1000
2781 178 1e+6 0.1 0.15 7e-6 0.42 3e-10 2e-4 2e-3 0.3 0.4 0.5 7e+5 5e-13 0 1e-6 1e-6 0.05 0 228881 341 -1.6117e-05 -1000
2781 179 1e+6 0.1 0.15 7e-6 0.42 3e-10 2e-4 2e-3 0.3 0.4 0.5 7e+5 5e-13 0 1e-6 1e-6 0.05 0 316993 445 -1.16371e-05 -1000
2781 180 1e+6 0.15 0.1 7e-6 0.42 3e-10 2e-4 2e-3 0.3 0.4 0.5 7e+5 5e-13 0 1e-6 1e-6 0.05 0 181817 443 -2.02889e-05 -1000
2781 181 1e+6 0.15 0.1 7e-6 0.42 3e-10 2e-4 2e-3 0.3 0.4 0.5 7e+5 5e-13 0 1e-6 1e-6 0.05 0 390685 709 -9.44208e-06 -1000
2781 182 1e+6 0.15 0.1 7e-6 0.42 3e-10 2e-4 2e-3 0.3 0.4 0.5 7e+5 5e-13 0 1e-6 1e-6 0.05 0.292553 1e+06 376 1.0116e-06 1.0116e-06
2781 183 1e+6 0.15 0.1 7e-6 0.42 3e-10 2e-4 2e-3 0.3 0.4 0.5 7e+5 5e-13 0 1e-6 1e-6 0.05 0.28264 1e+06 697 1.59432e-06 1.59432e-06
2781 184 1e+6 0.15 0.1 7e-6 0.42 3e-10 2e-4 2e-3 0.3 0.4 0.5 7e+5 5e-13 0 1e-6 1e-6 0.05 0.18007 1e+06 572 9.4585e-07 9.4585e-07
2781 185 1e+6 0.15 0.1 7e-6 0.42 3e-10 2e-4 2e-3 0.3 0.4 0.5 7e+5 5e-13 0 1e-6 1e-6 0.05 0.352764 1e+06 995 2.17191e-06 2.17191e-06
2781 186 1e+6 0.15 0.1 7e-6 0.42 3e-10 2e-4 2e-3 0.3 0.4 0.5 7e+5 5e-13 0 1e-6 1e-6 0.05 0.475186 1e+06 806 2.25916e-06 2.25916e-06
2781 187 1e+6 0.15 0.1 7e-6 0.42 3e-10 2e-4 2e-3 0.3 0.4 0.5 7e+5 5e-13 0 1e-6 1e-6 0.05 0.250958 1e+06 522 1.18632e-06 1.18632e-06
2781 188 1e+6 0.15 0.1 7e-6 0.42 3e-10 2e-4 2e-3 0.3 0.4 0.5 7e+5 5e-13 0 1e-6 1e-6 0.05 0.476923 1e+06 455 1.69102e-06 1.69102e-06
2781 189 1e+6 0.15 0.1 7e-6 0.42 3e-10 2e-4 2e-3 0.3 0.4 0.5 7e+5 5e-13 0 1e-6 1e-6 0.05 0.309751 1e+06 523 1.39872e-06 1.39872e-06
2781 190 1e+6 0.15 0.1 7e-6 0.42 3e-10 2e-4 2e-3 0.3 0.4 0.5 7e+5 5e-13 0 1e-6 1e-6 0.05 0 119675 519 -3.08241e-05 -1000
2781 191 1e+6 0.15 0.1 7e-6 0.42 3e-10 2e-4 2e-3 0.3 0.4 0.5 7e+5 5e-13 0 1e-6 1e-6 0.05 0 743796 526 -4.95953e-06 -1000
2781 192 1e+6 0.15 0.1 7e-6 0.42 3e-10 2e-4 2e-3 0.3 0.4 0.5 7e+5 5e-13 0 1e-6 1e-6 0.05 0.373089 1e+06 654 1.80829e-06 1.80829e-06
2781 193 1e+6 0.15 0.1 7e-6 0.42 3e-10 2e-4 2e-3 0.3 0.4 0.5 7e+5 5e-13 0 1e-6 1e-6 0.05 0 145891 588 -2.52851e-05 -1000
2781 194 1e+6 0.15 0.1 7e-6 0.42 3e-10 2e-4 2e-3 0.3 0.4 0.5 7e+5 5e-13 0 1e-6 1e-6 0.05 0 30542.8 380 -0.000120777 -1000
2781 195 1e+6 0.15 0.1 7e-6 0.42 3e-10 2e-4 2e-3 0.3 0.4 0.5 7e+5 5e-13 0 1e-6 1e-6 0.05 0.221154 1e+06 728 1.39252e-06 1.39252e-06
2781 196 1e+6 0.15 0.1 7e-6 0.42 3e-10 2e-4 2e-3 0.3 0.4 0.5 7e+5 5e-13 0 1e-6 1e-6 0.05 0.107994 1e+06 713 6.54926e-07 6.54926e-07
2781 197 1e+6 0.15 0.1 7e-6 0.42 3e-10 2e-4 2e-3 0.3 0.4 0.5 7e+5 5e-13 0 1e-6 1e-6 0.05 0.560907 1e+06 706 2.29253e-06 2.29253e-06
2781 198 1e+6 0.15 0.1 7e-6 0.42 3e-10 2e-4 2e-3 0.3 0.4 0.5 7e+5 5e-13 0 1e-6 1e-6 0.05 0 488057 546 -7.55829e-06 -1000
2781 199 1e+6 0.15 0.1 7e-6 0.42 3e-10 2e-4 2e-3 0.3 0.4 0.5 7e+5 5e-13 0 1e-6 1e-6 0.05 0.247485 1e+06 497 1.1233e-06 1.1233e-06
2781 200 1e+6 0.15 0.2 7e-6 0.42 3e-10 2e-4 2e-3 0.3 0.4 0.5 7e+5 5e-13 0 1e-6 1e-6 0.05 0.0678514 1e+06 619 4.87902e-08 4.87902e-08
2781 201 1e+6 0.15 0.2 7e-6 0.42 3e-10 2e-4 2e-3 0.3 0.4 0.5 7e+5 5e-13 0 1e-6 1e-6 0.05 0 627331 558 -5.88027e-06 -1000
2781 202 1e+6 0.15 0.2 7e-6 0.42 3e-10 2e-4 2e-3 0.3 0.4 0.5 7e+5 5e-13 0 1e-6 1e-6 0.05 0 118688 783 -3.10804e-05 -1000
2781 203 1e+6 0.15 0.2 7e-6 0.42 3e-10 2e-4 2e-3 0.3 0.4 0.5 7e+5 5e-13 0 1e-6 1e-6 0.05 0.0461538 1e+06 520 -5.10826e-07 -5.10826e-07
2781 204 1e+6 0.15 0.2 7e-6 0.42 3e-10 2e-4 2e-3 0.3 0.4 0.5 7e+5 5e-13 0 1e-6 1e-6 0.05 0 386200 404 -9.55172e-06 -1000
2781 205 1e+6 0.15 0.2 7e-6 0.42 3e-10 2e-4 2e-3 0.3 0.4 0.5 7e+5 5e-13 0 1e-6 1e-6 0.05 0 102532 459 -3.59777e-05 -1000
2781 206 1e+6 0.15 0.2 7e-6 0.42 3e-10 2e-4 2e-3 0.3 0.4 0.5 7e+5 5e-13 0 1e-6 1e-6 0.05 0 569470 560 -6.47774e-06 -1000
2781 207 1e+6 0.15 0.2 7e-6 0.42 3e-10 2e-4 2e-3 0.3 0.4 0.5 7e+5 5e-13 0 1e-6 1e-6 0.05 0 101819 518 -3.62296e-05 -1000
2781 208 1e+6 0.15 0.2 7e-6 0.42 3e-10 2e-4 2e-3 0.3 0.4 0.5 7e+5 5e-13 0 1e-6 1e-6 0.05 0 46090 356 -8.00364e-05 -1000
2781 209 1e+6 0.15 0.2 7e-6 0.42 3e-10 2e-4 2e-3 0.3 0.4 0.5 7e+5 5e-13 0 1e-6 1e-6 0.05 0 169201 590 -2.18017e-05 -1000
2781 210 1e+6 0.15 0.2 7e-6 0.42 3e-10 2e-4 2e-3 0.3 0.4 0.5 7e+5 5e-13 0 1e-6 1e-6 0.05 0 343224 407 -1.07477e-05 -1000
2781 211 1e+6 0.15 0.2 7e-6 0.42 3e-10 2e-4 2e-3 0.3 0.4 0.5 7e+5 5e-13 0 1e-6 1e-6 0.05 0 204059 590 -1.80775e-05 -1000
2781 212 1e+6 0.15 0.2 7e-6 0.42 3e-10 2e-4 2e-3 0.3 0.4 0.5 7e+5 5e-13 0 1e-6 1e-6 0.05 0 118810 518 -3.10484e-05 -1000
2781 213 1e+6 0.15 0.2 7e-6 0.42 3e-10 2e-4 2e-3 0.3 0.4 0.5 7e+5 5e-13 0 1e-6 1e-6 0.05 0 246364 557 -1.49733e-05 -1000
2781 214 1e+6 0.15 0.2 7e-6 0.42 3e-10 2e-4 2e-3 0.3 0.4 0.5 7e+5 5e-13 0 1e-6 1e-6 0.05 0 106065 513 -3.47793e-05 -1000
2781 215 1e+6 0.15 0.2 7e-6 0.42 3e-10 2e-4 2e-3 0.3 0.4 0.5 7e+5 5e-13 0 1e-6 1e-6 0.05 0 89815.3 566 -4.10718e-05 -1000
2781 216 1e+6 0.15 0.2 7e-6 0.42 3e-10 2e-4 2e-3 0.3 0.4 0.5 7e+5 5e-13 0 1e-6 1e-6 0.05 0 117765 518 -3.13241e-05 -1000
2781 217 1e+6 0.15 0.2 7e-6 0.42 3e-10 2e-4 2e-3 0.3 0.4 0.5 7e+5 5e-13 0 1e-6 1e-6 0.05 0 165009 669 -2.23557e-05 -1000
2781 218 1e+6 0.15 0.2 7e-6 0.42 3e-10 2e-4 2e-3 0.3 0.4 0.5 7e+5 5e-13 0 1e-6 1e-6 0.05 0.0193662 1e+06 568 -1.29098e-06 -1.29098e-06
2781 219 1e+6 0.15 0.2 7e-6 0.42 3e-10 2e-4 2e-3 0.3 0.4 0.5 7e+5 5e-13 0 1e-6 1e-6 0.05 0 229684 435 -1.60607e-05 -1000
2781 220 1e+6 0.2 0.15 7e-6 0.42 3e-10 2e-4 2e-3 0.3 0.4 0.5 7e+5 5e-13 0 1e-6 1e-6 0.05 0.782847 1e+06 548 2.37258e-06 2.37258e-06
2781 221 1e+6 0.2 0.15 7e-6 0.42 3e-10 2e-4 2e-3 0.3 0.4 0.5 7e+5 5e-13 0 1e-6 1e-6 0.05 0.229167 1e+06 432 9.0624e-07 9.0624e-07
2781 222 1e+6 0.2 0.15 7e-6 0.42 3e-10 2e-4 2e-3 0.3 0.4 0.5 7e+5 5e-13 0 1e-6 1e-6 0.05 0.190051 1e+06 784 1.31507e-06 1.31507e-06
2781 223 1e+6 0.2 0.15 7e-6 0.42 3e-10 2e-4 2e-3 0.3 0.4 0.5 7e+5 5e-13 0 1e-6 1e-6 0.05 0.563898 1e+06 626 2.17759e-06 2.17759e-06
2781 224 1e+6 0.2 0.15 7e-6 0.42 3e-10 2e-4 2e-3 0.3 0.4 0.5 7e+5 5e-13 0 1e-6 1e-6 0.05 0 29586.2 381 -0.000124682 -1000
2781 225 1e+6 0.2 0.15 7e-6 0.42 3e-10 2e-4 2e-3 0.3 0.4 0.5 7e+5 5e-13 0 1e-6 1e-6 0.05 0.650096 1e+06 523 2.14007e-06 2.14007e-06
2781 226 1e+6 0.2 0.15 7e-6 0.42 3e-10 2e-4 2e-3 0.3 0.4 0.5 7e+5 5e-13 0 1e-6 1e-6 0.05 0 98368.6 508 -3.75006e-05 -1000
2781 227 1e+6 0.2 0.15 7e-6 0.42 3e-10 2e-4 2e-3 0.3 0.4 0.5 7e+5 5e-13 0 1e-6 1e-6 0.05 0 439598 661 -8.39149e-06 -1000
2781 228 1e+6 0.2 0.15 7e-6 0.42 3e-10 2e-4 2e-3 0.3 0.4 0.5 7e+5 5e-13 0 1e-6 1e-6 0.05 0.737523 1e+06 541 2.30008e-06 2.30008e-06
2781 229 1e+6 0.2 0.15 7e-6 0.42 3e-10 2e-4 2e-3 0.3 0.4 0.5 7e+5 5e-13 0 1e-6 1e-6 0.05 0.564516 1e+06 558 2.06369e-06 2.06369e-06
2781 230 1e+6 0.2 0.15 7e-6 0.42 3e-10 2e-4 2e-3 0.3 0.4 0.5 7e+5 5e-13 0 1e-6 1e-6 0.05 0.712855 1e+06 599 2.3679e-06 2.3679e-06
2781 231 1e+6 0.2 0.15 7e-6 0.42 3e-10 2e-4 2e-3 0.3 0.4 0.5 7e+5 5e-13 0 1e-6 1e-6 0.05 0.325203 1e+06 492 1.38629e-06 1.38629e-06
2781 232 1e+6 0.2 0.15 7e-6 0.42 3e-10 2e-4 2e-3 0.3 0.4 0.5 7e+5 5e-13 0 1e-6 1e-6 0.05 0.389928 1e+06 695 1.91324e-06 1.91324e-06
2781 233 1e+6 0.2 0.15 7e-6 0.42 3e-10 2e-4 2e-3 0.3 0.4 0.5 7e+5 5e-13 0 1e-6 1e-6 0.05 0 43920.4 327 -8.39901e-05 -1000
2781 234 1e+6 0.2 0.15 7e-6 0.42 3e-10 2e-4 2e-3 0.3 0.4 0.5 7e+5 5e-13 0 1e-6 1e-6 0.05 0.315789 1e+06 817 1.86408e-06 1.86408e-06
2781 235 1e+6 0.2 0.15 7e-6 0.42 3e-10 2e-4 2e-3 0.3 0.4 0.5 7e+5 5e-13 0 1e-6 1e-6 0.05 0.971469 1e+06 701 2.83468e-06 2.83468e-06
2781 236 1e+6 0.2 0.15 7e-6 0.42 3e-10 2e-4 2e-3 0.3 0.4 0.5 7e+5 5e-13 0 1e-6 1e-6 0.05 0.370115 1e+06 435 1.39252e-06 1.39252e-06
2781 237 1e+6 0.2 0.15 7e-6 0.42 3e-10 2e-4 2e-3 0.3 0.4 0.5 7e+5 5e-13 0 1e-6 1e-6 0.05 0.406295 1e+06 699 1.96009e-06 1.96009e-06
2781 238 1e+6 0.2 0.15 7e-6 0.42 3e-10 2e-4 2e-3 0.3 0.4 0.5 7e+5 5e-13 0 1e-6 1e-6 0.05 0.719715 1e+06 421 2.02485e-06 2.02485e-06
2781 239 1e+6 0.2 0.15 7e-6 0.42 3e-10 2e-4 2e-3 0.3 0.4 0.5 7e+5 5e-13 0 1e-6 1e-6 0.05 0.354125 1e+06 497 1.4816e-06 1.4816e-06
