2783 0 1e+6 0.05 0.1 5.5e-6 0.42 3e-10 2e-4 2e-3 0.3 0.4 0.5 7e+5 5e-13 0 1e-6 1e-6 0.05 0 88538.8 397 -4.01558e-05 -1000
2783 1 1e+6 0.05 0.1 5.5e-6 0.42 3e-10 2e-4 2e-3 0.3 0.4 0.5 7e+5 5e-13 0 1e-6 1e-6 0.05 0.239264 1e+06 163 1.08214e-07 1.08214e-07
2783 2 1e+6 0.05 0.1 5.5e-6 0.42 3e-10 2e-4 2e-3 0.3 0.4 0.5 7e+5 5e-13 0 1e-6 1e-6 0.05 0 408116 302 -8.71162e-06 -1000
2783 3 1e+6 0.05 0.1 5.5e-6 0.42 3e-10 2e-4 2e-3 0.3 0.4 0.5 7e+5 5e-13 0 1e-6 1e-6 0.05 0.26178 1e+06 191 3.56675e-07 3.56675e-07
2783 4 1e+6 0.05 0.1 5.5e-6 0.42 3e-10 2e-4 2e-3 0.3 0.4 0.5 7e+5 5e-13 0 1e-6 1e-6 0.05 0.619253 1e+06 696 2.51076e-06 2.51076e-06
2783 5 1e+6 0.05 0.1 5.5e-6 0.42 3e-10 2e-4 2e-3 0.3 0.4 0.5 7e+5 5e-13 0 1e-6 1e-6 0.05 0 55364.5 181 -6.42172e-05 -1000
2783 6 1e+6 0.05 0.1 5.5e-6 0.42 3e-10 2e-4 2e-3 0.3 0.4 0.5 7e+5 5e-13 0 1e-6 1e-6 0.05 0 92994 196 -3.8232e-05 -1000
2783 7 1e+6 0.05 0.1 5.5e-6 0.42 3e-10 2e-4 2e-3 0.3 0.4 0.5 7e+5 5e-13 0 1e-6 1e-6 0.05 0 251210 407 -1.41529e-05 -1000
2783 8 1e+6 0.05 0.1 5.5e-6 0.42 3e-10 2e-4 2e-3 0.3 0.4 0.5 7e+5 5e-13 0 1e-6 1e-6 0.05 0.221429 1e+06 140 -1.21361e-07 -1.21361e-07
2783 9 1e+6 0.05 0.1 5.5e-6 0.42 3e-10 2e-4 2e-3 0.3 0.4 0.5 7e+5 5e-13 0 1e-6 1e-6 0.05 0.161943 1e+06 247 1.33531e-07 1.33531e-07
2783 10 1e+6 0.05 0.1 5.5e-6 0.42 3e-10 2e-4 2e-3 0.3 0.4 0.5 7e+5 5e-13 0 1e-6 1e-6 0.05 0 70708.5 204 -5.02818e-05 -1000
2783 11 1e+6 0.05 0.1 5.5e-6 0.42 3e-10 2e-4 2e-3 0.3 0.4 0.5 7e+5 5e-13 0 1e-6 1e-6 0.05 0 956131 453 -3.71847e-06 -1000
2783 12 1e+6 0.05 0.1 5.5e-6 0.42 3e-10 2e-4 2e-3 0.3 0.4 0.5 7e+5 5e-13 0 1e-6 1e-6 0.05 0 120127 460 -2.95965e-05 -1000
2783 13 1e+6 0.05 0.1 5.5e-6 0.42 3e-10 2e-4 2e-3 0.3 0.4 0.5 7e+5 5e-13 0 1e-6 1e-6 0.05 0 450163 197 -7.89791e-06 -1000
2783 14 1e+6 0.05 0.1 5.5e-6 0.42 3e-10 2e-4 2e-3 0.3 0.4 0.5 7e+5 5e-13 0 1e-6 1e-6 0.05 0.137931 1e+06 232 -8.96122e-08 -8.96122e-08
2783 15 1e+6 0.05 0.1 5.5e-6 0.42 3e-10 2e-4 2e-3 0.3 0.4 0.5 7e+5 5e-13 0 1e-6 1e-6 0.05 0.559289 1e+06 1012 2.78325e-06 2.78325e-06
2783 16 1e+6 0.05 0.1 5.5e-6 0.42 3e-10 2e-4 2e-3 0.3 0.4 0.5 7e+5 5e-13 0 1e-6 1e-6 0.05 0 725560 721 -4.90014e-06 -1000
2783 17 1e+6 0.05 0.1 5.5e-6 0.42 3e-10 2e-4 2e-3 0.3 0.4 0.5 7e+5 5e-13 0 1e-6 1e-6 0.05 0.497093 1e+06 1032 2.68493e-06 2.68493e-06
2783 18 1e+6 0.05 0.1 5.5e-6 0.42 3e-10 2e-4 2e-3 0.3 0.4 0.5 7e+5 5e-13 0 1e-6 1e-6 0.05 0.548128 1e+06 374 1.76766e-06 1.76766e-06
2783 19 1e+6 0.05 0.1 5.5e-6 0.42 3e-10 2e-4 2e-3 0.3 0.4 0.5 7e+5 5e-13 0 1e-6 1e-6 0.05 0 509152 414 -6.98288e-06 -1000
2783 20 1e+6 0.1 0.05 5.5e-6 0.42 3e-10 2e-4 2e-3 0.3 0.4 0.5 7e+5 5e-13 0 1e-6 1e-6 0.05 0 472136 251 -7.81318e-06 -1000
2783 21 1e+6 0.1 0.05 5.5e-6 0.42 3e-10 2e-4 2e-3 0.3 0.4 0.5 7e+5 5e-13 0 1e-6 1e-6 0.05 0 970371 424 -3.80151e-06 -1000
2783 22 1e+6 0.1 0.05 5.5e-6 0.42 3e-10 2e-4 2e-3 0.3 0.4 0.5 7e+5 5e-13 0 1e-6 1e-6 0.05 0 774340 492 -4.7639e-06 -1000
2783 23 1e+6 0.1 0.05 5.5e-6 0.42 3e-10 2e-4 2e-3 0.3 0.4 0.5 7e+5 5e-13 0 1e-6 1e-6 0.05 0 678925 487 -5.43341e-06 -1000
2783 24 1e+6 0.1 0.05 5.5e-6 0.42 3e-10 2e-4 2e-3 0.3 0.4 0.5 7e+5 5e-13 0 1e-6 1e-6 0.05 0 263493 573 -1.39999e-05 -1000
2783 25 1e+6 0.1 0.05 5.5e-6 0.42 3e-10 2e-4 2e-3 0.3 0.4 0.5 7e+5 5e-13 0 1e-6 1e-6 0.05 0 290121 356 -1.2715e-05 -1000
2783 26 1e+6 0.1 0.05 5.5e-6 0.42 3e-10 2e-4 2e-3 0.3 0.4 0.5 7e+5 5e-13 0 1e-6 1e-6 0.05 0 357658 353 -1.0314e-05 -1000
2783 27 1e+6 0.1 0.05 5.5e-6 0.42 3e-10 2e-4 2e-3 0.3 0.4 0.5 7e+5 5e-13 0 1e-6 1e-6 0.05 0 820728 333 -4.49464e-06 -1000
2783 28 1e+6 0.1 0.05 5.5e-6 0.42 3e-10 2e-4 2e-3 0.3 0.4 0.5 7e+5 5e-13 0 1e-6 1e-6 0.05 0.00779221 1e+06 385 -2.59027e-06 -2.59027e-06
2783 29 1e+6 0.1 0.05 5.5e-6 0.42 3e-10 2e-4 2e-3 0.3 0.4 0.5 7e+5 5e-13 0 1e-6 1e-6 0.05 0 908850 762 -4.05884e-06 -1000
2783 30 1e+6 0.1 0.05 5.5e-6 0.42 3e-10 2e-4 2e-3 0.3 0.4 0.5 7e+5 5e-13 0 1e-6 1e-6 0.05 0 474898 761 -7.76773e-06 -1000
2783 31 1e+6 0.1 0.05 5.5e-6 0.42 3e-10 2e-4 2e-3 0.3 0.4 0.5 7e+5 5e-13 0 1e-6 1e-6 0.05 0 294833 870 -1.25117e-05 -1000
2783 32 1e+6 0.1 0.05 5.5e-6 0.42 3e-10 2e-4 2e-3 0.3 0.4 0.5 7e+5 5e-13 0 1e-6 1e-6 0.05 0 57945.5 337 -6.36612e-05 -1000
2783 33 1e+6 0.1 0.05 5.5e-6 0.42 3e-10 2e-4 2e-3 0.3 0.4 0.5 7e+5 5e-13 0 1e-6 1e-6 0.05 0 49951.7 315 -7.38489e-05 -1000
2783 34 1e+6 0.1 0.05 5.5e-6 0.42 3e-10 2e-4 2e-3 0.3 0.4 0.5 7e+5 5e-13 0 1e-6 1e-6 0.05 0 122115 541 -3.02083e-05 -1000
2783 35 1e+6 0.1 0.05 5.5e-6 0.42 3e-10 2e-4 2e-3 0.3 0.4 0.5 7e+5 5e-13 0 1e-6 1e-6 0.05 0 151454 607 -2.43564e-05 -1000
2783 36 1e+6 0.1 0.05 5.5e-6 0.42 3e-10 2e-4 2e-3 0.3 0.4 0.5 7e+5 5e-13 0 1e-6 1e-6 0.05 0.145833 1e+06 480 5.59616e-07 5.59616e-07
2783 37 1e+6 0.1 0.05 5.5e-6 0.42 3e-10 2e-4 2e-3 0.3 0.4 0.5 7e+5 5e-13 0 1e-6 1e-6 0.05 0 57595 397 -6.40486e-05 -1000
2783 38 1e+6 0.1 0.05 5.5e-6 0.42 3e-10 2e-4 2e-3 0.3 0.4 0.5 7e+5 5e-13 0 1e-6 1e-6 0.05 0 758574 609 -4.86292e-06 -1000
2783 39 1e+6 0.1 0.05 5.5e-6 0.42 3e-10 2e-4 2e-3 0.3 0.4 0.5 7e+5 5e-13 0 1e-6 1e-6 0.05 0 376440 484 -9.79938e-06 -1000
2783 40 1e+6 0.1 0.15 5.5e-6 0.42 3e-10 2e-4 2e-3 0.3 0.4 0.5 7e+5 5e-13 0 1e-6 1e-6 0.05 0 586917 293 -6.28518e-06 -1000
2783 41 1e+6 0.1 0.15 5.5e-6 0.42 3e-10 2e-4 2e-3 0.3 0.4 0.5 7e+5 5e-13 0 1e-6 1e-6 0.05 0.0288066 1e+06 486 -1.04982e-06 -1.04982e-06
2783 42 1e+6 0.1 0.15 5.5e-6 0.42 3e-10 2e-4 2e-3 0.3 0.4 0.5 7e+5 5e-13 0 1e-6 1e-6 0.05 0 250570 486 -1.4722e-05 -1000
2783 43 1e+6 0.1 0.15 5.5e-6 0.42 3e-10 2e-4 2e-3 0.3 0.4 0.5 7e+5 5e-13 0 1e-6 1e-6 0.05 0 304267 500 -1.21238e-05 -1000
2783 44 1e+6 0.1 0.15 5.5e-6 0.42 3e-10 2e-4 2e-3 0.3 0.4 0.5 7e+5 5e-13 0 1e-6 1e-6 0.05 0.119485 1e+06 544 4.85508e-07 4.85508e-07
2783 45 1e+6 0.1 0.15 5.5e-6 0.42 3e-10 2e-4 2e-3 0.3 0.4 0.5 7e+5 5e-13 0 1e-6 1e-6 0.05 0.0567568 1e+06 370 -6.44357e-07 -6.44357e-07
2783 46 1e+6 0.1 0.15 5.5e-6 0.42 3e-10 2e-4 2e-3 0.3 0.4 0.5 7e+5 5e-13 0 1e-6 1e-6 0.05 0 144127 464 -2.55947e-05 -1000
2783 47 1e+6 0.1 0.15 5.5e-6 0.42 3e-10 2e-4 2e-3 0.3 0.4 0.5 7e+5 5e-13 0 1e-6 1e-6 0.05 0 244634 401 -1.50792e-05 -1000
2783 48 1e+6 0.1 0.15 5.5e-6 0.42 3e-10 2e-4 2e-3 0.3 0.4 0.5 7e+5 5e-13 0 1e-6 1e-6 0.05 0.00254453 1e+06 393 -3.68888e-06 -3.68888e-06
2783 49 1e+6 0.1 0.15 5.5e-6 0.42 3e-10 2e-4 2e-3 0.3 0.4 0.5 7e+5 5e-13 0 1e-6 1e-6 0.05 0 92665.2 701 -3.98087e-05 -1000
2783 50 1e+6 0.1 0.15 5.5e-6 0.42 3e-10 2e-4 2e-3 0.3 0.4 0.5 7e+5 5e-13 0 1e-6 1e-6 0.05 0 193828 399 -1.90317e-05 -1000
2783 51 1e+6 0.1 0.15 5.5e-6 0.42 3e-10 2e-4 2e-3 0.3 0.4 0.5 7e+5 5e-13 0 1e-6 1e-6 0.05 0 114916 429 -3.21008e-05 -1000
2783 52 1e+6 0.1 0.15 5.5e-6 0.42 3e-10 2e-4 2e-3 0.3 0.4 0.5 7e+5 5e-13 0 1e-6 1e-6 0.05 0 147713 593 -2.49733e-05 -1000
2783 53 1e+6 0.1 0.15 5.5e-6 0.42 3e-10 2e-4 2e-3 0.3 0.4 0.5 7e+5 5e-13 0 1e-6 1e-6 0.05 0 835038 312 -4.41762e-06 -1000
2783 54 1e+6 0.1 0.15 5.5e-6 0.42 3e-10 2e-4 2e-3 0.3 0.4 0.5 7e+5 5e-13 0 1e-6 1e-6 0.05 0.11817 1e+06 787 8.4372e-07 8.4372e-07
2783 55 1e+6 0.1 0.15 5.5e-6 0.42 3e-10 2e-4 2e-3 0.3 0.4 0.5 7e+5 5e-13 0 1e-6 1e-6 0.05 0 425917 563 -8.66103e-06 -1000
2783 56 1e+6 0.1 0.15 5.5e-6 0.42 3e-10 2e-4 2e-3 0.3 0.4 0.5 7e+5 5e-13 0 1e-6 1e-6 0.05 0 279106 421 -1.32168e-05 -1000
2783 57 1e+6 0.1 0.15 5.5e-6 0.42 3e-10 2e-4 2e-3 0.3 0.4 0.5 7e+5 5e-13 0 1e-6 1e-6 0.05 0 850157 785 -4.33906e-06 -1000
2783 58 1e+6 0.1 0.15 5.5e-6 0.42 3e-10 2e-4 2e-3 0.3 0.4 0.5 7e+5 5e-13 0 1e-6 1e-6 0.05 0 149697 621 -2.46423e-05 -1000
2783 59 1e+6 0.1 0.15 5.5e-6 0.42 3e-10 2e-4 2e-3 0.3 0.4 0.5 7e+5 5e-13 0 1e-6 1e-6 0.05 0 208308 642 -1.77088e-05 -1000
2783 60 1e+6 0.15 0.1 5.5e-6 0.42 3e-10 2e-4 2e-3 0.3 0.4 0.5 7e+5 5e-13 0 1e-6 1e-6 0.05 0.109712 1e+06 556 4.21994e-07 4.21994e-07
2783 61 1e+6 0.15 0.1 5.5e-6 0.42 3e-10 2e-4 2e-3 0.3 0.4 0.5 7e+5 5e-13 0 1e-6 1e-6 0.05 0.253814 1e+06 721 1.52061e-06 1.52061e-06
2783 62 1e+6 0.15 0.1 5.5e-6 0.42 3e-10 2e-4 2e-3 0.3 0.4 0.5 7e+5 5e-13 0 1e-6 1e-6 0.05 0.0196629 1e+06 356 -1.74297e-06 -1.74297e-06
2783 63 1e+6 0.15 0.1 5.5e-6 0.42 3e-10 2e-4 2e-3 0.3 0.4 0.5 7e+5 5e-13 0 1e-6 1e-6 0.05 0.302231 1e+06 493 1.31507e-06 1.31507e-06
2783 64 1e+6 0.15 0.1 5.5e-6 0.42 3e-10 2e-4 2e-3 0.3 0.4 0.5 7e+5 5e-13 0 1e-6 1e-6 0.05 0.0321429 1e+06 840 -3.93043e-07 -3.93043e-07
2783 65 1e+6 0.15 0.1 5.5e-6 0.42 3e-10 2e-4 2e-3 0.3 0.4 0.5 7e+5 5e-13 0 1e-6 1e-6 0.05 0 174099 471 -2.11884e-05 -1000
2783 66 1e+6 0.15 0.1 5.5e-6 0.42 3e-10 2e-4 2e-3 0.3 0.4 0.5 7e+5 5e-13 0 1e-6 1e-6 0.05 0 142478 713 -2.58908e-05 -1000
2783 67 1e+6 0.15 0.1 5.5e-6 0.42 3e-10 2e-4 2e-3 0.3 0.4 0.5 7e+5 5e-13 0 1e-6 1e-6 0.05 0.0639626 1e+06 641 2.46926e-08 2.46926e-08
2783 68 1e+6 0.15 0.1 5.5e-6 0.42 3e-10 2e-4 2e-3 0.3 0.4 0.5 7e+5 5e-13 0 1e-6 1e-6 0.05 0 209271 497 -1.76273e-05 -1000
2783 69 1e+6 0.15 0.1 5.5e-6 0.42 3e-10 2e-4 2e-3 0.3 0.4 0.5 7e+5 5e-13 0 1e-6 1e-6 0.05 0.175 1e+06 760 1.20147e-06 1.20147e-06
2783 70 1e+6 0.15 0.1 5.5e-6 0.42 3e-10 2e-4 2e-3 0.3 0.4 0.5 7e+5 5e-13 0 1e-6 1e-6 0.05 0.0767635 1e+06 482 -7.79615e-08 -7.79615e-08
2783 71 1e+6 0.15 0.1 5.5e-6 0.42 3e-10 2e-4 2e-3 0.3 0.4 0.5 7e+5 5e-13 0 1e-6 1e-6 0.05 0.10084 1e+06 476 1.82322e-07 1.82322e-07
2783 72 1e+6 0.15 0.1 5.5e-6 0.42 3e-10 2e-4 2e-3 0.3 0.4 0.5 7e+5 5e-13 0 1e-6 1e-6 0.05 0.123188 1e+06 414 2.42946e-07 2.42946e-07
2783 73 1e+6 0.15 0.1 5.5e-6 0.42 3e-10 2e-4 2e-3 0.3 0.4 0.5 7e+5 5e-13 0 1e-6 1e-6 0.05 0.0377734 1e+06 503 -7.4444e-07 -7.4444e-07
2783 74 1e+6 0.15 0.1 5.5e-6 0.42 3e-10 2e-4 2e-3 0.3 0.4 0.5 7e+5 5e-13 0 1e-6 1e-6 0.05 0 70632.7 576 -5.22262e-05 -1000
2783 75 1e+6 0.15 0.1 5.5e-6 0.42 3e-10 2e-4 2e-3 0.3 0.4 0.5 7e+5 5e-13 0 1e-6 1e-6 0.05 0.444934 1e+06 454 1.61939e-06 1.61939e-06
2783 76 1e+6 0.15 0.1 5.5e-6 0.42 3e-10 2e-4 2e-3 0.3 0.4 0.5 7e+5 5e-13 0 1e-6 1e-6 0.05 0 48461.5 357 -7.61198e-05 -1000
2783 77 1e+6 0.15 0.1 5.5e-6 0.42 3e-10 2e-4 2e-3 0.3 0.4 0.5 7e+5 5e-13 0 1e-6 1e-6 0.05 0.258197 1e+06 488 1.1474e-06 1.1474e-06
2783 78 1e+6 0.15 0.1 5.5e-6 0.42 3e-10 2e-4 2e-3 0.3 0.4 0.5 7e+5 5e-13 0 1e-6 1e-6 0.05 0 195087 460 -1.89089e-05 -1000
2783 79 1e+6 0.15 0.1 5.5e-6 0.42 3e-10 2e-4 2e-3 0.3 0.4 0.5 7e+5 5e-13 0 1e-6 1e-6 0.05 0.309565 1e+06 575 1.4929e-06 1.4929e-06
2783 80 1e+6 0.15 0.2 5.5e-6 0.42 3e-10 2e-4 2e-3 0.3 0.4 0.5 7e+5 5e-13 0 1e-6 1e-6 0.05 0 495547 368 -7.44405e-06 -1000
2783 81 1e+6 0.15 0.2 5.5e-6 0.42 3e-10 2e-4 2e-3 0.3 0.4 0.5 7e+5 5e-13 0 1e-6 1e-6 0.05 0 147462 543 -2.50158e-05 -1000
2783 82 1e+6 0.15 0.2 5.5e-6 0.42 3e-10 2e-4 2e-3 0.3 0.4 0.5 7e+5 5e-13 0 1e-6 1e-6 0.05 0 299908 479 -1.23e-05 -1000
2783 83 1e+6 0.15 0.2 5.5e-6 0.42 3e-10 2e-4 2e-3 0.3 0.4 0.5 7e+5 5e-13 0 1e-6 1e-6 0.05 0 643410 614 -5.73333e-06 -1000
2783 84 1e+6 0.15 0.2 5.5e-6 0.42 3e-10 2e-4 2e-3 0.3 0.4 0.5 7e+5 5e-13 0 1e-6 1e-6 0.05 0 529609 428 -6.96529e-06 -1000
2783 85 1e+6 0.15 0.2 5.5e-6 0.42 3e-10 2e-4 2e-3 0.3 0.4 0.5 7e+5 5e-13 0 1e-6 1e-6 0.05 0 196034 562 -1.88175e-05 -1000
2783 86 1e+6 0.15 0.2 5.5e-6 0.42 3e-10 2e-4 2e-3 0.3 0.4 0.5 7e+5 5e-13 0 1e-6 1e-6 0.05 0 251999 293 -1.46385e-05 -1000
2783 87 1e+6 0.15 0.2 5.5e-6 0.42 3e-10 2e-4 2e-3 0.3 0.4 0.5 7e+5 5e-13 0 1e-6 1e-6 0.05 0 180846 421 -2.03979e-05 -1000
2783 88 1e+6 0.15 0.2 5.5e-6 0.42 3e-10 2e-4 2e-3 0.3 0.4 0.5 7e+5 5e-13 0 1e-6 1e-6 0.05 0 180464 556 -2.04411e-05 -1000
2783 89 1e+6 0.15 0.2 5.5e-6 0.42 3e-10 2e-4 2e-3 0.3 0.4 0.5 7e+5 5e-13 0 1e-6 1e-6 0.05 0 119567 431 -3.08519e-05 -1000
2783 90 1e+6 0.15 0.2 5.5e-6 0.42 3e-10 2e-4 2e-3 0.3 0.4 0.5 7e+5 5e-13 0 1e-6 1e-6 0.05 0 67297.6 490 -5.48145e-05 -1000
2783 91 1e+6 0.15 0.2 5.5e-6 0.42 3e-10 2e-4 2e-3 0.3 0.4 0.5 7e+5 5e-13 0 1e-6 1e-6 0.05 0 180908 720 -2.03909e-05 -1000
2783 92 1e+6 0.15 0.2 5.5e-6 0.42 3e-10 2e-4 2e-3 0.3 0.4 0.5 7e+5 5e-13 0 1e-6 1e-6 0.05 0 234316 618 -1.57432e-05 -1000
2783 93 1e+6 0.15 0.2 5.5e-6 0.42 3e-10 2e-4 2e-3 0.3 0.4 0.5 7e+5 5e-13 0 1e-6 1e-6 0.05 0 197944 592 -1.8636e-05 -1000
2783 94 1e+6 0.15 0.2 5.5e-6 0.42 3e-10 2e-4 2e-3 0.3 0.4 0.5 7e+5 5e-13 0 1e-6 1e-6 0.05 0 187422 688 -1.96822e-05 -1000
2783 95 1e+6 0.15 0.2 5.5e-6 0.42 3e-10 2e-4 2e-3 0.3 0.4 0.5 7e+5 5e-13 0 1e-6 1e-6 0.05 0 370948 879 -9.94446e-06 -1000
2783 96 1e+6 0.15 0.2 5.5e-6 0.42 3e-10 2e-4 2e-3 0.3 0.4 0.5 7e+5 5e-13 0 1e-6 1e-6 0.05 0 186014 595 -1.98312e-05 -1000
2783 97 1e+6 0.15 0.2 5.5e-6 0.42 3e-10 2e-4 2e-3 0.3 0.4 0.5 7e+5 5e-13 0 1e-6 1e-6 0.05 0 276637 724 -1.33347e-05 -1000
2783 98 1e+6 0.15 0.2 5.5e-6 0.42 3e-10 2e-4 2e-3 0.3 0.4 0.5 7e+5 5e-13 0 1e-6 1e-6 0.05 0 176363 519 -2.09164e-05 -1000
2783 99 1e+6 0.15 0.2 5.5e-6 0.42 3e-10 2e-4 2e-3 0.3 0.4 0.5 7e+5 5e-13 0 1e-6 1e-6 0.05 0 514473 461 -7.17022e-06 -1000
2783 100 1e+6 0.2 0.15 5.5e-6 0.42 3e-10 2e-4 2e-3 0.3 0.4 0.5 7e+5 5e-13 0 1e-6 1e-6 0.05 0.543137 1e+06 510 1.93514e-06 1.93514e-06
2783 101 1e+6 0.2 0.15 5.5e-6 0.42 3e-10 2e-4 2e-3 0.3 0.4 0.5 7e+5 5e-13 0 1e-6 1e-6 0.05 0.55226 1e+06 708 2.27983e-06 2.27983e-06
2783 102 1e+6 0.2 0.15 5.5e-6 0.42 3e-10 2e-4 2e-3 0.3 0.4 0.5 7e+5 5e-13 0 1e-6 1e-6 0.05 0 333723 589 -1.10537e-05 -1000
2783 103 1e+6 0.2 0.15 5.5e-6 0.42 3e-10 2e-4 2e-3 0.3 0.4 0.5 7e+5 5e-13 0 1e-6 1e-6 0.05 0.345806 1e+06 775 1.90211e-06 1.90211e-06
2783 104 1e+6 0.2 0.15 5.5e-6 0.42 3e-10 2e-4 2e-3 0.3 0.4 0.5 7e+5 5e-13 0 1e-6 1e-6 0.05 0.411277 1e+06 603 1.82455e-06 1.82455e-06
2783 105 1e+6 0.2 0.15 5.5e-6 0.42 3e-10 2e-4 2e-3 0.3 0.4 0.5 7e+5 5e-13 0 1e-6 1e-6 0.05 0.438865 1e+06 458 1.61443e-06 1.61443e-06
2783 106 1e+6 0.2 0.15 5.5e-6 0.42 3e-10 2e-4 2e-3 0.3 0.4 0.5 7e+5 5e-13 0 1e-6 1e-6 0.05 0 495598 480 -7.44329e-06 -1000
2783 107 1e+6 0.2 0.15 5.5e-6 0.42 3e-10 2e-4 2e-3 0.3 0.4 0.5 7e+5 5e-13 0 1e-6 1e-6 0.05 0.702174 1e+06 460 2.08877e-06 2.08877e-06
2783 108 1e+6 0.2 0.15 5.5e-6 0.42 3e-10 2e-4 2e-3 0.3 0.4 0.5 7e+5 5e-13 0 1e-6 1e-6 0.05 0.441176 1e+06 510 1.72722e-06 1.72722e-06
2783 109 1e+6 0.2 0.15 5.5e-6 0.42 3e-10 2e-4 2e-3 0.3 0.4 0.5 7e+5 5e-13 0 1e-6 1e-6 0.05 0 303590 626 -1.21509e-05 -1000
2783 110 1e+6 0.2 0.15 5.5e-6 0.42 3e-10 2e-4 2e-3 0.3 0.4 0.5 7e+5 5e-13 0 1e-6 1e-6 0.05 0.185185 1e+06 648 1.09861e-06 1.09861e-06
2783 111 1e+6 0.2 0.15 5.5e-6 0.42 3e-10 2e-4 2e-3 0.3 0.4 0.5 7e+5 5e-13 0 1e-6 1e-6 0.05 0.211864 1e+06 708 1.32176e-06 1.32176e-06
2783 112 1e+6 0.2 0.15 5.5e-6 0.42 3e-10 2e-4 2e-3 0.3 0.4 0.5 7e+5 5e-13 0 1e-6 1e-6 0.05 0.302469 1e+06 648 1.58924e-06 1.58924e-06
2783 113 1e+6 0.2 0.15 5.5e-6 0.42 3e-10 2e-4 2e-3 0.3 0.4 0.5 7e+5 5e-13 0 1e-6 1e-6 0.05 0 137658 526 -2.67975e-05 -1000
2783 114 1e+6 0.2 0.15 5.5e-6 0.42 3e-10 2e-4 2e-3 0.3 0.4 0.5 7e+5 5e-13 0 1e-6 1e-6 0.05 0.0349162 1e+06 716 -4.70004e-07 -4.70004e-07
2783 115 1e+6 0.2 0.15 5.5e-6 0.42 3e-10 2e-4 2e-3 0.3 0.4 0.5 7e+5 5e-13 0 1e-6 1e-6 0.05 0.198842 1e+06 518 9.4585e-07 9.4585e-07
2783 116 1e+6 0.2 0.15 5.5e-6 0.42 3e-10 2e-4 2e-3 0.3 0.4 0.5 7e+5 5e-13 0 1e-6 1e-6 0.05 0 73746.4 382 -5.00211e-05 -1000
2783 117 1e+6 0.2 0.15 5.5e-6 0.42 3e-10 2e-4 2e-3 0.3 0.4 0.5 7e+5 5e-13 0 1e-6 1e-6 0.05 0.551613 1e+06 620 2.14593e-06 2.14593e-06
2783 118 1e+6 0.2 0.15 5.5e-6 0.42 3e-10 2e-4 2e-3 0.3 0.4 0.5 7e+5 5e-13 0 1e-6 1e-6 0.05 0.878244 1e+06 501 2.3979e-06 2.3979e-06
2783 119 1e+6 0.2 0.15 5.5e-6 0.42 3e-10 2e-4 2e-3 0.3 0.4 0.5 7e+5 5e-13 0 1e-6 1e-6 0.05 0.570957 1e+06 606 2.15756e-06 2.15756e-06
2783 120 1e+6 0.05 0.1 6.5e-6 0.42 3e-10 2e-4 2e-3 0.3 0.4 0.5 7e+5 5e-13 0 1e-6 1e-6 0.05 0.708333 1e+06 408 2.11108e-06 2.11108e-06
2783 121 1e+6 0.05 0.1 6.5e-6 0.42 3e-10 2e-4 2e-3 0.3 0.4 0.5 7e+5 5e-13 0 1e-6 1e-6 0.05 0 165280 560 -2.1511e-05 -1000
2783 122 1e+6 0.05 0.1 6.5e-6 0.42 3e-10 2e-4 2e-3 0.3 0.4 0.5 7e+5 5e-13 0 1e-6 1e-6 0.05 0 75247.4 112 -4.72488e-05 -1000
2783 123 1e+6 0.05 0.1 6.5e-6 0.42 3e-10 2e-4 2e-3 0.3 0.4 0.5 7e+5 5e-13 0 1e-6 1e-6 0.05 0.305556 1e+06 1116 2.27653e-06 2.27653e-06
2783 124 1e+6 0.05 0.1 6.5e-6 0.42 3e-10 2e-4 2e-3 0.3 0.4 0.5 7e+5 5e-13 0 1e-6 1e-6 0.05 0 104820 400 -3.39188e-05 -1000
2783 125 1e+6 0.05 0.1 6.5e-6 0.42 3e-10 2e-4 2e-3 0.3 0.4 0.5 7e+5 5e-13 0 1e-6 1e-6 0.05 0 53735.3 199 -6.61641e-05 -1000
2783 126 1e+6 0.05 0.1 6.5e-6 0.42 3e-10 2e-4 2e-3 0.3 0.4 0.5 7e+5 5e-13 0 1e-6 1e-6 0.05 0.177778 1e+06 450 8.26679e-07 8.26679e-07
2783 127 1e+6 0.05 0.1 6.5e-6 0.42 3e-10 2e-4 2e-3 0.3 0.4 0.5 7e+5 5e-13 0 1e-6 1e-6 0.05 0 189413 450 -1.87704e-05 -1000
2783 128 1e+6 0.05 0.1 6.5e-6 0.42 3e-10 2e-4 2e-3 0.3 0.4 0.5 7e+5 5e-13 0 1e-6 1e-6 0.05 0 84079 186 -4.22858e-05 -1000
2783 129 1e+6 0.05 0.1 6.5e-6 0.42 3e-10 2e-4 2e-3 0.3 0.4 0.5 7e+5 5e-13 0 1e-6 1e-6 0.05 0.795597 1e+06 318 1.97804e-06 1.97804e-06
2783 130 1e+6 0.05 0.1 6.5e-6 0.42 3e-10 2e-4 2e-3 0.3 0.4 0.5 7e+5 5e-13 0 1e-6 1e-6 0.05 0.299435 1e+06 354 1.10809e-06 1.10809e-06
2783 131 1e+6 0.05 0.1 6.5e-6 0.42 3e-10 2e-4 2e-3 0.3 0.4 0.5 7e+5 5e-13 0 1e-6 1e-6 0.05 0 71237 153 -4.99087e-05 -1000
2783 132 1e+6 0.05 0.1 6.5e-6 0.42 3e-10 2e-4 2e-3 0.3 0.4 0.5 7e+5 5e-13 0 1e-6 1e-6 0.05 0.566308 1e+06 279 1.50725e-06 1.50725e-06
2783 133 1e+6 0.05 0.1 6.5e-6 0.42 3e-10 2e-4 2e-3 0.3 0.4 0.5 7e+5 5e-13 0 1e-6 1e-6 0.05 0.194444 1e+06 792 1.4816e-06 1.4816e-06
2783 134 1e+6 0.05 0.1 6.5e-6 0.42 3e-10 2e-4 2e-3 0.3 0.4 0.5 7e+5 5e-13 0 1e-6 1e-6 0.05 0 70561.3 148 -5.03867e-05 -1000
2783 135 1e+6 0.05 0.1 6.5e-6 0.42 3e-10 2e-4 2e-3 0.3 0.4 0.5 7e+5 5e-13 0 1e-6 1e-6 0.05 0 503588 310 -7.06004e-06 -1000
2783 136 1e+6 0.05 0.1 6.5e-6 0.42 3e-10 2e-4 2e-3 0.3 0.4 0.5 7e+5 5e-13 0 1e-6 1e-6 0.05 0 67220 147 -5.28912e-05 -1000
2783 137 1e+6 0.05 0.1 6.5e-6 0.42 3e-10 2e-4 2e-3 0.3 0.4 0.5 7e+5 5e-13 0 1e-6 1e-6 0.05 0.551779 1e+06 1265 2.99287e-06 2.99287e-06
2783 138 1e+6 0.05 0.1 6.5e-6 0.42 3e-10 2e-4 2e-3 0.3 0.4 0.5 7e+5 5e-13 0 1e-6 1e-6 0.05 0.219373 1e+06 351 7.88457e-07 7.88457e-07
2783 139 1e+6 0.05 0.1 6.5e-6 0.42 3e-10 2e-4 2e-3 0.3 0.4 0.5 7e+5 5e-13 0 1e-6 1e-6 0.05 0 67382.9 162 -5.27634e-05 -1000
2783 140 1e+6 0.1 0.05 6.5e-6 0.42 3e-10 2e-4 2e-3 0.3 0.4 0.5 7e+5 5e-13 0 1e-6 1e-6 0.05 0 296768 566 -1.24302e-05 -1000
2783 141 1e+6 0.1 0.05 6.5e-6 0.42 3e-10 2e-4 2e-3 0.3 0.4 0.5 7e+5 5e-13 0 1e-6 1e-6 0.05 0 53538.6 354 -6.89013e-05 -1000
2783 142 1e+6 0.1 0.05 6.5e-6 0.42 3e-10 2e-4 2e-3 0.3 0.4 0.5 7e+5 5e-13 0 1e-6 1e-6 0.05 0 178149 352 -2.07067e-05 -1000
2783 143 1e+6 0.1 0.05 6.5e-6 0.42 3e-10 2e-4 2e-3 0.3 0.4 0.5 7e+5 5e-13 0 1e-6 1e-6 0.05 0 205122 722 -1.79838e-05 -1000
2783 144 1e+6 0.1 0.05 6.5e-6 0.42 3e-10 2e-4 2e-3 0.3 0.4 0.5 7e+5 5e-13 0 1e-6 1e-6 0.05 0 340900 794 -1.0821e-05 -1000
2783 145 1e+6 0.1 0.05 6.5e-6 0.42 3e-10 2e-4 2e-3 0.3 0.4 0.5 7e+5 5e-13 0 1e-6 1e-6 0.05 0.0675182 1e+06 548 -7.79615e-08 -7.79615e-08
2783 146 1e+6 0.1 0.05 6.5e-6 0.42 3e-10 2e-4 2e-3 0.3 0.4 0.5 7e+5 5e-13 0 1e-6 1e-6 0.05 0 413848 658 -8.9136e-06 -1000
2783 147 1e+6 0.1 0.05 6.5e-6 0.42 3e-10 2e-4 2e-3 0.3 0.4 0.5 7e+5 5e-13 0 1e-6 1e-6 0.05 0.0268817 1e+06 930 -4.70004e-07 -4.70004e-07
2783 148 1e+6 0.1 0.05 6.5e-6 0.42 3e-10 2e-4 2e-3 0.3 0.4 0.5 7e+5 5e-13 0 1e-6 1e-6 0.05 0.130522 1e+06 498 4.85508e-07 4.85508e-07
2783 149 1e+6 0.1 0.05 6.5e-6 0.42 3e-10 2e-4 2e-3 0.3 0.4 0.5 7e+5 5e-13 0 1e-6 1e-6 0.05 0 816668 309 -4.51699e-06 -1000
2783 150 1e+6 0.1 0.05 6.5e-6 0.42 3e-10 2e-4 2e-3 0.3 0.4 0.5 7e+5 5e-13 0 1e-6 1e-6 0.05 0 378640 307 -9.74246e-06 -1000
2783 151 1e+6 0.1 0.05 6.5e-6 0.42 3e-10 2e-4 2e-3 0.3 0.4 0.5 7e+5 5e-13 0 1e-6 1e-6 0.05 0.128571 1e+06 700 8.1093e-07 8.1093e-07
2783 152 1e+6 0.1 0.05 6.5e-6 0.42 3e-10 2e-4 2e-3 0.3 0.4 0.5 7e+5 5e-13 0 1e-6 1e-6 0.05 0 98264.8 594 -3.75402e-05 -1000
2783 153 1e+6 0.1 0.05 6.5e-6 0.42 3e-10 2e-4 2e-3 0.3 0.4 0.5 7e+5 5e-13 0 1e-6 1e-6 0.05 0.147917 1e+06 480 5.738e-07 5.738e-07
2783 154 1e+6 0.1 0.05 6.5e-6 0.42 3e-10 2e-4 2e-3 0.3 0.4 0.5 7e+5 5e-13 0 1e-6 1e-6 0.05 0.139932 1e+06 293 2.46926e-08 2.46926e-08
2783 155 1e+6 0.1 0.05 6.5e-6 0.42 3e-10 2e-4 2e-3 0.3 0.4 0.5 7e+5 5e-13 0 1e-6 1e-6 0.05 0 37532.7 413 -9.82844e-05 -1000
2783 156 1e+6 0.1 0.05 6.5e-6 0.42 3e-10 2e-4 2e-3 0.3 0.4 0.5 7e+5 5e-13 0 1e-6 1e-6 0.05 0 266069 352 -1.38643e-05 -1000
2783 157 1e+6 0.1 0.05 6.5e-6 0.42 3e-10 2e-4 2e-3 0.3 0.4 0.5 7e+5 5e-13 0 1e-6 1e-6 0.05 0 235349 675 -1.56741e-05 -1000
2783 158 1e+6 0.1 0.05 6.5e-6 0.42 3e-10 2e-4 2e-3 0.3 0.4 0.5 7e+5 5e-13 0 1e-6 1e-6 0.05 0 820792 494 -4.49429e-06 -1000
2783 159 1e+6 0.1 0.05 6.5e-6 0.42 3e-10 2e-4 2e-3 0.3 0.4 0.5 7e+5 5e-13 0 1e-6 1e-6 0.05 0 281774 542 -1.30916e-05 -1000
2783 160 1e+6 0.1 0.15 6.5e-6 0.42 3e-10 2e-4 2e-3 0.3 0.4 0.5 7e+5 5e-13 0 1e-6 1e-6 0.05 0 482685 575 -7.64241e-06 -1000
2783 161 1e+6 0.1 0.15 6.5e-6 0.42 3e-10 2e-4 2e-3 0.3 0.4 0.5 7e+5 5e-13 0 1e-6 1e-6 0.05 0 263609 559 -1.39938e-05 -1000
2783 162 1e+6 0.1 0.15 6.5e-6 0.42 3e-10 2e-4 2e-3 0.3 0.4 0.5 7e+5 5e-13 0 1e-6 1e-6 0.05 0 41857.7 322 -8.8129e-05 -1000
2783 163 1e+6 0.1 0.15 6.5e-6 0.42 3e-10 2e-4 2e-3 0.3 0.4 0.5 7e+5 5e-13 0 1e-6 1e-6 0.05 0 334246 554 -1.10364e-05 -1000
2783 164 1e+6 0.1 0.15 6.5e-6 0.42 3e-10 2e-4 2e-3 0.3 0.4 0.5 7e+5 5e-13 0 1e-6 1e-6 0.05 0 261098 576 -1.41283e-05 -1000
2783 165 1e+6 0.1 0.15 6.5e-6 0.42 3e-10 2e-4 2e-3 0.3 0.4 0.5 7e+5 5e-13 0 1e-6 1e-6 0.05 0.166375 1e+06 571 8.64997e-07 8.64997e-07
2783 166 1e+6 0.1 0.15 6.5e-6 0.42 3e-10 2e-4 2e-3 0.3 0.4 0.5 7e+5 5e-13 0 1e-6 1e-6 0.05 0 142419 770 -2.59017e-05 -1000
2783 167 1e+6 0.1 0.15 6.5e-6 0.42 3e-10 2e-4 2e-3 0.3 0.4 0.5 7e+5 5e-13 0 1e-6 1e-6 0.05 0 915803 687 -4.02803e-06 -1000
2783 168 1e+6 0.1 0.15 6.5e-6 0.42 3e-10 2e-4 2e-3 0.3 0.4 0.5 7e+5 5e-13 0 1e-6 1e-6 0.05 0 523539 507 -7.04604e-06 -1000
2783 169 1e+6 0.1 0.15 6.5e-6 0.42 3e-10 2e-4 2e-3 0.3 0.4 0.5 7e+5 5e-13 0 1e-6 1e-6 0.05 0 148152 497 -2.48992e-05 -1000
2783 170 1e+6 0.1 0.15 6.5e-6 0.42 3e-10 2e-4 2e-3 0.3 0.4 0.5 7e+5 5e-13 0 1e-6 1e-6 0.05 0.134986 1e+06 363 2.02941e-07 2.02941e-07
2783 171 1e+6 0.1 0.15 6.5e-6 0.42 3e-10 2e-4 2e-3 0.3 0.4 0.5 7e+5 5e-13 0 1e-6 1e-6 0.05 0 127589 484 -2.89121e-05 -1000
2783 172 1e+6 0.1 0.15 6.5e-6 0.42 3e-10 2e-4 2e-3 0.3 0.4 0.5 7e+5 5e-13 0 1e-6 1e-6 0.05 0 83156 580 -4.4361e-05 -1000
2783 173 1e+6 0.1 0.15 6.5e-6 0.42 3e-10 2e-4 2e-3 0.3 0.4 0.5 7e+5 5e-13 0 1e-6 1e-6 0.05 0 165204 605 -2.23292e-05 -1000
2783 174 1e+6 0.1 0.15 6.5e-6 0.42 3e-10 2e-4 2e-3 0.3 0.4 0.5 7e+5 5e-13 0 1e-6 1e-6 0.05 0 315698 972 -1.16848e-05 -1000
2783 175 1e+6 0.1 0.15 6.5e-6 0.42 3e-10 2e-4 2e-3 0.3 0.4 0.5 7e+5 5e-13 0 1e-6 1e-6 0.05 0.112701 1e+06 559 4.54255e-07 4.54255e-07
2783 176 1e+6 0.1 0.15 6.5e-6 0.42 3e-10 2e-4 2e-3 0.3 0.4 0.5 7e+5 5e-13 0 1e-6 1e-6 0.05 0.00693241 1e+06 577 -2.30259e-06 -2.30259e-06
2783 177 1e+6 0.1 0.15 6.5e-6 0.42 3e-10 2e-4 2e-3 0.3 0.4 0.5 7e+5 5e-13 0 1e-6 1e-6 0.05 0 277694 513 -1.3284e-05 -1000
2783 178 1e+6 0.1 0.15 6.5e-6 0.42 3e-10 2e-4 2e-3 0.3 0.4 0.5 7e+5 5e-13 0 1e-6 1e-6 0.05 0 313175 381 -1.1779e-05 -1000
2783 179 1e+6 0.1 0.15 6.5e-6 0.42 3e-10 2e-4 2e-3 0.3 0.4 0.5 7e+5 5e-13 0 1e-6 1e-6 0.05 0 156514 424 -2.35691e-05 -1000
2783 180 1e+6 0.15 0.1 6.5e-6 0.42 3e-10 2e-4 2e-3 0.3 0.4 0.5 7e+5 5e-13 0 1e-6 1e-6 0.05 0 154734 471 -2.38401e-05 -1000
2783 181 1e+6 0.15 0.1 6.5e-6 0.42 3e-10 2e-4 2e-3 0.3 0.4 0.5 7e+5 5e-13 0 1e-6 1e-6 0.05 0.547078 1e+06 616 2.1312e-06 2.1312e-06
2783 182 1e+6 0.15 0.1 6.5e-6 0.42 3e-10 2e-4 2e-3 0.3 0.4 0.5 7e+5 5e-13 0 1e-6 1e-6 0.05 0 240217 824 -1.53564e-05 -1000
2783 183 1e+6 0.15 0.1 6.5e-6 0.42 3e-10 2e-4 2e-3 0.3 0.4 0.5 7e+5 5e-13 0 1e-6 1e-6 0.05 0.310627 1e+06 367 1.04732e-06 1.04732e-06
2783 184 1e+6 0.15 0.1 6.5e-6 0.42 3e-10 2e-4 2e-3 0.3 0.4 0.5 7e+5 5e-13 0 1e-6 1e-6 0.05 0.177686 1e+06 484 7.65468e-07 7.65468e-07
2783 185 1e+6 0.15 0.1 6.5e-6 0.42 3e-10 2e-4 2e-3 0.3 0.4 0.5 7e+5 5e-13 0 1e-6 1e-6 0.05 0 390066 582 -9.45706e-06 -1000
2783 186 1e+6 0.15 0.1 6.5e-6 0.42 3e-10 2e-4 2e-3 0.3 0.4 0.5 7e+5 5e-13 0 1e-6 1e-6 0.05 0.633678 1e+06 677 2.37258e-06 2.37258e-06
2783 187 1e+6 0.15 0.1 6.5e-6 0.42 3e-10 2e-4 2e-3 0.3 0.4 0.5 7e+5 5e-13 0 1e-6 1e-6 0.05 0 44274.2 353 -8.3319e-05 -1000
2783 188 1e+6 0.15 0.1 6.5e-6 0.42 3e-10 2e-4 2e-3 0.3 0.4 0.5 7e+5 5e-13 0 1e-6 1e-6 0.05 0.0166359 1e+06 541 -1.49165e-06 -1.49165e-06
2783 189 1e+6 0.15 0.1 6.5e-6 0.42 3e-10 2e-4 2e-3 0.3 0.4 0.5 7e+5 5e-13 0 1e-6 1e-6 0.05 0.318452 1e+06 336 9.83949e-07 9.83949e-07
2783 190 1e+6 0.15 0.1 6.5e-6 0.42 3e-10 2e-4 2e-3 0.3 0.4 0.5 7e+5 5e-13 0 1e-6 1e-6 0.05 0.413553 1e+06 1151 2.47654e-06 2.47654e-06
2783 191 1e+6 0.15 0.1 6.5e-6 0.42 3e-10 2e-4 2e-3 0.3 0.4 0.5 7e+5 5e-13 0 1e-6 1e-6 0.05 0.615804 1e+06 367 1.73166e-06 1.73166e-06
2783 192 1e+6 0.15 0.1 6.5e-6 0.42 3e-10 2e-4 2e-3 0.3 0.4 0.5 7e+5 5e-13 0 1e-6 1e-6 0.05 0.244755 1e+06 286 5.59616e-07 5.59616e-07
2783 193 1e+6 0.15 0.1 6.5e-6 0.42 3e-10 2e-4 2e-3 0.3 0.4 0.5 7e+5 5e-13 0 1e-6 1e-6 0.05 0 47182.6 303 -7.8183e-05 -1000
2783 194 1e+6 0.15 0.1 6.5e-6 0.42 3e-10 2e-4 2e-3 0.3 0.4 0.5 7e+5 5e-13 0 1e-6 1e-6 0.05 0.513548 1e+06 775 2.29757e-06 2.29757e-06
2783 195 1e+6 0.15 0.1 6.5e-6 0.42 3e-10 2e-4 2e-3 0.3 0.4 0.5 7e+5 5e-13 0 1e-6 1e-6 0.05 0 134812 594 -2.73631e-05 -1000
2783 196 1e+6 0.15 0.1 6.5e-6 0.42 3e-10 2e-4 2e-3 0.3 0.4 0.5 7e+5 5e-13 0 1e-6 1e-6 0.05 0.245098 1e+06 510 1.13943e-06 1.13943e-06
2783 197 1e+6 0.15 0.1 6.5e-6 0.42 3e-10 2e-4 2e-3 0.3 0.4 0.5 7e+5 5e-13 0 1e-6 1e-6 0.05 0 300565 915 -1.22732e-05 -1000
2783 198 1e+6 0.15 0.1 6.5e-6 0.42 3e-10 2e-4 2e-3 0.3 0.4 0.5 7e+5 5e-13 0 1e-6 1e-6 0.05 0 891680 282 -4.137e-06 -1000
2783 199 1e+6 0.15 0.1 6.5e-6 0.42 3e-10 2e-4 2e-3 0.3 0.4 0.5 7e+5 5e-13 0 1e-6 1e-6 0.05 0.202128 1e+06 564 1.04732e-06 1.04732e-06
2783 200 1e+6 0.15 0.2 6.5e-6 0.42 3e-10 2e-4 2e-3 0.3 0.4 0.5 7e+5 5e-13 0 1e-6 1e-6 0.05 0 377367 480 -9.77532e-06 -1000
2783 201 1e+6 0.15 0.2 6.5e-6 0.42 3e-10 2e-4 2e-3 0.3 0.4 0.5 7e+5 5e-13 0 1e-6 1e-6 0.05 0 459198 414 -8.03331e-06 -1000
2783 202 1e+6 0.15 0.2 6.5e-6 0.42 3e-10 2e-4 2e-3 0.3 0.4 0.5 7e+5 5e-13 0 1e-6 1e-6 0.05 0 541364 491 -6.81404e-06 -1000
2783 203 1e+6 0.15 0.2 6.5e-6 0.42 3e-10 2e-4 2e-3 0.3 0.4 0.5 7e+5 5e-13 0 1e-6 1e-6 0.05 0 65233.9 447 -5.65485e-05 -1000
2783 204 1e+6 0.15 0.2 6.5e-6 0.42 3e-10 2e-4 2e-3 0.3 0.4 0.5 7e+5 5e-13 0 1e-6 1e-6 0.05 0 69194.2 442 -5.3312e-05 -1000
2783 205 1e+6 0.15 0.2 6.5e-6 0.42 3e-10 2e-4 2e-3 0.3 0.4 0.5 7e+5 5e-13 0 1e-6 1e-6 0.05 0 132046 432 -2.79364e-05 -1000
2783 206 1e+6 0.15 0.2 6.5e-6 0.42 3e-10 2e-4 2e-3 0.3 0.4 0.5 7e+5 5e-13 0 1e-6 1e-6 0.05 0 112426 418 -3.28117e-05 -1000
2783 207 1e+6 0.15 0.2 6.5e-6 0.42 3e-10 2e-4 2e-3 0.3 0.4 0.5 7e+5 5e-13 0 1e-6 1e-6 0.05 0 92623.2 466 -3.98267e-05 -1000
2783 208 1e+6 0.15 0.2 6.5e-6 0.42 3e-10 2e-4 2e-3 0.3 0.4 0.5 7e+5 5e-13 0 1e-6 1e-6 0.05 0 162646 424 -2.26804e-05 -1000
2783 209 1e+6 0.15 0.2 6.5e-6 0.42 3e-10 2e-4 2e-3 0.3 0.4 0.5 7e+5 5e-13 0 1e-6 1e-6 0.05 0 675142 682 -5.46386e-06 -1000
2783 210 1e+6 0.15 0.2 6.5e-6 0.42 3e-10 2e-4 2e-3 0.3 0.4 0.5 7e+5 5e-13 0 1e-6 1e-6 0.05 0 184443 561 -2.00001e-05 -1000
2783 211 1e+6 0.15 0.2 6.5e-6 0.42 3e-10 2e-4 2e-3 0.3 0.4 0.5 7e+5 5e-13 0 1e-6 1e-6 0.05 0 166558 534 -2.21477e-05 -1000
2783 212 1e+6 0.15 0.2 6.5e-6 0.42 3e-10 2e-4 2e-3 0.3 0.4 0.5 7e+5 5e-13 0 1e-6 1e-6 0.05 0 175010 571 -2.1078e-05 -1000
2783 213 1e+6 0.15 0.2 6.5e-6 0.42 3e-10 2e-4 2e-3 0.3 0.4 0.5 7e+5 5e-13 0 1e-6 1e-6 0.05 0 294750 560 -1.25153e-05 -1000
2783 214 1e+6 0.15 0.2 6.5e-6 0.42 3e-10 2e-4 2e-3 0.3 0.4 0.5 7e+5 5e-13 0 1e-6 1e-6 0.05 0 205952 698 -1.79113e-05 -1000
2783 215 1e+6 0.15 0.2 6.5e-6 0.42 3e-10 2e-4 2e-3 0.3 0.4 0.5 7e+5 5e-13 0 1e-6 1e-6 0.05 0 599164 409 -6.15671e-06 -1000
2783 216 1e+6 0.15 0.2 6.5e-6 0.42 3e-10 2e-4 2e-3 0.3 0.4 0.5 7e+5 5e-13 0 1e-6 1e-6 0.05 0 299484 709 -1.23174e-05 -1000
2783 217 1e+6 0.15 0.2 6.5e-6 0.42 3e-10 2e-4 2e-3 0.3 0.4 0.5 7e+5 5e-13 0 1e-6 1e-6 0.05 0 414971 335 -8.88949e-06 -1000
2783 218 1e+6 0.15 0.2 6.5e-6 0.42 3e-10 2e-4 2e-3 0.3 0.4 0.5 7e+5 5e-13 0 1e-6 1e-6 0.05 0 280353 531 -1.3158e-05 -1000
2783 219 1e+6 0.15 0.2 6.5e-6 0.42 3e-10 2e-4 2e-3 0.3 0.4 0.5 7e+5 5e-13 0 1e-6 1e-6 0.05 0 94913.8 361 -3.88656e-05 -1000
2783 220 1e+6 0.2 0.15 6.5e-6 0.42 3e-10 2e-4 2e-3 0.3 0.4 0.5 7e+5 5e-13 0 1e-6 1e-6 0.05 0.569307 1e+06 606 2.15466e-06 2.15466e-06
2783 221 1e+6 0.2 0.15 6.5e-6 0.42 3e-10 2e-4 2e-3 0.3 0.4 0.5 7e+5 5e-13 0 1e-6 1e-6 0.05 0.550318 1e+06 785 2.37955e-06 2.37955e-06
2783 222 1e+6 0.2 0.15 6.5e-6 0.42 3e-10 2e-4 2e-3 0.3 0.4 0.5 7e+5 5e-13 0 1e-6 1e-6 0.05 0 321934 385 -1.14585e-05 -1000
2783 223 1e+6 0.2 0.15 6.5e-6 0.42 3e-10 2e-4 2e-3 0.3 0.4 0.5 7e+5 5e-13 0 1e-6 1e-6 0.05 0.846639 1e+06 476 2.31006e-06 2.31006e-06
2783 224 1e+6 0.2 0.15 6.5e-6 0.42 3e-10 2e-4 2e-3 0.3 0.4 0.5 7e+5 5e-13 0 1e-6 1e-6 0.05 0.409465 1e+06 486 1.60443e-06 1.60443e-06
2783 225 1e+6 0.2 0.15 6.5e-6 0.42 3e-10 2e-4 2e-3 0.3 0.4 0.5 7e+5 5e-13 0 1e-6 1e-6 0.05 0.371508 1e+06 716 1.89462e-06 1.89462e-06
2783 226 1e+6 0.2 0.15 6.5e-6 0.42 3e-10 2e-4 2e-3 0.3 0.4 0.5 7e+5 5e-13 0 1e-6 1e-6 0.05 0.308725 1e+06 596 1.52606e-06 1.52606e-06
2783 227 1e+6 0.2 0.15 6.5e-6 0.42 3e-10 2e-4 2e-3 0.3 0.4 0.5 7e+5 5e-13 0 1e-6 1e-6 0.05 0.221184 1e+06 642 1.26695e-06 1.26695e-06
2783 228 1e+6 0.2 0.15 6.5e-6 0.42 3e-10 2e-4 2e-3 0.3 0.4 0.5 7e+5 5e-13 0 1e-6 1e-6 0.05 0.526882 1e+06 558 1.9947e-06 1.9947e-06
2783 229 1e+6 0.2 0.15 6.5e-6 0.42 3e-10 2e-4 2e-3 0.3 0.4 0.5 7e+5 5e-13 0 1e-6 1e-6 0.05 0 101209 600 -3.64481e-05 -1000
2783 230 1e+6 0.2 0.15 6.5e-6 0.42 3e-10 2e-4 2e-3 0.3 0.4 0.5 7e+5 5e-13 0 1e-6 1e-6 0.05 0.481605 1e+06 598 1.97408e-06 1.97408e-06
2783 231 1e+6 0.2 0.15 6.5e-6 0.42 3e-10 2e-4 2e-3 0.3 0.4 0.5 7e+5 5e-13 0 1e-6 1e-6 0.05 0.169877 1e+06 571 8.85832e-07 8.85832e-07
2783 232 1e+6 0.2 0.15 6.5e-6 0.42 3e-10 2e-4 2e-3 0.3 0.4 0.5 7e+5 5e-13 0 1e-6 1e-6 0.05 0.268722 1e+06 454 1.11514e-06 1.11514e-06
2783 233 1e+6 0.2 0.15 6.5e-6 0.42 3e-10 2e-4 2e-3 0.3 0.4 0.5 7e+5 5e-13 0 1e-6 1e-6 0.05 0.548718 1e+06 390 1.6771e-06 1.6771e-06
2783 234 1e+6 0.2 0.15 6.5e-6 0.42 3e-10 2e-4 2e-3 0.3 0.4 0.5 7e+5 5e-13 0 1e-6 1e-6 0.05 0.344147 1e+06 709 1.80829e-06 1.80829e-06
2783 235 1e+6 0.2 0.15 6.5e-6 0.42 3e-10 2e-4 2e-3 0.3 0.4 0.5 7e+5 5e-13 0 1e-6 1e-6 0.05 0.223881 1e+06 536 1.09861e-06 1.09861e-06
2783 236 1e+6 0.2 0.15 6.5e-6 0.42 3e-10 2e-4 2e-3 0.3 0.4 0.5 7e+5 5e-13 0 1e-6 1e-6 0.05 0.37451 1e+06 510 1.56339e-06 1.56339e-06
2783 237 1e+6 0.2 0.15 6.5e-6 0.42 3e-10 2e-4 2e-3 0.3 0.4 0.5 7e+5 5e-13 0 1e-6 1e-6 0.05 0.517401 1e+06 431 1.71829e-06 1.71829e-06
2783 238 1e+6 0.2 0.15 6.5e-6 0.42 3e-10 2e-4 2e-3 0.3 0.4 0.5 7e+5 5e-13 0 1e-6 1e-6 0.05 0 343732 312 -1.07319e-05 -1000
2783 239 1e+6 0.2 0.15 6.5e-6 0.42 3e-10 2e-4 2e-3 0.3 0.4 0.5 7e+5 5e-13 0 1e-6 1e-6 0.05 0.534005 1e+06 397 1.66771e-06 1.66771e-06
2783 240 1e+6 0.02 0.07 8.5e-6 0.42 3e-10 2e-4 2e-3 0.3 0.4 0.5 7e+5 5e-13 0 1e-6 1e-6 0.05 0 79592 41 -3.76386e-05 -1000
2783 241 1e+6 0.02 0.07 8.5e-6 0.42 3e-10 2e-4 2e-3 0.3 0.4 0.5 7e+5 5e-13 0 1e-6 1e-6 0.05 0 234646 31 -1.2767e-05 -1000
2783 242 1e+6 0.02 0.07 8.5e-6 0.42 3e-10 2e-4 2e-3 0.3 0.4 0.5 7e+5 5e-13 0 1e-6 1e-6 0.05 0 166024 39 -1.8044e-05 -1000
2783 243 1e+6 0.02 0.07 8.5e-6 0.42 3e-10 2e-4 2e-3 0.3 0.4 0.5 7e+5 5e-13 0 1e-6 1e-6 0.05 1 461442 2618 1.05635e-05 1.05635e-05
2783 244 1e+6 0.02 0.07 8.5e-6 0.42 3e-10 2e-4 2e-3 0.3 0.4 0.5 7e+5 5e-13 0 1e-6 1e-6 0.05 0 76631.3 43 -3.90928e-05 -1000
2783 245 1e+6 0.02 0.07 8.5e-6 0.42 3e-10 2e-4 2e-3 0.3 0.4 0.5 7e+5 5e-13 0 1e-6 1e-6 0.05 0.976517 1e+06 511 3.21687e-06 3.21687e-06
2783 246 1e+6 0.02 0.07 8.5e-6 0.42 3e-10 2e-4 2e-3 0.3 0.4 0.5 7e+5 5e-13 0 1e-6 1e-6 0.05 0 79110.4 54 -3.78677e-05 -1000
2783 247 1e+6 0.02 0.07 8.5e-6 0.42 3e-10 2e-4 2e-3 0.3 0.4 0.5 7e+5 5e-13 0 1e-6 1e-6 0.05 0 88481.5 28 -3.38572e-05 -1000
2783 248 1e+6 0.02 0.07 8.5e-6 0.42 3e-10 2e-4 2e-3 0.3 0.4 0.5 7e+5 5e-13 0 1e-6 1e-6 0.05 0 81753.4 32 -3.66435e-05 -1000
2783 249 1e+6 0.02 0.07 8.5e-6 0.42 3e-10 2e-4 2e-3 0.3 0.4 0.5 7e+5 5e-13 0 1e-6 1e-6 0.05 0 58855.5 125 -5.08998e-05 -1000
2783 250 1e+6 0.02 0.07 8.5e-6 0.42 3e-10 2e-4 2e-3 0.3 0.4 0.5 7e+5 5e-13 0 1e-6 1e-6 0.05 1 526112 7 -1.99544e-06 -1.99544e-06
2783 251 1e+6 0.02 0.07 8.5e-6 0.42 3e-10 2e-4 2e-3 0.3 0.4 0.5 7e+5 5e-13 0 1e-6 1e-6 0.05 0 67486.1 86 -4.43904e-05 -1000
2783 252 1e+6 0.02 0.07 8.5e-6 0.42 3e-10 2e-4 2e-3 0.3 0.4 0.5 7e+5 5e-13 0 1e-6 1e-6 0.05 0 61721.9 96 -4.8536e-05 -1000
2783 253 1e+6 0.02 0.07 8.5e-6 0.42 3e-10 2e-4 2e-3 0.3 0.4 0.5 7e+5 5e-13 0 1e-6 1e-6 0.05 0 52308.4 164 -5.72705e-05 -1000
2783 254 1e+6 0.02 0.07 8.5e-6 0.42 3e-10 2e-4 2e-3 0.3 0.4 0.5 7e+5 5e-13 0 1e-6 1e-6 0.05 1 488854 5 -2.8358e-06 -2.8358e-06
2783 255 1e+6 0.02 0.07 8.5e-6 0.42 3e-10 2e-4 2e-3 0.3 0.4 0.5 7e+5 5e-13 0 1e-6 1e-6 0.05 0 72417.7 66 -4.13674e-05 -1000
2783 256 1e+6 0.02 0.07 8.5e-6 0.42 3e-10 2e-4 2e-3 0.3 0.4 0.5 7e+5 5e-13 0 1e-6 1e-6 0.05 0 162512 7 -1.84339e-05 -1000
2783 257 1e+6 0.02 0.07 8.5e-6 0.42 3e-10 2e-4 2e-3 0.3 0.4 0.5 7e+5 5e-13 0 1e-6 1e-6 0.05 0 380031 15 -7.88286e-06 -1000
2783 258 1e+6 0.02 0.07 8.5e-6 0.42 3e-10 2e-4 2e-3 0.3 0.4 0.5 7e+5 5e-13 0 1e-6 1e-6 0.05 1 104600 7 -1.00366e-05 -1.00366e-05
2783 259 1e+6 0.02 0.07 8.5e-6 0.42 3e-10 2e-4 2e-3 0.3 0.4 0.5 7e+5 5e-13 0 1e-6 1e-6 0.05 0 64474.9 85 -4.64635e-05 -1000
2783 260 1e+6 0.07 0.02 8.5e-6 0.42 3e-10 2e-4 2e-3 0.3 0.4 0.5 7e+5 5e-13 0 1e-6 1e-6 0.05 0 29866.2 444 -0.000123514 -1000
2783 261 1e+6 0.07 0.02 8.5e-6 0.42 3e-10 2e-4 2e-3 0.3 0.4 0.5 7e+5 5e-13 0 1e-6 1e-6 0.05 0 56228.6 261 -6.56051e-05 -1000
2783 262 1e+6 0.07 0.02 8.5e-6 0.42 3e-10 2e-4 2e-3 0.3 0.4 0.5 7e+5 5e-13 0 1e-6 1e-6 0.05 0 47241.2 345 -7.80861e-05 -1000
2783 263 1e+6 0.07 0.02 8.5e-6 0.42 3e-10 2e-4 2e-3 0.3 0.4 0.5 7e+5 5e-13 0 1e-6 1e-6 0.05 0 93406.2 422 -3.94929e-05 -1000
2783 264 1e+6 0.07 0.02 8.5e-6 0.42 3e-10 2e-4 2e-3 0.3 0.4 0.5 7e+5 5e-13 0 1e-6 1e-6 0.05 0 388461 394 -9.49615e-06 -1000
2783 265 1e+6 0.07 0.02 8.5e-6 0.42 3e-10 2e-4 2e-3 0.3 0.4 0.5 7e+5 5e-13 0 1e-6 1e-6 0.05 0 66670.5 330 -5.533e-05 -1000
2783 266 1e+6 0.07 0.02 8.5e-6 0.42 3e-10 2e-4 2e-3 0.3 0.4 0.5 7e+5 5e-13 0 1e-6 1e-6 0.05 0 472694 594 -7.80395e-06 -1000
2783 267 1e+6 0.07 0.02 8.5e-6 0.42 3e-10 2e-4 2e-3 0.3 0.4 0.5 7e+5 5e-13 0 1e-6 1e-6 0.05 0 154172 590 -2.3927e-05 -1000
2783 268 1e+6 0.07 0.02 8.5e-6 0.42 3e-10 2e-4 2e-3 0.3 0.4 0.5 7e+5 5e-13 0 1e-6 1e-6 0.05 0 207600 773 -1.77691e-05 -1000
2783 269 1e+6 0.07 0.02 8.5e-6 0.42 3e-10 2e-4 2e-3 0.3 0.4 0.5 7e+5 5e-13 0 1e-6 1e-6 0.05 0 403550 410 -9.14106e-06 -1000
2783 270 1e+6 0.07 0.02 8.5e-6 0.42 3e-10 2e-4 2e-3 0.3 0.4 0.5 7e+5 5e-13 0 1e-6 1e-6 0.05 0 103939 651 -3.54907e-05 -1000
2783 271 1e+6 0.07 0.02 8.5e-6 0.42 3e-10 2e-4 2e-3 0.3 0.4 0.5 7e+5 5e-13 0 1e-6 1e-6 0.05 0 522820 331 -7.05573e-06 -1000
2783 272 1e+6 0.07 0.02 8.5e-6 0.42 3e-10 2e-4 2e-3 0.3 0.4 0.5 7e+5 5e-13 0 1e-6 1e-6 0.05 0 68354.1 269 -5.39672e-05 -1000
2783 273 1e+6 0.07 0.02 8.5e-6 0.42 3e-10 2e-4 2e-3 0.3 0.4 0.5 7e+5 5e-13 0 1e-6 1e-6 0.05 0 327459 342 -1.12651e-05 -1000
2783 274 1e+6 0.07 0.02 8.5e-6 0.42 3e-10 2e-4 2e-3 0.3 0.4 0.5 7e+5 5e-13 0 1e-6 1e-6 0.05 0 90993.2 468 -4.05402e-05 -1000
2783 275 1e+6 0.07 0.02 8.5e-6 0.42 3e-10 2e-4 2e-3 0.3 0.4 0.5 7e+5 5e-13 0 1e-6 1e-6 0.05 0 322728 369 -1.14303e-05 -1000
2783 276 1e+6 0.07 0.02 8.5e-6 0.42 3e-10 2e-4 2e-3 0.3 0.4 0.5 7e+5 5e-13 0 1e-6 1e-6 0.05 0 324906 352 -1.13537e-05 -1000
2783 277 1e+6 0.07 0.02 8.5e-6 0.42 3e-10 2e-4 2e-3 0.3 0.4 0.5 7e+5 5e-13 0 1e-6 1e-6 0.05 0 323106 415 -1.14169e-05 -1000
2783 278 1e+6 0.07 0.02 8.5e-6 0.42 3e-10 2e-4 2e-3 0.3 0.4 0.5 7e+5 5e-13 0 1e-6 1e-6 0.05 0 42803.8 350 -8.61811e-05 -1000
2783 279 1e+6 0.07 0.02 8.5e-6 0.42 3e-10 2e-4 2e-3 0.3 0.4 0.5 7e+5 5e-13 0 1e-6 1e-6 0.05 0 596806 293 -6.18104e-06 -1000
2783 280 1e+6 0.05 0.1 8.5e-6 0.42 3e-10 2e-4 2e-3 0.3 0.4 0.5 7e+5 5e-13 0 1e-6 1e-6 0.05 0 225848 242 -1.57422e-05 -1000
2783 281 1e+6 0.05 0.1 8.5e-6 0.42 3e-10 2e-4 2e-3 0.3 0.4 0.5 7e+5 5e-13 0 1e-6 1e-6 0.05 0 148464 489 -2.39475e-05 -1000
2783 282 1e+6 0.05 0.1 8.5e-6 0.42 3e-10 2e-4 2e-3 0.3 0.4 0.5 7e+5 5e-13 0 1e-6 1e-6 0.05 0 46620.1 245 -7.62621e-05 -1000
2783 283 1e+6 0.05 0.1 8.5e-6 0.42 3e-10 2e-4 2e-3 0.3 0.4 0.5 7e+5 5e-13 0 1e-6 1e-6 0.05 0.267081 1e+06 322 8.98999e-07 8.98999e-07
2783 284 1e+6 0.05 0.1 8.5e-6 0.42 3e-10 2e-4 2e-3 0.3 0.4 0.5 7e+5 5e-13 0 1e-6 1e-6 0.05 0 492319 433 -7.22164e-06 -1000
2783 285 1e+6 0.05 0.1 8.5e-6 0.42 3e-10 2e-4 2e-3 0.3 0.4 0.5 7e+5 5e-13 0 1e-6 1e-6 0.05 0 704741 570 -5.0449e-06 -1000
2783 286 1e+6 0.05 0.1 8.5e-6 0.42 3e-10 2e-4 2e-3 0.3 0.4 0.5 7e+5 5e-13 0 1e-6 1e-6 0.05 0.125948 1e+06 659 8.63493e-07 8.63493e-07
2783 287 1e+6 0.05 0.1 8.5e-6 0.42 3e-10 2e-4 2e-3 0.3 0.4 0.5 7e+5 5e-13 0 1e-6 1e-6 0.05 0 157409 415 -2.25867e-05 -1000
2783 288 1e+6 0.05 0.1 8.5e-6 0.42 3e-10 2e-4 2e-3 0.3 0.4 0.5 7e+5 5e-13 0 1e-6 1e-6 0.05 0 75748.6 191 -4.69361e-05 -1000
2783 289 1e+6 0.05 0.1 8.5e-6 0.42 3e-10 2e-4 2e-3 0.3 0.4 0.5 7e+5 5e-13 0 1e-6 1e-6 0.05 0.160839 1e+06 143 -4.19854e-07 -4.19854e-07
2783 290 1e+6 0.05 0.1 8.5e-6 0.42 3e-10 2e-4 2e-3 0.3 0.4 0.5 7e+5 5e-13 0 1e-6 1e-6 0.05 0 95047 262 -3.74062e-05 -1000
2783 291 1e+6 0.05 0.1 8.5e-6 0.42 3e-10 2e-4 2e-3 0.3 0.4 0.5 7e+5 5e-13 0 1e-6 1e-6 0.05 0 81950.9 203 -4.33839e-05 -1000
2783 292 1e+6 0.05 0.1 8.5e-6 0.42 3e-10 2e-4 2e-3 0.3 0.4 0.5 7e+5 5e-13 0 1e-6 1e-6 0.05 0 884703 661 -4.01869e-06 -1000
2783 293 1e+6 0.05 0.1 8.5e-6 0.42 3e-10 2e-4 2e-3 0.3 0.4 0.5 7e+5 5e-13 0 1e-6 1e-6 0.05 0 365469 260 -9.72819e-06 -1000
2783 294 1e+6 0.05 0.1 8.5e-6 0.42 3e-10 2e-4 2e-3 0.3 0.4 0.5 7e+5 5e-13 0 1e-6 1e-6 0.05 0.0943953 1e+06 339 -8.96122e-08 -8.96122e-08
2783 295 1e+6 0.05 0.1 8.5e-6 0.42 3e-10 2e-4 2e-3 0.3 0.4 0.5 7e+5 5e-13 0 1e-6 1e-6 0.05 0 396418 577 -8.96869e-06 -1000
2783 296 1e+6 0.05 0.1 8.5e-6 0.42 3e-10 2e-4 2e-3 0.3 0.4 0.5 7e+5 5e-13 0 1e-6 1e-6 0.05 0 915539 432 -3.88334e-06 -1000
2783 297 1e+6 0.05 0.1 8.5e-6 0.42 3e-10 2e-4 2e-3 0.3 0.4 0.5 7e+5 5e-13 0 1e-6 1e-6 0.05 0.326829 1e+06 410 1.34249e-06 1.34249e-06
2783 298 1e+6 0.05 0.1 8.5e-6 0.42 3e-10 2e-4 2e-3 0.3 0.4 0.5 7e+5 5e-13 0 1e-6 1e-6 0.05 0 512006 412 -6.94396e-06 -1000
2783 299 1e+6 0.05 0.1 8.5e-6 0.42 3e-10 2e-4 2e-3 0.3 0.4 0.5 7e+5 5e-13 0 1e-6 1e-6 0.05 0 835089 376 -4.25745e-06 -1000
2783 300 1e+6 0.1 0.05 8.5e-6 0.42 3e-10 2e-4 2e-3 0.3 0.4 0.5 7e+5 5e-13 0 1e-6 1e-6 0.05 0 479098 484 -7.69964e-06 -1000
2783 301 1e+6 0.1 0.05 8.5e-6 0.42 3e-10 2e-4 2e-3 0.3 0.4 0.5 7e+5 5e-13 0 1e-6 1e-6 0.05 0 66359.3 395 -5.55895e-05 -1000
2783 302 1e+6 0.1 0.05 8.5e-6 0.42 3e-10 2e-4 2e-3 0.3 0.4 0.5 7e+5 5e-13 0 1e-6 1e-6 0.05 0.344548 1e+06 862 2.00485e-06 2.00485e-06
2783 303 1e+6 0.1 0.05 8.5e-6 0.42 3e-10 2e-4 2e-3 0.3 0.4 0.5 7e+5 5e-13 0 1e-6 1e-6 0.05 0 663470 390 -5.55998e-06 -1000
2783 304 1e+6 0.1 0.05 8.5e-6 0.42 3e-10 2e-4 2e-3 0.3 0.4 0.5 7e+5 5e-13 0 1e-6 1e-6 0.05 0 85976.9 505 -4.29055e-05 -1000
2783 305 1e+6 0.1 0.05 8.5e-6 0.42 3e-10 2e-4 2e-3 0.3 0.4 0.5 7e+5 5e-13 0 1e-6 1e-6 0.05 0 752758 398 -4.90049e-06 -1000
2783 306 1e+6 0.1 0.05 8.5e-6 0.42 3e-10 2e-4 2e-3 0.3 0.4 0.5 7e+5 5e-13 0 1e-6 1e-6 0.05 0 191241 610 -1.92891e-05 -1000
2783 307 1e+6 0.1 0.05 8.5e-6 0.42 3e-10 2e-4 2e-3 0.3 0.4 0.5 7e+5 5e-13 0 1e-6 1e-6 0.05 0 282221 567 -1.30709e-05 -1000
2783 308 1e+6 0.1 0.05 8.5e-6 0.42 3e-10 2e-4 2e-3 0.3 0.4 0.5 7e+5 5e-13 0 1e-6 1e-6 0.05 0 140348 379 -2.62839e-05 -1000
2783 309 1e+6 0.1 0.05 8.5e-6 0.42 3e-10 2e-4 2e-3 0.3 0.4 0.5 7e+5 5e-13 0 1e-6 1e-6 0.05 0 229273 371 -1.60895e-05 -1000
2783 310 1e+6 0.1 0.05 8.5e-6 0.42 3e-10 2e-4 2e-3 0.3 0.4 0.5 7e+5 5e-13 0 1e-6 1e-6 0.05 0 503865 371 -7.32117e-06 -1000
2783 311 1e+6 0.1 0.05 8.5e-6 0.42 3e-10 2e-4 2e-3 0.3 0.4 0.5 7e+5 5e-13 0 1e-6 1e-6 0.05 0 141994 568 -2.59791e-05 -1000
2783 312 1e+6 0.1 0.05 8.5e-6 0.42 3e-10 2e-4 2e-3 0.3 0.4 0.5 7e+5 5e-13 0 1e-6 1e-6 0.05 0 369409 636 -9.98588e-06 -1000
2783 313 1e+6 0.1 0.05 8.5e-6 0.42 3e-10 2e-4 2e-3 0.3 0.4 0.5 7e+5 5e-13 0 1e-6 1e-6 0.05 0.344697 1e+06 528 1.51513e-06 1.51513e-06
2783 314 1e+6 0.1 0.05 8.5e-6 0.42 3e-10 2e-4 2e-3 0.3 0.4 0.5 7e+5 5e-13 0 1e-6 1e-6 0.05 0 217971 748 -1.69237e-05 -1000
2783 315 1e+6 0.1 0.05 8.5e-6 0.42 3e-10 2e-4 2e-3 0.3 0.4 0.5 7e+5 5e-13 0 1e-6 1e-6 0.05 0 290517 665 -1.26976e-05 -1000
2783 316 1e+6 0.1 0.05 8.5e-6 0.42 3e-10 2e-4 2e-3 0.3 0.4 0.5 7e+5 5e-13 0 1e-6 1e-6 0.05 0.0316687 1e+06 821 -4.30783e-07 -4.30783e-07
2783 317 1e+6 0.1 0.05 8.5e-6 0.42 3e-10 2e-4 2e-3 0.3 0.4 0.5 7e+5 5e-13 0 1e-6 1e-6 0.05 0 70830 454 -5.20808e-05 -1000
2783 318 1e+6 0.1 0.05 8.5e-6 0.42 3e-10 2e-4 2e-3 0.3 0.4 0.5 7e+5 5e-13 0 1e-6 1e-6 0.05 0.0177353 1e+06 733 -1.12393e-06 -1.12393e-06
2783 319 1e+6 0.1 0.05 8.5e-6 0.42 3e-10 2e-4 2e-3 0.3 0.4 0.5 7e+5 5e-13 0 1e-6 1e-6 0.05 0 53130.1 332 -6.9431e-05 -1000
2783 320 1e+6 0.1 0.15 8.5e-6 0.42 3e-10 2e-4 2e-3 0.3 0.4 0.5 7e+5 5e-13 0 1e-6 1e-6 0.05 0 416268 429 -8.86178e-06 -1000
2783 321 1e+6 0.1 0.15 8.5e-6 0.42 3e-10 2e-4 2e-3 0.3 0.4 0.5 7e+5 5e-13 0 1e-6 1e-6 0.05 0 75960.8 257 -4.85629e-05 -1000
2783 322 1e+6 0.1 0.15 8.5e-6 0.42 3e-10 2e-4 2e-3 0.3 0.4 0.5 7e+5 5e-13 0 1e-6 1e-6 0.05 0 132684 645 -2.7802e-05 -1000
2783 323 1e+6 0.1 0.15 8.5e-6 0.42 3e-10 2e-4 2e-3 0.3 0.4 0.5 7e+5 5e-13 0 1e-6 1e-6 0.05 0 395014 486 -9.3386e-06 -1000
2783 324 1e+6 0.1 0.15 8.5e-6 0.42 3e-10 2e-4 2e-3 0.3 0.4 0.5 7e+5 5e-13 0 1e-6 1e-6 0.05 0 119948 374 -3.07539e-05 -1000
2783 325 1e+6 0.1 0.15 8.5e-6 0.42 3e-10 2e-4 2e-3 0.3 0.4 0.5 7e+5 5e-13 0 1e-6 1e-6 0.05 0 95278.6 544 -3.87168e-05 -1000
2783 326 1e+6 0.1 0.15 8.5e-6 0.42 3e-10 2e-4 2e-3 0.3 0.4 0.5 7e+5 5e-13 0 1e-6 1e-6 0.05 0 676529 569 -5.45266e-06 -1000
2783 327 1e+6 0.1 0.15 8.5e-6 0.42 3e-10 2e-4 2e-3 0.3 0.4 0.5 7e+5 5e-13 0 1e-6 1e-6 0.05 0 516032 367 -7.14855e-06 -1000
2783 328 1e+6 0.1 0.15 8.5e-6 0.42 3e-10 2e-4 2e-3 0.3 0.4 0.5 7e+5 5e-13 0 1e-6 1e-6 0.05 0 357178 471 -1.03279e-05 -1000
2783 329 1e+6 0.1 0.15 8.5e-6 0.42 3e-10 2e-4 2e-3 0.3 0.4 0.5 7e+5 5e-13 0 1e-6 1e-6 0.05 0 464126 433 -7.94802e-06 -1000
2783 330 1e+6 0.1 0.15 8.5e-6 0.42 3e-10 2e-4 2e-3 0.3 0.4 0.5 7e+5 5e-13 0 1e-6 1e-6 0.05 0 454112 532 -8.12328e-06 -1000
2783 331 1e+6 0.1 0.15 8.5e-6 0.42 3e-10 2e-4 2e-3 0.3 0.4 0.5 7e+5 5e-13 0 1e-6 1e-6 0.05 0 513844 667 -7.17898e-06 -1000
2783 332 1e+6 0.1 0.15 8.5e-6 0.42 3e-10 2e-4 2e-3 0.3 0.4 0.5 7e+5 5e-13 0 1e-6 1e-6 0.05 0 234439 762 -1.57349e-05 -1000
2783 333 1e+6 0.1 0.15 8.5e-6 0.42 3e-10 2e-4 2e-3 0.3 0.4 0.5 7e+5 5e-13 0 1e-6 1e-6 0.05 0 150960 872 -2.44362e-05 -1000
2783 334 1e+6 0.1 0.15 8.5e-6 0.42 3e-10 2e-4 2e-3 0.3 0.4 0.5 7e+5 5e-13 0 1e-6 1e-6 0.05 0 476189 548 -7.74667e-06 -1000
2783 335 1e+6 0.1 0.15 8.5e-6 0.42 3e-10 2e-4 2e-3 0.3 0.4 0.5 7e+5 5e-13 0 1e-6 1e-6 0.05 0 973591 543 -3.78894e-06 -1000
2783 336 1e+6 0.1 0.15 8.5e-6 0.42 3e-10 2e-4 2e-3 0.3 0.4 0.5 7e+5 5e-13 0 1e-6 1e-6 0.05 0 512433 354 -7.19876e-06 -1000
2783 337 1e+6 0.1 0.15 8.5e-6 0.42 3e-10 2e-4 2e-3 0.3 0.4 0.5 7e+5 5e-13 0 1e-6 1e-6 0.05 0 33310.2 403 -0.000110743 -1000
2783 338 1e+6 0.1 0.15 8.5e-6 0.42 3e-10 2e-4 2e-3 0.3 0.4 0.5 7e+5 5e-13 0 1e-6 1e-6 0.05 0 101934 705 -3.61888e-05 -1000
2783 339 1e+6 0.1 0.15 8.5e-6 0.42 3e-10 2e-4 2e-3 0.3 0.4 0.5 7e+5 5e-13 0 1e-6 1e-6 0.05 0 192646 700 -1.91484e-05 -1000
2783 340 1e+6 0.15 0.1 8.5e-6 0.42 3e-10 2e-4 2e-3 0.3 0.4 0.5 7e+5 5e-13 0 1e-6 1e-6 0.05 0.453505 1e+06 699 2.07002e-06 2.07002e-06
2783 341 1e+6 0.15 0.1 8.5e-6 0.42 3e-10 2e-4 2e-3 0.3 0.4 0.5 7e+5 5e-13 0 1e-6 1e-6 0.05 0 51982.7 368 -7.09637e-05 -1000
2783 342 1e+6 0.15 0.1 8.5e-6 0.42 3e-10 2e-4 2e-3 0.3 0.4 0.5 7e+5 5e-13 0 1e-6 1e-6 0.05 0 623002 469 -5.92113e-06 -1000
2783 343 1e+6 0.15 0.1 8.5e-6 0.42 3e-10 2e-4 2e-3 0.3 0.4 0.5 7e+5 5e-13 0 1e-6 1e-6 0.05 0.238447 1e+06 541 1.17093e-06 1.17093e-06
2783 344 1e+6 0.15 0.1 8.5e-6 0.42 3e-10 2e-4 2e-3 0.3 0.4 0.5 7e+5 5e-13 0 1e-6 1e-6 0.05 0.820917 1e+06 698 2.66201e-06 2.66201e-06
2783 345 1e+6 0.15 0.1 8.5e-6 0.42 3e-10 2e-4 2e-3 0.3 0.4 0.5 7e+5 5e-13 0 1e-6 1e-6 0.05 0 65811.9 623 -5.60518e-05 -1000
2783 346 1e+6 0.15 0.1 8.5e-6 0.42 3e-10 2e-4 2e-3 0.3 0.4 0.5 7e+5 5e-13 0 1e-6 1e-6 0.05 0.611111 1e+06 450 1.92789e-06 1.92789e-06
2783 347 1e+6 0.15 0.1 8.5e-6 0.42 3e-10 2e-4 2e-3 0.3 0.4 0.5 7e+5 5e-13 0 1e-6 1e-6 0.05 0 249139 732 -1.48065e-05 -1000
2783 348 1e+6 0.15 0.1 8.5e-6 0.42 3e-10 2e-4 2e-3 0.3 0.4 0.5 7e+5 5e-13 0 1e-6 1e-6 0.05 0 103092 645 -3.57825e-05 -1000
2783 349 1e+6 0.15 0.1 8.5e-6 0.42 3e-10 2e-4 2e-3 0.3 0.4 0.5 7e+5 5e-13 0 1e-6 1e-6 0.05 0 218873 408 -1.68539e-05 -1000
2783 350 1e+6 0.15 0.1 8.5e-6 0.42 3e-10 2e-4 2e-3 0.3 0.4 0.5 7e+5 5e-13 0 1e-6 1e-6 0.05 0 67181 543 -5.49096e-05 -1000
2783 351 1e+6 0.15 0.1 8.5e-6 0.42 3e-10 2e-4 2e-3 0.3 0.4 0.5 7e+5 5e-13 0 1e-6 1e-6 0.05 0 428035 606 -8.61816e-06 -1000
2783 352 1e+6 0.15 0.1 8.5e-6 0.42 3e-10 2e-4 2e-3 0.3 0.4 0.5 7e+5 5e-13 0 1e-6 1e-6 0.05 0.237363 1e+06 455 9.93252e-07 9.93252e-07
2783 353 1e+6 0.15 0.1 8.5e-6 0.42 3e-10 2e-4 2e-3 0.3 0.4 0.5 7e+5 5e-13 0 1e-6 1e-6 0.05 0.338906 1e+06 658 1.71829e-06 1.71829e-06
2783 354 1e+6 0.15 0.1 8.5e-6 0.42 3e-10 2e-4 2e-3 0.3 0.4 0.5 7e+5 5e-13 0 1e-6 1e-6 0.05 0.365079 1e+06 441 1.39252e-06 1.39252e-06
2783 355 1e+6 0.15 0.1 8.5e-6 0.42 3e-10 2e-4 2e-3 0.3 0.4 0.5 7e+5 5e-13 0 1e-6 1e-6 0.05 0 315634 488 -1.16872e-05 -1000
2783 356 1e+6 0.15 0.1 8.5e-6 0.42 3e-10 2e-4 2e-3 0.3 0.4 0.5 7e+5 5e-13 0 1e-6 1e-6 0.05 0.249443 1e+06 449 1.02962e-06 1.02962e-06
2783 357 1e+6 0.15 0.1 8.5e-6 0.42 3e-10 2e-4 2e-3 0.3 0.4 0.5 7e+5 5e-13 0 1e-6 1e-6 0.05 0.774495 1e+06 643 2.52172e-06 2.52172e-06
2783 358 1e+6 0.15 0.1 8.5e-6 0.42 3e-10 2e-4 2e-3 0.3 0.4 0.5 7e+5 5e-13 0 1e-6 1e-6 0.05 0.572233 1e+06 533 2.03143e-06 2.03143e-06
2783 359 1e+6 0.15 0.1 8.5e-6 0.42 3e-10 2e-4 2e-3 0.3 0.4 0.5 7e+5 5e-13 0 1e-6 1e-6 0.05 0.594796 1e+06 538 2.07944e-06 2.07944e-06
2783 360 1e+6 0.02 0.07 9.5e-6 0.42 3e-10 2e-4 2e-3 0.3 0.4 0.5 7e+5 5e-13 0 1e-6 1e-6 0.05 0 204992 18 -1.46139e-05 -1000
2783 361 1e+6 0.02 0.07 9.5e-6 0.42 3e-10 2e-4 2e-3 0.3 0.4 0.5 7e+5 5e-13 0 1e-6 1e-6 0.05 0 96257.4 19 -3.11221e-05 -1000
2783 362 1e+6 0.02 0.07 9.5e-6 0.42 3e-10 2e-4 2e-3 0.3 0.4 0.5 7e+5 5e-13 0 1e-6 1e-6 0.05 1 247699 22 3.84782e-07 3.84782e-07
2783 363 1e+6 0.02 0.07 9.5e-6 0.42 3e-10 2e-4 2e-3 0.3 0.4 0.5 7e+5 5e-13 0 1e-6 1e-6 0.05 1 691521 156 2.97044e-06 2.97044e-06
2783 364 1e+6 0.02 0.07 9.5e-6 0.42 3e-10 2e-4 2e-3 0.3 0.4 0.5 7e+5 5e-13 0 1e-6 1e-6 0.05 1 817035 682 4.31964e-06 4.31964e-06
2783 365 1e+6 0.02 0.07 9.5e-6 0.42 3e-10 2e-4 2e-3 0.3 0.4 0.5 7e+5 5e-13 0 1e-6 1e-6 0.05 0 64476.3 75 -4.64625e-05 -1000
2783 366 1e+6 0.02 0.07 9.5e-6 0.42 3e-10 2e-4 2e-3 0.3 0.4 0.5 7e+5 5e-13 0 1e-6 1e-6 0.05 0 79122.7 84 -3.78619e-05 -1000
2783 367 1e+6 0.02 0.07 9.5e-6 0.42 3e-10 2e-4 2e-3 0.3 0.4 0.5 7e+5 5e-13 0 1e-6 1e-6 0.05 0 88146.3 45 -3.39859e-05 -1000
2783 368 1e+6 0.02 0.07 9.5e-6 0.42 3e-10 2e-4 2e-3 0.3 0.4 0.5 7e+5 5e-13 0 1e-6 1e-6 0.05 0 162160 19 -1.84739e-05 -1000
2783 369 1e+6 0.02 0.07 9.5e-6 0.42 3e-10 2e-4 2e-3 0.3 0.4 0.5 7e+5 5e-13 0 1e-6 1e-6 0.05 0 76559.7 86 -3.91294e-05 -1000
2783 370 1e+6 0.02 0.07 9.5e-6 0.42 3e-10 2e-4 2e-3 0.3 0.4 0.5 7e+5 5e-13 0 1e-6 1e-6 0.05 0 83664.1 69 -3.58067e-05 -1000
2783 371 1e+6 0.02 0.07 9.5e-6 0.42 3e-10 2e-4 2e-3 0.3 0.4 0.5 7e+5 5e-13 0 1e-6 1e-6 0.05 0 63587.9 70 -4.71116e-05 -1000
2783 372 1e+6 0.02 0.07 9.5e-6 0.42 3e-10 2e-4 2e-3 0.3 0.4 0.5 7e+5 5e-13 0 1e-6 1e-6 0.05 0 310608 2 -9.64473e-06 -1000
2783 373 1e+6 0.02 0.07 9.5e-6 0.42 3e-10 2e-4 2e-3 0.3 0.4 0.5 7e+5 5e-13 0 1e-6 1e-6 0.05 0 73361.4 85 -4.08353e-05 -1000
2783 374 1e+6 0.02 0.07 9.5e-6 0.42 3e-10 2e-4 2e-3 0.3 0.4 0.5 7e+5 5e-13 0 1e-6 1e-6 0.05 0 395475 1 -7.57503e-06 -1000
2783 375 1e+6 0.02 0.07 9.5e-6 0.42 3e-10 2e-4 2e-3 0.3 0.4 0.5 7e+5 5e-13 0 1e-6 1e-6 0.05 0 74727.8 65 -4.00886e-05 -1000
2783 376 1e+6 0.02 0.07 9.5e-6 0.42 3e-10 2e-4 2e-3 0.3 0.4 0.5 7e+5 5e-13 0 1e-6 1e-6 0.05 1 118112 1 -2.53636e-05 -2.53636e-05
2783 377 1e+6 0.02 0.07 9.5e-6 0.42 3e-10 2e-4 2e-3 0.3 0.4 0.5 7e+5 5e-13 0 1e-6 1e-6 0.05 1 362331 66 3.29512e-06 3.29512e-06
2783 378 1e+6 0.02 0.07 9.5e-6 0.42 3e-10 2e-4 2e-3 0.3 0.4 0.5 7e+5 5e-13 0 1e-6 1e-6 0.05 0 325166 2 -9.21292e-06 -1000
2783 379 1e+6 0.02 0.07 9.5e-6 0.42 3e-10 2e-4 2e-3 0.3 0.4 0.5 7e+5 5e-13 0 1e-6 1e-6 0.05 1 631590 766 5.77186e-06 5.77186e-06
2783 380 1e+6 0.07 0.02 9.5e-6 0.42 3e-10 2e-4 2e-3 0.3 0.4 0.5 7e+5 5e-13 0 1e-6 1e-6 0.05 0 155073 710 -2.3788e-05 -1000
2783 381 1e+6 0.07 0.02 9.5e-6 0.42 3e-10 2e-4 2e-3 0.3 0.4 0.5 7e+5 5e-13 0 1e-6 1e-6 0.05 0 55238.5 324 -6.6781e-05 -1000
2783 382 1e+6 0.07 0.02 9.5e-6 0.42 3e-10 2e-4 2e-3 0.3 0.4 0.5 7e+5 5e-13 0 1e-6 1e-6 0.05 0 149559 373 -2.4665e-05 -1000
2783 383 1e+6 0.07 0.02 9.5e-6 0.42 3e-10 2e-4 2e-3 0.3 0.4 0.5 7e+5 5e-13 0 1e-6 1e-6 0.05 0 422045 381 -8.74048e-06 -1000
2783 384 1e+6 0.07 0.02 9.5e-6 0.42 3e-10 2e-4 2e-3 0.3 0.4 0.5 7e+5 5e-13 0 1e-6 1e-6 0.05 0.0369898 1e+06 784 -3.21584e-07 -3.21584e-07
2783 385 1e+6 0.07 0.02 9.5e-6 0.42 3e-10 2e-4 2e-3 0.3 0.4 0.5 7e+5 5e-13 0 1e-6 1e-6 0.05 0 98014.3 574 -3.76361e-05 -1000
2783 386 1e+6 0.07 0.02 9.5e-6 0.42 3e-10 2e-4 2e-3 0.3 0.4 0.5 7e+5 5e-13 0 1e-6 1e-6 0.05 0 81528.5 300 -4.52465e-05 -1000
2783 387 1e+6 0.07 0.02 9.5e-6 0.42 3e-10 2e-4 2e-3 0.3 0.4 0.5 7e+5 5e-13 0 1e-6 1e-6 0.05 0 221900 356 -1.66241e-05 -1000
2783 388 1e+6 0.07 0.02 9.5e-6 0.42 3e-10 2e-4 2e-3 0.3 0.4 0.5 7e+5 5e-13 0 1e-6 1e-6 0.05 0 180225 416 -2.04681e-05 -1000
2783 389 1e+6 0.07 0.02 9.5e-6 0.42 3e-10 2e-4 2e-3 0.3 0.4 0.5 7e+5 5e-13 0 1e-6 1e-6 0.05 0 41593.4 328 -8.86891e-05 -1000
2783 390 1e+6 0.07 0.02 9.5e-6 0.42 3e-10 2e-4 2e-3 0.3 0.4 0.5 7e+5 5e-13 0 1e-6 1e-6 0.05 0 93266.8 846 -3.95519e-05 -1000
2783 391 1e+6 0.07 0.02 9.5e-6 0.42 3e-10 2e-4 2e-3 0.3 0.4 0.5 7e+5 5e-13 0 1e-6 1e-6 0.05 0 54320.8 332 -6.79091e-05 -1000
2783 392 1e+6 0.07 0.02 9.5e-6 0.42 3e-10 2e-4 2e-3 0.3 0.4 0.5 7e+5 5e-13 0 1e-6 1e-6 0.05 0 41098.9 376 -8.97562e-05 -1000
2783 393 1e+6 0.07 0.02 9.5e-6 0.42 3e-10 2e-4 2e-3 0.3 0.4 0.5 7e+5 5e-13 0 1e-6 1e-6 0.05 0 74212.6 399 -4.97069e-05 -1000
2783 394 1e+6 0.07 0.02 9.5e-6 0.42 3e-10 2e-4 2e-3 0.3 0.4 0.5 7e+5 5e-13 0 1e-6 1e-6 0.05 0 664963 384 -5.5475e-06 -1000
2783 395 1e+6 0.07 0.02 9.5e-6 0.42 3e-10 2e-4 2e-3 0.3 0.4 0.5 7e+5 5e-13 0 1e-6 1e-6 0.05 0 149491 532 -2.46762e-05 -1000
2783 396 1e+6 0.07 0.02 9.5e-6 0.42 3e-10 2e-4 2e-3 0.3 0.4 0.5 7e+5 5e-13 0 1e-6 1e-6 0.05 0 284771 339 -1.29539e-05 -1000
2783 397 1e+6 0.07 0.02 9.5e-6 0.42 3e-10 2e-4 2e-3 0.3 0.4 0.5 7e+5 5e-13 0 1e-6 1e-6 0.05 0 46874.2 356 -7.86974e-05 -1000
2783 398 1e+6 0.07 0.02 9.5e-6 0.42 3e-10 2e-4 2e-3 0.3 0.4 0.5 7e+5 5e-13 0 1e-6 1e-6 0.05 0 79752.2 480 -4.62543e-05 -1000
2783 399 1e+6 0.07 0.02 9.5e-6 0.42 3e-10 2e-4 2e-3 0.3 0.4 0.5 7e+5 5e-13 0 1e-6 1e-6 0.05 0 356156 448 -1.03575e-05 -1000
2783 400 1e+6 0.05 0.1 9.5e-6 0.42 3e-10 2e-4 2e-3 0.3 0.4 0.5 7e+5 5e-13 0 1e-6 1e-6 0.05 0 470268 318 -7.56026e-06 -1000
2783 401 1e+6 0.05 0.1 9.5e-6 0.42 3e-10 2e-4 2e-3 0.3 0.4 0.5 7e+5 5e-13 0 1e-6 1e-6 0.05 0 308635 293 -1.15196e-05 -1000
2783 402 1e+6 0.05 0.1 9.5e-6 0.42 3e-10 2e-4 2e-3 0.3 0.4 0.5 7e+5 5e-13 0 1e-6 1e-6 0.05 0 856337 365 -4.15181e-06 -1000
2783 403 1e+6 0.05 0.1 9.5e-6 0.42 3e-10 2e-4 2e-3 0.3 0.4 0.5 7e+5 5e-13 0 1e-6 1e-6 0.05 0.372847 1e+06 987 2.35273e-06 2.35273e-06
2783 404 1e+6 0.05 0.1 9.5e-6 0.42 3e-10 2e-4 2e-3 0.3 0.4 0.5 7e+5 5e-13 0 1e-6 1e-6 0.05 0 497096 598 -7.15223e-06 -1000
2783 405 1e+6 0.05 0.1 9.5e-6 0.42 3e-10 2e-4 2e-3 0.3 0.4 0.5 7e+5 5e-13 0 1e-6 1e-6 0.05 0 281693 407 -1.26213e-05 -1000
2783 406 1e+6 0.05 0.1 9.5e-6 0.42 3e-10 2e-4 2e-3 0.3 0.4 0.5 7e+5 5e-13 0 1e-6 1e-6 0.05 0 205566 317 -1.72954e-05 -1000
2783 407 1e+6 0.05 0.1 9.5e-6 0.42 3e-10 2e-4 2e-3 0.3 0.4 0.5 7e+5 5e-13 0 1e-6 1e-6 0.05 0 304017 337 -1.16946e-05 -1000
2783 408 1e+6 0.05 0.1 9.5e-6 0.42 3e-10 2e-4 2e-3 0.3 0.4 0.5 7e+5 5e-13 0 1e-6 1e-6 0.05 0 400708 253 -8.87266e-06 -1000
2783 409 1e+6 0.05 0.1 9.5e-6 0.42 3e-10 2e-4 2e-3 0.3 0.4 0.5 7e+5 5e-13 0 1e-6 1e-6 0.05 0.0661765 1e+06 136 -1.35812e-06 -1.35812e-06
2783 410 1e+6 0.05 0.1 9.5e-6 0.42 3e-10 2e-4 2e-3 0.3 0.4 0.5 7e+5 5e-13 0 1e-6 1e-6 0.05 0.147186 1e+06 231 -2.89875e-08 -2.89875e-08
2783 411 1e+6 0.05 0.1 9.5e-6 0.42 3e-10 2e-4 2e-3 0.3 0.4 0.5 7e+5 5e-13 0 1e-6 1e-6 0.05 0 304916 570 -1.16601e-05 -1000
2783 412 1e+6 0.05 0.1 9.5e-6 0.42 3e-10 2e-4 2e-3 0.3 0.4 0.5 7e+5 5e-13 0 1e-6 1e-6 0.05 0 74561.8 198 -4.76832e-05 -1000
2783 413 1e+6 0.05 0.1 9.5e-6 0.42 3e-10 2e-4 2e-3 0.3 0.4 0.5 7e+5 5e-13 0 1e-6 1e-6 0.05 0.301003 1e+06 897 2.04307e-06 2.04307e-06
2783 414 1e+6 0.05 0.1 9.5e-6 0.42 3e-10 2e-4 2e-3 0.3 0.4 0.5 7e+5 5e-13 0 1e-6 1e-6 0.05 0.281818 1e+06 330 9.77251e-07 9.77251e-07
2783 415 1e+6 0.05 0.1 9.5e-6 0.42 3e-10 2e-4 2e-3 0.3 0.4 0.5 7e+5 5e-13 0 1e-6 1e-6 0.05 0.00994036 1e+06 503 -1.94591e-06 -1.94591e-06
2783 416 1e+6 0.05 0.1 9.5e-6 0.42 3e-10 2e-4 2e-3 0.3 0.4 0.5 7e+5 5e-13 0 1e-6 1e-6 0.05 0 76977.8 155 -4.61867e-05 -1000
2783 417 1e+6 0.05 0.1 9.5e-6 0.42 3e-10 2e-4 2e-3 0.3 0.4 0.5 7e+5 5e-13 0 1e-6 1e-6 0.05 0.00386847 1e+06 517 -2.8622e-06 -2.8622e-06
2783 418 1e+6 0.05 0.1 9.5e-6 0.42 3e-10 2e-4 2e-3 0.3 0.4 0.5 7e+5 5e-13 0 1e-6 1e-6 0.05 0 536219 235 -6.63041e-06 -1000
2783 419 1e+6 0.05 0.1 9.5e-6 0.42 3e-10 2e-4 2e-3 0.3 0.4 0.5 7e+5 5e-13 0 1e-6 1e-6 0.05 0 281572 294 -1.26268e-05 -1000
2783 420 1e+6 0.1 0.05 9.5e-6 0.42 3e-10 2e-4 2e-3 0.3 0.4 0.5 7e+5 5e-13 0 1e-6 1e-6 0.05 0 85002.7 669 -4.33972e-05 -1000
2783 421 1e+6 0.1 0.05 9.5e-6 0.42 3e-10 2e-4 2e-3 0.3 0.4 0.5 7e+5 5e-13 0 1e-6 1e-6 0.05 0 245953 343 -1.49983e-05 -1000
2783 422 1e+6 0.1 0.05 9.5e-6 0.42 3e-10 2e-4 2e-3 0.3 0.4 0.5 7e+5 5e-13 0 1e-6 1e-6 0.05 0 74770.4 430 -4.93361e-05 -1000
2783 423 1e+6 0.1 0.05 9.5e-6 0.42 3e-10 2e-4 2e-3 0.3 0.4 0.5 7e+5 5e-13 0 1e-6 1e-6 0.05 0.36092 1e+06 870 2.06051e-06 2.06051e-06
2783 424 1e+6 0.1 0.05 9.5e-6 0.42 3e-10 2e-4 2e-3 0.3 0.4 0.5 7e+5 5e-13 0 1e-6 1e-6 0.05 0.300455 1e+06 659 1.59939e-06 1.59939e-06
2783 425 1e+6 0.1 0.05 9.5e-6 0.42 3e-10 2e-4 2e-3 0.3 0.4 0.5 7e+5 5e-13 0 1e-6 1e-6 0.05 0 967594 850 -3.81242e-06 -1000
2783 426 1e+6 0.1 0.05 9.5e-6 0.42 3e-10 2e-4 2e-3 0.3 0.4 0.5 7e+5 5e-13 0 1e-6 1e-6 0.05 0 706245 311 -5.22323e-06 -1000
2783 427 1e+6 0.1 0.05 9.5e-6 0.42 3e-10 2e-4 2e-3 0.3 0.4 0.5 7e+5 5e-13 0 1e-6 1e-6 0.05 0 504119 286 -7.31748e-06 -1000
2783 428 1e+6 0.1 0.05 9.5e-6 0.42 3e-10 2e-4 2e-3 0.3 0.4 0.5 7e+5 5e-13 0 1e-6 1e-6 0.05 0 646807 795 -5.70321e-06 -1000
2783 429 1e+6 0.1 0.05 9.5e-6 0.42 3e-10 2e-4 2e-3 0.3 0.4 0.5 7e+5 5e-13 0 1e-6 1e-6 0.05 0.28707 1e+06 843 1.80006e-06 1.80006e-06
2783 430 1e+6 0.1 0.05 9.5e-6 0.42 3e-10 2e-4 2e-3 0.3 0.4 0.5 7e+5 5e-13 0 1e-6 1e-6 0.05 0.15368 1e+06 462 5.738e-07 5.738e-07
2783 431 1e+6 0.1 0.05 9.5e-6 0.42 3e-10 2e-4 2e-3 0.3 0.4 0.5 7e+5 5e-13 0 1e-6 1e-6 0.05 0.122283 1e+06 368 1.17783e-07 1.17783e-07
2783 432 1e+6 0.1 0.05 9.5e-6 0.42 3e-10 2e-4 2e-3 0.3 0.4 0.5 7e+5 5e-13 0 1e-6 1e-6 0.05 0 835262 463 -4.41644e-06 -1000
2783 433 1e+6 0.1 0.05 9.5e-6 0.42 3e-10 2e-4 2e-3 0.3 0.4 0.5 7e+5 5e-13 0 1e-6 1e-6 0.05 0 493065 351 -7.48152e-06 -1000
2783 434 1e+6 0.1 0.05 9.5e-6 0.42 3e-10 2e-4 2e-3 0.3 0.4 0.5 7e+5 5e-13 0 1e-6 1e-6 0.05 0 95800.8 483 -3.85057e-05 -1000
2783 435 1e+6 0.1 0.05 9.5e-6 0.42 3e-10 2e-4 2e-3 0.3 0.4 0.5 7e+5 5e-13 0 1e-6 1e-6 0.05 0 43097.3 323 -8.55942e-05 -1000
2783 436 1e+6 0.1 0.05 9.5e-6 0.42 3e-10 2e-4 2e-3 0.3 0.4 0.5 7e+5 5e-13 0 1e-6 1e-6 0.05 0 94354.9 552 -3.90958e-05 -1000
2783 437 1e+6 0.1 0.05 9.5e-6 0.42 3e-10 2e-4 2e-3 0.3 0.4 0.5 7e+5 5e-13 0 1e-6 1e-6 0.05 0.123188 1e+06 276 -1.62519e-07 -1.62519e-07
2783 438 1e+6 0.1 0.05 9.5e-6 0.42 3e-10 2e-4 2e-3 0.3 0.4 0.5 7e+5 5e-13 0 1e-6 1e-6 0.05 0 420837 602 -8.76558e-06 -1000
2783 439 1e+6 0.1 0.05 9.5e-6 0.42 3e-10 2e-4 2e-3 0.3 0.4 0.5 7e+5 5e-13 0 1e-6 1e-6 0.05 0 41567.6 254 -8.87441e-05 -1000
2783 440 1e+6 0.1 0.15 9.5e-6 0.42 3e-10 2e-4 2e-3 0.3 0.4 0.5 7e+5 5e-13 0 1e-6 1e-6 0.05 0 176403 363 -2.09116e-05 -1000
2783 441 1e+6 0.1 0.15 9.5e-6 0.42 3e-10 2e-4 2e-3 0.3 0.4 0.5 7e+5 5e-13 0 1e-6 1e-6 0.05 0 109717 524 -3.36219e-05 -1000
2783 442 1e+6 0.1 0.15 9.5e-6 0.42 3e-10 2e-4 2e-3 0.3 0.4 0.5 7e+5 5e-13 0 1e-6 1e-6 0.05 0 266998 675 -1.38162e-05 -1000
2783 443 1e+6 0.1 0.15 9.5e-6 0.42 3e-10 2e-4 2e-3 0.3 0.4 0.5 7e+5 5e-13 0 1e-6 1e-6 0.05 0 302205 505 -1.22066e-05 -1000
2783 444 1e+6 0.1 0.15 9.5e-6 0.42 3e-10 2e-4 2e-3 0.3 0.4 0.5 7e+5 5e-13 0 1e-6 1e-6 0.05 0.00537634 1e+06 558 -2.59027e-06 -2.59027e-06
2783 445 1e+6 0.1 0.15 9.5e-6 0.42 3e-10 2e-4 2e-3 0.3 0.4 0.5 7e+5 5e-13 0 1e-6 1e-6 0.05 0 890456 366 -4.14268e-06 -1000
2783 446 1e+6 0.1 0.15 9.5e-6 0.42 3e-10 2e-4 2e-3 0.3 0.4 0.5 7e+5 5e-13 0 1e-6 1e-6 0.05 0 207192 454 -1.78042e-05 -1000
2783 447 1e+6 0.1 0.15 9.5e-6 0.42 3e-10 2e-4 2e-3 0.3 0.4 0.5 7e+5 5e-13 0 1e-6 1e-6 0.05 0 133824 500 -2.75652e-05 -1000
2783 448 1e+6 0.1 0.15 9.5e-6 0.42 3e-10 2e-4 2e-3 0.3 0.4 0.5 7e+5 5e-13 0 1e-6 1e-6 0.05 0 902272 691 -4.08843e-06 -1000
2783 449 1e+6 0.1 0.15 9.5e-6 0.42 3e-10 2e-4 2e-3 0.3 0.4 0.5 7e+5 5e-13 0 1e-6 1e-6 0.05 0.0546139 1e+06 531 -3.21584e-07 -3.21584e-07
2783 450 1e+6 0.1 0.15 9.5e-6 0.42 3e-10 2e-4 2e-3 0.3 0.4 0.5 7e+5 5e-13 0 1e-6 1e-6 0.05 0 58378.8 300 -6.31887e-05 -1000
2783 451 1e+6 0.1 0.15 9.5e-6 0.42 3e-10 2e-4 2e-3 0.3 0.4 0.5 7e+5 5e-13 0 1e-6 1e-6 0.05 0 506931 320 -7.27689e-06 -1000
2783 452 1e+6 0.1 0.15 9.5e-6 0.42 3e-10 2e-4 2e-3 0.3 0.4 0.5 7e+5 5e-13 0 1e-6 1e-6 0.05 0 220073 414 -1.67621e-05 -1000
2783 453 1e+6 0.1 0.15 9.5e-6 0.42 3e-10 2e-4 2e-3 0.3 0.4 0.5 7e+5 5e-13 0 1e-6 1e-6 0.05 0 69629.7 364 -5.29785e-05 -1000
2783 454 1e+6 0.1 0.15 9.5e-6 0.42 3e-10 2e-4 2e-3 0.3 0.4 0.5 7e+5 5e-13 0 1e-6 1e-6 0.05 0 71238.2 364 -5.17824e-05 -1000
2783 455 1e+6 0.1 0.15 9.5e-6 0.42 3e-10 2e-4 2e-3 0.3 0.4 0.5 7e+5 5e-13 0 1e-6 1e-6 0.05 0 367677 540 -1.00329e-05 -1000
2783 456 1e+6 0.1 0.15 9.5e-6 0.42 3e-10 2e-4 2e-3 0.3 0.4 0.5 7e+5 5e-13 0 1e-6 1e-6 0.05 0 679965 424 -5.42511e-06 -1000
2783 457 1e+6 0.1 0.15 9.5e-6 0.42 3e-10 2e-4 2e-3 0.3 0.4 0.5 7e+5 5e-13 0 1e-6 1e-6 0.05 0 93056.2 689 -3.96414e-05 -1000
2783 458 1e+6 0.1 0.15 9.5e-6 0.42 3e-10 2e-4 2e-3 0.3 0.4 0.5 7e+5 5e-13 0 1e-6 1e-6 0.05 0.0358362 1e+06 586 -6.44357e-07 -6.44357e-07
2783 459 1e+6 0.1 0.15 9.5e-6 0.42 3e-10 2e-4 2e-3 0.3 0.4 0.5 7e+5 5e-13 0 1e-6 1e-6 0.05 0 233706 744 -1.57843e-05 -1000
2783 460 1e+6 0.15 0.1 9.5e-6 0.42 3e-10 2e-4 2e-3 0.3 0.4 0.5 7e+5 5e-13 0 1e-6 1e-6 0.05 0.364504 1e+06 524 1.56339e-06 1.56339e-06
2783 461 1e+6 0.15 0.1 9.5e-6 0.42 3e-10 2e-4 2e-3 0.3 0.4 0.5 7e+5 5e-13 0 1e-6 1e-6 0.05 0.113559 1e+06 590 5.15813e-07 5.15813e-07
2783 462 1e+6 0.15 0.1 9.5e-6 0.42 3e-10 2e-4 2e-3 0.3 0.4 0.5 7e+5 5e-13 0 1e-6 1e-6 0.05 0.569444 1e+06 432 1.81645e-06 1.81645e-06
2783 463 1e+6 0.15 0.1 9.5e-6 0.42 3e-10 2e-4 2e-3 0.3 0.4 0.5 7e+5 5e-13 0 1e-6 1e-6 0.05 0 343439 838 -1.0741e-05 -1000
2783 464 1e+6 0.15 0.1 9.5e-6 0.42 3e-10 2e-4 2e-3 0.3 0.4 0.5 7e+5 5e-13 0 1e-6 1e-6 0.05 0.0763132 1e+06 1009 6.54926e-07 6.54926e-07
2783 465 1e+6 0.15 0.1 9.5e-6 0.42 3e-10 2e-4 2e-3 0.3 0.4 0.5 7e+5 5e-13 0 1e-6 1e-6 0.05 0.721584 1e+06 783 2.64795e-06 2.64795e-06
2783 466 1e+6 0.15 0.1 9.5e-6 0.42 3e-10 2e-4 2e-3 0.3 0.4 0.5 7e+5 5e-13 0 1e-6 1e-6 0.05 0 213081 753 -1.73121e-05 -1000
2783 467 1e+6 0.15 0.1 9.5e-6 0.42 3e-10 2e-4 2e-3 0.3 0.4 0.5 7e+5 5e-13 0 1e-6 1e-6 0.05 0 88890.8 495 -4.1499e-05 -1000
2783 468 1e+6 0.15 0.1 9.5e-6 0.42 3e-10 2e-4 2e-3 0.3 0.4 0.5 7e+5 5e-13 0 1e-6 1e-6 0.05 0 226002 405 -1.63223e-05 -1000
2783 469 1e+6 0.15 0.1 9.5e-6 0.42 3e-10 2e-4 2e-3 0.3 0.4 0.5 7e+5 5e-13 0 1e-6 1e-6 0.05 0 116221 460 -3.17401e-05 -1000
2783 470 1e+6 0.15 0.1 9.5e-6 0.42 3e-10 2e-4 2e-3 0.3 0.4 0.5 7e+5 5e-13 0 1e-6 1e-6 0.05 0.315011 1e+06 473 1.31507e-06 1.31507e-06
2783 471 1e+6 0.15 0.1 9.5e-6 0.42 3e-10 2e-4 2e-3 0.3 0.4 0.5 7e+5 5e-13 0 1e-6 1e-6 0.05 0 517859 387 -7.12332e-06 -1000
2783 472 1e+6 0.15 0.1 9.5e-6 0.42 3e-10 2e-4 2e-3 0.3 0.4 0.5 7e+5 5e-13 0 1e-6 1e-6 0.05 0 164926 384 -2.23669e-05 -1000
2783 473 1e+6 0.15 0.1 9.5e-6 0.42 3e-10 2e-4 2e-3 0.3 0.4 0.5 7e+5 5e-13 0 1e-6 1e-6 0.05 0.229866 1e+06 596 1.2311e-06 1.2311e-06
2783 474 1e+6 0.15 0.1 9.5e-6 0.42 3e-10 2e-4 2e-3 0.3 0.4 0.5 7e+5 5e-13 0 1e-6 1e-6 0.05 0 522266 297 -7.06322e-06 -1000
2783 475 1e+6 0.15 0.1 9.5e-6 0.42 3e-10 2e-4 2e-3 0.3 0.4 0.5 7e+5 5e-13 0 1e-6 1e-6 0.05 0.531624 1e+06 585 2.05091e-06 2.05091e-06
2783 476 1e+6 0.15 0.1 9.5e-6 0.42 3e-10 2e-4 2e-3 0.3 0.4 0.5 7e+5 5e-13 0 1e-6 1e-6 0.05 0.710526 1e+06 494 2.17191e-06 2.17191e-06
2783 477 1e+6 0.15 0.1 9.5e-6 0.42 3e-10 2e-4 2e-3 0.3 0.4 0.5 7e+5 5e-13 0 1e-6 1e-6 0.05 0.131119 1e+06 572 6.28609e-07 6.28609e-07
2783 478 1e+6 0.15 0.1 9.5e-6 0.42 3e-10 2e-4 2e-3 0.3 0.4 0.5 7e+5 5e-13 0 1e-6 1e-6 0.05 0 312861 614 -1.17908e-05 -1000
2783 479 1e+6 0.15 0.1 9.5e-6 0.42 3e-10 2e-4 2e-3 0.3 0.4 0.5 7e+5 5e-13 0 1e-6 1e-6 0.05 0.064951 1e+06 816 2.81412e-07 2.81412e-07
