0 1.50659e-09 2.07143e-07 1.91083e-11 11 1 0.5 11
100000 1.55908e-09 1.98113e-07 2.21987e-11 9 1 0.5 9
200000 1.51448e-09 2.05562e-07 2.2191e-11 9 1 0.5 9
300000 1.63153e-09 2.00582e-07 1.62198e-11 13 1 0.5 13
400000 1.52198e-09 2.04788e-07 3.34198e-11 6 1 0.5 6
500000 1.28176e-09 2.08021e-07 2.8467e-11 6 1 0.5 6
600000 1.39539e-09 2.08652e-07 1.69092e-11 11 1 0.5 11
700000 9.2509e-10 2.03925e-07 1.21027e-11 10 1 0.5 10
800000 1.8302e-09 2.00008e-07 2.36317e-11 10 1 0.5 10
900000 1.82455e-09 2.10015e-07 2.44766e-11 10 1 0.5 10
1e+06 1.35017e-09 1.99694e-07 1.93334e-11 9 1 0.5 9
1.1e+06 1.72854e-09 2.0204e-07 3.2185e-11 7 1 0.5 7
1.2e+06 1.74477e-09 2.11052e-07 4.71798e-11 5 1 0.5 5
1.3e+06 1.53623e-09 2.04648e-07 3.37165e-11 6 1 0.5 6
1.4e+06 1.48014e-09 2.05714e-07 2.44226e-11 8 1 0.5 8
1.5e+06 1.12148e-09 2.08885e-07 1.49572e-11 10 1 0.5 10
1.6e+06 1.40155e-09 2.06274e-07 3.71645e-11 5 1 0.5 5
1.7e+06 1.20334e-09 2.04378e-07 3.16508e-11 5 1 0.5 5
1.8e+06 1.29678e-09 2.11322e-07 1.74606e-11 10 1 0.5 10
1.9e+06 1.26743e-09 2.05093e-07 2.38425e-11 7 1 0.5 7
2e+06 1.91022e-09 2.12252e-07 4.32059e-11 6 1 0.5 6
2.1e+06 2.1571e-09 1.9904e-07 3.97523e-11 7 1 0.5 7
2.2e+06 1.23641e-09 2.0859e-07 4.13727e-11 4 1 0.5 4
2.3e+06 1.14855e-09 2.06094e-07 2.53106e-11 6 1 0.5 6
2.4e+06 1.66863e-09 1.94218e-07 3.51781e-11 6 1 0.5 6
2.5e+06 1.20293e-09 1.9782e-07 3.86136e-11 4 1 0.5 4
2.6e+06 2.0003e-09 2.11213e-07 3.37466e-11 8 1 0.5 8
2.7e+06 1.81751e-09 2.02037e-07 3.95325e-11 6 1 0.5 6
2.8e+06 1.26088e-09 2.09445e-07 7.34442e-11 7 1 0.5 7
2.9e+06 1.47886e-09 2.09612e-07 3.30664e-11 6 1 0.5 6
3e+06 2.35133e-09 2.10543e-07 6.36375e-11 5 1 0.5 5
3.1e+06 1.63331e-09 2.02834e-07 3.0496e-11 7 1 0.5 7
3.2e+06 1.26126e-09 2.23879e-07 2.54263e-11 7 1 0.5 7
3.3e+06 1.36506e-09 2.01552e-07 1.60985e-11 11 1 0.5 11
3.4e+06 1.54107e-09 2.03168e-07 2.88023e-11 7 1 0.5 7
3.5e+06 1.83214e-09 1.99158e-07 2.95045e-11 8 1 0.5 8
3.6e+06 1.25983e-09 2.08352e-07 2.09832e-11 8 1 0.5 8
3.7e+06 1.59064e-09 2.11417e-07 3.58219e-11 6 1 0.5 6
3.8e+06 1.17614e-09 2.10759e-07 1.31595e-11 12 1 0.5 12
3.9e+06 1.4007e-09 2.05709e-07 2.64228e-11 7 1 0.5 7
4e+06 1.50254e-09 2.08096e-07 2.50188e-11 8 1 0.5 8
4.1e+06 1.57823e-09 1.96188e-07 1.67099e-11 12 1 0.5 12
4.2e+06 1.82601e-09 2.00622e-07 2.95735e-11 8 1 0.5 8
4.3e+06 1.46852e-09 2.08301e-07 2.79816e-11 7 1 0.5 7
4.4e+06 1.09101e-09 2.11949e-07 1.47174e-11 10 1 0.5 10
4.5e+06 1.69737e-09 2.13896e-07 7.77112e-11 3 1 0.5 3
4.6e+06 1.65634e-09 2.06092e-07 4.39409e-11 5 1 0.5 5
4.7e+06 1.47991e-09 2.0368e-07 2.42298e-11 8 1 0.5 8
4.8e+06 1.71677e-09 2.11466e-07 1.92788e-11 12 1 0.5 12
4.9e+06 1.29514e-09 2.02e-07 2.40785e-11 7 1 0.5 7
5e+06 1.64254e-09 2.11071e-07 3.16424e-11 7 1 0.5 7
5.1e+06 1.52718e-09 2.00493e-07 4.9288e-10 11 1 0.5 11
5.2e+06 1.54646e-09 2.17506e-07 2.13147e-11 10 1 0.5 10
5.3e+06 1.68002e-09 2.10888e-07 3.23463e-11 7 1 0.5 7
5.4e+06 1.72076e-09 2.00463e-07 3.18442e-11 7 1 0.5 7
5.5e+06 1.8744e-09 2.043e-07 4.11354e-11 6 1 0.5 6
5.6e+06 1.35795e-09 2.12555e-07 2.29821e-11 8 1 0.5 8
5.7e+06 1.56202e-09 2.18516e-07 4.89162e-10 4 1 0.5 4
5.8e+06 1.21677e-09 2.09631e-07 2.3282e-11 7 1 0.5 7
5.9e+06 1.73778e-09 2.07082e-07 4.62921e-11 5 1 0.5 5
6e+06 1.83802e-09 2.10754e-07 3.09413e-11 8 1 0.5 8
6.1e+06 2.03849e-09 2.0495e-07 2.98383e-11 9 1 0.5 9
6.2e+06 1.3302e-09 2.04892e-07 1.74828e-11 10 1 0.5 10
6.3e+06 1.3432e-09 2.08728e-07 2.24087e-11 8 1 0.5 8
6.4e+06 1.11875e-09 2.06493e-07 2.46884e-11 6 1 0.5 6
6.5e+06 1.48124e-09 2.01388e-07 3.8562e-11 5 1 0.5 5
6.6e+06 1.2822e-09 2.06303e-07 1.88296e-11 9 1 0.5 9
6.7e+06 1.3995e-09 2.04577e-07 2.62864e-11 7 1 0.5 7
6.8e+06 1.84654e-09 2.09e-07 3.53208e-11 7 1 0.5 7
6.9e+06 1.34459e-09 2.09584e-07 1.6349e-11 11 1 0.5 11
7e+06 2.07176e-09 2.10752e-07 2.14263e-11 13 1 0.5 13
7.1e+06 1.30668e-09 2.04655e-07 2.45429e-11 7 1 0.5 7
7.2e+06 1.6717e-09 2.11858e-07 3.7721e-11 6 1 0.5 6
7.3e+06 1.55833e-09 2.0107e-07 1.68168e-11 12 1 0.5 12
7.4e+06 1.84108e-09 2.03836e-07 4.84623e-11 5 1 0.5 5
7.5e+06 1.48937e-09 1.99601e-07 2.74499e-11 7 1 0.5 7
7.6e+06 1.42103e-09 2.03374e-07 2.32347e-11 8 1 0.5 8
7.7e+06 1.42682e-09 2.10385e-07 2.73971e-11 7 1 0.5 7
7.8e+06 1.25201e-09 1.9659e-07 1.99285e-11 8 1 0.5 8
7.9e+06 1.29524e-09 2.04612e-07 1.88997e-11 9 1 0.5 9
8e+06 1.4221e-09 2.03053e-07 2.65773e-11 7 1 0.5 7
8.1e+06 1.60197e-09 1.98809e-07 2.05779e-11 10 1 0.5 10
8.2e+06 1.3063e-09 2.13309e-07 1.77194e-11 10 1 0.5 10
8.3e+06 1.56319e-09 2.12859e-07 3.03071e-11 7 1 0.5 7
8.4e+06 1.47181e-09 2.04898e-07 3.88358e-11 5 1 0.5 5
8.5e+06 1.2517e-09 2.00111e-07 2.69669e-11 6 1 0.5 6
8.6e+06 1.18814e-09 2.06947e-07 2.62717e-11 6 1 0.5 6
8.7e+06 1.82493e-09 2.19232e-07 5.0876e-11 5 1 0.5 5
8.8e+06 1.68187e-09 2.08127e-07 2.48949e-11 9 1 0.5 9
8.9e+06 2.60459e-09 1.92634e-07 6.61387e-11 5 1 0.5 5
9e+06 1.76927e-09 2.1677e-07 3.48239e-11 7 1 0.5 7
9.1e+06 1.59588e-09 2.09384e-07 3.05453e-11 7 1 0.5 7
9.2e+06 1.14338e-09 2.11308e-07 1.92493e-11 8 1 0.5 8
9.3e+06 1.5178e-09 2.12596e-07 2.5703e-11 8 1 0.5 8
9.4e+06 1.83644e-09 2.06332e-07 2.70092e-11 9 1 0.5 9
9.5e+06 1.26045e-09 2.12709e-07 2.13382e-11 8 1 0.5 8
9.6e+06 1.21602e-09 2.13731e-07 1.65171e-11 10 1 0.5 10
9.7e+06 1.20418e-09 2.16807e-07 2.76221e-11 6 1 0.5 6
9.8e+06 1.87722e-09 2.0388e-07 4.94298e-11 5 1 0.5 5
9.9e+06 1.5723e-09 2.23305e-07 2.21302e-11 10 1 0.5 10
1e+07 1.79345e-09 2.12152e-07 3.47061e-11 7 1 0.5 7
1.01e+07 1.54362e-09 2.20354e-07 3.07573e-11 7 1 0.5 7
1.02e+07 1.52926e-09 2.11228e-07 3.44073e-11 6 1 0.5 6
1.03e+07 1.99566e-09 2.10102e-07 4.47917e-11 6 1 0.5 6
1.04e+07 1.51929e-09 2.01776e-07 2.82413e-11 7 1 0.5 7
1.05e+07 1.76551e-09 2.03053e-07 2.30635e-11 10 1 0.5 10
1.06e+07 1.31366e-09 2.1142e-07 2.95533e-11 6 1 0.5 6
1.07e+07 2.288e-09 1.93702e-07 2.05735e-11 14 1 0.5 14
1.08e+07 1.25834e-09 2.13799e-07 1.70978e-11 10 1 0.5 10
1.09e+07 1.56862e-09 1.97174e-07 2.86439e-11 7 1 0.5 7
1.1e+07 1.68048e-09 2.0747e-07 3.19419e-11 7 1 0.5 7
1.11e+07 1.99293e-09 2.07234e-07 3.79074e-11 7 1 0.5 7
1.12e+07 1.61684e-09 2.14569e-07 2.45103e-11 9 1 0.5 9
1.13e+07 1.68895e-09 2.02175e-07 3.14604e-11 7 1 0.5 7
1.14e+07 1.8904e-09 2.17983e-07 2.90383e-11 9 1 0.5 9
1.15e+07 1.33173e-09 2.08178e-07 1.61068e-11 11 1 0.5 11
1.16e+07 1.03358e-09 2.09255e-07 1.53391e-11 9 1 0.5 9
1.17e+07 1.69013e-09 2.03941e-07 2.47142e-11 9 1 0.5 9
1.18e+07 1.27449e-09 1.99797e-07 2.05441e-11 8 1 0.5 8
1.19e+07 1.44549e-09 2.04878e-07 1.46054e-11 13 1 0.5 13
1.2e+07 1.53418e-09 2.08868e-07 2.27639e-11 9 1 0.5 9
1.21e+07 1.07871e-09 2.05995e-07 2.85323e-11 5 1 0.5 5
1.22e+07 1.09325e-09 2.02739e-07 2.378e-11 6 1 0.5 6
1.23e+07 1.60542e-09 2.08257e-07 3.57307e-11 6 1 0.5 6
1.24e+07 1.39298e-09 2.06722e-07 3.07983e-11 6 1 0.5 6
1.25e+07 2.04091e-09 2.09646e-07 5.49722e-11 5 1 0.5 5
1.26e+07 1.26664e-09 2.00107e-07 2.33745e-11 7 1 0.5 7
1.27e+07 1.97692e-09 2.046e-07 6.54457e-11 4 1 0.5 4
1.28e+07 1.51594e-09 1.97664e-07 1.9382e-11 10 1 0.5 10
1.29e+07 1.34867e-09 2.18481e-07 1.55655e-11 12 1 0.5 12
1.3e+07 1.57386e-09 2.0641e-07 1.89176e-11 11 1 0.5 11
1.31e+07 1.50874e-09 2.10624e-07 1.4465e-11 14 1 0.5 14
1.32e+07 1.19648e-09 2.11213e-07 1.46325e-11 11 1 0.5 11
1.33e+07 1.58534e-09 2.08508e-07 2.34941e-11 9 1 0.5 9
1.34e+07 1.07946e-09 2.08774e-07 1.59928e-11 9 1 0.5 9
1.35e+07 1.75632e-09 2.05507e-07 3.31434e-11 7 1 0.5 7
1.36e+07 8.33102e-10 2.0781e-07 1.38308e-11 8 1 0.5 8
1.37e+07 1.40688e-09 2.01758e-07 2.61408e-11 7 1 0.5 7
1.38e+07 1.39415e-09 1.97079e-07 2.54347e-11 7 1 0.5 7
1.39e+07 1.04519e-09 2.06847e-07 1.97793e-11 7 1 0.5 7
1.4e+07 1.5348e-09 1.98833e-07 2.82064e-11 7 1 0.5 7
1.41e+07 1.74916e-09 2.07577e-07 5.8477e-11 4 1 0.5 4
1.42e+07 1.37899e-09 2.11683e-07 2.3264e-11 8 1 0.5 8
1.43e+07 1.2275e-09 2.07184e-07 2.71703e-11 6 1 0.5 6
1.44e+07 2.22561e-09 2.04941e-07 7.38599e-11 4 1 0.5 4
1.45e+07 1.33647e-09 2.07151e-07 2.53444e-11 7 1 0.5 7
1.46e+07 1.31621e-09 2.11512e-07 1.26569e-11 14 1 0.5 14
1.47e+07 1.31268e-09 2.17073e-07 3.62214e-11 5 1 0.5 5
1.48e+07 1.67269e-09 2.09367e-07 2.48744e-11 9 1 0.5 9
1.49e+07 1.60238e-09 2.09175e-07 1.9464e-11 11 1 0.5 11
1.5e+07 1.48069e-09 2.02693e-07 2.14569e-11 9 1 0.5 9
1.51e+07 1.34116e-09 2.13658e-07 2.60602e-11 7 1 0.5 7
1.52e+07 1.11942e-09 2.10368e-07 9.9997e-12 15 1 0.5 15
1.53e+07 1.7367e-09 2.01881e-07 3.77408e-11 6 1 0.5 6
1.54e+07 1.26832e-09 2.10318e-07 2.12815e-11 8 1 0.5 8
1.55e+07 1.32623e-09 2.00701e-07 2.14564e-11 8 1 0.5 8
1.56e+07 1.60066e-09 2.05719e-07 2.64207e-11 8 1 0.5 8
1.57e+07 1.51358e-09 2.11299e-07 2.0388e-11 10 1 0.5 10
1.58e+07 1.38562e-09 2.0879e-07 2.31247e-11 8 1 0.5 8
1.59e+07 1.65274e-09 2.06967e-07 1.99111e-11 11 1 0.5 11
1.6e+07 1.57529e-09 2.03158e-07 3.43815e-11 6 1 0.5 6
1.61e+07 1.17866e-09 2.07134e-07 1.73592e-11 9 1 0.5 9
1.62e+07 1.65271e-09 2.10604e-07 2.77916e-11 8 1 0.5 8
1.63e+07 1.31108e-09 2.1561e-07 1.99356e-11 9 1 0.5 9
1.64e+07 1.7694e-09 2.08071e-07 3.93771e-11 6 1 0.5 6
1.65e+07 1.39044e-09 1.99735e-07 1.19317e-11 15 1 0.5 15
1.66e+07 1.44783e-09 2.05905e-07 2.73363e-11 7 1 0.5 7
1.67e+07 2.1225e-09 2.14326e-07 3.21888e-11 9 1 0.5 9
1.68e+07 1.08807e-09 2.0053e-07 1.75801e-11 8 1 0.5 8
1.69e+07 1.63946e-09 2.01744e-07 1.77412e-11 12 1 0.5 12
1.7e+07 1.3809e-09 2.07941e-07 2.04101e-11 9 1 0.5 9
1.71e+07 1.77885e-09 2.07715e-07 3.38538e-11 7 1 0.5 7
1.72e+07 1.21307e-09 1.98036e-07 1.55221e-11 10 1 0.5 10
1.73e+07 1.47235e-09 2.12462e-07 1.99168e-11 10 1 0.5 10
1.74e+07 1.95756e-09 2.03232e-07 2.13178e-11 12 1 0.5 12
1.75e+07 1.50864e-09 2.14523e-07 3.43579e-11 6 1 0.5 6
1.76e+07 1.07389e-09 2.15756e-07 2.45268e-11 6 1 0.5 6
1.77e+07 1.35396e-09 2.01257e-07 2.19539e-11 8 1 0.5 8
1.78e+07 1.43061e-09 2.17323e-07 2.46452e-11 8 1 0.5 8
1.79e+07 1.63663e-09 2.07032e-07 2.71522e-11 8 1 0.5 8
1.8e+07 1.5095e-09 2.02445e-07 1.63752e-11 12 1 0.5 12
1.81e+07 1.44789e-09 2.06114e-07 2.12564e-11 9 1 0.5 9
1.82e+07 1.98757e-09 2.09835e-07 4.45642e-11 6 1 0.5 6
1.83e+07 1.48603e-09 2.17818e-07 1.70751e-11 12 1 0.5 12
1.84e+07 1.55141e-09 2.08108e-07 4.14534e-11 5 1 0.5 5
1.85e+07 1.40152e-09 1.98173e-07 2.99833e-11 6 1 0.5 6
1.86e+07 1.82912e-09 2.08128e-07 4.07239e-11 6 1 0.5 6
1.87e+07 2.12029e-09 2.06155e-07 4.01578e-11 7 1 0.5 7
1.88e+07 1.72948e-09 2.01388e-07 2.80862e-11 8 1 0.5 8
1.89e+07 1.85985e-09 2.06057e-07 4.93785e-11 5 1 0.5 5
1.9e+07 1.43712e-09 2.01166e-07 3.11097e-11 6 1 0.5 6
1.91e+07 1.49201e-09 2.05007e-07 6.59582e-11 3 1 0.5 3
1.92e+07 1.1986e-09 2.05577e-07 2.25844e-11 7 1 0.5 7
1.93e+07 1.70373e-09 2.01592e-07 3.16656e-11 7 1 0.5 7
1.94e+07 1.15699e-09 2.02556e-07 1.88441e-11 8 1 0.5 8
1.95e+07 1.25118e-09 2.09596e-07 1.28655e-11 13 1 0.5 13
1.96e+07 1.43854e-09 2.07292e-07 2.73035e-11 7 1 0.5 7
1.97e+07 1.33659e-09 1.95397e-07 2.82766e-11 6 1 0.5 6
1.98e+07 1.2721e-09 2.0059e-07 2.05686e-11 8 1 0.5 8
1.99e+07 1.38275e-09 2.02918e-07 2.25666e-11 8 1 0.5 8
2e+07 9.45304e-10 2.06545e-07 1.56236e-11 8 1 0.5 8
2.01e+07 1.59335e-09 2.10921e-07 4.30344e-11 5 1 0.5 5
2.02e+07 1.04591e-09 2.04737e-07 1.96348e-11 7 1 0.5 7
2.03e+07 1.5139e-09 1.93031e-07 3.17476e-11 6 1 0.5 6
2.04e+07 1.01468e-09 2.14367e-07 1.72707e-11 8 1 0.5 8
2.05e+07 1.75197e-09 2.111e-07 3.94327e-11 6 1 0.5 6
2.06e+07 1.33462e-09 2.09455e-07 2.2326e-11 8 1 0.5 8
2.07e+07 1.47506e-09 1.96726e-07 2.68802e-11 7 1 0.5 7
2.08e+07 9.40936e-10 2.04713e-07 1.54432e-11 8 1 0.5 8
2.09e+07 1.33751e-09 2.20843e-07 1.55332e-11 12 1 0.5 12
2.1e+07 1.20612e-09 2.11882e-07 1.62704e-11 10 1 0.5 10
2.11e+07 1.70082e-09 2.06696e-07 2.81864e-11 8 1 0.5 8
2.12e+07 1.47045e-09 2.02616e-07 2.7418e-11 7 1 0.5 7
2.13e+07 1.79138e-09 2.07848e-07 3.41108e-11 7 1 0.5 7
2.14e+07 1.99663e-09 2.05803e-07 3.775e-11 7 1 0.5 7
2.15e+07 1.33918e-09 1.98973e-07 2.46098e-11 7 1 0.5 7
2.16e+07 1.64541e-09 2.12109e-07 1.58663e-11 14 1 0.5 14
2.17e+07 1.61599e-09 2.0458e-07 3.54681e-11 6 1 0.5 6
2.18e+07 1.79904e-09 2.09039e-07 2.67288e-11 9 1 0.5 9
2.19e+07 1.31793e-09 2.06496e-07 1.58383e-11 11 1 0.5 11
2.2e+07 1.7782e-09 2.06902e-07 2.62054e-11 9 1 0.5 9
2.21e+07 1.30548e-09 2.14844e-07 2.22782e-11 8 1 0.5 8
2.22e+07 1.39749e-09 2.06943e-07 3.09246e-11 6 1 0.5 6
2.23e+07 1.65527e-09 2.035e-07 2.70954e-11 8 1 0.5 8
2.24e+07 1.28544e-09 2.22543e-07 1.50183e-11 12 1 0.5 12
2.25e+07 1.42486e-09 1.96699e-07 4.5591e-11 4 1 0.5 4
2.26e+07 1.65085e-09 2.11468e-07 2.4742e-11 9 1 0.5 9
2.27e+07 1.28463e-09 2.03667e-07 2.4036e-11 7 1 0.5 7
2.28e+07 1.7385e-09 2.06388e-07 2.55679e-11 9 1 0.5 9
2.29e+07 1.89455e-09 2.03251e-07 2.75413e-11 9 1 0.5 9
2.3e+07 1.67584e-09 2.17331e-07 3.85859e-11 6 1 0.5 6
2.31e+07 1.42982e-09 2.06093e-07 2.70141e-11 7 1 0.5 7
2.32e+07 1.55389e-09 2.03413e-07 2.25842e-11 9 1 0.5 9
2.33e+07 1.20633e-09 2.04819e-07 2.26651e-11 7 1 0.5 7
2.34e+07 2.04848e-09 1.93249e-07 2.14549e-11 12 1 0.5 12
2.35e+07 1.39112e-09 1.99865e-07 1.7935e-11 10 1 0.5 10
2.36e+07 1.1447e-09 2.14911e-07 1.56135e-11 10 1 0.5 10
2.37e+07 1.59292e-09 2.21361e-07 1.5887e-11 14 1 0.5 14
2.38e+07 1.73049e-09 2.01121e-07 2.80734e-11 8 1 0.5 8
2.39e+07 1.97703e-09 2.09223e-07 3.3104e-11 8 1 0.5 8
2.4e+07 1.30091e-09 2.14133e-07 1.47422e-11 12 1 0.5 12
2.41e+07 1.32033e-09 2.03991e-07 2.8882e-11 6 1 0.5 6
2.42e+07 1.66143e-09 2.03047e-07 3.10493e-11 7 1 0.5 7
2.43e+07 1.30684e-09 2.02405e-07 1.70118e-11 10 1 0.5 10
2.44e+07 1.53199e-09 2.07801e-07 2.03679e-11 10 1 0.5 10
2.45e+07 9.75565e-10 2.1353e-07 1.47081e-11 9 1 0.5 9
2.46e+07 1.28901e-09 2.09854e-07 2.8827e-11 6 1 0.5 6
2.47e+07 1.60276e-09 2.01821e-07 5.23713e-11 4 1 0.5 4
2.48e+07 1.45992e-09 2.14323e-07 2.21025e-11 9 1 0.5 9
2.49e+07 1.96242e-09 2.07452e-07 3.73323e-11 7 1 0.5 7
2.5e+07 1.46482e-09 2.08438e-07 2.44194e-11 8 1 0.5 8
2.51e+07 1.68091e-09 2.15834e-07 5.79304e-11 4 1 0.5 4
2.52e+07 1.30978e-09 2.00947e-07 3.40144e-11 5 1 0.5 5
2.53e+07 1.64852e-09 2.14156e-07 2.8089e-11 8 1 0.5 8
2.54e+07 1.79414e-09 2.07204e-07 4.78277e-11 5 1 0.5 5
2.55e+07 1.71053e-09 2.18502e-07 2.96185e-11 8 1 0.5 8
2.56e+07 1.2256e-09 2.00887e-07 1.98371e-11 8 1 0.5 8
2.57e+07 1.3446e-09 2.17164e-07 2.05637e-11 9 1 0.5 9
2.58e+07 1.46701e-09 2.0098e-07 1.18588e-11 16 1 0.5 16
2.59e+07 1.50759e-09 2.07939e-07 3.35007e-11 6 1 0.5 6
2.6e+07 1.16106e-09 2.11004e-07 1.30022e-11 12 1 0.5 12
2.61e+07 1.25267e-09 2.11841e-07 1.87814e-11 9 1 0.5 9
2.62e+07 1.46143e-09 2.1184e-07 2.19229e-11 9 1 0.5 9
2.63e+07 1.91791e-09 2.01651e-07 6.27374e-11 4 1 0.5 4
2.64e+07 1.68746e-09 2.10329e-07 2.093e-11 11 1 0.5 11
2.65e+07 1.38386e-09 2.08896e-07 3.70582e-11 5 1 0.5 5
2.66e+07 1.62692e-09 2.11789e-07 2.74769e-11 8 1 0.5 8
2.67e+07 1.49045e-09 2.06344e-07 1.97047e-11 10 1 0.5 10
2.68e+07 1.89745e-09 1.98494e-07 3.48644e-11 7 1 0.5 7
2.69e+07 1.44053e-09 1.99997e-07 2.65866e-11 7 1 0.5 7
2.7e+07 1.64239e-09 2.02545e-07 1.7828e-11 12 1 0.5 12
2.71e+07 1.06267e-09 2.21844e-07 1.85882e-11 8 1 0.5 8
2.72e+07 1.93953e-09 2.01801e-07 4.2167e-11 6 1 0.5 6
2.73e+07 1.05917e-09 2.12703e-07 1.79199e-11 8 1 0.5 8
2.74e+07 1.7732e-09 1.94487e-07 3.20572e-11 7 1 0.5 7
2.75e+07 1.71969e-09 1.98117e-07 2.20364e-11 10 1 0.5 10
2.76e+07 1.81379e-09 2.06826e-07 3.00828e-11 8 1 0.5 8
2.77e+07 1.64085e-09 2.00781e-07 2.36119e-11 9 1 0.5 9
2.78e+07 1.29783e-09 2.02564e-07 2.1147e-11 8 1 0.5 8
2.79e+07 2.00812e-09 1.99035e-07 6.50541e-11 4 1 0.5 4
2.8e+07 1.08645e-09 2.03627e-07 1.18303e-11 12 1 0.5 12
2.81e+07 1.7254e-09 2.06833e-07 2.86105e-11 8 1 0.5 8
2.82e+07 1.48699e-09 2.0398e-07 2.16572e-11 9 1 0.5 9
2.83e+07 1.57829e-09 1.99527e-07 2.03296e-11 10 1 0.5 10
2.84e+07 1.77217e-09 2.04867e-07 1.94136e-11 12 1 0.5 12
2.85e+07 1.85576e-09 2.03874e-07 3.04378e-11 8 1 0.5 8
2.86e+07 1.64699e-09 2.07966e-07 2.43617e-11 9 1 0.5 9
2.87e+07 2.17531e-09 2.02833e-07 3.15939e-11 9 1 0.5 9
2.88e+07 1.39925e-09 2.06375e-07 1.84973e-11 10 1 0.5 10
2.89e+07 1.57518e-09 1.96395e-07 2.8676e-11 7 1 0.5 7
2.9e+07 1.12763e-09 2.09861e-07 1.8881e-11 8 1 0.5 8
2.91e+07 1.94829e-09 2.11155e-07 3.75819e-11 7 1 0.5 7
2.92e+07 1.01634e-09 2.11879e-07 1.24556e-11 11 1 0.5 11
2.93e+07 1.52166e-09 2.13269e-07 1.47333e-11 14 1 0.5 14
2.94e+07 1.35771e-09 2.04114e-07 1.61703e-11 11 1 0.5 11
2.95e+07 1.4317e-09 2.03672e-07 2.68009e-11 7 1 0.5 7
2.96e+07 1.73321e-09 2.11023e-07 2.33341e-11 10 1 0.5 10
2.97e+07 1.67749e-09 2.05292e-07 2.20981e-11 10 1 0.5 10
2.98e+07 1.45878e-09 2.10614e-07 3.27376e-11 6 1 0.5 6
2.99e+07 1.45887e-09 2.02999e-07 2.38215e-11 8 1 0.5 8
3e+07 1.65627e-09 2.02117e-07 7.24993e-11 3 1 0.5 3
3.01e+07 1.16442e-09 2.17708e-07 1.33659e-11 12 1 0.5 12
3.02e+07 1.11526e-09 2.1237e-07 2.51595e-11 6 1 0.5 6
3.03e+07 1.45174e-09 2.07732e-07 3.87177e-11 5 1 0.5 5
3.04e+07 1.26867e-09 2.0484e-07 1.5149e-11 11 1 0.5 11
3.05e+07 1.53741e-09 2.06833e-07 2.91385e-11 7 1 0.5 7
3.06e+07 1.13921e-09 2.04179e-07 1.86697e-11 8 1 0.5 8
3.07e+07 1.68284e-09 2.16774e-07 3.31136e-11 7 1 0.5 7
3.08e+07 1.27908e-09 2.03315e-07 2.79029e-11 6 1 0.5 6
3.09e+07 1.77465e-09 2.14399e-07 3.02762e-11 8 1 0.5 8
3.1e+07 1.42124e-09 2.05275e-07 2.07972e-11 9 1 0.5 9
3.11e+07 1.79188e-09 2.05465e-07 2.95642e-11 8 1 0.5 8
3.12e+07 1.03443e-09 2.13969e-07 1.75822e-11 8 1 0.5 8
3.13e+07 1.71219e-09 2.08639e-07 1.90247e-11 12 1 0.5 12
3.14e+07 1.93506e-09 2.08383e-07 3.2295e-11 8 1 0.5 8
3.15e+07 1.19206e-09 2.04976e-07 1.2044e-11 13 1 0.5 13
3.16e+07 8.67831e-10 2.08496e-07 1.15508e-11 10 1 0.5 10
3.17e+07 1.18836e-09 2.14969e-07 1.62142e-11 10 1 0.5 10
3.18e+07 1.77606e-09 2.07344e-07 1.68264e-11 14 1 0.5 14
3.19e+07 1.29613e-09 2.05769e-07 1.89962e-11 9 1 0.5 9
3.2e+07 1.52322e-09 2.18619e-07 1.50404e-11 14 1 0.5 14
3.21e+07 1.42977e-09 2.04226e-07 1.56144e-11 12 1 0.5 12
3.22e+07 1.53654e-09 2.0517e-07 2.89384e-11 7 1 0.5 7
3.23e+07 1.78657e-09 2.01537e-07 2.32036e-11 10 1 0.5 10
3.24e+07 1.62272e-09 2.06282e-07 2.68439e-11 8 1 0.5 8
3.25e+07 1.70063e-09 2.03173e-07 4.46233e-11 5 1 0.5 5
3.26e+07 1.18728e-09 2.12836e-07 2.01047e-11 8 1 0.5 8
3.27e+07 1.83097e-09 2.06505e-07 8.16153e-11 3 1 0.5 3
3.28e+07 1.54993e-09 2.0104e-07 2.51239e-11 8 1 0.5 8
3.29e+07 1.50861e-09 2.06891e-07 2.85965e-11 7 1 0.5 7
3.3e+07 1.6051e-09 1.99882e-07 2.96259e-11 7 1 0.5 7
3.31e+07 1.43554e-09 2.0533e-07 3.15769e-11 6 1 0.5 6
3.32e+07 1.36754e-09 2.09052e-07 1.82605e-11 10 1 0.5 10
3.33e+07 9.95799e-10 2.07362e-07 1.65115e-11 8 1 0.5 8
3.34e+07 1.03511e-09 2.00338e-07 2.23025e-11 6 1 0.5 6
3.35e+07 1.79638e-09 2.229e-07 3.61536e-11 7 1 0.5 7
3.36e+07 1.6535e-09 2.11323e-07 5.60329e-11 4 1 0.5 4
3.37e+07 1.73602e-09 2.07797e-07 3.30444e-11 7 1 0.5 7
3.38e+07 1.34614e-09 2.07216e-07 1.37207e-11 13 1 0.5 13
3.39e+07 1.34837e-09 2.13386e-07 2.03373e-11 9 1 0.5 9
3.4e+07 1.53062e-09 2.01398e-07 2.20725e-11 9 1 0.5 9
3.41e+07 1.60763e-09 2.04925e-07 3.53302e-11 6 1 0.5 6
3.42e+07 1.14687e-09 2.10741e-07 1.92675e-11 8 1 0.5 8
3.43e+07 1.62672e-09 1.98777e-07 2.32257e-11 9 1 0.5 9
3.44e+07 2.08429e-09 2.09659e-07 3.10616e-11 9 1 0.5 9
3.45e+07 1.97937e-09 2.11371e-07 3.34113e-11 8 1 0.5 8
3.46e+07 2.06966e-09 2.03999e-07 3.39826e-11 8 1 0.5 8
3.47e+07 1.52643e-09 2.0891e-07 4.09047e-11 5 1 0.5 5
3.48e+07 1.89384e-09 2.05241e-07 6.28043e-11 4 1 0.5 4
3.49e+07 1.74695e-09 1.97997e-07 3.73944e-11 6 1 0.5 6
3.5e+07 1.46702e-09 2.045e-07 2.75523e-11 7 1 0.5 7
3.51e+07 1.53048e-09 2.16601e-07 3.00813e-11 7 1 0.5 7
3.52e+07 1.66606e-09 1.91749e-07 2.97822e-11 7 1 0.5 7
3.53e+07 2.1755e-09 1.94206e-07 3.93349e-11 7 1 0.5 7
3.54e+07 1.37902e-09 2.1088e-07 2.06084e-11 9 1 0.5 9
3.55e+07 9.65745e-10 2.14694e-07 1.31567e-11 10 1 0.5 10
3.56e+07 1.2304e-09 2.08017e-07 2.04654e-11 8 1 0.5 8
3.57e+07 1.45548e-09 2.0518e-07 1.74089e-11 11 1 0.5 11
3.58e+07 1.27326e-09 2.10162e-07 2.13523e-11 8 1 0.5 8
3.59e+07 1.40937e-09 1.97327e-07 1.3829e-11 13 1 0.5 13
3.6e+07 1.95207e-09 2.04581e-07 4.28986e-11 6 1 0.5 6
3.61e+07 1.60827e-09 2.12186e-07 1.81052e-11 12 1 0.5 12
3.62e+07 1.31799e-09 2.05224e-07 2.89667e-11 6 1 0.5 6
3.63e+07 1.19996e-09 1.98859e-07 2.57214e-11 6 1 0.5 6
3.64e+07 1.57819e-09 2.04032e-07 3.45612e-11 6 1 0.5 6
3.65e+07 1.79335e-09 2.10666e-07 4.84345e-11 5 1 0.5 5
3.66e+07 1.129e-09 2.16022e-07 1.2879e-11 12 1 0.5 12
3.67e+07 9.19604e-10 2.08112e-07 1.11101e-11 11 1 0.5 11
3.68e+07 1.37706e-09 2.17065e-07 3.1639e-11 6 1 0.5 6
3.69e+07 1.61913e-09 2.05958e-07 3.05937e-11 7 1 0.5 7
3.7e+07 1.52945e-09 2.16363e-07 3.5071e-11 6 1 0.5 6
3.71e+07 1.60942e-09 2.11571e-07 2.41277e-11 9 1 0.5 9
3.72e+07 1.46658e-09 2.03214e-07 1.74105e-11 11 1 0.5 11
3.73e+07 1.55547e-09 1.9492e-07 2.46158e-11 8 1 0.5 8
3.74e+07 1.26537e-09 2.07548e-07 2.1012e-11 8 1 0.5 8
3.75e+07 9.3646e-10 2.09701e-07 1.56622e-11 8 1 0.5 8
3.76e+07 1.00021e-09 2.15077e-07 1.95151e-11 7 1 0.5 7
3.77e+07 1.91965e-09 1.94435e-07 4.87215e-11 5 1 0.5 5
3.78e+07 1.56461e-09 2.05561e-07 2.29282e-11 9 1 0.5 9
3.79e+07 1.85142e-09 2.06911e-07 4.10344e-11 6 1 0.5 6
3.8e+07 1.65079e-09 2.09673e-07 3.69432e-11 6 1 0.5 6
3.81e+07 1.6011e-09 2.08641e-07 3.05601e-11 7 1 0.5 7
3.82e+07 1.3476e-09 2.06466e-07 2.9761e-11 6 1 0.5 6
3.83e+07 1.2719e-09 2.06267e-07 2.806e-11 6 1 0.5 6
3.84e+07 1.5556e-09 1.99303e-07 2.50463e-11 8 1 0.5 8
3.85e+07 1.61785e-09 2.02649e-07 1.91704e-11 11 1 0.5 11
3.86e+07 1.57776e-09 2.10508e-07 2.1193e-11 10 1 0.5 10
3.87e+07 1.57353e-09 2.07154e-07 2.08709e-11 10 1 0.5 10
3.88e+07 1.88651e-09 2.0495e-07 4.15063e-11 6 1 0.5 6
3.89e+07 1.37341e-09 2.05637e-07 2.01226e-11 9 1 0.5 9
3.9e+07 1.99156e-09 2.03776e-07 3.26652e-11 8 1 0.5 8
3.91e+07 1.32108e-09 1.98466e-07 2.82867e-11 6 1 0.5 6
3.92e+07 1.50137e-09 2.0897e-07 3.34918e-11 6 1 0.5 6
3.93e+07 1.1858e-09 2.11937e-07 1.7782e-11 9 1 0.5 9
3.94e+07 1.36552e-09 2.04705e-07 2.99573e-11 6 1 0.5 6
3.95e+07 1.52697e-09 2.0832e-07 5.11279e-11 4 1 0.5 4
3.96e+07 1.68544e-09 2.10221e-07 3.78013e-11 6 1 0.5 6
3.97e+07 2.1145e-09 2.13404e-07 2.87459e-11 10 1 0.5 10
3.98e+07 1.0978e-09 2.09843e-07 2.9464e-11 5 1 0.5 5
3.99e+07 1.44224e-09 2.16502e-07 2.20091e-11 9 1 0.5 9
4e+07 1.25812e-09 1.96597e-07 2.28998e-11 7 1 0.5 7
4.01e+07 1.85319e-09 2.02757e-07 4.0426e-11 6 1 0.5 6
4.02e+07 1.26678e-09 1.97615e-07 1.15505e-11 14 1 0.5 14
4.03e+07 1.5209e-09 2.06839e-07 2.24079e-11 9 1 0.5 9
4.04e+07 1.2489e-09 2.03022e-07 4.09178e-11 4 1 0.5 4
4.05e+07 1.94994e-09 2.11375e-07 4.68854e-11 6 1 0.5 6
4.06e+07 2.1418e-09 2.09409e-07 2.38871e-11 12 1 0.5 12
4.07e+07 1.44321e-09 2.01121e-07 1.69945e-11 11 1 0.5 11
4.08e+07 1.34986e-09 2.09891e-07 2.00967e-11 9 1 0.5 9
4.09e+07 1.45838e-09 2.06854e-07 1.60879e-11 12 1 0.5 12
4.1e+07 1.33402e-09 2.04993e-07 3.5191e-11 5 1 0.5 5
4.11e+07 1.22961e-09 2.01796e-07 1.32986e-11 12 1 0.5 12
4.12e+07 1.24008e-09 2.03451e-07 2.02717e-11 8 1 0.5 8
4.13e+07 1.5826e-09 1.96545e-07 2.88289e-11 7 1 0.5 7
4.14e+07 1.53165e-09 2.13835e-07 2.08274e-11 10 1 0.5 10
4.15e+07 1.50594e-09 2.02683e-07 1.78427e-11 11 1 0.5 11
4.16e+07 1.52462e-09 2.16386e-07 1.60841e-11 13 1 0.5 13
4.17e+07 1.41382e-09 2.12297e-07 2.12421e-11 9 1 0.5 9
4.18e+07 1.4408e-09 2.03276e-07 2.69309e-11 7 1 0.5 7
4.19e+07 1.03695e-09 2.16695e-07 1.58188e-11 9 1 0.5 9
4.2e+07 1.52696e-09 2.08736e-07 2.26451e-11 9 1 0.5 9
4.21e+07 9.78601e-10 2.11439e-07 2.64074e-11 5 1 0.5 5
4.22e+07 1.60069e-09 2.07038e-07 3.5461e-11 6 1 0.5 6
4.23e+07 1.77496e-09 2.04964e-07 5.87605e-11 4 1 0.5 4
4.24e+07 1.55628e-09 2.16936e-07 3.06285e-11 7 1 0.5 7
4.25e+07 1.56148e-09 1.95412e-07 2.19973e-11 9 1 0.5 9
4.26e+07 1.67867e-09 2.0877e-07 3.20643e-11 7 1 0.5 7
4.27e+07 1.86763e-09 2.0747e-07 4.1484e-11 6 1 0.5 6
4.28e+07 1.05791e-09 2.11335e-07 2.37689e-11 6 1 0.5 6
4.29e+07 1.16152e-09 2.05556e-07 1.52988e-11 10 1 0.5 10
4.3e+07 1.64217e-09 2.23955e-07 2.89922e-11 8 1 0.5 8
4.31e+07 1.38611e-09 2.20666e-07 2.41665e-11 8 1 0.5 8
4.32e+07 1.1858e-09 1.97925e-07 2.53239e-11 6 1 0.5 6
4.33e+07 1.66803e-09 2.12662e-07 2.05297e-11 11 1 0.5 11
4.34e+07 1.59145e-09 2.1988e-07 4.4422e-11 5 1 0.5 5
4.35e+07 1.4367e-09 2.03484e-07 3.76987e-11 5 1 0.5 5
4.36e+07 1.62058e-09 2.0543e-07 1.94087e-11 11 1 0.5 11
4.37e+07 1.31394e-09 2.01344e-07 2.13099e-11 8 1 0.5 8
4.38e+07 1.12275e-09 2.1071e-07 1.5077e-11 10 1 0.5 10
4.39e+07 1.92079e-09 2.0167e-07 4.17354e-11 6 1 0.5 6
4.4e+07 1.44657e-09 2.00352e-07 1.86875e-11 10 1 0.5 10
4.41e+07 1.6053e-09 2.11955e-07 3.10232e-11 7 1 0.5 7
4.42e+07 1.41243e-09 1.98596e-07 1.50922e-11 12 1 0.5 12
4.43e+07 1.7699e-09 2.14759e-07 2.72673e-11 9 1 0.5 9
4.44e+07 1.67527e-09 2.07869e-07 3.72405e-11 6 1 0.5 6
4.45e+07 1.35846e-09 2.04459e-07 2.23002e-11 8 1 0.5 8
4.46e+07 1.53566e-09 1.99297e-07 1.9761e-11 10 1 0.5 10
4.47e+07 1.92022e-09 1.9878e-07 4.12558e-11 6 1 0.5 6
4.48e+07 1.89162e-09 2.04166e-07 6.24722e-11 4 1 0.5 4
4.49e+07 1.79842e-09 2.02298e-07 2.93142e-11 8 1 0.5 8
4.5e+07 1.16296e-09 2.04649e-07 1.69663e-11 9 1 0.5 9
4.51e+07 1.69481e-09 2.10535e-07 2.28036e-11 10 1 0.5 10
4.52e+07 1.68709e-09 2.15254e-07 2.8866e-11 8 1 0.5 8
4.53e+07 2.10247e-09 2.00815e-07 2.72489e-11 10 1 0.5 10
4.54e+07 1.33996e-09 2.03367e-07 2.50467e-11 7 1 0.5 7
4.55e+07 1.75728e-09 2.15246e-07 8.08937e-11 3 1 0.5 3
4.56e+07 1.32829e-09 2.08665e-07 2.95772e-11 6 1 0.5 6
4.57e+07 9.68362e-10 2.17816e-07 1.11156e-11 12 1 0.5 12
4.58e+07 1.59614e-09 2.10458e-07 4.30358e-11 5 1 0.5 5
4.59e+07 1.40301e-09 2.00705e-07 2.27037e-11 8 1 0.5 8
4.6e+07 1.56828e-09 2.14412e-07 2.37574e-11 9 1 0.5 9
4.61e+07 1.17114e-09 2.10395e-07 1.12125e-11 14 1 0.5 14
4.62e+07 1.6002e-09 2.05979e-07 2.64391e-11 8 1 0.5 8
4.63e+07 1.80038e-09 2.03634e-07 3.37369e-11 7 1 0.5 7
4.64e+07 1.06663e-09 2.19946e-07 1.48152e-11 10 1 0.5 10
4.65e+07 1.81219e-09 2.07336e-07 6.05505e-11 4 1 0.5 4
4.66e+07 1.30811e-09 2.10951e-07 2.93763e-11 6 1 0.5 6
4.67e+07 1.39126e-09 2.00737e-07 2.57472e-11 7 1 0.5 7
4.68e+07 1.39772e-09 2.0235e-07 2.27621e-11 8 1 0.5 8
4.69e+07 1.95362e-09 2.01383e-07 2.82001e-11 9 1 0.5 9
4.7e+07 1.62684e-09 2.02625e-07 1.76642e-11 12 1 0.5 12
4.71e+07 1.30538e-09 1.99796e-07 2.10436e-11 8 1 0.5 8
4.72e+07 1.26591e-09 2.07484e-07 1.86729e-11 9 1 0.5 9
4.73e+07 1.22212e-09 2.08164e-07 1.35427e-11 12 1 0.5 12
4.74e+07 1.25241e-09 2.05259e-07 1.64807e-11 10 1 0.5 10
4.75e+07 1.84393e-09 2.02599e-07 2.405e-11 10 1 0.5 10
4.76e+07 1.65257e-09 1.96555e-07 5.29127e-11 4 1 0.5 4
4.77e+07 1.50095e-09 2.10336e-07 1.83076e-11 11 1 0.5 11
4.78e+07 1.57432e-09 2.06731e-07 2.0848e-11 10 1 0.5 10
4.79e+07 1.79421e-09 2.14901e-07 3.06685e-11 8 1 0.5 8
4.8e+07 1.5047e-09 2.04275e-07 2.46936e-11 8 1 0.5 8
4.81e+07 1.09509e-09 2.00836e-07 1.77149e-11 8 1 0.5 8
4.82e+07 1.64308e-09 2.01685e-07 2.67074e-11 8 1 0.5 8
4.83e+07 2.01372e-09 2.11097e-07 3.88439e-11 7 1 0.5 7
4.84e+07 1.80041e-09 1.9628e-07 3.27842e-11 7 1 0.5 7
4.85e+07 1.00774e-09 2.13884e-07 9.77124e-12 14 1 0.5 14
4.86e+07 9.76311e-10 1.94255e-07 1.53857e-11 8 1 0.5 8
4.87e+07 1.31069e-09 2.05494e-07 2.88352e-11 6 1 0.5 6
4.88e+07 2.04577e-09 2.15293e-07 2.80017e-11 10 1 0.5 10
4.89e+07 1.89723e-09 2.16872e-07 3.73723e-11 7 1 0.5 7
4.9e+07 1.61793e-09 2.01182e-07 2.62455e-11 8 1 0.5 8
4.91e+07 1.40262e-09 2.04118e-07 3.07063e-11 6 1 0.5 6
4.92e+07 1.25351e-09 2.17537e-07 1.43821e-11 12 1 0.5 12
4.93e+07 1.71651e-09 2.03016e-07 2.80502e-11 8 1 0.5 8
4.94e+07 1.41235e-09 2.16219e-07 1.61317e-11 12 1 0.5 12
4.95e+07 8.27641e-10 2.05999e-07 1.56012e-11 7 1 0.5 7
4.96e+07 1.7227e-09 2.04135e-07 4.53743e-11 5 1 0.5 5
4.97e+07 1.38044e-09 2.04968e-07 2.59655e-11 7 1 0.5 7
4.98e+07 1.38379e-09 2.06708e-07 1.83155e-11 10 1 0.5 10
4.99e+07 1.61478e-09 2.0145e-07 3.50171e-11 6 1 0.5 6
5e+07 1.3071e-09 2.08524e-07 2.17876e-11 8 1 0.5 8
5.01e+07 1.90635e-09 2.02746e-07 6.4909e-11 6 1 0.5 6
5.02e+07 1.24946e-09 2.03671e-07 4.10384e-11 4 1 0.5 4
5.03e+07 1.974e-09 2.00383e-07 2.83852e-11 9 1 0.5 9
5.04e+07 1.44283e-09 2.06284e-07 1.46567e-11 13 1 0.5 13
5.05e+07 1.45579e-09 2.15287e-07 2.21181e-11 9 1 0.5 9
5.06e+07 1.87683e-09 2.11189e-07 2.52919e-11 10 1 0.5 10
5.07e+07 1.18497e-09 2.06874e-07 1.30662e-11 12 1 0.5 12
5.08e+07 1.91674e-09 2.17479e-07 1.88602e-11 14 1 0.5 14
5.09e+07 1.43755e-09 2.09427e-07 3.21154e-11 6 1 0.5 6
5.1e+07 1.7414e-09 2.02093e-07 2.83579e-11 8 1 0.5 8
5.11e+07 1.89496e-09 2.09927e-07 4.24872e-11 6 1 0.5 6
5.12e+07 1.10625e-09 2.11847e-07 1.86596e-11 8 1 0.5 8
5.13e+07 2.08642e-09 2.20199e-07 5.8488e-11 5 1 0.5 5
5.14e+07 1.41653e-09 2.11334e-07 3.82868e-11 5 1 0.5 5
5.15e+07 1.50049e-09 2.11315e-07 1.68338e-11 12 1 0.5 12
5.16e+07 1.44304e-09 2.17137e-07 2.20726e-11 9 1 0.5 9
5.17e+07 1.44148e-09 1.96603e-07 1.52833e-11 12 1 0.5 12
5.18e+07 1.15003e-09 2.06339e-07 1.68853e-11 9 1 0.5 9
5.19e+07 1.04499e-09 1.97978e-07 2.23101e-11 6 1 0.5 6
5.2e+07 1.39303e-09 2.08927e-07 2.06667e-11 9 1 0.5 9
5.21e+07 1.3255e-09 2.1069e-07 2.22756e-11 8 1 0.5 8
5.22e+07 1.6418e-09 2.10834e-07 4.43385e-11 5 1 0.5 5
5.23e+07 1.62968e-09 2.02256e-07 2.65471e-11 8 1 0.5 8
5.24e+07 1.48568e-09 2.13472e-07 2.24233e-11 9 1 0.5 9
5.25e+07 1.61188e-09 2.03946e-07 2.34784e-11 9 1 0.5 9
5.26e+07 1.30479e-09 2.11438e-07 2.19874e-11 8 1 0.5 8
5.27e+07 1.06541e-09 2.07864e-07 7.8556e-12 18 1 0.5 18
5.28e+07 1.36004e-09 2.12544e-07 1.14851e-11 16 1 0.5 16
5.29e+07 1.56209e-09 2.11723e-07 2.34293e-11 9 1 0.5 9
5.3e+07 1.09564e-09 2.09072e-07 1.4622e-11 10 1 0.5 10
5.31e+07 1.88034e-09 2.09983e-07 2.80417e-11 9 1 0.5 9
5.32e+07 1.33756e-09 2.12639e-07 1.80998e-11 10 1 0.5 10
5.33e+07 1.54205e-09 2.10991e-07 4.16499e-11 5 1 0.5 5
5.34e+07 1.39178e-09 2.17328e-07 2.39741e-11 8 1 0.5 8
5.35e+07 1.58884e-09 2.04459e-07 4.18753e-11 5 1 0.5 5
5.36e+07 1.35805e-09 2.15117e-07 1.85468e-11 10 1 0.5 10
5.37e+07 1.56627e-09 1.96611e-07 2.49539e-11 8 1 0.5 8
5.38e+07 2.11061e-09 2.12744e-07 2.86226e-11 10 1 0.5 10
5.39e+07 1.98013e-09 2.00848e-07 2.33173e-11 11 1 0.5 11
5.4e+07 1.37519e-09 2.03309e-07 3.00094e-11 6 1 0.5 6
5.41e+07 1.82222e-09 2.04133e-07 2.99145e-11 8 1 0.5 8
5.42e+07 1.37541e-09 2.06805e-07 2.60519e-11 7 1 0.5 7
5.43e+07 1.24276e-09 2.14861e-07 1.05831e-11 16 1 0.5 16
5.44e+07 1.5301e-09 2.21795e-07 4.29929e-11 5 1 0.5 5
5.45e+07 1.76603e-09 2.01703e-07 3.83634e-11 6 1 0.5 6
5.46e+07 1.76816e-09 2.04657e-07 3.32599e-11 7 1 0.5 7
5.47e+07 1.67281e-09 2.23711e-07 1.96407e-11 12 1 0.5 12
5.48e+07 1.4613e-09 2.05625e-07 2.75624e-11 7 1 0.5 7
5.49e+07 1.17897e-09 2.06541e-07 9.73189e-12 16 1 0.5 16
5.5e+07 1.55395e-09 2.02443e-07 2.02427e-11 10 1 0.5 10
5.51e+07 1.58356e-09 2.15671e-07 3.62272e-11 6 1 0.5 6
5.52e+07 1.23024e-09 2.07381e-07 2.34091e-11 7 1 0.5 7
5.53e+07 1.7129e-09 2.08358e-07 1.90125e-11 12 1 0.5 12
5.54e+07 9.41946e-10 2.1775e-07 1.8555e-11 7 1 0.5 7
5.55e+07 1.60202e-09 2.10582e-07 3.59675e-11 6 1 0.5 6
5.56e+07 1.26908e-09 2.2181e-07 1.97336e-11 9 1 0.5 9
5.57e+07 1.61544e-09 1.99557e-07 2.978e-11 7 1 0.5 7
5.58e+07 1.13497e-09 2.00306e-07 1.46494e-11 10 1 0.5 10
5.59e+07 1.94933e-09 2.09704e-07 2.37423e-11 11 1 0.5 11
5.6e+07 1.92104e-09 2.0729e-07 3.65178e-11 7 1 0.5 7
5.61e+07 1.3252e-09 2.06238e-07 1.94583e-11 9 1 0.5 9
5.62e+07 1.11113e-09 2.08778e-07 1.85284e-11 8 1 0.5 8
5.63e+07 1.16028e-09 2.21354e-07 1.15633e-11 14 1 0.5 14
5.64e+07 1.33481e-09 2.09422e-07 2.98079e-11 6 1 0.5 6
5.65e+07 1.18648e-09 2.15554e-07 1.47446e-11 11 1 0.5 11
5.66e+07 1.36501e-09 2.07667e-07 2.59386e-11 7 1 0.5 7
5.67e+07 1.53826e-09 2.08629e-07 1.86443e-11 11 1 0.5 11
5.68e+07 2.08774e-09 2.09168e-07 6.06864e-10 4 1 0.5 4
5.69e+07 1.59157e-09 2.10104e-07 1.93997e-11 11 1 0.5 11
5.7e+07 1.73955e-09 2.09521e-07 2.58879e-11 9 1 0.5 9
5.71e+07 1.22118e-09 2.05342e-07 2.01066e-11 8 1 0.5 8
5.72e+07 1.81855e-09 2.10121e-07 2.71301e-11 9 1 0.5 9
5.73e+07 1.03697e-09 2.05164e-07 2.73365e-11 5 1 0.5 5
5.74e+07 1.92748e-09 2.0034e-07 4.1666e-11 6 1 0.5 6
5.75e+07 1.29596e-09 2.13428e-07 3.52816e-11 5 1 0.5 5
5.76e+07 1.76159e-09 2.10468e-07 3.95571e-11 6 1 0.5 6
5.77e+07 2.09199e-09 1.96628e-07 3.33795e-11 8 1 0.5 8
5.78e+07 1.49349e-09 2.03057e-07 1.29838e-11 15 1 0.5 15
5.79e+07 1.77632e-09 2.0875e-07 2.63611e-11 9 1 0.5 9
5.8e+07 1.49047e-09 2.034e-07 1.94846e-11 10 1 0.5 10
5.81e+07 1.46286e-09 2.09304e-07 2.44662e-11 8 1 0.5 8
5.82e+07 1.68395e-09 2.10584e-07 3.23855e-11 7 1 0.5 7
5.83e+07 1.54009e-09 2.09038e-07 4.12931e-11 5 1 0.5 5
5.84e+07 1.37814e-09 2.15354e-07 4.73285e-11 4 1 0.5 4
5.85e+07 1.54068e-09 2.10577e-07 2.58968e-11 8 1 0.5 8
5.86e+07 1.38036e-09 2.09137e-07 3.07974e-11 6 1 0.5 6
5.87e+07 1.04506e-09 2.05928e-07 9.8363e-12 14 1 0.5 14
5.88e+07 1.09116e-09 2.15366e-07 1.8645e-11 8 1 0.5 8
5.89e+07 1.77446e-09 1.99025e-07 4.913e-11 5 1 0.5 5
5.9e+07 1.77522e-09 2.08462e-07 9.98376e-11 4 1 0.5 4
5.91e+07 1.16933e-09 2.00688e-07 2.16208e-11 7 1 0.5 7
5.92e+07 1.71787e-09 2.05427e-07 2.26437e-11 10 1 0.5 10
5.93e+07 1.39169e-09 2.07245e-07 3.70378e-11 5 1 0.5 5
5.94e+07 1.81849e-09 2.08968e-07 4.06142e-11 6 1 0.5 6
5.95e+07 2.09021e-09 2.18361e-07 4.83863e-11 6 1 0.5 6
5.96e+07 1.55691e-09 2.175e-07 2.68484e-11 8 1 0.5 8
5.97e+07 1.2876e-09 2.07824e-07 2.4476e-11 7 1 0.5 7
5.98e+07 1.49371e-09 2.03305e-07 3.26096e-11 6 1 0.5 6
5.99e+07 1.33353e-09 1.99871e-07 3.44902e-11 5 1 0.5 5
6e+07 1.58842e-09 2.12257e-07 3.07299e-11 7 1 0.5 7
6.01e+07 1.2807e-09 2.03582e-07 3.35945e-11 5 1 0.5 5
6.02e+07 1.80504e-09 2.03121e-07 5.08092e-11 7 1 0.5 7
6.03e+07 1.55409e-09 1.98746e-07 2.21821e-11 9 1 0.5 9
6.04e+07 1.34759e-09 2.15522e-07 2.63661e-11 7 1 0.5 7
6.05e+07 1.44803e-09 2.03859e-07 3.16743e-11 6 1 0.5 6
6.06e+07 1.57333e-09 1.98698e-07 5.07799e-11 4 1 0.5 4
6.07e+07 1.09806e-09 2.08327e-07 2.93038e-11 5 1 0.5 5
6.08e+07 1.29375e-09 2.27861e-07 2.31344e-11 8 1 0.5 8
6.09e+07 1.53775e-09 2.14277e-07 3.49931e-11 6 1 0.5 6
6.1e+07 1.26206e-09 2.06237e-07 1.38846e-11 12 1 0.5 12
6.11e+07 1.34851e-09 2.19122e-07 2.33777e-11 8 1 0.5 8
6.12e+07 1.48894e-09 2.1077e-07 2.86369e-11 7 1 0.5 7
6.13e+07 1.65409e-09 2.03765e-07 2.40789e-11 9 1 0.5 9
6.14e+07 1.44405e-09 2.08768e-07 3.86619e-11 5 1 0.5 5
6.15e+07 1.57947e-09 2.05137e-07 3.47359e-11 6 1 0.5 6
6.16e+07 1.08227e-09 2.04886e-07 1.01469e-11 14 1 0.5 14
6.17e+07 1.59665e-09 2.07369e-07 2.11959e-11 10 1 0.5 10
6.18e+07 1.90414e-09 2.12966e-07 3.23257e-11 8 1 0.5 8
6.19e+07 1.44679e-09 1.98711e-07 3.7269e-11 5 1 0.5 5
6.2e+07 1.73804e-09 2.12922e-07 2.61962e-11 9 1 0.5 9
6.21e+07 1.43765e-09 2.05995e-07 1.89792e-11 10 1 0.5 10
6.22e+07 1.76586e-09 2.11069e-07 2.16096e-11 11 1 0.5 11
6.23e+07 1.16533e-09 2.11356e-07 1.578e-11 10 1 0.5 10
6.24e+07 1.26709e-09 2.0229e-07 2.35813e-11 7 1 0.5 7
6.25e+07 1.37611e-09 1.98136e-07 2.20448e-11 8 1 0.5 8
6.26e+07 1.65796e-09 2.02323e-07 2.70168e-11 8 1 0.5 8
6.27e+07 1.86592e-09 2.14812e-07 3.64748e-11 7 1 0.5 7
6.28e+07 8.89764e-10 2.04834e-07 8.33778e-12 14 1 0.5 14
6.29e+07 1.55698e-09 2.06568e-07 2.29036e-11 9 1 0.5 9
6.3e+07 1.28573e-09 1.96775e-07 4.11208e-11 4 1 0.5 4
6.31e+07 1.40456e-09 2.02388e-07 1.52306e-11 12 1 0.5 12
6.32e+07 1.8145e-09 2.12016e-07 4.09897e-11 6 1 0.5 6
6.33e+07 1.69371e-09 2.13133e-07 3.84025e-11 6 1 0.5 6
6.34e+07 1.60957e-09 1.97315e-07 1.36863e-11 15 1 0.5 15
6.35e+07 1.42801e-09 2.12161e-07 1.75341e-11 11 1 0.5 11
6.36e+07 1.65647e-09 2.07228e-07 2.19813e-11 10 1 0.5 10
6.37e+07 1.59914e-09 2.1313e-07 3.10389e-11 7 1 0.5 7
6.38e+07 1.6681e-09 2.00865e-07 1.66027e-11 13 1 0.5 13
6.39e+07 1.50214e-09 2.11564e-07 3.3836e-11 6 1 0.5 6
6.4e+07 1.33319e-09 2.09339e-07 1.98067e-11 9 1 0.5 9
6.41e+07 1.89188e-09 2.12966e-07 2.33219e-11 11 1 0.5 11
6.42e+07 1.37404e-09 2.16132e-07 3.14617e-11 6 1 0.5 6
6.43e+07 1.43457e-09 2.0451e-07 3.14567e-11 6 1 0.5 6
6.44e+07 1.46535e-09 2.1717e-07 2.88548e-11 7 1 0.5 7
6.45e+07 1.44212e-09 2.09127e-07 2.7562e-11 7 1 0.5 7
6.46e+07 2.25447e-09 2.02595e-07 4.92223e-11 6 1 0.5 6
6.47e+07 1.37736e-09 2.11942e-07 1.32676e-11 14 1 0.5 14
6.48e+07 1.14903e-09 2.09906e-07 1.39824e-11 11 1 0.5 11
6.49e+07 1.84834e-09 2.09562e-07 3.09773e-11 8 1 0.5 8
6.5e+07 1.70617e-09 2.06479e-07 5.67887e-11 4 1 0.5 4
6.51e+07 1.6707e-09 2.06943e-07 3.16917e-11 7 1 0.5 7
6.52e+07 1.3925e-09 2.08256e-07 3.09669e-11 6 1 0.5 6
6.53e+07 1.9941e-09 2.04148e-07 2.61727e-11 10 1 0.5 10
6.54e+07 1.2301e-09 2.02411e-07 2.67365e-11 6 1 0.5 6
6.55e+07 1.35149e-09 2.13318e-07 1.8335e-11 10 1 0.5 10
6.56e+07 1.68262e-09 2.13878e-07 1.52411e-11 15 1 0.5 15
6.57e+07 1.6843e-09 1.94811e-07 7.16562e-11 3 1 0.5 3
6.58e+07 1.97034e-09 2.09414e-07 3.77625e-11 7 1 0.5 7
6.59e+07 1.87835e-09 1.98266e-07 4.0269e-11 6 1 0.5 6
6.6e+07 1.50571e-09 1.99578e-07 2.15589e-11 9 1 0.5 9
6.61e+07 1.43098e-09 2.07931e-07 2.11523e-11 9 1 0.5 9
6.62e+07 1.579e-09 2.02414e-07 1.71293e-11 12 1 0.5 12
6.63e+07 1.36405e-09 2.07495e-07 1.64563e-11 11 1 0.5 11
6.64e+07 1.34204e-09 2.03284e-07 1.46012e-11 12 1 0.5 12
6.65e+07 1.71661e-09 2.09132e-07 2.29467e-11 10 1 0.5 10
6.66e+07 1.32512e-09 2.06303e-07 3.51298e-11 5 1 0.5 5
6.67e+07 1.81043e-09 2.17117e-07 3.56842e-11 7 1 0.5 7
6.68e+07 1.28018e-09 2.12638e-07 2.16678e-11 8 1 0.5 8
6.69e+07 1.35013e-09 2.18762e-07 3.12089e-11 6 1 0.5 6
6.7e+07 1.94635e-09 2.08525e-07 3.74066e-11 7 1 0.5 7
6.71e+07 1.54374e-09 2.12875e-07 1.90146e-11 11 1 0.5 11
6.72e+07 1.16656e-09 2.06278e-07 1.40033e-11 11 1 0.5 11
6.73e+07 1.74646e-09 2.0525e-07 3.84488e-11 6 1 0.5 6
6.74e+07 1.67612e-09 2.05375e-07 3.1606e-11 7 1 0.5 7
6.75e+07 1.52544e-09 2.07734e-07 2.02753e-11 10 1 0.5 10
6.76e+07 8.24066e-10 2.07755e-07 1.56372e-11 7 1 0.5 7
6.77e+07 2.01133e-09 2.02894e-07 1.39259e-10 3 1 0.5 3
6.78e+07 1.57324e-09 1.96476e-07 2.50574e-11 8 1 0.5 8
6.79e+07 1.38175e-09 2.07621e-07 2.03982e-11 9 1 0.5 9
6.8e+07 1.31503e-09 2.05733e-07 1.44411e-11 12 1 0.5 12
6.81e+07 2.04916e-09 2.05047e-07 3.8638e-11 7 1 0.5 7
6.82e+07 1.56304e-09 2.10217e-07 2.09717e-11 10 1 0.5 10
6.83e+07 2.09572e-09 2.12437e-07 3.55278e-11 8 1 0.5 8
6.84e+07 1.73305e-09 2.04868e-07 2.27958e-11 10 1 0.5 10
6.85e+07 2.09468e-09 2.04968e-07 2.50666e-11 11 1 0.5 11
6.86e+07 1.37516e-09 2.10438e-07 1.84583e-11 10 1 0.5 10
6.87e+07 1.65111e-09 2.11332e-07 3.71806e-11 6 1 0.5 6
6.88e+07 1.58416e-09 2.04295e-07 1.88889e-11 11 1 0.5 11
6.89e+07 1.44163e-09 2.13055e-07 3.26458e-11 6 1 0.5 6
6.9e+07 1.19002e-09 2.15373e-07 2.7153e-11 6 1 0.5 6
6.91e+07 1.34581e-09 2.14482e-07 2.62305e-11 7 1 0.5 7
6.92e+07 2.09794e-09 1.99264e-07 3.38235e-11 8 1 0.5 8
6.93e+07 1.70601e-09 2.09772e-07 3.27126e-11 7 1 0.5 7
6.94e+07 1.99181e-09 2.01411e-07 2.35067e-11 11 1 0.5 11
6.95e+07 1.58036e-09 2.05067e-07 2.07961e-11 10 1 0.5 10
6.96e+07 1.71294e-09 2.01513e-07 2.78307e-11 8 1 0.5 8
6.97e+07 1.03019e-09 1.96614e-07 1.63895e-11 8 1 0.5 8
6.98e+07 1.63005e-09 2.06153e-07 3.59941e-11 6 1 0.5 6
6.99e+07 1.26431e-09 2.13491e-07 1.55955e-11 11 1 0.5 11
7e+07 1.58187e-09 2.03689e-07 2.07066e-11 10 1 0.5 10
7.01e+07 1.50407e-09 2.02578e-07 3.27455e-11 6 1 0.5 6
7.02e+07 1.89419e-09 1.99422e-07 3.05404e-11 8 1 0.5 8
7.03e+07 1.35438e-09 2.08503e-07 2.00594e-11 9 1 0.5 9
7.04e+07 1.59e-09 2.07242e-07 2.63966e-11 8 1 0.5 8
7.05e+07 1.84549e-09 2.06959e-07 2.44751e-11 10 1 0.5 10
7.06e+07 1.07566e-09 1.94799e-07 1.35853e-11 10 1 0.5 10
7.07e+07 1.41916e-09 2.10922e-07 1.90853e-11 10 1 0.5 10
7.08e+07 1.43779e-09 2.03296e-07 3.77003e-11 5 1 0.5 5
7.09e+07 1.73591e-09 2.03002e-07 2.83672e-11 8 1 0.5 8
7.1e+07 1.62588e-09 2.07989e-07 4.34383e-11 5 1 0.5 5
7.11e+07 1.89684e-09 2.06306e-07 2.2806e-11 11 1 0.5 11
7.12e+07 1.5634e-09 2.1427e-07 1.93525e-11 11 1 0.5 11
7.13e+07 1.65774e-09 2.03529e-07 2.7139e-11 8 1 0.5 8
7.14e+07 1.24859e-09 2.07087e-07 4.15468e-11 4 1 0.5 4
7.15e+07 1.24985e-09 2.11959e-07 1.87471e-11 9 1 0.5 9
7.16e+07 1.79877e-09 1.99724e-07 3.87723e-11 6 1 0.5 6
7.17e+07 1.41883e-09 2.11321e-07 3.19204e-11 6 1 0.5 6
7.18e+07 1.58916e-09 2.06791e-07 4.2258e-11 5 1 0.5 5
7.19e+07 1.35515e-09 2.08486e-07 2.583e-11 7 1 0.5 7
7.2e+07 1.60212e-09 2.11105e-07 3.60401e-11 6 1 0.5 6
7.21e+07 1.17649e-09 2.17304e-07 2.63031e-11 7 1 0.5 7
7.22e+07 1.45115e-09 2.06488e-07 3.20629e-11 6 1 0.5 6
7.23e+07 1.12151e-09 2.1148e-07 1.25807e-11 12 1 0.5 12
7.24e+07 1.39029e-09 2.06107e-07 1.52914e-11 12 1 0.5 12
7.25e+07 1.40966e-09 2.03548e-07 3.07942e-11 6 1 0.5 6
7.26e+07 1.37314e-09 2.06386e-07 3.03188e-11 6 1 0.5 6
7.27e+07 1.37491e-09 2.13535e-07 2.33548e-11 8 1 0.5 8
7.28e+07 1.22239e-09 2.13112e-07 1.37983e-11 12 1 0.5 12
7.29e+07 1.38518e-09 2.04503e-07 3.03672e-11 6 1 0.5 6
7.3e+07 1.23807e-09 2.16866e-07 1.54615e-11 11 1 0.5 11
7.31e+07 1.50626e-09 2.05982e-07 1.80733e-11 11 1 0.5 11
7.32e+07 1.42061e-09 2.10901e-07 1.91033e-11 10 1 0.5 10
7.33e+07 1.56721e-09 2.04531e-07 2.05803e-11 10 1 0.5 10
7.34e+07 1.41259e-09 2.06491e-07 1.86825e-11 10 1 0.5 10
7.35e+07 1.19599e-09 2.00585e-07 3.10001e-11 5 1 0.5 5
7.36e+07 1.23194e-09 2.07565e-07 2.73085e-11 6 1 0.5 6
7.37e+07 1.90567e-09 2.08857e-07 4.25577e-11 6 1 0.5 6
7.38e+07 1.21025e-09 2.09498e-07 2.31451e-11 7 1 0.5 7
7.39e+07 1.5091e-09 2.08388e-07 2.0107e-11 10 1 0.5 10
7.4e+07 1.19088e-09 2.15079e-07 1.80669e-11 9 1 0.5 9
7.41e+07 1.16208e-09 2.05851e-07 1.70312e-11 9 1 0.5 9
7.42e+07 1.46152e-09 2.09843e-07 3.92912e-11 5 1 0.5 5
7.43e+07 1.61795e-09 2.07297e-07 1.53218e-11 14 1 0.5 14
7.44e+07 1.50348e-09 2.02483e-07 1.9586e-11 10 1 0.5 10
7.45e+07 1.47694e-09 2.12666e-07 4.01288e-11 5 1 0.5 5
7.46e+07 1.08245e-09 2.0758e-07 2.05436e-11 7 1 0.5 7
7.47e+07 1.50695e-09 2.07821e-07 6.73431e-11 3 1 0.5 3
7.48e+07 1.24453e-09 1.98095e-07 1.59295e-11 10 1 0.5 10
7.49e+07 1.44552e-09 2.08087e-07 2.13805e-11 9 1 0.5 9
7.5e+07 1.26006e-09 2.05796e-07 3.33308e-11 5 1 0.5 5
7.51e+07 1.14821e-09 2.10293e-07 1.53957e-11 10 1 0.5 10
7.52e+07 1.82435e-09 1.93583e-07 3.28684e-11 7 1 0.5 7
7.53e+07 1.37278e-09 2.04418e-07 2.002e-11 9 1 0.5 9
7.54e+07 1.7562e-09 2.0312e-07 4.60834e-11 5 1 0.5 5
7.55e+07 1.58561e-09 2.08471e-07 1.92086e-11 11 1 0.5 11
7.56e+07 1.7469e-09 2.09385e-07 3.90843e-11 6 1 0.5 6
7.57e+07 1.70449e-09 2.04093e-07 4.48837e-11 5 1 0.5 5
