0 1.50659e-09 2.07143e-07 1.91083e-11 11 1 0.5 11
100000 1.75653e-09 2.04609e-07 2.88834e-11 8 1 0.5 8
200000 1.48164e-09 2.09642e-07 2.20454e-11 9 1 0.5 9
300000 1.38936e-09 2.09827e-07 2.06819e-11 9 1 0.5 9
400000 1.51735e-09 2.05411e-07 3.33969e-11 6 1 0.5 6
500000 2.17226e-09 2.04971e-07 4.09633e-11 7 1 0.5 7
600000 1.40504e-09 2.09701e-07 1.88086e-11 10 1 0.5 10
700000 1.21796e-09 2.053e-07 1.23223e-11 13 1 0.5 13
800000 1.75766e-09 2.11303e-07 3.39023e-11 7 1 0.5 7
900000 1.51907e-09 1.9892e-07 2.44192e-11 8 1 0.5 8
1e+06 1.50982e-09 2.07344e-07 2.86687e-11 7 1 0.5 7
1.1e+06 1.29699e-09 2.04668e-07 2.43615e-11 7 1 0.5 7
1.2e+06 1.1786e-09 2.20301e-07 1.48629e-11 12 1 0.5 12
1.3e+06 1.53971e-09 2.11894e-07 3.47298e-11 6 1 0.5 6
1.4e+06 1.69228e-09 2.04331e-07 4.46003e-11 5 1 0.5 5
1.5e+06 1.61187e-09 2.08772e-07 3.07819e-11 7 1 0.5 7
1.6e+06 1.36494e-09 2.2065e-07 1.7286e-11 11 1 0.5 11
1.7e+06 1.84608e-09 2.04751e-07 6.10895e-11 4 1 0.5 4
1.8e+06 1.83936e-09 2.02557e-07 2.6664e-11 9 1 0.5 9
1.9e+06 9.74647e-10 2.06563e-07 1.6111e-11 8 1 0.5 8
2e+06 1.43205e-09 2.05646e-07 2.36198e-11 8 1 0.5 8
2.1e+06 1.50133e-09 2.14249e-07 1.36138e-11 15 1 0.5 15
2.2e+06 1.25031e-09 2.05788e-07 2.0623e-11 8 1 0.5 8
2.3e+06 1.44077e-09 2.10699e-07 1.93608e-11 10 1 0.5 10
2.4e+06 1.30548e-09 1.98001e-07 2.08981e-11 8 1 0.5 8
2.5e+06 8.40298e-10 2.02525e-07 1.82457e-11 6 1 0.5 6
2.6e+06 1.47507e-09 2.0877e-07 2.81567e-11 7 1 0.5 7
2.7e+06 1.38299e-09 2.03239e-07 1.50451e-11 12 1 0.5 12
2.8e+06 1.38632e-09 2.01851e-07 2.57663e-11 7 1 0.5 7
2.9e+06 1.53553e-09 2.11953e-07 1.72689e-11 12 1 0.5 12
3e+06 2.24358e-09 2.07422e-07 2.98335e-11 10 1 0.5 10
3.1e+06 1.51372e-09 2.09575e-07 4.06631e-11 5 1 0.5 5
3.2e+06 1.70461e-09 2.0887e-07 2.06863e-11 11 1 0.5 11
3.3e+06 1.4272e-09 2.13118e-07 3.23248e-11 6 1 0.5 6
3.4e+06 1.2049e-09 2.04918e-07 6.29804e-11 3 1 0.5 3
3.5e+06 1.09137e-09 2.16316e-07 1.66284e-11 9 1 0.5 9
3.6e+06 1.78503e-09 2.0459e-07 2.93523e-11 8 1 0.5 8
3.7e+06 1.6879e-09 2.07361e-07 2.80418e-11 8 1 0.5 8
3.8e+06 1.88131e-09 2.12573e-07 2.54833e-11 10 1 0.5 10
3.9e+06 1.79891e-09 2.09398e-07 4.38711e-11 6 1 0.5 6
4e+06 1.28771e-09 2.12583e-07 2.49178e-11 7 1 0.5 7
4.1e+06 1.25227e-09 2.04506e-07 2.35036e-11 7 1 0.5 7
4.2e+06 2.03046e-09 2.13498e-07 2.76076e-11 10 1 0.5 10
4.3e+06 1.47777e-09 1.99507e-07 3.81909e-11 5 1 0.5 5
4.4e+06 1.52252e-09 2.05491e-07 2.23032e-11 9 1 0.5 9
4.5e+06 1.50886e-09 2.05279e-07 1.6547e-11 12 1 0.5 12
4.6e+06 1.15698e-09 2.02628e-07 1.88493e-11 8 1 0.5 8
4.7e+06 1.48756e-09 2.04734e-07 4.91234e-11 4 1 0.5 4
4.8e+06 1.26171e-09 2.0176e-07 1.63819e-11 10 1 0.5 10
4.9e+06 1.67374e-09 2.15883e-07 4.60612e-11 5 1 0.5 5
5e+06 1.61851e-09 2.00109e-07 2.08969e-11 10 1 0.5 10
5.1e+06 1.77269e-09 2.04032e-07 3.3266e-11 7 1 0.5 7
5.2e+06 1.76331e-09 2.11902e-07 2.42423e-11 10 1 0.5 10
5.3e+06 1.56904e-09 1.99706e-07 1.83795e-11 11 1 0.5 11
5.4e+06 1.50406e-09 2.02743e-07 3.27659e-11 6 1 0.5 6
5.5e+06 1.49017e-09 2.00457e-07 2.14088e-11 9 1 0.5 9
5.6e+06 1.90672e-09 2.07882e-07 6.38752e-11 4 1 0.5 4
5.7e+06 1.231e-09 2.12849e-07 1.66666e-11 10 1 0.5 10
5.8e+06 1.73475e-09 2.04005e-07 5.72054e-11 4 1 0.5 4
5.9e+06 1.95632e-09 2.05499e-07 4.31439e-11 6 1 0.5 6
6e+06 1.7041e-09 2.0487e-07 3.74558e-11 6 1 0.5 6
6.1e+06 1.34362e-09 2.07712e-07 3.5814e-11 5 1 0.5 5
6.2e+06 1.77012e-09 2.09574e-07 3.39236e-11 7 1 0.5 7
6.3e+06 9.0295e-10 2.08661e-07 2.41059e-11 5 1 0.5 5
6.4e+06 1.01599e-09 2.10579e-07 1.51522e-11 9 1 0.5 9
6.5e+06 1.0394e-09 2.04834e-07 1.51698e-11 9 1 0.5 9
6.6e+06 1.5694e-09 2.15135e-07 1.78599e-11 12 1 0.5 12
6.7e+06 1.64002e-09 2.0968e-07 2.74818e-11 8 1 0.5 8
6.8e+06 1.45841e-09 2.15364e-07 1.9941e-11 10 1 0.5 10
6.9e+06 1.66634e-09 2.03213e-07 3.11614e-11 7 1 0.5 7
7e+06 1.41629e-09 2.04848e-07 2.66306e-11 7 1 0.5 7
7.1e+06 1.5481e-09 1.97397e-07 6.64739e-11 3 1 0.5 3
7.2e+06 1.07351e-09 2.05024e-07 2.35541e-11 6 1 0.5 6
7.3e+06 1.32934e-09 2.16093e-07 1.30015e-11 14 1 0.5 14
7.4e+06 1.53354e-09 2.11683e-07 3.45627e-11 6 1 0.5 6
7.5e+06 1.65923e-09 2.1327e-07 2.50351e-11 9 1 0.5 9
7.6e+06 1.38424e-09 1.99312e-07 2.9744e-11 6 1 0.5 6
7.7e+06 1.27221e-09 2.11084e-07 1.71137e-11 10 1 0.5 10
7.8e+06 1.978e-09 1.97691e-07 3.16833e-11 8 1 0.5 8
7.9e+06 1.32707e-09 2.11663e-07 1.78924e-11 10 1 0.5 10
8e+06 1.51982e-09 2.04228e-07 1.53203e-11 13 1 0.5 13
8.1e+06 1.48964e-09 2.0302e-07 3.24848e-11 6 1 0.5 6
8.2e+06 9.55019e-10 2.14936e-07 7.22697e-12 18 1 0.5 18
8.3e+06 1.46635e-09 2.21433e-07 2.2782e-11 9 1 0.5 9
8.4e+06 1.37926e-09 2.10234e-07 1.54077e-11 12 1 0.5 12
8.5e+06 1.09746e-09 2.00047e-07 1.41499e-11 10 1 0.5 10
8.6e+06 1.20451e-09 2.0436e-07 2.25911e-11 7 1 0.5 7
8.7e+06 1.29713e-09 2.11572e-07 1.09134e-11 16 1 0.5 16
8.8e+06 1.40589e-09 2.13765e-07 2.39034e-11 8 1 0.5 8
8.9e+06 2.24046e-09 2.01554e-07 4.8717e-11 6 1 0.5 6
9e+06 1.87557e-09 1.98066e-07 8.37041e-11 3 1 0.5 3
9.1e+06 1.70603e-09 2.07163e-07 1.615e-11 14 1 0.5 14
9.2e+06 1.74751e-09 2.05752e-07 2.30644e-11 10 1 0.5 10
9.3e+06 1.58338e-09 2.0935e-07 1.76363e-11 12 1 0.5 12
9.4e+06 1.30205e-09 2.08334e-07 1.7339e-11 10 1 0.5 10
9.5e+06 1.07486e-09 2.15749e-07 1.47037e-11 10 1 0.5 10
9.6e+06 1.98963e-09 2.05589e-07 2.91906e-11 9 1 0.5 9
9.7e+06 1.58877e-09 2.05951e-07 4.21129e-11 5 1 0.5 5
9.8e+06 1.12982e-09 2.03344e-07 2.46358e-11 6 1 0.5 6
9.9e+06 1.24444e-09 2.14971e-07 2.42904e-11 7 1 0.5 7
1e+07 1.19819e-09 2.0524e-07 1.97786e-11 8 1 0.5 8
1.01e+07 1.585e-09 2.04812e-07 2.98149e-11 7 1 0.5 7
1.02e+07 1.38451e-09 2.09082e-07 1.68041e-11 11 1 0.5 11
1.03e+07 1.37095e-09 2.02393e-07 2.23281e-11 8 1 0.5 8
1.04e+07 1.71228e-09 2.07223e-07 3.84294e-11 6 1 0.5 6
1.05e+07 1.29974e-09 2.23598e-07 3.05649e-11 6 1 0.5 6
1.06e+07 1.61106e-09 2.04357e-07 5.31617e-11 4 1 0.5 4
1.07e+07 2.06347e-09 2.09702e-07 5.5597e-11 5 1 0.5 5
1.08e+07 1.02342e-09 2.08618e-07 1.13559e-11 12 1 0.5 12
1.09e+07 1.36118e-09 2.00965e-07 1.7623e-11 10 1 0.5 10
1.1e+07 1.74716e-09 2.04039e-07 2.29093e-11 10 1 0.5 10
1.11e+07 1.10466e-09 2.05598e-07 1.45503e-11 10 1 0.5 10
1.12e+07 1.87842e-09 2.06292e-07 2.76253e-11 9 1 0.5 9
1.13e+07 1.73225e-09 2.13946e-07 3.94005e-11 6 1 0.5 6
1.14e+07 1.39765e-09 2.17214e-07 1.92365e-11 10 1 0.5 10
1.15e+07 1.22975e-09 2.0488e-07 3.24113e-11 5 1 0.5 5
1.16e+07 1.0544e-09 2.18613e-07 1.61984e-11 9 1 0.5 9
1.17e+07 1.79095e-09 2.14122e-07 4.89951e-11 5 1 0.5 5
1.18e+07 1.24721e-09 2.06406e-07 1.83213e-11 9 1 0.5 9
1.19e+07 1.61858e-09 2.10288e-07 5.46264e-11 4 1 0.5 4
1.2e+07 1.51344e-09 2.0881e-07 2.88971e-11 7 1 0.5 7
1.21e+07 1.41649e-09 2.05924e-07 1.86938e-11 10 1 0.5 10
1.22e+07 1.24808e-09 2.15457e-07 1.42112e-11 12 1 0.5 12
1.23e+07 1.75573e-09 2.1796e-07 3.47062e-11 7 1 0.5 7
1.24e+07 1.45721e-09 2.05571e-07 2.40297e-11 8 1 0.5 8
1.25e+07 1.75571e-09 2.08469e-07 3.91291e-11 6 1 0.5 6
1.26e+07 1.56037e-09 2.00482e-07 3.37035e-11 6 1 0.5 6
1.27e+07 1.39484e-09 1.98753e-07 2.5615e-11 7 1 0.5 7
1.28e+07 1.70858e-09 2.05295e-07 1.87454e-11 12 1 0.5 12
1.29e+07 1.76538e-09 2.00214e-07 4.58075e-11 5 1 0.5 5
1.3e+07 1.30694e-09 2.0663e-07 1.4401e-11 12 1 0.5 12
1.31e+07 1.53917e-09 2.03885e-07 2.52239e-11 8 1 0.5 8
1.32e+07 2.13406e-09 2.07847e-07 3.15907e-11 9 1 0.5 9
1.33e+07 1.065e-09 2.11507e-07 1.7939e-11 8 1 0.5 8
1.34e+07 1.68262e-09 2.04685e-07 3.69547e-11 6 1 0.5 6
1.35e+07 1.68209e-09 2.1288e-07 2.85287e-11 8 1 0.5 8
1.36e+07 1.933e-09 2.09166e-07 3.70328e-11 7 1 0.5 7
1.37e+07 1.5247e-09 2.06304e-07 1.83175e-11 11 1 0.5 11
1.38e+07 1.79961e-09 2.06793e-07 2.65114e-11 9 1 0.5 9
1.39e+07 1.62416e-09 2.11531e-07 2.4346e-11 9 1 0.5 9
1.4e+07 1.06482e-09 2.0123e-07 1.97235e-11 7 1 0.5 7
1.41e+07 1.6576e-09 2.10079e-07 3.18157e-11 7 1 0.5 7
1.42e+07 1.2006e-09 2.13044e-07 2.03466e-11 8 1 0.5 8
1.43e+07 1.23225e-09 2.10923e-07 2.0721e-11 8 1 0.5 8
1.44e+07 9.89332e-10 2.07827e-07 9.37817e-12 14 1 0.5 14
1.45e+07 1.42599e-09 2.14643e-07 2.78172e-11 7 1 0.5 7
1.46e+07 1.99483e-09 2.09858e-07 4.4732e-11 6 1 0.5 6
1.47e+07 2.28899e-09 2.02475e-07 2.29489e-11 13 1 0.5 13
1.48e+07 1.4387e-09 2.14562e-07 1.63338e-11 12 1 0.5 12
1.49e+07 1.40259e-09 2.02587e-07 2.61441e-11 7 1 0.5 7
1.5e+07 1.21674e-09 2.26296e-07 2.16327e-11 8 1 0.5 8
1.51e+07 1.57383e-09 2.11382e-07 2.12091e-11 10 1 0.5 10
1.52e+07 1.11397e-09 2.09568e-07 1.35375e-11 11 1 0.5 11
1.53e+07 1.48504e-09 1.92973e-07 2.33151e-11 8 1 0.5 8
1.54e+07 1.61069e-09 2.13021e-07 1.98479e-11 11 1 0.5 11
1.55e+07 1.18993e-09 2.00564e-07 2.56754e-11 6 1 0.5 6
1.56e+07 1.60954e-09 2.15548e-07 1.39939e-10 6 1 0.5 6
1.57e+07 1.43806e-09 2.07453e-07 2.7311e-11 7 1 0.5 7
1.58e+07 1.86711e-09 2.0986e-07 2.3142e-11 11 1 0.5 11
1.59e+07 1.23983e-09 2.06137e-07 1.63692e-11 10 1 0.5 10
1.6e+07 1.82412e-09 2.11914e-07 6.2012e-11 4 1 0.5 4
1.61e+07 1.53431e-09 1.95004e-07 2.15783e-11 9 1 0.5 9
1.62e+07 1.27002e-09 2.0514e-07 2.38959e-11 7 1 0.5 7
1.63e+07 1.56335e-09 2.04467e-07 2.93668e-11 7 1 0.5 7
1.64e+07 1.22487e-09 2.0767e-07 2.32653e-11 7 1 0.5 7
1.65e+07 1.94632e-09 2.04645e-07 2.55915e-11 10 1 0.5 10
1.66e+07 9.63559e-10 2.12338e-07 1.86086e-11 7 1 0.5 7
1.67e+07 2.01054e-09 2.11058e-07 2.25561e-11 12 1 0.5 12
1.68e+07 1.43741e-09 2.1299e-07 1.77043e-11 11 1 0.5 11
1.69e+07 1.61001e-09 2.07666e-07 5.38008e-11 4 1 0.5 4
1.7e+07 1.58852e-09 2.12159e-07 2.68626e-11 8 1 0.5 8
1.71e+07 1.91362e-09 2.13033e-07 4.34091e-11 6 1 0.5 6
1.72e+07 1.43984e-09 2.11333e-07 3.89207e-11 5 1 0.5 5
1.73e+07 1.49583e-09 2.08367e-07 3.32918e-11 6 1 0.5 6
1.74e+07 1.67768e-09 2.09908e-07 2.81399e-11 8 1 0.5 8
1.75e+07 1.9908e-09 2.0592e-07 3.76558e-11 7 1 0.5 7
1.76e+07 1.36647e-09 2.01903e-07 1.47887e-11 12 1 0.5 12
1.77e+07 1.77515e-09 2.08176e-07 3.38418e-11 7 1 0.5 7
1.78e+07 1.2423e-09 2.01735e-07 1.23975e-11 13 1 0.5 13
1.79e+07 1.63328e-09 2.13921e-07 2.47014e-11 9 1 0.5 9
1.8e+07 1.56135e-09 2.11024e-07 2.62896e-11 8 1 0.5 8
1.81e+07 1.45531e-09 2.04867e-07 3.19577e-11 6 1 0.5 6
1.82e+07 1.27392e-09 2.0553e-07 3.14828e-11 6 1 0.5 6
1.83e+07 1.91595e-09 2.11287e-07 6.50167e-11 4 1 0.5 4
1.84e+07 1.87435e-09 2.07631e-07 3.11877e-11 8 1 0.5 8
1.85e+07 1.40837e-09 1.99221e-07 4.55078e-11 4 1 0.5 4
1.86e+07 1.49474e-09 2.02516e-07 3.25334e-11 6 1 0.5 6
1.87e+07 1.9649e-09 1.94267e-07 3.55127e-11 7 1 0.5 7
1.88e+07 1.26532e-09 2.03669e-07 2.36734e-11 7 1 0.5 7
1.89e+07 1.19791e-09 2.03167e-07 1.95587e-11 8 1 0.5 8
1.9e+07 1.72295e-09 1.9951e-07 2.46761e-11 9 1 0.5 9
1.91e+07 1.95387e-09 2.02607e-07 3.64865e-11 7 1 0.5 7
1.92e+07 1.51889e-09 2.14648e-07 2.9639e-11 7 1 0.5 7
1.93e+07 1.56014e-09 2.07359e-07 2.30192e-11 9 1 0.5 9
1.94e+07 1.34719e-09 1.95587e-07 1.8982e-11 9 1 0.5 9
1.95e+07 1.38417e-09 2.07157e-07 3.0653e-11 6 1 0.5 6
1.96e+07 1.58497e-09 2.1132e-07 3.0556e-11 7 1 0.5 7
1.97e+07 1.21355e-09 2.04545e-07 2.27773e-11 7 1 0.5 7
1.98e+07 1.34708e-09 2.02066e-07 2.19103e-11 8 1 0.5 8
1.99e+07 1.57032e-09 2.14653e-07 2.67995e-11 8 1 0.5 8
2e+07 1.51561e-09 1.98195e-07 2.15844e-11 9 1 0.5 9
2.01e+07 1.80712e-09 2.0597e-07 2.38742e-11 10 1 0.5 10
2.02e+07 1.20473e-09 2.01402e-07 1.41949e-11 11 1 0.5 11
2.03e+07 1.63889e-09 2.08826e-07 3.13071e-11 7 1 0.5 7
2.04e+07 1.72787e-09 1.95755e-07 2.43842e-11 9 1 0.5 9
2.05e+07 1.06066e-09 2.00492e-07 1.71335e-11 8 1 0.5 8
2.06e+07 1.3787e-09 1.99162e-07 3.55672e-11 5 1 0.5 5
2.07e+07 1.77129e-09 2.02044e-07 2.88415e-11 8 1 0.5 8
2.08e+07 1.37924e-09 2.15717e-07 1.71573e-11 11 1 0.5 11
2.09e+07 1.94437e-09 2.05727e-07 5.1577e-11 5 1 0.5 5
2.1e+07 1.29996e-09 2.09833e-07 2.90707e-11 6 1 0.5 6
2.11e+07 1.63215e-09 2.04355e-07 2.14218e-11 10 1 0.5 10
2.12e+07 1.67258e-09 2.11057e-07 1.60659e-11 14 1 0.5 14
2.13e+07 1.70116e-09 2.00162e-07 2.44246e-11 9 1 0.5 9
2.14e+07 1.42616e-09 2.17812e-07 2.18672e-11 9 1 0.5 9
2.15e+07 1.92635e-09 2.00756e-07 2.7737e-11 9 1 0.5 9
2.16e+07 1.72333e-09 2.16047e-07 3.38248e-11 7 1 0.5 7
2.17e+07 1.38052e-09 2.01255e-07 1.98897e-11 9 1 0.5 9
2.18e+07 1.73293e-09 2.01375e-07 2.0438e-11 11 1 0.5 11
2.19e+07 1.49776e-09 2.20442e-07 1.48862e-11 14 1 0.5 14
2.2e+07 1.20843e-09 2.04654e-07 1.21947e-11 13 1 0.5 13
2.21e+07 1.1709e-09 2.09473e-07 1.56525e-11 10 1 0.5 10
2.22e+07 1.47835e-09 2.02883e-07 2.75943e-11 7 1 0.5 7
2.23e+07 1.45366e-09 2.06182e-07 2.74759e-11 7 1 0.5 7
2.24e+07 1.35207e-09 2.20717e-07 1.44852e-11 13 1 0.5 13
2.25e+07 1.23087e-09 2.06599e-07 1.2514e-11 13 1 0.5 13
2.26e+07 2.3086e-09 2.08552e-07 7.77127e-11 4 1 0.5 4
2.27e+07 1.54969e-09 2.15342e-07 2.71612e-10 7 1 0.5 7
2.28e+07 1.34555e-09 2.07793e-07 1.98749e-11 9 1 0.5 9
2.29e+07 1.61225e-09 2.06027e-07 2.36711e-11 9 1 0.5 9
2.3e+07 1.58076e-09 2.05203e-07 2.60395e-11 8 1 0.5 8
2.31e+07 1.64468e-09 2.19425e-07 3.39342e-11 11 1 0.5 11
2.32e+07 1.31967e-09 2.04122e-07 1.57166e-11 11 1 0.5 11
2.33e+07 1.68014e-09 2.18216e-07 4.60122e-11 6 1 0.5 6
2.34e+07 1.89429e-09 2.03776e-07 3.55266e-11 7 1 0.5 7
2.35e+07 1.3779e-09 2.10115e-07 3.70667e-11 5 1 0.5 5
2.36e+07 1.10969e-09 2.12371e-07 1.36272e-11 11 1 0.5 11
2.37e+07 1.05297e-09 2.1292e-07 1.18735e-11 12 1 0.5 12
2.38e+07 1.25874e-09 2.06165e-07 1.84743e-11 9 1 0.5 9
2.39e+07 1.28591e-09 2.04411e-07 4.23639e-11 4 1 0.5 4
2.4e+07 1.3682e-09 2.07793e-07 2.60118e-11 7 1 0.5 7
2.41e+07 1.25853e-09 2.12625e-07 2.43546e-11 7 1 0.5 7
2.42e+07 1.56203e-09 2.082e-07 2.08e-11 10 1 0.5 10
2.43e+07 1.49072e-09 2.06061e-07 2.46303e-11 8 1 0.5 8
2.44e+07 1.28425e-09 2.05385e-07 2.41871e-11 7 1 0.5 7
2.45e+07 1.23503e-09 2.10582e-07 2.07415e-11 8 1 0.5 8
2.46e+07 1.78579e-09 2.18724e-07 1.49845e-10 3 1 0.5 3
2.47e+07 1.68713e-09 2.08096e-07 3.7538e-11 6 1 0.5 6
2.48e+07 1.69787e-09 2.08333e-07 2.2627e-11 10 1 0.5 10
2.49e+07 1.36858e-09 2.14212e-07 2.07063e-11 9 1 0.5 9
2.5e+07 1.64252e-09 2.13048e-07 4.47253e-11 5 1 0.5 5
2.51e+07 1.5175e-09 2.09627e-07 1.69179e-11 12 1 0.5 12
2.52e+07 1.5911e-09 2.15517e-07 3.1155e-11 7 1 0.5 7
2.53e+07 1.21747e-09 2.1658e-07 2.79054e-11 6 1 0.5 6
2.54e+07 1.57665e-09 2.07862e-07 1.90559e-11 11 1 0.5 11
2.55e+07 1.34193e-09 2.00019e-07 1.92394e-11 9 1 0.5 9
2.56e+07 1.53966e-09 2.05046e-07 2.02572e-11 10 1 0.5 10
2.57e+07 1.36194e-09 2.10528e-07 2.28765e-11 8 1 0.5 8
2.58e+07 1.12748e-09 2.03994e-07 2.46461e-11 6 1 0.5 6
2.59e+07 1.44519e-09 2.09098e-07 1.48376e-11 13 1 0.5 13
2.6e+07 1.56679e-09 2.05892e-07 2.0682e-11 10 1 0.5 10
2.61e+07 1.29238e-09 2.00627e-07 2.38996e-11 7 1 0.5 7
2.62e+07 1.30321e-09 2.13782e-07 1.6094e-11 11 1 0.5 11
2.63e+07 1.28155e-09 2.1206e-07 1.73024e-11 10 1 0.5 10
2.64e+07 1.03874e-09 2.09388e-07 2.31673e-11 6 1 0.5 6
2.65e+07 1.68932e-09 2.10096e-07 3.78709e-11 6 1 0.5 6
2.66e+07 1.43247e-09 2.00357e-07 2.3151e-11 8 1 0.5 8
2.67e+07 1.26669e-09 2.04931e-07 3.3397e-11 5 1 0.5 5
2.68e+07 1.22867e-09 2.0065e-07 1.58833e-11 10 1 0.5 10
2.69e+07 1.69808e-09 2.01601e-07 3.15612e-11 7 1 0.5 7
2.7e+07 1.39733e-09 1.93994e-07 1.76035e-11 10 1 0.5 10
2.71e+07 1.45486e-09 2.08955e-07 2.15897e-11 9 1 0.5 9
2.72e+07 9.90044e-10 2.16483e-07 1.69816e-11 8 1 0.5 8
2.73e+07 1.72823e-09 2.0796e-07 2.30008e-11 10 1 0.5 10
2.74e+07 1.52922e-09 2.11745e-07 2.06337e-11 10 1 0.5 10
2.75e+07 1.12329e-09 2.03761e-07 3.6881e-11 4 1 0.5 4
2.76e+07 2.13102e-09 1.99188e-07 3.92912e-11 7 1 0.5 7
2.77e+07 1.42131e-09 2.12851e-07 3.21588e-11 6 1 0.5 6
2.78e+07 1.97476e-09 2.04099e-07 3.24283e-11 8 1 0.5 8
2.79e+07 1.51768e-09 2.15571e-07 2.30861e-11 9 1 0.5 9
2.8e+07 1.10714e-09 2.17557e-07 1.90711e-11 8 1 0.5 8
2.81e+07 1.30854e-09 2.03955e-07 1.55736e-11 11 1 0.5 11
2.82e+07 1.53552e-09 2.00906e-07 1.65595e-11 12 1 0.5 12
2.83e+07 1.57775e-09 2.11286e-07 3.56692e-11 6 1 0.5 6
2.84e+07 1.3363e-09 2.06719e-07 3.05393e-11 6 1 0.5 6
2.85e+07 1.58783e-09 2.19459e-07 2.20427e-11 10 1 0.5 10
2.86e+07 1.3596e-09 2.00669e-07 2.51521e-11 7 1 0.5 7
2.87e+07 1.4749e-09 2.09384e-07 1.97236e-11 10 1 0.5 10
2.88e+07 9.99757e-10 2.23241e-07 2.34526e-11 6 1 0.5 6
2.89e+07 1.25648e-09 2.11409e-07 1.30078e-11 13 1 0.5 13
2.9e+07 1.92432e-09 2.12714e-07 3.26396e-11 8 1 0.5 8
2.91e+07 2.0024e-09 2.02419e-07 2.00615e-11 13 1 0.5 13
2.92e+07 1.41564e-09 2.17206e-07 2.16574e-11 9 1 0.5 9
2.93e+07 1.71958e-09 2.16864e-07 2.62952e-11 9 1 0.5 9
2.94e+07 1.31274e-09 2.1163e-07 6.58529e-11 4 1 0.5 4
2.95e+07 1.53863e-09 2.13281e-07 2.61235e-11 8 1 0.5 8
2.96e+07 1.63908e-09 2.00181e-07 4.25011e-11 5 1 0.5 5
2.97e+07 1.48288e-09 2.10195e-07 2.21096e-11 9 1 0.5 9
2.98e+07 1.67485e-09 1.90753e-07 2.60747e-11 8 1 0.5 8
2.99e+07 1.72705e-09 2.01179e-07 4.49739e-11 5 1 0.5 5
3e+07 1.69409e-09 1.91917e-07 2.64995e-11 8 1 0.5 8
3.01e+07 1.69317e-09 2.12785e-07 5.77036e-11 4 1 0.5 4
3.02e+07 1.52761e-09 2.10166e-07 1.70654e-11 12 1 0.5 12
3.03e+07 1.62867e-09 2.05204e-07 3.58336e-11 6 1 0.5 6
3.04e+07 1.36181e-09 2.14462e-07 3.09895e-11 6 1 0.5 6
3.05e+07 1.49686e-09 2.17114e-07 2.94723e-11 7 1 0.5 7
3.06e+07 1.29847e-09 2.01538e-07 1.29493e-11 13 1 0.5 13
3.07e+07 1.37745e-09 2.04145e-07 1.80542e-11 10 1 0.5 10
3.08e+07 1.33776e-09 2.01304e-07 2.16941e-11 8 1 0.5 8
3.09e+07 1.20696e-09 2.08267e-07 1.78535e-11 9 1 0.5 9
3.1e+07 1.71445e-09 1.98613e-07 3.67833e-11 6 1 0.5 6
3.11e+07 1.33009e-09 2.0435e-07 1.24496e-11 14 1 0.5 14
3.12e+07 1.36154e-09 2.11062e-07 3.05951e-11 6 1 0.5 6
3.13e+07 8.91574e-10 2.08347e-07 9.8804e-12 12 1 0.5 12
3.14e+07 1.19442e-09 2.18011e-07 1.49772e-11 11 1 0.5 11
3.15e+07 1.8124e-09 2.03153e-07 3.39007e-11 7 1 0.5 7
3.16e+07 2.04011e-09 2.01484e-07 6.67369e-11 4 1 0.5 4
3.17e+07 1.64504e-09 2.05509e-07 1.80609e-11 12 1 0.5 12
3.18e+07 1.61747e-09 2.07267e-07 4.3094e-11 5 1 0.5 5
3.19e+07 1.71465e-09 2.06778e-07 3.25096e-11 7 1 0.5 7
3.2e+07 1.81717e-09 2.01553e-07 3.94511e-11 6 1 0.5 6
3.21e+07 1.27843e-09 2.14963e-07 1.58559e-11 11 1 0.5 11
3.22e+07 1.72528e-09 2.10206e-07 1.77958e-11 13 1 0.5 13
3.23e+07 1.53537e-09 1.97576e-07 2.80782e-11 7 1 0.5 7
3.24e+07 1.14491e-09 2.151e-07 1.42031e-11 11 1 0.5 11
3.25e+07 1.50448e-09 1.99841e-07 2.42708e-11 8 1 0.5 8
3.26e+07 1.54508e-09 2.11631e-07 2.98177e-11 7 1 0.5 7
3.27e+07 1.47035e-09 2.08432e-07 2.80305e-11 7 1 0.5 7
3.28e+07 1.41128e-09 1.90379e-07 3.51638e-11 5 1 0.5 5
3.29e+07 1.68353e-09 1.96e-07 1.64405e-11 13 1 0.5 13
3.3e+07 1.14667e-09 2.09188e-07 3.0707e-11 5 1 0.5 5
3.31e+07 1.05317e-09 2.06192e-07 1.39018e-11 10 1 0.5 10
3.32e+07 1.50129e-09 2.0591e-07 2.47915e-11 8 1 0.5 8
3.33e+07 1.55333e-09 2.0302e-07 4.07074e-11 5 1 0.5 5
3.34e+07 1.99352e-09 2.13457e-07 3.87909e-11 7 1 0.5 7
3.35e+07 1.36017e-09 2.15129e-07 2.32397e-11 8 1 0.5 8
3.36e+07 1.17484e-09 2.14099e-07 1.5978e-11 10 1 0.5 10
3.37e+07 1.45007e-09 2.02627e-07 2.10063e-11 9 1 0.5 9
3.38e+07 1.83875e-09 1.99773e-07 1.97534e-11 12 1 0.5 12
3.39e+07 1.80588e-09 2.14526e-07 2.73849e-11 9 1 0.5 9
3.4e+07 1.50225e-09 2.05795e-07 2.20307e-11 9 1 0.5 9
3.41e+07 1.24209e-09 2.13205e-07 1.87166e-11 9 1 0.5 9
3.42e+07 1.72452e-09 2.13087e-07 5.88485e-11 4 1 0.5 4
3.43e+07 1.61986e-09 2.0822e-07 2.39817e-11 9 1 0.5 9
3.44e+07 1.24331e-09 2.06785e-07 1.82901e-11 9 1 0.5 9
3.45e+07 1.49544e-09 2.02246e-07 2.43503e-11 8 1 0.5 8
3.46e+07 1.62205e-09 2.03065e-07 2.35473e-11 9 1 0.5 9
3.47e+07 1.35862e-09 2.0473e-07 1.78465e-11 10 1 0.5 10
3.48e+07 1.32971e-09 2.11301e-07 2.23977e-11 8 1 0.5 8
3.49e+07 1.47921e-09 2.03952e-07 1.76108e-11 11 1 0.5 11
3.5e+07 1.56596e-09 2.07866e-07 4.18066e-11 5 1 0.5 5
3.51e+07 8.26174e-10 2.05789e-07 1.5561e-11 7 1 0.5 7
3.52e+07 1.25076e-09 2.13428e-07 1.41358e-11 12 1 0.5 12
3.53e+07 1.50958e-09 2.16659e-07 5.21314e-11 4 1 0.5 4
3.54e+07 1.10926e-09 2.06308e-07 1.62831e-11 9 1 0.5 9
3.55e+07 1.39089e-09 2.11547e-07 2.68201e-11 7 1 0.5 7
3.56e+07 1.65745e-09 2.14443e-07 2.25952e-11 10 1 0.5 10
3.57e+07 1.55958e-09 2.04838e-07 2.56532e-11 8 1 0.5 8
3.58e+07 1.0562e-09 2.04709e-07 1.26003e-11 11 1 0.5 11
3.59e+07 1.46731e-09 2.08587e-07 3.26804e-11 6 1 0.5 6
3.6e+07 1.50981e-09 2.07425e-07 3.34852e-11 6 1 0.5 6
3.61e+07 1.25174e-09 2.11506e-07 2.41222e-11 7 1 0.5 7
3.62e+07 1.49407e-09 2.02746e-07 2.16559e-11 9 1 0.5 9
3.63e+07 1.29739e-09 2.06952e-07 2.86995e-11 6 1 0.5 6
3.64e+07 1.26857e-09 2.00878e-07 1.09324e-11 15 1 0.5 15
3.65e+07 1.51359e-09 2.01145e-07 2.45423e-11 8 1 0.5 8
3.66e+07 1.32542e-09 2.08425e-07 3.54209e-11 5 1 0.5 5
3.67e+07 1.38839e-09 2.03752e-07 2.01968e-11 9 1 0.5 9
3.68e+07 1.71058e-09 2.01766e-07 2.02041e-11 11 1 0.5 11
3.69e+07 1.45744e-09 2.06892e-07 2.14603e-11 9 1 0.5 9
3.7e+07 1.20028e-09 2.15383e-07 2.34604e-11 7 1 0.5 7
3.71e+07 1.19397e-09 1.9998e-07 2.57047e-11 6 1 0.5 6
3.72e+07 1.1463e-09 2.16641e-07 1.96821e-11 8 1 0.5 8
3.73e+07 1.02762e-09 2.12624e-07 1.98711e-11 7 1 0.5 7
3.74e+07 1.06928e-09 2.06456e-07 1.57035e-11 9 1 0.5 9
3.75e+07 1.16619e-09 2.06552e-07 2.57455e-11 6 1 0.5 6
3.76e+07 1.48389e-09 2.14782e-07 2.53302e-11 8 1 0.5 8
3.77e+07 1.92999e-09 2.0873e-07 2.14609e-11 12 1 0.5 12
3.78e+07 1.13485e-09 2.09326e-07 2.53143e-11 6 1 0.5 6
3.79e+07 1.52911e-09 2.06912e-07 2.25214e-11 9 1 0.5 9
3.8e+07 1.50567e-09 2.03474e-07 1.51335e-11 13 1 0.5 13
3.81e+07 1.55247e-09 1.98057e-07 3.32159e-11 6 1 0.5 6
3.82e+07 1.22709e-09 2.03699e-07 1.14551e-11 14 1 0.5 14
3.83e+07 1.82635e-09 2.08007e-07 2.70311e-11 9 1 0.5 9
3.84e+07 1.48917e-09 2.00234e-07 1.60163e-11 12 1 0.5 12
3.85e+07 1.86707e-09 2.04116e-07 6.16411e-11 4 1 0.5 4
3.86e+07 9.83919e-10 2.06119e-07 1.44284e-11 9 1 0.5 9
3.87e+07 1.30465e-09 2.02135e-07 2.42687e-11 7 1 0.5 7
3.88e+07 1.82214e-09 2.02383e-07 1.97735e-11 12 1 0.5 12
3.89e+07 1.58302e-09 2.09386e-07 3.53792e-11 6 1 0.5 6
3.9e+07 1.65477e-09 2.11493e-07 2.48034e-11 9 1 0.5 9
3.91e+07 1.85621e-09 2.09451e-07 1.87146e-10 5 1 0.5 5
3.92e+07 1.48404e-09 2.10428e-07 1.99241e-11 10 1 0.5 10
3.93e+07 1.36734e-09 2.05905e-07 2.00538e-11 9 1 0.5 9
3.94e+07 1.13829e-09 2.06042e-07 1.87875e-11 8 1 0.5 8
3.95e+07 1.43573e-09 2.06526e-07 2.71709e-11 7 1 0.5 7
3.96e+07 1.07911e-09 2.02601e-07 1.7575e-11 8 1 0.5 8
3.97e+07 1.65573e-09 1.99645e-07 2.67015e-11 8 1 0.5 8
3.98e+07 1.57499e-09 2.19933e-07 2.74023e-11 8 1 0.5 8
3.99e+07 1.58214e-09 2.1071e-07 2.38989e-11 9 1 0.5 9
4e+07 2.07085e-09 2.14568e-07 2.354e-11 12 1 0.5 12
4.01e+07 1.04026e-09 2.11321e-07 1.7509e-11 8 1 0.5 8
4.02e+07 1.55098e-09 2.05228e-07 4.0991e-11 5 1 0.5 5
4.03e+07 1.62837e-09 1.96878e-07 3.46882e-11 6 1 0.5 6
4.04e+07 1.28237e-09 2.03395e-07 2.39686e-11 7 1 0.5 7
4.05e+07 1.13101e-09 2.01634e-07 2.09866e-11 7 1 0.5 7
4.06e+07 1.78585e-09 2.01716e-07 2.58009e-11 9 1 0.5 9
4.07e+07 1.05491e-09 2.00476e-07 1.51407e-11 9 1 0.5 9
4.08e+07 1.46267e-09 2.0675e-07 2.15259e-11 9 1 0.5 9
4.09e+07 1.53439e-09 2.0454e-07 1.67803e-11 12 1 0.5 12
4.1e+07 1.22268e-09 2.07166e-07 4.06909e-11 4 1 0.5 4
4.11e+07 1.71942e-09 2.17176e-07 3.95736e-11 6 1 0.5 6
4.12e+07 1.28143e-09 2.09071e-07 2.85725e-11 6 1 0.5 6
4.13e+07 1.0974e-09 2.08044e-07 1.82482e-11 8 1 0.5 8
4.14e+07 1.35424e-09 2.04455e-07 1.48004e-11 12 1 0.5 12
4.15e+07 1.29891e-09 2.00253e-07 1.6768e-11 10 1 0.5 10
4.16e+07 1.94908e-09 2.1414e-07 2.41669e-11 11 1 0.5 11
4.17e+07 1.23904e-09 2.05974e-07 1.81711e-11 9 1 0.5 9
4.18e+07 1.60414e-09 2.06399e-07 4.25958e-11 5 1 0.5 5
4.19e+07 1.53377e-09 2.04919e-07 1.67979e-11 12 1 0.5 12
4.2e+07 1.41832e-09 2.08593e-07 2.36549e-11 8 1 0.5 8
4.21e+07 9.92188e-10 2.09805e-07 1.47536e-11 9 1 0.5 9
4.22e+07 1.18789e-09 2.11535e-07 2.28895e-11 7 1 0.5 7
4.23e+07 1.5393e-09 2.06656e-07 3.40436e-11 6 1 0.5 6
4.24e+07 1.86609e-09 2.04367e-07 3.0666e-11 8 1 0.5 8
4.25e+07 1.40857e-09 2.18986e-07 3.25938e-11 6 1 0.5 6
4.26e+07 1.66678e-09 2.06703e-07 3.15882e-11 7 1 0.5 7
4.27e+07 1.37199e-09 1.96934e-07 1.94357e-11 9 1 0.5 9
4.28e+07 1.46171e-09 1.98682e-07 2.34717e-11 8 1 0.5 8
4.29e+07 1.47072e-09 2.12476e-07 1.80814e-11 11 1 0.5 11
4.3e+07 1.25396e-09 2.09203e-07 1.86163e-11 9 1 0.5 9
4.31e+07 1.59251e-09 2.2152e-07 1.58919e-11 14 1 0.5 14
4.32e+07 1.34486e-09 2.095e-07 3.00422e-11 6 1 0.5 6
4.33e+07 1.6947e-09 2.0823e-07 2.50953e-11 9 1 0.5 9
4.34e+07 2.0098e-09 2.15336e-07 5.52853e-11 5 1 0.5 5
4.35e+07 1.51489e-09 2.11266e-07 2.91923e-11 7 1 0.5 7
4.36e+07 1.50573e-09 2.0207e-07 3.93447e-11 5 1 0.5 5
4.37e+07 1.13182e-09 2.01255e-07 1.62967e-11 9 1 0.5 9
4.38e+07 1.1917e-09 2.06512e-07 2.25338e-11 7 1 0.5 7
4.39e+07 2.2067e-09 2.07492e-07 7.39415e-11 4 1 0.5 4
4.4e+07 1.60185e-09 2.07777e-07 1.77372e-11 12 1 0.5 12
4.41e+07 1.65843e-09 2.07086e-07 2.19955e-11 10 1 0.5 10
4.42e+07 1.27884e-09 2.10507e-07 1.90798e-11 9 1 0.5 9
4.43e+07 1.31944e-09 2.22181e-07 1.53965e-11 12 1 0.5 12
4.44e+07 1.2472e-09 2.03255e-07 2.7198e-11 6 1 0.5 6
4.45e+07 1.66027e-09 1.98344e-07 2.36665e-11 9 1 0.5 9
4.46e+07 1.70482e-09 2.02354e-07 4.4593e-11 5 1 0.5 5
4.47e+07 1.42129e-09 2.14655e-07 2.15419e-11 9 1 0.5 9
4.48e+07 1.40794e-09 2.14471e-07 1.74354e-11 11 1 0.5 11
4.49e+07 1.42705e-09 2.09199e-07 1.58814e-11 12 1 0.5 12
4.5e+07 1.71316e-09 1.97637e-07 2.19107e-11 10 1 0.5 10
4.51e+07 1.72948e-09 2.02215e-07 2.25221e-11 10 1 0.5 10
4.52e+07 1.65382e-09 2.07433e-07 7.38802e-11 3 1 0.5 3
4.53e+07 1.24436e-09 2.01547e-07 2.30904e-11 7 1 0.5 7
4.54e+07 1.53147e-09 1.97651e-07 1.77945e-11 11 1 0.5 11
4.55e+07 2.01116e-09 2.03386e-07 3.23947e-11 9 1 0.5 9
4.56e+07 1.33545e-09 2.00998e-07 1.9219e-11 9 1 0.5 9
4.57e+07 1.82263e-09 2.10812e-07 3.50985e-11 7 1 0.5 7
4.58e+07 1.19063e-09 2.13236e-07 1.34451e-11 12 1 0.5 12
4.59e+07 1.63243e-09 2.13926e-07 2.46889e-11 9 1 0.5 9
4.6e+07 1.06226e-09 2.20818e-07 1.64499e-11 9 1 0.5 9
4.61e+07 1.76327e-09 2.0866e-07 2.94442e-11 8 1 0.5 8
4.62e+07 1.4116e-09 2.20065e-07 3.93946e-11 5 1 0.5 5
4.63e+07 1.26502e-09 2.03205e-07 1.65167e-11 10 1 0.5 10
4.64e+07 1.73066e-09 2.0675e-07 2.86892e-11 8 1 0.5 8
4.65e+07 1.44888e-09 2.05804e-07 2.73457e-11 7 1 0.5 7
4.66e+07 1.08639e-09 2.15755e-07 1.65184e-11 9 1 0.5 9
4.67e+07 1.14985e-09 2.11846e-07 2.58927e-11 6 1 0.5 6
4.68e+07 1.13162e-09 2.11406e-07 1.52358e-11 10 1 0.5 10
4.69e+07 1.24805e-09 2.05722e-07 2.74746e-11 6 1 0.5 6
4.7e+07 1.63701e-09 2.08454e-07 4.38146e-11 5 1 0.5 5
4.71e+07 1.77418e-09 2.1223e-07 3.0026e-11 8 1 0.5 8
4.72e+07 1.44495e-09 2.03594e-07 1.7178e-11 11 1 0.5 11
4.73e+07 1.51934e-09 2.08392e-07 1.686e-11 12 1 0.5 12
4.74e+07 1.88012e-09 2.04048e-07 2.4661e-11 10 1 0.5 10
4.75e+07 1.69183e-09 2.00241e-07 2.42976e-11 9 1 0.5 9
4.76e+07 1.82568e-09 2.10119e-07 3.50663e-11 7 1 0.5 7
4.77e+07 1.30166e-09 2.14431e-07 1.77296e-11 10 1 0.5 10
4.78e+07 9.98566e-10 2.05131e-07 1.00916e-11 13 1 0.5 13
4.79e+07 1.93893e-09 2.07955e-07 2.34602e-11 11 1 0.5 11
4.8e+07 1.51263e-09 2.06467e-07 2.50326e-11 8 1 0.5 8
4.81e+07 1.41033e-09 1.9975e-07 2.2738e-11 8 1 0.5 8
4.82e+07 1.12511e-09 2.01167e-07 1.61942e-11 9 1 0.5 9
4.83e+07 1.37336e-09 2.0958e-07 1.53042e-11 12 1 0.5 12
4.84e+07 1.54275e-09 1.96916e-07 1.78741e-11 11 1 0.5 11
4.85e+07 1.65751e-09 2.13781e-07 3.76666e-11 6 1 0.5 6
4.86e+07 1.39361e-09 2.14489e-07 1.72585e-11 11 1 0.5 11
4.87e+07 1.93325e-09 2.0249e-07 3.60827e-11 7 1 0.5 7
4.88e+07 2.35192e-09 2.14344e-07 2.9241e-11 11 1 0.5 11
4.89e+07 9.51471e-10 2.08893e-07 9.75278e-12 13 1 0.5 13
4.9e+07 1.40939e-09 2.00588e-07 3.04382e-11 6 1 0.5 6
4.91e+07 1.61866e-09 2.03712e-07 1.76487e-11 12 1 0.5 12
4.92e+07 1.94472e-09 2.16451e-07 6.72784e-11 4 1 0.5 4
4.93e+07 1.77682e-09 2.01565e-07 2.88785e-11 8 1 0.5 8
4.94e+07 1.2048e-09 1.9962e-07 2.59024e-11 6 1 0.5 6
4.95e+07 1.07312e-09 1.9195e-07 1.9164e-11 7 1 0.5 7
4.96e+07 1.36157e-09 2.09574e-07 2.02475e-11 9 1 0.5 9
4.97e+07 1.36225e-09 2.05848e-07 1.99746e-11 9 1 0.5 9
4.98e+07 1.54511e-09 2.05616e-07 2.54897e-11 8 1 0.5 8
4.99e+07 1.96787e-09 2.17035e-07 3.39183e-11 8 1 0.5 8
5e+07 1.70719e-09 2.03451e-07 1.13477e-10 2 1 0.5 2
5.01e+07 1.51493e-09 2.02899e-07 2.47311e-11 8 1 0.5 8
5.02e+07 1.12736e-09 2.17103e-07 1.40877e-11 11 1 0.5 11
5.03e+07 1.23675e-09 2.05169e-07 2.32698e-11 7 1 0.5 7
5.04e+07 1.47328e-09 2.06246e-07 2.43583e-11 8 1 0.5 8
5.05e+07 1.43561e-09 2.13532e-07 1.94954e-11 10 1 0.5 10
5.06e+07 1.7939e-09 1.97494e-07 4.60602e-11 5 1 0.5 5
5.07e+07 1.0443e-09 2.07774e-07 1.73449e-11 8 1 0.5 8
5.08e+07 1.44346e-09 2.09195e-07 2.14392e-11 9 1 0.5 9
5.09e+07 1.54137e-09 2.03372e-07 3.36646e-11 6 1 0.5 6
5.1e+07 1.71743e-09 1.94138e-07 3.10006e-11 7 1 0.5 7
5.11e+07 1.68911e-09 2.16021e-07 2.31625e-11 10 1 0.5 10
5.12e+07 1.13724e-09 2.00088e-07 1.46665e-11 10 1 0.5 10
5.13e+07 1.77973e-09 2.2209e-07 2.26762e-11 11 1 0.5 11
5.14e+07 1.41532e-09 1.99689e-07 3.046e-11 6 1 0.5 6
5.15e+07 1.4416e-09 2.09325e-07 1.60513e-11 12 1 0.5 12
5.16e+07 1.50788e-09 2.04452e-07 2.47626e-11 8 1 0.5 8
5.17e+07 1.58626e-09 2.15925e-07 2.17393e-11 10 1 0.5 10
5.18e+07 1.76767e-09 2.17996e-07 4.90454e-11 5 1 0.5 5
5.19e+07 1.43445e-09 2.04133e-07 3.14086e-11 6 1 0.5 6
5.2e+07 1.42305e-09 2.11589e-07 2.40019e-11 8 1 0.5 8
5.21e+07 1.7218e-09 1.99503e-07 3.17445e-11 7 1 0.5 7
5.22e+07 1.20933e-09 2.08465e-07 1.61067e-11 10 1 0.5 10
5.23e+07 1.65753e-09 2.04857e-07 2.72738e-11 8 1 0.5 8
5.24e+07 1.2252e-09 2.21256e-07 1.71046e-11 10 1 0.5 10
5.25e+07 1.71186e-09 2.04264e-07 3.75404e-11 6 1 0.5 6
5.26e+07 1.2731e-09 2.20105e-07 3.55114e-11 5 1 0.5 5
5.27e+07 1.27975e-09 2.10539e-07 2.86922e-11 6 1 0.5 6
5.28e+07 1.70783e-09 2.17862e-07 2.62098e-11 9 1 0.5 9
5.29e+07 1.32545e-09 2.13096e-07 1.99689e-11 9 1 0.5 9
5.3e+07 1.0447e-09 2.1356e-07 1.41755e-11 10 1 0.5 10
5.31e+07 1.57807e-09 2.10986e-07 3.54799e-11 6 1 0.5 6
5.32e+07 1.33442e-09 2.08232e-07 2.22202e-11 8 1 0.5 8
5.33e+07 8.82946e-10 2.03543e-07 1.92499e-11 6 1 0.5 6
5.34e+07 1.6781e-09 2.07e-07 4.46763e-11 5 1 0.5 5
5.35e+07 1.61262e-09 2.01629e-07 5.26574e-11 4 1 0.5 4
5.36e+07 1.45334e-09 2.08794e-07 1.49046e-11 13 1 0.5 13
5.37e+07 1.45168e-09 2.06057e-07 4.81712e-11 4 1 0.5 4
5.38e+07 1.57265e-09 2.02377e-07 1.86136e-11 11 1 0.5 11
5.39e+07 1.87917e-09 2.06078e-07 3.10845e-11 8 1 0.5 8
5.4e+07 1.38492e-09 2.15244e-07 1.35043e-11 14 1 0.5 14
5.41e+07 1.40774e-09 1.96813e-07 2.56569e-11 7 1 0.5 7
5.42e+07 1.63537e-09 2.11496e-07 2.75902e-11 8 1 0.5 8
5.43e+07 1.75639e-09 2.0491e-07 2.31078e-11 10 1 0.5 10
5.44e+07 1.22121e-09 2.10324e-07 2.04888e-11 8 1 0.5 8
5.45e+07 1.08623e-09 2.19105e-07 2.5114e-11 6 1 0.5 6
5.46e+07 1.49003e-09 2.0105e-07 1.48365e-11 13 1 0.5 13
5.47e+07 1.22102e-09 2.09778e-07 1.36127e-11 12 1 0.5 12
5.48e+07 1.48786e-09 1.98316e-07 3.18583e-11 6 1 0.5 6
5.49e+07 1.36147e-09 2.02488e-07 2.53646e-11 7 1 0.5 7
5.5e+07 1.78889e-09 2.10412e-07 3.47027e-11 7 1 0.5 7
5.51e+07 1.09527e-09 2.07583e-07 2.42679e-11 6 1 0.5 6
5.52e+07 1.10635e-09 2.1349e-07 1.6683e-11 9 1 0.5 9
5.53e+07 1.52898e-09 2.00023e-07 4.95927e-11 4 1 0.5 4
5.54e+07 1.31964e-09 2.04598e-07 1.44293e-11 12 1 0.5 12
5.55e+07 1.14825e-09 2.08123e-07 1.52713e-11 10 1 0.5 10
5.56e+07 1.49163e-09 2.0596e-07 1.96915e-11 10 1 0.5 10
5.57e+07 1.58561e-09 2.06307e-07 2.99969e-11 7 1 0.5 7
5.58e+07 1.34591e-09 2.08733e-07 2.99792e-11 6 1 0.5 6
5.59e+07 1.51582e-09 2.05637e-07 4.01178e-11 5 1 0.5 5
5.6e+07 1.24196e-09 2.10637e-07 1.51574e-11 11 1 0.5 11
5.61e+07 1.1607e-09 2.10917e-07 1.55999e-11 10 1 0.5 10
5.62e+07 1.89279e-09 2.02598e-07 1.76134e-11 14 1 0.5 14
5.63e+07 1.44746e-09 1.98989e-07 1.86e-11 10 1 0.5 10
5.64e+07 1.86018e-09 2.03766e-07 4.07377e-11 6 1 0.5 6
5.65e+07 1.69151e-09 2.07205e-07 2.80855e-11 8 1 0.5 8
5.66e+07 1.50319e-09 2.0707e-07 3.32927e-11 6 1 0.5 6
5.67e+07 2.04603e-09 2.04786e-07 3.36938e-11 8 1 0.5 8
5.68e+07 1.19945e-09 2.01687e-07 2.22659e-11 7 1 0.5 7
5.69e+07 9.80884e-10 2.10107e-07 1.0944e-11 12 1 0.5 12
5.7e+07 1.89454e-09 2.09309e-07 5.09308e-11 5 1 0.5 5
5.71e+07 1.58243e-09 2.02391e-07 2.32572e-11 9 1 0.5 9
5.72e+07 1.77392e-09 2.15408e-07 3.03764e-11 8 1 0.5 8
5.73e+07 1.85473e-09 2.10233e-07 5.0025e-11 5 1 0.5 5
5.74e+07 1.43984e-09 2.0791e-07 3.19837e-11 6 1 0.5 6
5.75e+07 1.75279e-09 2.114e-07 3.94956e-11 6 1 0.5 6
5.76e+07 1.93093e-09 2.09196e-07 3.23245e-11 8 1 0.5 8
5.77e+07 1.35476e-09 2.06982e-07 1.49492e-11 12 1 0.5 12
5.78e+07 1.6375e-09 2.05536e-07 1.79797e-11 12 1 0.5 12
5.79e+07 1.67197e-09 2.00124e-07 2.70149e-11 8 1 0.5 8
5.8e+07 1.59154e-09 2.15839e-07 1.36089e-11 16 1 0.5 16
5.81e+07 1.51996e-09 2.08444e-07 1.8409e-11 11 1 0.5 11
5.82e+07 1.73047e-09 2.06934e-07 5.7705e-11 4 1 0.5 4
5.83e+07 1.11085e-09 2.00296e-07 2.87502e-11 5 1 0.5 5
5.84e+07 1.74543e-09 2.08011e-07 3.32513e-11 7 1 0.5 7
5.85e+07 1.44607e-09 2.04411e-07 1.89757e-11 10 1 0.5 10
5.86e+07 1.30551e-09 1.99735e-07 2.80905e-11 6 1 0.5 6
5.87e+07 1.22719e-09 2.0146e-07 2.27628e-11 7 1 0.5 7
5.88e+07 1.17421e-09 2.20625e-07 2.04564e-11 8 1 0.5 8
5.89e+07 1.61317e-09 2.08065e-07 3.58782e-11 6 1 0.5 6
5.9e+07 1.06218e-09 2.15929e-07 1.2111e-11 12 1 0.5 12
5.91e+07 1.27305e-09 1.99986e-07 1.82465e-11 9 1 0.5 9
5.92e+07 1.29886e-09 2.13817e-07 1.35682e-11 13 1 0.5 13
5.93e+07 1.54703e-09 2.07931e-07 2.94439e-11 7 1 0.5 7
5.94e+07 1.6541e-09 2.0047e-07 3.57386e-11 6 1 0.5 6
5.95e+07 1.80508e-09 2.19921e-07 2.51135e-11 10 1 0.5 10
5.96e+07 1.56722e-09 2.18912e-07 1.66876e-11 13 1 0.5 13
5.97e+07 1.04127e-09 2.17662e-07 2.39447e-11 6 1 0.5 6
5.98e+07 1.81979e-09 2.12299e-07 3.52384e-11 7 1 0.5 7
5.99e+07 1.30838e-09 1.99633e-07 1.20251e-11 14 1 0.5 14
6e+07 1.49405e-09 2.19401e-07 2.30446e-11 9 1 0.5 9
6.01e+07 1.46871e-09 2.07392e-07 2.43881e-11 8 1 0.5 8
6.02e+07 1.14435e-09 2.0191e-07 1.85913e-11 8 1 0.5 8
6.03e+07 1.43339e-09 2.0125e-07 2.06537e-11 9 1 0.5 9
6.04e+07 1.52225e-09 2.02235e-07 2.83469e-11 7 1 0.5 7
6.05e+07 1.53192e-09 2.10743e-07 2.28907e-11 9 1 0.5 9
6.06e+07 1.67909e-09 2.06486e-07 2.46997e-11 9 1 0.5 9
6.07e+07 1.73749e-09 2.16943e-07 2.99172e-11 8 1 0.5 8
6.08e+07 1.32296e-09 2.01516e-07 1.9077e-11 9 1 0.5 9
6.09e+07 1.15175e-09 2.058e-07 1.26474e-11 12 1 0.5 12
6.1e+07 9.34513e-10 2.2235e-07 1.45465e-11 9 1 0.5 9
6.11e+07 1.17678e-09 2.12886e-07 1.59329e-11 10 1 0.5 10
6.12e+07 1.11586e-09 2.12002e-07 1.00287e-11 15 1 0.5 15
6.13e+07 1.54093e-09 2.12387e-07 2.0842e-11 10 1 0.5 10
6.14e+07 1.16758e-09 2.05866e-07 1.5397e-11 10 1 0.5 10
6.15e+07 2.16256e-09 2.05853e-07 4.77936e-11 6 1 0.5 6
6.16e+07 1.54105e-09 2.10544e-07 2.30105e-11 9 1 0.5 9
6.17e+07 2.04888e-09 2.06892e-07 6.84675e-11 4 1 0.5 4
6.18e+07 1.31775e-09 1.93289e-07 2.36767e-11 7 1 0.5 7
6.19e+07 2.77778e-09 2.0293e-07 6.08443e-11 6 1 0.5 6
6.2e+07 1.23247e-09 2.08658e-07 1.49303e-11 11 1 0.5 11
6.21e+07 1.35493e-09 1.96609e-07 2.46704e-11 7 1 0.5 7
6.22e+07 1.78808e-09 1.96196e-07 2.52816e-11 9 1 0.5 9
6.23e+07 1.21391e-09 2.06177e-07 2.29262e-11 7 1 0.5 7
6.24e+07 1.61996e-09 2.05104e-07 3.05098e-11 7 1 0.5 7
6.25e+07 1.56362e-09 2.05199e-07 2.57555e-11 8 1 0.5 8
6.26e+07 1.44038e-09 2.06869e-07 2.72949e-11 7 1 0.5 7
6.27e+07 1.64912e-09 2.03553e-07 3.60577e-11 6 1 0.5 6
6.28e+07 1.48248e-09 2.05172e-07 1.95117e-11 10 1 0.5 10
6.29e+07 1.17433e-09 2.00488e-07 1.26354e-11 12 1 0.5 12
6.3e+07 1.20978e-09 2.07085e-07 1.60289e-11 10 1 0.5 10
6.31e+07 1.7447e-09 2.11065e-07 2.93967e-11 8 1 0.5 8
6.32e+07 2.20039e-09 2.02149e-07 4.73791e-10 10 1 0.5 10
6.33e+07 1.51315e-09 2.05099e-07 1.65827e-11 12 1 0.5 12
6.34e+07 1.35987e-09 2.16399e-07 4.68753e-11 4 1 0.5 4
6.35e+07 1.70868e-09 2.09743e-07 3.82571e-11 6 1 0.5 6
6.36e+07 1.42847e-09 2.01952e-07 3.72609e-11 5 1 0.5 5
6.37e+07 1.45587e-09 2.1241e-07 2.1929e-11 9 1 0.5 9
6.38e+07 2.0142e-09 2.12652e-07 2.48073e-11 11 1 0.5 11
6.39e+07 1.4124e-09 2.15342e-07 3.22511e-11 6 1 0.5 6
6.4e+07 1.21492e-09 2.07846e-07 1.34465e-11 12 1 0.5 12
6.41e+07 1.44217e-09 1.99384e-07 2.06304e-11 9 1 0.5 9
6.42e+07 1.36918e-09 2.06569e-07 3.39837e-11 8 1 0.5 8
6.43e+07 1.48049e-09 2.08103e-07 3.29155e-11 6 1 0.5 6
6.44e+07 1.62919e-09 1.94293e-07 4.12744e-11 5 1 0.5 5
6.45e+07 1.2656e-09 2.00149e-07 1.36018e-11 12 1 0.5 12
6.46e+07 1.49805e-09 2.14268e-07 3.40832e-11 6 1 0.5 6
6.47e+07 1.40313e-09 2.02977e-07 2.29058e-11 8 1 0.5 8
6.48e+07 1.92024e-09 2.04415e-07 5.06764e-11 5 1 0.5 5
6.49e+07 1.34059e-09 2.14618e-07 1.66668e-11 11 1 0.5 11
6.5e+07 1.49297e-09 2.11998e-07 1.83232e-11 11 1 0.5 11
6.51e+07 1.92856e-09 2.0926e-07 3.22925e-11 8 1 0.5 8
6.52e+07 1.11769e-09 2.03482e-07 1.46038e-11 10 1 0.5 10
6.53e+07 1.60051e-09 2.10094e-07 3.0716e-11 7 1 0.5 7
6.54e+07 1.55361e-09 2.08011e-07 4.14972e-11 5 1 0.5 5
6.55e+07 1.54772e-09 2.01743e-07 2.87688e-11 7 1 0.5 7
6.56e+07 1.75772e-09 2.0569e-07 2.90227e-11 8 1 0.5 8
6.57e+07 1.35279e-09 2.15667e-07 2.64822e-11 7 1 0.5 7
6.58e+07 1.40166e-09 2.06219e-07 2.3167e-11 8 1 0.5 8
6.59e+07 1.94445e-09 2.05693e-07 4.29119e-11 6 1 0.5 6
6.6e+07 1.61724e-09 2.02511e-07 3.01569e-11 7 1 0.5 7
6.61e+07 1.16334e-09 1.99886e-07 1.4992e-11 10 1 0.5 10
6.62e+07 1.5795e-09 2.11444e-07 2.12908e-11 10 1 0.5 10
6.63e+07 1.37317e-09 2.02901e-07 1.99095e-11 9 1 0.5 9
6.64e+07 2.01542e-09 2.09483e-07 4.51336e-11 6 1 0.5 6
6.65e+07 1.23566e-09 2.0035e-07 1.59553e-11 10 1 0.5 10
6.66e+07 1.82905e-09 2.02659e-07 2.65244e-11 9 1 0.5 9
6.67e+07 1.95235e-09 2.03527e-07 3.1988e-11 8 1 0.5 8
6.68e+07 1.29009e-09 2.04832e-07 1.69502e-11 10 1 0.5 10
6.69e+07 1.64739e-09 1.98906e-07 3.02948e-11 7 1 0.5 7
6.7e+07 1.43043e-09 2.19829e-07 1.80643e-11 11 1 0.5 11
6.71e+07 1.68077e-09 2.00682e-07 1.97675e-11 11 1 0.5 11
6.72e+07 1.83425e-09 2.02074e-07 2.98752e-11 8 1 0.5 8
6.73e+07 1.76957e-09 2.06913e-07 4.71156e-11 5 1 0.5 5
6.74e+07 1.56993e-09 1.93613e-07 3.96554e-11 5 1 0.5 5
6.75e+07 1.44255e-09 2.12631e-07 3.26155e-11 6 1 0.5 6
6.76e+07 1.42068e-09 2.06785e-07 1.70955e-11 11 1 0.5 11
6.77e+07 1.44002e-09 2.02913e-07 2.68786e-11 7 1 0.5 7
6.78e+07 1.256e-09 2.08184e-07 1.85753e-11 9 1 0.5 9
6.79e+07 1.63978e-09 1.99608e-07 3.53086e-11 6 1 0.5 6
6.8e+07 1.49721e-09 2.09111e-07 6.72293e-11 3 1 0.5 3
6.81e+07 1.56838e-09 1.99074e-07 5.06934e-11 4 1 0.5 4
6.82e+07 1.46075e-09 2.08594e-07 1.76996e-11 11 1 0.5 11
6.83e+07 1.8004e-09 2.00376e-07 7.83605e-11 3 1 0.5 3
6.84e+07 1.57315e-09 2.12822e-07 4.27867e-11 5 1 0.5 5
6.85e+07 1.60183e-09 2.09102e-07 2.67808e-11 8 1 0.5 8
6.86e+07 1.69152e-09 2.04724e-07 1.70885e-11 13 1 0.5 13
6.87e+07 1.93657e-09 2.14535e-07 3.30708e-11 8 1 0.5 8
6.88e+07 1.86453e-09 2.00523e-07 3.45284e-11 7 1 0.5 7
6.89e+07 1.42606e-09 1.96891e-07 1.65167e-11 11 1 0.5 11
6.9e+07 1.19926e-09 2.09196e-07 4.02128e-11 4 1 0.5 4
6.91e+07 1.50309e-09 2.03996e-07 2.46407e-11 8 1 0.5 8
6.92e+07 1.02219e-09 2.10717e-07 9.79581e-12 14 1 0.5 14
6.93e+07 1.33258e-09 2.064e-07 1.7615e-11 10 1 0.5 10
6.94e+07 1.49795e-09 2.10166e-07 2.53978e-11 8 1 0.5 8
6.95e+07 1.45975e-09 2.0842e-07 2.78263e-11 7 1 0.5 7
6.96e+07 1.53648e-09 2.0699e-07 1.69607e-11 12 1 0.5 12
6.97e+07 1.53951e-09 2.11558e-07 3.46819e-11 6 1 0.5 6
6.98e+07 1.56052e-09 2.10142e-07 3.49725e-11 6 1 0.5 6
6.99e+07 1.65961e-09 2.05699e-07 2.18956e-11 10 1 0.5 10
7e+07 1.49906e-09 2.10622e-07 5.06216e-11 4 1 0.5 4
7.01e+07 1.64168e-09 2.07949e-07 3.12572e-11 7 1 0.5 7
7.02e+07 1.40348e-09 2.12631e-07 3.17274e-11 6 1 0.5 6
7.03e+07 1.60147e-09 2.04377e-07 5.28464e-11 4 1 0.5 4
7.04e+07 1.43102e-09 2.13514e-07 3.89955e-11 5 1 0.5 5
7.05e+07 1.46593e-09 2.03445e-07 3.20172e-11 6 1 0.5 6
7.06e+07 1.75149e-09 2.0849e-07 2.59655e-11 9 1 0.5 9
7.07e+07 1.8207e-09 2.00824e-07 2.35833e-11 10 1 0.5 10
7.08e+07 1.52297e-09 2.0965e-07 4.09251e-11 5 1 0.5 5
7.09e+07 1.30465e-09 2.0101e-07 1.87754e-11 9 1 0.5 9
7.1e+07 8.86236e-10 2.09472e-07 1.97609e-11 6 1 0.5 6
7.11e+07 1.55484e-09 2.10168e-07 2.08575e-11 10 1 0.5 10
7.12e+07 1.83334e-09 2.0353e-07 4.01094e-11 6 1 0.5 6
7.13e+07 1.64882e-09 2.09813e-07 3.1615e-11 7 1 0.5 7
7.14e+07 9.61133e-10 2.1578e-07 1.87985e-11 7 1 0.5 7
7.15e+07 1.82874e-09 2.0129e-07 3.96634e-11 6 1 0.5 6
7.16e+07 1.67217e-09 2.05494e-07 2.75829e-11 8 1 0.5 8
7.17e+07 1.26491e-09 2.26506e-07 3.00501e-11 6 1 0.5 6
7.18e+07 1.20891e-09 2.09675e-07 1.79773e-11 9 1 0.5 9
7.19e+07 1.43723e-09 2.1456e-07 1.7805e-11 11 1 0.5 11
7.2e+07 2.05707e-09 2.06477e-07 3.90003e-11 7 1 0.5 7
7.21e+07 1.63239e-09 2.09792e-07 2.18708e-11 10 1 0.5 10
7.22e+07 1.12133e-09 2.07097e-07 1.65101e-11 9 1 0.5 9
7.23e+07 1.4395e-09 2.07237e-07 3.83172e-11 5 1 0.5 5
7.24e+07 1.48296e-09 2.01346e-07 2.40623e-11 8 1 0.5 8
7.25e+07 1.09283e-09 2.21106e-07 1.38545e-11 11 1 0.5 11
7.26e+07 1.24687e-09 2.16956e-07 2.15815e-11 8 1 0.5 8
7.27e+07 1.69787e-09 2.20006e-07 4.7438e-11 5 1 0.5 5
7.28e+07 2.10813e-09 2.10207e-07 3.14834e-11 9 1 0.5 9
7.29e+07 1.38587e-09 1.98439e-07 1.47986e-11 12 1 0.5 12
7.3e+07 1.52217e-09 2.07264e-07 2.88955e-11 7 1 0.5 7
7.31e+07 1.13432e-09 2.11223e-07 1.90902e-11 8 1 0.5 8
7.32e+07 1.58535e-09 2.01559e-07 2.57523e-11 8 1 0.5 8
7.33e+07 1.2163e-09 2.10876e-07 2.04483e-11 8 1 0.5 8
7.34e+07 1.84258e-09 2.07653e-07 2.22645e-11 11 1 0.5 11
7.35e+07 1.73404e-09 1.96081e-07 2.75815e-11 8 1 0.5 8
7.36e+07 1.61713e-09 2.01813e-07 4.21945e-11 5 1 0.5 5
7.37e+07 1.8327e-09 2.05716e-07 2.41901e-11 10 1 0.5 10
7.38e+07 1.33851e-09 2.05208e-07 1.3539e-11 13 1 0.5 13
7.39e+07 1.3562e-09 1.94172e-07 1.31411e-11 13 1 0.5 13
7.4e+07 1.87578e-09 2.05011e-07 4.1278e-11 6 1 0.5 6
7.41e+07 1.6111e-09 2.08146e-07 2.38448e-11 9 1 0.5 9
7.42e+07 1.66034e-09 2.22917e-07 3.90061e-11 6 1 0.5 6
7.43e+07 8.97772e-10 2.11885e-07 1.73053e-11 7 1 0.5 7
7.44e+07 1.29277e-09 2.14905e-07 2.20655e-11 8 1 0.5 8
7.45e+07 1.37249e-09 2.09773e-07 2.62889e-11 7 1 0.5 7
7.46e+07 7.64404e-10 2.3141e-07 7.88763e-12 14 1 0.5 14
7.47e+07 1.23629e-09 2.03615e-07 2.02224e-11 8 1 0.5 8
7.48e+07 1.58881e-09 2.03923e-07 1.73363e-11 12 1 0.5 12
7.49e+07 7.85025e-10 2.22e-07 1.83184e-11 6 1 0.5 6
7.5e+07 1.40847e-09 1.97777e-07 3.61432e-11 5 1 0.5 5
7.51e+07 1.22038e-09 2.07031e-07 1.61664e-11 10 1 0.5 10
7.52e+07 1.24652e-09 2.03637e-07 1.48155e-11 11 1 0.5 11
7.53e+07 1.71835e-09 2.06799e-07 2.84895e-11 8 1 0.5 8
7.54e+07 1.74999e-09 2.05548e-07 2.88788e-11 8 1 0.5 8
7.55e+07 1.39011e-09 2.20118e-07 2.14912e-11 9 1 0.5 9
7.56e+07 1.74181e-09 2.08376e-07 3.88036e-11 6 1 0.5 6
7.57e+07 9.74451e-10 2.054e-07 1.42502e-11 9 1 0.5 9
7.58e+07 1.22126e-09 2.10779e-07 1.36665e-11 12 1 0.5 12
7.59e+07 1.99667e-09 2.01282e-07 5.99257e-11 10 1 0.5 10
7.6e+07 1.22095e-09 2.1978e-07 1.54092e-11 11 1 0.5 11
7.61e+07 1.45611e-09 1.9964e-07 2.68381e-11 7 1 0.5 7
7.62e+07 1.3283e-09 2.00445e-07 2.86623e-11 6 1 0.5 6
7.63e+07 1.44876e-09 2.1002e-07 2.42946e-11 8 1 0.5 8
7.64e+07 1.73928e-09 2.13488e-07 3.38191e-11 7 1 0.5 7
7.65e+07 1.90288e-09 2.14691e-07 2.36081e-11 11 1 0.5 11
7.66e+07 1.92114e-09 2.07006e-07 4.26062e-11 6 1 0.5 6
7.67e+07 1.56976e-09 2.11314e-07 2.64605e-11 8 1 0.5 8
7.68e+07 1.55293e-09 2.07083e-07 1.71488e-11 12 1 0.5 12
7.69e+07 1.35634e-09 1.95286e-07 1.90886e-11 9 1 0.5 9
7.7e+07 1.2507e-09 2.02473e-07 2.32914e-11 7 1 0.5 7
7.71e+07 1.31667e-09 2.06819e-07 1.93754e-11 9 1 0.5 9
7.72e+07 1.52364e-09 2.06397e-07 1.43774e-11 14 1 0.5 14
7.73e+07 1.28514e-09 2.10055e-07 1.91418e-11 9 1 0.5 9
7.74e+07 1.56034e-09 2.036e-07 4.09839e-11 5 1 0.5 5
7.75e+07 1.04497e-09 2.14664e-07 2.85455e-11 5 1 0.5 5
7.76e+07 1.87272e-09 2.05129e-07 3.08653e-11 8 1 0.5 8
7.77e+07 9.42457e-10 2.13679e-07 1.42156e-11 9 1 0.5 9
7.78e+07 1.30085e-09 2.06089e-07 2.86825e-11 6 1 0.5 6
7.79e+07 1.64533e-09 2.02054e-07 3.06292e-11 7 1 0.5 7
7.8e+07 1.51669e-09 2.06632e-07 2.00748e-11 10 1 0.5 10
7.81e+07 1.50767e-09 2.06896e-07 4.31981e-10 5 1 0.5 5
7.82e+07 1.94001e-09 1.97412e-07 4.14607e-11 6 1 0.5 6
7.83e+07 1.62371e-09 2.1497e-07 2.77473e-11 8 1 0.5 8
7.84e+07 1.81803e-09 2.09485e-07 4.06828e-11 6 1 0.5 6
7.85e+07 9.26034e-10 2.27615e-07 1.32138e-11 10 1 0.5 10
7.86e+07 1.3678e-09 2.14723e-07 2.07333e-11 9 1 0.5 9
7.87e+07 1.00406e-09 2.07244e-07 1.90269e-11 7 1 0.5 7
7.88e+07 1.68691e-09 2.08327e-07 2.49887e-11 9 1 0.5 9
7.89e+07 1.79491e-09 2.02087e-07 3.34339e-11 7 1 0.5 7
7.9e+07 1.53701e-09 2.11643e-07 3.46362e-11 6 1 0.5 6
7.91e+07 1.87663e-09 1.94352e-07 5.96357e-11 4 1 0.5 4
7.92e+07 1.2884e-09 2.02548e-07 1.67805e-11 10 1 0.5 10
7.93e+07 1.38232e-09 2.07652e-07 2.29705e-11 8 1 0.5 8
7.94e+07 1.58646e-09 2.11723e-07 3.57681e-11 6 1 0.5 6
7.95e+07 1.65705e-09 2.01354e-07 3.5926e-11 6 1 0.5 6
7.96e+07 1.57894e-09 2.04109e-07 1.88132e-11 11 1 0.5 11
7.97e+07 1.08846e-09 2.19366e-07 1.50876e-11 10 1 0.5 10
7.98e+07 1.68199e-09 2.06056e-07 1.85063e-11 12 1 0.5 12
7.99e+07 1.40208e-09 2.11138e-07 2.09744e-11 9 1 0.5 9
8e+07 1.31101e-09 2.07122e-07 1.93139e-11 9 1 0.5 9
8.01e+07 1.20053e-09 2.02815e-07 1.20297e-11 13 1 0.5 13
8.02e+07 9.88559e-10 2.06789e-07 1.45335e-11 9 1 0.5 9
8.03e+07 1.37397e-09 2.15448e-07 1.87878e-11 10 1 0.5 10
8.04e+07 1.81875e-09 2.16132e-07 2.78725e-11 9 1 0.5 9
8.05e+07 1.22014e-09 2.06434e-07 1.79243e-11 9 1 0.5 9
8.06e+07 1.22441e-09 2.10479e-07 1.64317e-11 10 1 0.5 10
8.07e+07 1.93722e-09 2.03451e-07 3.17294e-11 8 1 0.5 8
8.08e+07 1.62299e-09 2.0934e-07 3.62718e-11 6 1 0.5 6
8.09e+07 1.90194e-09 1.9896e-07 3.50112e-11 7 1 0.5 7
8.1e+07 1.6381e-09 2.16079e-07 4.51054e-11 5 1 0.5 5
8.11e+07 1.57176e-09 1.9677e-07 2.00276e-11 10 1 0.5 10
8.12e+07 1.43668e-09 2.11292e-07 2.4206e-11 8 1 0.5 8
8.13e+07 1.05831e-09 2.2291e-07 1.06042e-11 14 1 0.5 14
8.14e+07 1.72269e-09 2.02479e-07 2.80936e-11 8 1 0.5 8
8.15e+07 1.90026e-09 2.01262e-07 1.08271e-10 5 1 0.5 5
8.16e+07 1.42577e-09 2.03591e-07 2.6681e-11 7 1 0.5 7
8.17e+07 1.60553e-09 1.98051e-07 4.12799e-11 5 1 0.5 5
8.18e+07 2.2176e-09 1.98336e-07 5.72339e-11 5 1 0.5 5
8.19e+07 1.51324e-09 2.16466e-07 3.471e-11 6 1 0.5 6
8.2e+07 1.79054e-09 2.07833e-07 2.3822e-11 10 1 0.5 10
8.21e+07 1.73702e-09 2.11609e-07 2.34369e-11 10 1 0.5 10
8.22e+07 1.45858e-09 2.11053e-07 3.93895e-11 5 1 0.5 5
8.23e+07 1.59009e-09 2.23247e-07 3.73893e-11 6 1 0.5 6
8.24e+07 1.1154e-09 2.14144e-07 1.89751e-11 8 1 0.5 8
8.25e+07 1.21751e-09 2.15905e-07 1.51507e-11 11 1 0.5 11
8.26e+07 1.29166e-09 2.06406e-07 1.31237e-11 13 1 0.5 13
8.27e+07 1.95644e-09 2.04419e-07 2.85732e-11 9 1 0.5 9
8.28e+07 1.73394e-09 1.98849e-07 3.18879e-11 7 1 0.5 7
8.29e+07 1.87286e-09 2.10243e-07 2.51489e-11 10 1 0.5 10
8.3e+07 1.2443e-09 2.03408e-07 1.62581e-11 10 1 0.5 10
8.31e+07 1.04384e-09 2.07165e-07 1.72975e-11 8 1 0.5 8
8.32e+07 1.63235e-09 2.02759e-07 2.66424e-11 8 1 0.5 8
8.33e+07 1.72926e-09 2.16281e-07 2.97028e-11 8 1 0.5 8
8.34e+07 1.66208e-09 2.04293e-07 5.48474e-11 4 1 0.5 4
8.35e+07 1.8771e-09 2.11236e-07 3.16597e-11 8 1 0.5 8
8.36e+07 1.62807e-09 2.10141e-07 1.98489e-11 11 1 0.5 11
8.37e+07 1.59263e-09 2.10836e-07 3.57893e-11 6 1 0.5 6
8.38e+07 1.48844e-09 2.00706e-07 2.40918e-11 8 1 0.5 8
8.39e+07 1.51537e-09 2.01186e-07 3.94258e-11 5 1 0.5 5
8.4e+07 1.19078e-09 2.104e-07 1.59745e-11 10 1 0.5 10
8.41e+07 1.69851e-09 2.13527e-07 3.30269e-11 7 1 0.5 7
8.42e+07 1.34597e-09 2.03285e-07 2.19952e-11 8 1 0.5 8
8.43e+07 1.47784e-09 1.96132e-07 1.87797e-11 10 1 0.5 10
8.44e+07 1.42298e-09 2.10147e-07 3.18741e-11 6 1 0.5 6
8.45e+07 1.29969e-09 2.05505e-07 2.85931e-11 6 1 0.5 6
8.46e+07 1.30122e-09 2.05742e-07 2.14619e-11 8 1 0.5 8
8.47e+07 1.81458e-09 2.08393e-07 3.0275e-11 8 1 0.5 8
8.48e+07 1.53062e-09 2.09541e-07 2.93073e-11 7 1 0.5 7
8.49e+07 1.43159e-09 2.0435e-07 1.87807e-11 10 1 0.5 10
8.5e+07 1.54448e-09 2.11558e-07 2.08603e-11 10 1 0.5 10
8.51e+07 1.64206e-09 2.09948e-07 2.75439e-11 8 1 0.5 8
8.52e+07 1.86075e-09 2.11735e-07 5.04714e-11 5 1 0.5 5
8.53e+07 1.55473e-09 2.01713e-07 5.07669e-11 4 1 0.5 4
8.54e+07 1.41027e-09 2.05955e-07 2.66292e-11 7 1 0.5 7
8.55e+07 1.65638e-09 2.05419e-07 2.18295e-11 10 1 0.5 10
8.56e+07 2.31937e-09 2.00605e-07 4.30267e-11 7 1 0.5 7
8.57e+07 1.26127e-09 2.13162e-07 2.44565e-11 7 1 0.5 7
8.58e+07 1.36099e-09 1.98297e-07 2.18153e-11 8 1 0.5 8
8.59e+07 1.52658e-09 2.06542e-07 1.83568e-11 11 1 0.5 11
8.6e+07 1.34156e-09 2.14089e-07 2.61095e-11 7 1 0.5 7
8.61e+07 1.15333e-09 2.05357e-07 2.17102e-11 7 1 0.5 7
8.62e+07 1.66519e-09 2.02594e-07 3.6277e-11 6 1 0.5 6
8.63e+07 1.41654e-09 2.09034e-07 1.89156e-11 10 1 0.5 10
8.64e+07 1.49545e-09 2.1221e-07 2.89174e-11 7 1 0.5 7
8.65e+07 1.40922e-09 2.05473e-07 2.32264e-11 8 1 0.5 8
8.66e+07 1.87036e-09 2.14823e-07 4.27028e-11 6 1 0.5 6
8.67e+07 1.41889e-09 2.04024e-07 2.32573e-11 8 1 0.5 8
8.68e+07 1.14083e-09 2.11165e-07 1.45345e-10 11 1 0.5 11
8.69e+07 1.54043e-09 2.07812e-07 2.93045e-11 7 1 0.5 7
8.7e+07 1.63637e-09 2.11694e-07 3.15963e-11 7 1 0.5 7
8.71e+07 1.62664e-09 2.10825e-07 2.1878e-11 10 1 0.5 10
8.72e+07 1.24343e-09 2.07403e-07 2.0635e-11 8 1 0.5 8
8.73e+07 1.72239e-09 2.05025e-07 2.26687e-11 10 1 0.5 10
8.74e+07 8.96612e-10 2.1511e-07 1.74898e-11 7 1 0.5 7
8.75e+07 1.30242e-09 2.07269e-07 1.43858e-11 12 1 0.5 12
8.76e+07 1.46599e-09 2.00143e-07 3.16122e-11 6 1 0.5 6
8.77e+07 1.49827e-09 2.05854e-07 1.51964e-11 13 1 0.5 13
8.78e+07 1.9087e-09 2.1247e-07 2.15223e-11 12 1 0.5 12
8.79e+07 1.3519e-09 2.04715e-07 1.97369e-11 9 1 0.5 9
8.8e+07 1.44012e-09 1.96389e-07 3.0598e-11 6 1 0.5 6
8.81e+07 1.89014e-09 2.15664e-07 1.61588e-11 16 1 0.5 16
8.82e+07 1.72224e-09 2.15593e-07 2.35815e-11 10 1 0.5 10
8.83e+07 1.27837e-09 2.05196e-07 4.22404e-11 4 1 0.5 4
8.84e+07 2.17595e-09 2.06381e-07 3.20354e-11 9 1 0.5 9
8.85e+07 1.35962e-09 2.09265e-07 3.03468e-11 6 1 0.5 6
8.86e+07 1.31159e-09 2.04671e-07 2.15454e-11 8 1 0.5 8
8.87e+07 1.71723e-09 2.10978e-07 4.64165e-11 5 1 0.5 5
8.88e+07 1.22921e-09 2.1317e-07 9.68727e-11 11 1 0.5 11
8.89e+07 1.48665e-09 2.15918e-07 2.54837e-11 8 1 0.5 8
8.9e+07 1.4941e-09 2.20445e-07 1.73322e-11 12 1 0.5 12
8.91e+07 1.1313e-09 2.10104e-07 1.89599e-11 8 1 0.5 8
8.92e+07 1.45393e-09 2.07978e-07 2.41953e-11 8 1 0.5 8
8.93e+07 1.10884e-09 2.14081e-07 1.5077e-11 10 1 0.5 10
8.94e+07 1.65858e-09 2.12279e-07 8.02596e-11 9 1 0.5 9
8.95e+07 1.48119e-09 2.09811e-07 2.8385e-11 7 1 0.5 7
8.96e+07 2.00184e-09 2.03189e-07 3.74718e-11 7 1 0.5 7
8.97e+07 1.25624e-09 2.12871e-07 1.70108e-11 10 1 0.5 10
8.98e+07 1.77921e-09 2.03717e-07 2.91584e-11 8 1 0.5 8
8.99e+07 1.29143e-09 2.135e-07 1.59314e-11 11 1 0.5 11
9e+07 1.55606e-09 2.06859e-07 3.44431e-11 6 1 0.5 6
9.01e+07 1.21449e-09 2.13619e-07 2.75356e-11 6 1 0.5 6
9.02e+07 1.59718e-09 2.02791e-07 1.48668e-11 14 1 0.5 14
9.03e+07 1.90403e-09 1.97924e-07 8.21408e-11 3 1 0.5 3
9.04e+07 1.46306e-09 2.12566e-07 1.97984e-11 10 1 0.5 10
9.05e+07 1.60216e-09 2.11458e-07 3.09051e-11 7 1 0.5 7
9.06e+07 1.4391e-09 2.00568e-07 3.73391e-11 5 1 0.5 5
9.07e+07 1.50795e-09 2.0779e-07 3.34898e-11 6 1 0.5 6
9.08e+07 1.81686e-09 2.01034e-07 2.35525e-11 10 1 0.5 10
9.09e+07 1.57144e-09 2.04957e-07 3.45344e-11 6 1 0.5 6
9.1e+07 1.64406e-09 2.13264e-07 3.72876e-11 6 1 0.5 6
9.11e+07 1.33836e-09 2.116e-07 1.80409e-11 10 1 0.5 10
9.12e+07 1.32419e-09 2.08252e-07 3.53647e-11 5 1 0.5 5
9.13e+07 1.25091e-09 2.06032e-07 1.83498e-11 9 1 0.5 9
9.14e+07 1.59225e-09 2.01085e-07 3.44766e-11 6 1 0.5 6
9.15e+07 1.11319e-09 2.0561e-07 2.0972e-11 7 1 0.5 7
9.16e+07 1.36719e-09 2.12566e-07 2.6461e-11 7 1 0.5 7
9.17e+07 1.4223e-09 1.95469e-07 2.00346e-11 9 1 0.5 9
9.18e+07 1.4958e-09 2.00522e-07 1.61058e-11 12 1 0.5 12
9.19e+07 1.23763e-09 2.08871e-07 6.44388e-10 6 1 0.5 6
9.2e+07 1.64874e-09 2.03908e-07 2.70302e-11 8 1 0.5 8
9.21e+07 1.31085e-09 2.10797e-07 2.20372e-11 8 1 0.5 8
9.22e+07 1.52916e-09 2.01348e-07 3.31367e-11 6 1 0.5 6
9.23e+07 1.36787e-09 2.12518e-07 1.54108e-11 12 1 0.5 12
9.24e+07 1.37513e-09 2.0428e-07 3.01202e-11 6 1 0.5 6
9.25e+07 1.79385e-09 2.10058e-07 1.717e-11 14 1 0.5 14
9.26e+07 1.85252e-09 2.16347e-07 2.82843e-11 9 1 0.5 9
9.27e+07 1.27313e-09 2.0355e-07 2.08219e-11 8 1 0.5 8
9.28e+07 1.24621e-09 2.11673e-07 5.60599e-10 8 1 0.5 8
9.29e+07 2.00219e-09 2.00393e-07 5.20429e-11 5 1 0.5 5
9.3e+07 1.49429e-09 2.02036e-07 1.76602e-11 11 1 0.5 11
9.31e+07 1.86931e-09 2.02474e-07 4.89539e-11 5 1 0.5 5
9.32e+07 1.44902e-09 2.04956e-07 2.38381e-11 8 1 0.5 8
9.33e+07 1.51145e-09 2.07382e-07 2.87038e-11 7 1 0.5 7
9.34e+07 1.25346e-09 2.05936e-07 2.06868e-11 8 1 0.5 8
9.35e+07 1.68159e-09 2.07781e-07 2.48582e-11 9 1 0.5 9
9.36e+07 1.72635e-09 2.09469e-07 5.44597e-11 10 1 0.5 10
9.37e+07 1.5278e-09 2.01231e-07 2.20175e-11 9 1 0.5 9
9.38e+07 1.47315e-09 2.03576e-07 3.86752e-11 5 1 0.5 5
9.39e+07 1.36994e-09 2.18777e-07 2.10757e-11 9 1 0.5 9
9.4e+07 1.61819e-09 2.01086e-07 2.624e-11 8 1 0.5 8
9.41e+07 1.84048e-09 2.08812e-07 4.93727e-11 5 1 0.5 5
9.42e+07 1.33811e-09 2.02323e-07 2.17855e-11 8 1 0.5 8
9.43e+07 1.49911e-09 2.13724e-07 2.91515e-11 7 1 0.5 7
9.44e+07 1.72035e-09 2.0183e-07 3.20057e-11 7 1 0.5 7
9.45e+07 1.20286e-09 2.09675e-07 1.7887e-11 9 1 0.5 9
9.46e+07 1.51034e-09 2.09553e-07 1.68332e-11 12 1 0.5 12
9.47e+07 1.31054e-09 2.09363e-07 1.45905e-11 12 1 0.5 12
9.48e+07 1.55322e-09 2.05547e-07 3.42087e-11 6 1 0.5 6
9.49e+07 1.712e-09 2.05014e-07 3.76514e-11 6 1 0.5 6
9.5e+07 1.40003e-09 2.12049e-07 1.89064e-11 10 1 0.5 10
9.51e+07 1.87196e-09 2.21123e-07 5.25568e-11 5 1 0.5 5
9.52e+07 1.56253e-09 2.02547e-07 4.08757e-11 5 1 0.5 5
9.53e+07 1.13612e-09 2.0679e-07 1.88048e-11 8 1 0.5 8
9.54e+07 1.42825e-09 2.0353e-07 1.55562e-11 12 1 0.5 12
9.55e+07 1.91751e-09 2.01245e-07 2.76615e-11 9 1 0.5 9
9.56e+07 1.48787e-09 2.04444e-07 2.46606e-11 8 1 0.5 8
9.57e+07 1.75904e-09 2.13963e-07 2.6616e-11 9 1 0.5 9
9.58e+07 1.78721e-09 2.14956e-07 6.14335e-11 4 1 0.5 4
9.59e+07 1.38165e-09 2.0857e-07 2.63456e-11 7 1 0.5 7
9.6e+07 1.42723e-09 2.04505e-07 2.08237e-11 9 1 0.5 9
9.61e+07 9.96069e-10 2.11215e-07 3.84069e-11 11 1 0.5 11
9.62e+07 1.61362e-09 2.01334e-07 3.4976e-11 6 1 0.5 6
9.63e+07 1.38191e-09 2.06693e-07 3.0549e-11 6 1 0.5 6
9.64e+07 2.1005e-09 2.04589e-07 4.62981e-11 6 1 0.5 6
9.65e+07 1.71329e-09 2.10524e-07 4.71221e-11 6 1 0.5 6
9.66e+07 1.87523e-09 2.06541e-07 3.55406e-11 7 1 0.5 7
9.67e+07 1.80419e-09 2.1265e-07 3.05843e-11 8 1 0.5 8
9.68e+07 9.31209e-10 2.06676e-07 1.36825e-11 9 1 0.5 9
9.69e+07 1.1673e-09 2.02187e-07 1.68695e-11 9 1 0.5 9
9.7e+07 1.67809e-09 2.07763e-07 2.23144e-11 10 1 0.5 10
9.71e+07 1.89379e-09 2.13792e-07 2.57692e-11 10 1 0.5 10
9.72e+07 1.43226e-09 2.03134e-07 3.7531e-11 5 1 0.5 5
9.73e+07 1.4508e-09 2.05293e-07 3.19098e-11 6 1 0.5 6
9.74e+07 2.03766e-09 2.14912e-07 2.53081e-11 11 1 0.5 11
9.75e+07 1.88049e-09 2.0781e-07 2.78155e-11 9 1 0.5 9
9.76e+07 1.21774e-09 2.0334e-07 2.27511e-11 7 1 0.5 7
9.77e+07 1.66058e-09 2.0763e-07 2.20696e-11 10 1 0.5 10
9.78e+07 9.60964e-10 2.01576e-07 1.78177e-11 7 1 0.5 7
9.79e+07 1.32647e-09 2.08296e-07 2.5263e-11 7 1 0.5 7
9.8e+07 1.25266e-09 2.12014e-07 2.82366e-11 6 1 0.5 6
9.81e+07 1.2782e-09 2.06219e-07 3.38678e-11 5 1 0.5 5
9.82e+07 1.92133e-09 1.96897e-07 4.09753e-11 6 1 0.5 6
9.83e+07 2.26174e-09 1.99976e-07 3.65822e-11 8 1 0.5 8
9.84e+07 1.45683e-09 2.21213e-07 2.54549e-11 8 1 0.5 8
9.85e+07 1.78657e-09 2.03237e-07 2.92256e-11 8 1 0.5 8
9.86e+07 2.00331e-09 2.03245e-07 3.2792e-11 8 1 0.5 8
9.87e+07 1.63553e-09 2.0269e-07 3.56402e-11 6 1 0.5 6
9.88e+07 1.67321e-09 2.10895e-07 3.76199e-11 6 1 0.5 6
9.89e+07 1.37223e-09 2.10039e-07 1.67267e-11 11 1 0.5 11
9.9e+07 1.76117e-09 2.09709e-07 3.94353e-11 6 1 0.5 6
9.91e+07 1.20556e-09 2.16459e-07 2.06894e-11 8 1 0.5 8
9.92e+07 1.29291e-09 2.08788e-07 2.46668e-11 7 1 0.5 7
9.93e+07 1.23181e-09 2.1067e-07 2.06941e-11 8 1 0.5 8
9.94e+07 1.4341e-09 1.94897e-07 3.63889e-11 5 1 0.5 5
9.95e+07 1.23344e-09 2.02723e-07 2.68415e-11 6 1 0.5 6
9.96e+07 1.66226e-09 2.13155e-07 4.67061e-10 5 1 0.5 5
9.97e+07 1.31443e-09 1.99839e-07 1.88306e-11 9 1 0.5 9
9.98e+07 1.16759e-09 2.02689e-07 3.05072e-11 5 1 0.5 5
9.99e+07 1.1136e-09 2.08782e-07 2.1233e-11 7 1 0.5 7
1e+08 1.95302e-09 2.02334e-07 2.82953e-11 9 1 0.5 9
