0 1.50659e-09 2.07143e-07 1.91083e-11 11 1 0.5 11
100000 1.33746e-09 2.02903e-07 2.91365e-11 6 1 0.5 6
200000 1.53701e-09 2.08555e-07 2.27792e-11 9 1 0.5 9
300000 1.67187e-09 1.95682e-07 3.03596e-11 7 1 0.5 7
400000 1.44526e-09 2.08058e-07 1.20031e-11 16 1 0.5 16
500000 1.12924e-09 2.06417e-07 1.65841e-11 9 1 0.5 9
600000 1.86517e-09 2.09946e-07 2.78107e-11 9 1 0.5 9
700000 1.99136e-09 2.0661e-07 3.30175e-11 8 1 0.5 8
800000 1.54172e-09 2.09872e-07 2.0658e-11 10 1 0.5 10
900000 1.68001e-09 1.95247e-07 4.27332e-11 5 1 0.5 5
1e+06 2.01239e-09 2.0896e-07 5.68905e-11 5 1 0.5 5
1.1e+06 1.70357e-09 2.0827e-07 2.84008e-11 8 1 0.5 8
1.2e+06 1.39605e-09 2.00219e-07 3.70705e-11 5 1 0.5 5
1.3e+06 1.7087e-09 2.20048e-07 2.97529e-11 8 1 0.5 8
1.4e+06 1.26521e-09 2.13492e-07 1.71721e-11 10 1 0.5 10
1.5e+06 1.59317e-09 1.98618e-07 1.70305e-11 12 1 0.5 12
1.6e+06 1.61135e-09 1.99404e-07 2.96864e-11 7 1 0.5 7
1.7e+06 1.54414e-09 2.1479e-07 3.01499e-11 7 1 0.5 7
1.8e+06 1.26343e-09 2.16925e-07 1.23932e-11 14 1 0.5 14
1.9e+06 1.71637e-09 2.12795e-07 3.88709e-11 6 1 0.5 6
2e+06 1.30529e-09 2.06405e-07 1.91772e-11 9 1 0.5 9
2.1e+06 1.74174e-09 2.04507e-07 2.54326e-11 9 1 0.5 9
2.2e+06 1.90077e-09 2.12495e-07 3.68429e-11 7 1 0.5 7
2.3e+06 1.6832e-09 2.08666e-07 4.50963e-11 5 1 0.5 5
2.4e+06 1.78519e-09 2.03297e-07 3.9014e-11 6 1 0.5 6
2.5e+06 1.07779e-09 2.11948e-07 1.11768e-11 13 1 0.5 13
2.6e+06 1.49413e-09 2.10594e-07 4.0287e-11 5 1 0.5 5
2.7e+06 1.43783e-09 2.11076e-07 4.86191e-11 4 1 0.5 4
2.8e+06 1.16699e-09 2.08705e-07 1.41376e-11 11 1 0.5 11
2.9e+06 1.61021e-09 2.08299e-07 3.06954e-11 7 1 0.5 7
3e+06 1.56347e-09 2.06445e-07 3.45537e-11 6 1 0.5 6
3.1e+06 1.44774e-09 2.0141e-07 2.68671e-11 7 1 0.5 7
3.2e+06 1.35123e-09 2.03221e-07 1.96145e-11 9 1 0.5 9
3.3e+06 1.50945e-09 2.03042e-07 1.79091e-11 11 1 0.5 11
3.4e+06 1.93712e-09 2.09286e-07 2.88171e-11 9 1 0.5 9
3.5e+06 1.19027e-09 2.00435e-07 3.08332e-11 5 1 0.5 5
3.6e+06 1.26674e-09 2.03904e-07 1.65837e-11 10 1 0.5 10
3.7e+06 1.64279e-09 2.03751e-07 2.69492e-11 8 1 0.5 8
3.8e+06 1.24139e-09 2.01682e-07 2.3047e-11 7 1 0.5 7
3.9e+06 1.51717e-09 1.98827e-07 2.43797e-11 8 1 0.5 8
4e+06 1.36694e-09 2.01918e-07 2.54112e-11 7 1 0.5 7
4.1e+06 1.64184e-09 1.95232e-07 5.22911e-11 4 1 0.5 4
4.2e+06 1.60525e-09 2.178e-07 2.80092e-11 8 1 0.5 8
4.3e+06 2.03816e-09 2.04952e-07 2.98335e-11 9 1 0.5 9
4.4e+06 1.50117e-09 2.07159e-07 1.99083e-11 10 1 0.5 10
4.5e+06 1.27079e-09 2.05918e-07 1.67652e-11 10 1 0.5 10
4.6e+06 1.33308e-09 2.07306e-07 1.76822e-11 10 1 0.5 10
4.7e+06 1.53934e-09 2.05567e-07 1.84423e-11 11 1 0.5 11
4.8e+06 1.48132e-09 2.11222e-07 2.85376e-11 7 1 0.5 7
4.9e+06 1.16355e-09 2.05269e-07 2.18958e-11 7 1 0.5 7
5e+06 1.86598e-09 2.07863e-07 2.48328e-11 10 1 0.5 10
5.1e+06 9.37089e-10 2.08494e-07 1.56019e-11 8 1 0.5 8
5.2e+06 1.26385e-09 2.1644e-07 1.73404e-11 10 1 0.5 10
5.3e+06 1.33196e-09 2.08177e-07 2.96049e-11 6 1 0.5 6
5.4e+06 1.63516e-09 2.03754e-07 3.0639e-11 7 1 0.5 7
5.5e+06 1.66264e-09 1.98013e-07 4.27526e-11 5 1 0.5 5
5.6e+06 1.40242e-09 2.00476e-07 3.63683e-11 5 1 0.5 5
5.7e+06 1.17442e-09 2.14524e-07 9.47128e-11 12 1 0.5 12
5.8e+06 1.7168e-09 2.04659e-07 3.22887e-11 7 1 0.5 7
5.9e+06 1.3944e-09 1.995e-07 1.99538e-11 9 1 0.5 9
6e+06 1.72538e-09 2.04257e-07 3.24012e-11 7 1 0.5 7
6.1e+06 1.41266e-09 1.89022e-07 1.74448e-11 10 1 0.5 10
6.2e+06 2.36884e-09 2.08511e-07 6.36281e-11 5 1 0.5 5
6.3e+06 1.16729e-09 2.06081e-07 3.08976e-11 5 1 0.5 5
6.4e+06 1.43264e-09 2.04318e-07 2.08881e-11 9 1 0.5 9
6.5e+06 1.70763e-09 2.0488e-07 3.21426e-11 7 1 0.5 7
6.6e+06 1.35574e-09 2.18274e-07 3.12838e-11 6 1 0.5 6
6.7e+06 1.47293e-09 2.10106e-07 2.47096e-11 8 1 0.5 8
6.8e+06 1.05198e-09 2.06536e-07 1.39043e-11 10 1 0.5 10
6.9e+06 1.8544e-09 2.152e-07 2.30474e-11 11 1 0.5 11
7e+06 1.80005e-09 2.14287e-07 2.7272e-11 9 1 0.5 9
7.1e+06 1.67828e-09 2.07213e-07 3.18688e-11 7 1 0.5 7
7.2e+06 1.55651e-09 2.06661e-07 1.71611e-11 12 1 0.5 12
7.3e+06 2.33099e-09 2.07479e-07 3.44828e-11 9 1 0.5 9
7.4e+06 1.41044e-09 2.13404e-07 2.12783e-11 9 1 0.5 9
7.5e+06 1.86149e-09 2.07093e-07 2.74585e-11 9 1 0.5 9
7.6e+06 1.70408e-09 1.93592e-07 2.14477e-11 10 1 0.5 10
7.7e+06 1.39699e-09 2.01507e-07 2.26762e-11 8 1 0.5 8
7.8e+06 1.14976e-09 2.17041e-07 1.43651e-11 11 1 0.5 11
7.9e+06 1.41315e-09 2.0545e-07 2.66325e-11 7 1 0.5 7
8e+06 1.23516e-09 2.09127e-07 2.0631e-11 8 1 0.5 8
8.1e+06 1.06231e-09 2.18526e-07 1.22277e-11 12 1 0.5 12
8.2e+06 1.43045e-09 2.01896e-07 2.65948e-11 7 1 0.5 7
8.3e+06 1.10658e-09 2.21987e-07 1.93687e-11 8 1 0.5 8
8.4e+06 1.02631e-09 2.0523e-07 1.12429e-11 12 1 0.5 12
8.5e+06 1.47916e-09 2.05353e-07 1.77047e-11 11 1 0.5 11
8.6e+06 1.59628e-09 2.07181e-07 4.25115e-11 5 1 0.5 5
8.7e+06 1.26804e-09 2.04222e-07 1.38438e-11 12 1 0.5 12
8.8e+06 1.27804e-09 2.06752e-07 3.39322e-11 5 1 0.5 5
8.9e+06 1.51585e-09 2.0055e-07 2.45225e-11 8 1 0.5 8
9e+06 1.18625e-09 2.21181e-07 1.37891e-11 12 1 0.5 12
9.1e+06 1.79136e-09 2.10508e-07 4.02363e-11 6 1 0.5 6
9.2e+06 1.34661e-09 1.98875e-07 2.47374e-11 7 1 0.5 7
9.3e+06 1.30394e-09 2.02029e-07 2.83073e-11 6 1 0.5 6
9.4e+06 1.3267e-09 2.01348e-07 2.15178e-11 8 1 0.5 8
9.5e+06 1.69707e-09 1.99588e-07 3.65472e-11 6 1 0.5 6
9.6e+06 1.2349e-09 2.14981e-07 1.20268e-11 14 1 0.5 14
9.7e+06 1.44483e-09 1.9851e-07 3.09556e-11 6 1 0.5 6
9.8e+06 1.69297e-09 1.96313e-07 2.695e-11 8 1 0.5 8
9.9e+06 1.54565e-09 2.05579e-07 3.40451e-11 6 1 0.5 6
1e+07 1.32055e-09 2.11716e-07 2.54751e-11 7 1 0.5 7
1.01e+07 1.32022e-09 2.07114e-07 2.92251e-11 6 1 0.5 6
1.02e+07 1.09643e-09 2.08474e-07 1.04206e-11 14 1 0.5 14
1.03e+07 1.87099e-09 2.05703e-07 4.96097e-11 5 1 0.5 5
1.04e+07 1.45002e-09 2.04868e-07 3.18408e-11 6 1 0.5 6
1.05e+07 1.53218e-09 1.96033e-07 2.43528e-11 8 1 0.5 8
1.06e+07 1.81019e-09 2.05752e-07 3.9938e-11 6 1 0.5 6
1.07e+07 1.59848e-09 2.17944e-07 2.76132e-11 8 1 0.5 8
1.08e+07 1.23815e-09 2.20209e-07 1.91405e-11 9 1 0.5 9
1.09e+07 1.34924e-09 1.99358e-07 1.08366e-11 16 1 0.5 16
1.1e+07 1.57112e-09 2.09305e-07 3.00601e-11 7 1 0.5 7
1.11e+07 1.22046e-09 2.02211e-07 1.32206e-11 12 1 0.5 12
1.12e+07 1.30701e-09 2.07123e-07 1.73235e-11 10 1 0.5 10
1.13e+07 1.35244e-09 2.08671e-07 1.63884e-11 11 1 0.5 11
1.14e+07 1.97529e-09 2.04784e-07 5.22159e-11 5 1 0.5 5
1.15e+07 1.93177e-09 2.08854e-07 2.58084e-11 10 1 0.5 10
1.16e+07 1.23706e-09 2.07534e-07 2.05392e-11 8 1 0.5 8
1.17e+07 1.32545e-09 2.01259e-07 1.71786e-11 10 1 0.5 10
1.18e+07 1.38491e-09 2.03623e-07 1.81159e-11 10 1 0.5 10
1.19e+07 1.10552e-09 2.14929e-07 2.15654e-11 7 1 0.5 7
1.2e+07 1.1881e-09 1.93681e-07 1.86912e-11 8 1 0.5 8
1.21e+07 1.63284e-09 1.98894e-07 3.00245e-11 7 1 0.5 7
1.22e+07 1.33316e-09 2.04413e-07 2.92112e-11 6 1 0.5 6
1.23e+07 1.35914e-09 2.02593e-07 3.55292e-11 5 1 0.5 5
1.24e+07 1.62374e-09 2.00373e-07 3.00291e-11 7 1 0.5 7
1.25e+07 9.17164e-10 2.11597e-07 1.37269e-11 9 1 0.5 9
1.26e+07 1.21494e-09 1.96074e-07 1.92972e-11 8 1 0.5 8
1.27e+07 2.07724e-09 2.00657e-07 5.4067e-11 5 1 0.5 5
1.28e+07 1.34682e-09 2.05373e-07 2.53697e-11 7 1 0.5 7
1.29e+07 1.46688e-09 2.06386e-07 3.89248e-11 5 1 0.5 5
1.3e+07 1.2211e-09 2.14282e-07 2.07902e-11 8 1 0.5 8
1.31e+07 1.38298e-09 2.19293e-07 2.39926e-11 8 1 0.5 8
1.32e+07 1.59252e-09 2.06508e-07 4.23023e-11 5 1 0.5 5
1.33e+07 1.31822e-09 2.05052e-07 4.35429e-11 4 1 0.5 4
1.34e+07 1.61489e-09 2.01761e-07 3.50615e-11 6 1 0.5 6
1.35e+07 1.74756e-09 2.06991e-07 2.89972e-11 8 1 0.5 8
1.36e+07 1.35871e-09 2.07614e-07 2.00564e-11 9 1 0.5 9
1.37e+07 1.37786e-09 2.06834e-07 1.65819e-11 11 1 0.5 11
1.38e+07 1.96701e-09 2.08738e-07 1.63903e-11 16 1 0.5 16
1.39e+07 1.49126e-09 2.0245e-07 2.43012e-11 8 1 0.5 8
1.4e+07 1.48398e-09 2.05932e-07 2.1773e-11 9 1 0.5 9
1.41e+07 1.46913e-09 2.08289e-07 3.92669e-11 5 1 0.5 5
1.42e+07 1.48742e-09 2.05246e-07 2.80171e-11 7 1 0.5 7
1.43e+07 1.09043e-09 2.07688e-07 2.41698e-11 6 1 0.5 6
1.44e+07 1.53651e-09 2.06875e-07 4.08611e-11 5 1 0.5 5
1.45e+07 1.73795e-09 2.0686e-07 2.88225e-11 8 1 0.5 8
1.46e+07 1.39195e-09 2.0823e-07 2.31817e-11 8 1 0.5 8
1.47e+07 1.9533e-09 1.99715e-07 2.51992e-11 10 1 0.5 10
1.48e+07 1.42634e-09 1.94673e-07 1.50073e-11 12 1 0.5 12
1.49e+07 1.86537e-09 2.06653e-07 3.53677e-11 7 1 0.5 7
1.5e+07 1.69058e-09 2.17925e-07 2.59499e-11 9 1 0.5 9
1.51e+07 1.16009e-09 2.11412e-07 2.23415e-11 7 1 0.5 7
1.52e+07 2.09946e-09 2.05845e-07 6.69703e-11 6 1 0.5 6
1.53e+07 1.53361e-09 1.98568e-07 1.96783e-11 10 1 0.5 10
1.54e+07 1.27134e-09 2.10136e-07 2.84599e-11 6 1 0.5 6
1.55e+07 1.82337e-09 1.98613e-07 2.93e-11 8 1 0.5 8
1.56e+07 1.11642e-09 2.0271e-07 1.32186e-11 11 1 0.5 11
1.57e+07 1.80989e-09 2.11208e-07 2.43876e-11 10 1 0.5 10
1.58e+07 1.38257e-09 2.11385e-07 2.07006e-11 9 1 0.5 9
1.59e+07 1.71473e-09 2.17983e-07 2.36844e-11 10 1 0.5 10
1.6e+07 1.53187e-09 2.05564e-07 2.24469e-11 9 1 0.5 9
1.61e+07 1.57415e-09 2.04661e-07 4.15177e-11 5 1 0.5 5
1.62e+07 1.3861e-09 2.0017e-07 2.9884e-11 6 1 0.5 6
1.63e+07 1.53307e-09 2.06075e-07 3.38304e-11 6 1 0.5 6
1.64e+07 1.13558e-09 2.13965e-07 3.09538e-11 5 1 0.5 5
1.65e+07 1.40063e-09 2.02571e-07 2.61058e-11 7 1 0.5 7
1.66e+07 1.35078e-09 2.17259e-07 3.10539e-11 6 1 0.5 6
1.67e+07 1.29973e-09 2.05444e-07 2.14132e-11 8 1 0.5 8
1.68e+07 1.23379e-09 2.07505e-07 1.48814e-11 11 1 0.5 11
1.69e+07 1.27285e-09 2.08244e-07 1.41103e-11 12 1 0.5 12
1.7e+07 1.48332e-09 2.01579e-07 3.87111e-11 5 1 0.5 5
1.71e+07 1.74657e-09 2.12617e-07 2.62952e-11 9 1 0.5 9
1.72e+07 1.70686e-09 2.0368e-07 2.23482e-11 10 1 0.5 10
1.73e+07 1.52818e-09 2.10558e-07 1.36693e-11 15 1 0.5 15
1.74e+07 1.73751e-09 2.14545e-07 1.97365e-11 12 1 0.5 12
1.75e+07 1.54449e-09 2.0391e-07 2.8949e-11 7 1 0.5 7
1.76e+07 1.50921e-09 2.11621e-07 3.40034e-11 6 1 0.5 6
1.77e+07 1.85235e-09 2.01952e-07 3.01573e-11 8 1 0.5 8
1.78e+07 1.64719e-09 1.99468e-07 1.928e-11 11 1 0.5 11
1.79e+07 1.36095e-09 2.07307e-07 3.42736e-11 6 1 0.5 6
1.8e+07 1.37137e-09 2.08264e-07 2.61186e-11 7 1 0.5 7
1.81e+07 1.42686e-09 2.05205e-07 3.137e-11 6 1 0.5 6
1.82e+07 1.1984e-09 2.05473e-07 1.57809e-11 10 1 0.5 10
1.83e+07 1.92192e-09 2.16676e-07 6.65356e-11 4 1 0.5 4
1.84e+07 1.11284e-09 2.09533e-07 1.86096e-11 8 1 0.5 8
1.85e+07 1.43095e-09 2.10209e-07 3.20609e-11 6 1 0.5 6
1.86e+07 1.1096e-09 2.09737e-07 1.48458e-11 10 1 0.5 10
1.87e+07 1.54352e-09 2.08409e-07 1.71303e-11 12 1 0.5 12
1.88e+07 1.7183e-09 2.1701e-07 1.8175e-11 13 1 0.5 13
1.89e+07 1.78744e-09 2.05148e-07 2.61669e-11 9 1 0.5 9
1.9e+07 1.79152e-09 2.11945e-07 2.0157e-11 12 1 0.5 12
1.91e+07 1.71804e-09 2.03424e-07 2.49811e-11 9 1 0.5 9
1.92e+07 2.23164e-09 2.08254e-07 1.00446e-10 3 1 0.5 3
1.93e+07 1.42599e-09 1.97246e-07 2.02281e-11 9 1 0.5 9
1.94e+07 1.72097e-09 2.16225e-07 2.36188e-11 10 1 0.5 10
1.95e+07 9.66842e-10 2.1316e-07 1.30973e-11 10 1 0.5 10
1.96e+07 2.00463e-09 2.04581e-07 5.29574e-11 5 1 0.5 5
1.97e+07 1.44394e-09 2.06028e-07 3.14719e-10 5 1 0.5 5
1.98e+07 1.01405e-09 2.13524e-07 1.96732e-11 7 1 0.5 7
1.99e+07 1.06474e-09 2.16293e-07 1.622e-11 9 1 0.5 9
2e+07 1.40192e-09 2.06107e-07 1.54198e-11 12 1 0.5 12
2.01e+07 1.8163e-09 2.00531e-07 3.36311e-11 7 1 0.5 7
2.02e+07 1.42177e-09 2.0776e-07 1.45233e-11 13 1 0.5 13
2.03e+07 1.43423e-09 2.20866e-07 2.22358e-11 9 1 0.5 9
2.04e+07 1.9046e-09 2.04997e-07 4.19145e-11 6 1 0.5 6
2.05e+07 1.36831e-09 2.10903e-07 1.8398e-11 10 1 0.5 10
2.06e+07 1.38341e-09 2.05776e-07 1.82456e-11 10 1 0.5 10
2.07e+07 1.44457e-09 2.06024e-07 1.36102e-11 14 1 0.5 14
2.08e+07 1.71666e-09 2.01693e-07 3.19198e-11 7 1 0.5 7
2.09e+07 1.4538e-09 2.09156e-07 1.94238e-11 10 1 0.5 10
2.1e+07 1.52972e-09 2.17947e-07 2.11171e-11 10 1 0.5 10
2.11e+07 1.30608e-09 2.08348e-07 1.93304e-11 9 1 0.5 9
2.12e+07 1.52192e-09 2.1057e-07 2.55799e-11 8 1 0.5 8
2.13e+07 1.94481e-09 2.07064e-07 4.31444e-11 6 1 0.5 6
2.14e+07 1.74149e-09 1.9741e-07 4.46894e-11 5 1 0.5 5
2.15e+07 2.11747e-09 2.01624e-07 4.60342e-11 6 1 0.5 6
2.16e+07 1.07288e-09 2.119e-07 1.80986e-11 8 1 0.5 8
2.17e+07 1.39017e-09 2.07344e-07 1.84446e-11 10 1 0.5 10
2.18e+07 1.4228e-09 2.05856e-07 2.34854e-11 8 1 0.5 8
2.19e+07 1.69891e-09 1.96943e-07 2.40867e-11 9 1 0.5 9
2.2e+07 1.90183e-09 2.03641e-07 3.56505e-11 7 1 0.5 7
2.21e+07 1.64915e-09 2.10582e-07 2.77291e-11 8 1 0.5 8
2.22e+07 1.39148e-09 2.06706e-07 2.63477e-11 7 1 0.5 7
2.23e+07 1.43121e-09 2.07114e-07 1.72441e-11 11 1 0.5 11
2.24e+07 1.49776e-09 2.04272e-07 2.45789e-11 8 1 0.5 8
2.25e+07 1.51591e-09 2.05426e-07 4.00881e-11 5 1 0.5 5
2.26e+07 1.63179e-09 1.91841e-07 2.91774e-11 7 1 0.5 7
2.27e+07 1.53432e-09 2.12931e-07 2.07943e-11 10 1 0.5 10
2.28e+07 1.75283e-09 2.00248e-07 4.54854e-11 5 1 0.5 5
2.29e+07 1.63595e-09 2.02012e-07 2.36536e-11 9 1 0.5 9
2.3e+07 1.37126e-09 2.18055e-07 1.35088e-11 14 1 0.5 14
2.31e+07 1.39641e-09 1.97289e-07 2.2297e-11 8 1 0.5 8
2.32e+07 1.68834e-09 2.0835e-07 2.81541e-11 8 1 0.5 8
2.33e+07 1.62726e-09 2.22142e-07 4.58095e-11 5 1 0.5 5
2.34e+07 1.91044e-09 2.02817e-07 8.4011e-11 3 1 0.5 3
2.35e+07 1.3229e-09 2.01021e-07 3.4367e-11 5 1 0.5 5
2.36e+07 1.82922e-09 2.07858e-07 3.4837e-11 7 1 0.5 7
2.37e+07 1.42172e-09 2.26207e-07 2.52848e-11 8 1 0.5 8
2.38e+07 1.62392e-09 2.12349e-07 3.97986e-10 4 1 0.5 4
2.39e+07 1.41045e-09 2.133e-07 1.91362e-11 10 1 0.5 10
2.4e+07 1.21996e-09 2.05208e-07 1.78384e-11 9 1 0.5 9
2.41e+07 1.37487e-09 2.13862e-07 1.86907e-11 10 1 0.5 10
2.42e+07 1.44777e-09 2.10114e-07 2.15778e-11 9 1 0.5 9
2.43e+07 1.23725e-09 2.07819e-07 2.74529e-11 6 1 0.5 6
2.44e+07 1.30442e-09 2.0504e-07 2.8647e-11 6 1 0.5 6
2.45e+07 1.20989e-09 2.02529e-07 2.63072e-11 6 1 0.5 6
2.46e+07 1.08571e-09 2.06194e-07 1.30265e-11 11 1 0.5 11
2.47e+07 1.54155e-09 2.07944e-07 3.84379e-10 4 1 0.5 4
2.48e+07 1.16556e-09 2.12619e-07 2.63235e-11 6 1 0.5 6
2.49e+07 9.86917e-10 2.15289e-07 1.68539e-11 8 1 0.5 8
2.5e+07 1.20449e-09 2.13312e-07 1.36058e-11 12 1 0.5 12
2.51e+07 1.57946e-09 2.02971e-07 3.44484e-11 6 1 0.5 6
2.52e+07 1.07251e-09 2.17587e-07 1.23033e-11 12 1 0.5 12
2.53e+07 1.42559e-09 2.05964e-07 2.69205e-11 7 1 0.5 7
2.54e+07 1.43175e-09 2.09994e-07 2.4006e-11 8 1 0.5 8
2.55e+07 1.76473e-09 2.07914e-07 2.93861e-11 8 1 0.5 8
2.56e+07 1.41759e-09 2.06936e-07 4.71886e-11 4 1 0.5 4
2.57e+07 1.42411e-09 2.06122e-07 3.14186e-11 6 1 0.5 6
2.58e+07 1.10538e-09 1.94067e-07 1.15957e-11 12 1 0.5 12
2.59e+07 1.56243e-09 2.14937e-07 3.05255e-11 7 1 0.5 7
2.6e+07 1.77807e-09 1.99296e-07 2.08034e-11 11 1 0.5 11
2.61e+07 1.42928e-09 2.09349e-07 2.73381e-11 7 1 0.5 7
2.62e+07 1.82076e-09 2.10505e-07 4.91511e-11 5 1 0.5 5
2.63e+07 1.83402e-09 2.07051e-07 4.06676e-11 6 1 0.5 6
2.64e+07 1.16213e-09 2.13489e-07 2.25541e-11 7 1 0.5 7
2.65e+07 1.92152e-09 2.05016e-07 3.62122e-11 7 1 0.5 7
2.66e+07 1.03867e-09 2.04309e-07 1.70257e-11 8 1 0.5 8
2.67e+07 2.08144e-09 2.13811e-07 2.83368e-11 10 1 0.5 10
2.68e+07 1.7509e-09 2.06258e-07 2.57383e-11 9 1 0.5 9
2.69e+07 1.47329e-09 2.16388e-07 2.52972e-11 8 1 0.5 8
2.7e+07 1.29372e-09 2.11978e-07 2.18442e-11 8 1 0.5 8
2.71e+07 1.81005e-09 1.98897e-07 3.88911e-11 6 1 0.5 6
2.72e+07 1.20247e-09 2.162e-07 1.64814e-11 10 1 0.5 10
2.73e+07 1.82652e-09 2.00332e-07 4.74288e-11 5 1 0.5 5
2.74e+07 1.78909e-09 2.15228e-07 4.08952e-11 6 1 0.5 6
2.75e+07 1.32006e-09 2.01402e-07 1.7118e-11 10 1 0.5 10
2.76e+07 1.03359e-09 2.04642e-07 1.12975e-11 12 1 0.5 12
2.77e+07 1.43876e-09 2.00147e-07 2.06428e-11 9 1 0.5 9
2.78e+07 1.09953e-09 2.0722e-07 1.8227e-11 8 1 0.5 8
2.79e+07 1.48424e-09 2.03947e-07 3.24817e-11 6 1 0.5 6
2.8e+07 1.46611e-09 2.0467e-07 3.86507e-11 5 1 0.5 5
2.81e+07 1.55067e-09 2.03378e-07 2.02726e-11 10 1 0.5 10
2.82e+07 1.81147e-09 2.0534e-07 2.65398e-11 9 1 0.5 9
2.83e+07 1.6271e-09 1.9789e-07 2.98008e-11 7 1 0.5 7
2.84e+07 1.73518e-09 2.10905e-07 3.90239e-11 6 1 0.5 6
2.85e+07 1.01752e-09 2.09224e-07 1.94272e-11 7 1 0.5 7
2.86e+07 1.32812e-09 2.10913e-07 2.5544e-11 7 1 0.5 7
2.87e+07 1.37649e-09 2.08022e-07 3.67384e-11 5 1 0.5 5
2.88e+07 1.28434e-09 2.13873e-07 2.18379e-11 8 1 0.5 8
2.89e+07 1.62161e-09 2.07931e-07 3.08708e-11 7 1 0.5 7
2.9e+07 1.86192e-09 2.01111e-07 4.85021e-11 5 1 0.5 5
2.91e+07 1.69687e-09 2.02696e-07 3.6986e-11 6 1 0.5 6
2.92e+07 1.15241e-09 2.06057e-07 1.08539e-11 14 1 0.5 14
2.93e+07 1.45068e-09 2.01857e-07 2.35832e-11 8 1 0.5 8
2.94e+07 1.76208e-09 2.00571e-07 2.85275e-11 8 1 0.5 8
2.95e+07 1.48925e-09 2.08904e-07 3.32114e-11 6 1 0.5 6
2.96e+07 1.56784e-09 2.03526e-07 5.15582e-11 4 1 0.5 4
2.97e+07 1.82359e-09 2.12951e-07 4.96793e-11 5 1 0.5 5
2.98e+07 9.43418e-10 2.20157e-07 1.311e-11 10 1 0.5 10
2.99e+07 1.21939e-09 2.14441e-07 2.37531e-11 7 1 0.5 7
3e+07 1.34891e-09 2.07837e-07 2.56476e-11 7 1 0.5 7
3.01e+07 1.37835e-09 2.08901e-07 3.69104e-11 5 1 0.5 5
3.02e+07 1.24094e-09 2.04388e-07 1.47915e-11 11 1 0.5 11
3.03e+07 2.08805e-09 2.03974e-07 4.63267e-10 4 1 0.5 4
3.04e+07 1.32303e-09 2.05634e-07 1.93819e-11 9 1 0.5 9
3.05e+07 8.92212e-10 1.99378e-07 1.91421e-11 6 1 0.5 6
3.06e+07 1.18644e-09 2.12246e-07 1.60259e-11 10 1 0.5 10
3.07e+07 1.30388e-09 2.08528e-07 1.93108e-11 9 1 0.5 9
3.08e+07 1.6366e-09 1.97482e-07 2.99279e-11 7 1 0.5 7
3.09e+07 1.61212e-09 2.02493e-07 5.2817e-11 4 1 0.5 4
3.1e+07 2.12182e-09 2.07579e-07 4.04049e-11 7 1 0.5 7
3.11e+07 1.53448e-09 2.05512e-07 2.53036e-11 8 1 0.5 8
3.12e+07 1.3813e-09 2.03163e-07 1.28713e-11 14 1 0.5 14
3.13e+07 9.82617e-10 2.0562e-07 1.07794e-11 12 1 0.5 12
3.14e+07 1.28237e-09 2.10268e-07 3.45015e-11 5 1 0.5 5
3.15e+07 1.37919e-09 2.02333e-07 2.24578e-11 8 1 0.5 8
3.16e+07 1.61897e-09 2.10569e-07 1.97691e-11 11 1 0.5 11
3.17e+07 1.62824e-09 2.07692e-07 1.96688e-11 11 1 0.5 11
3.18e+07 2.02523e-09 2.15319e-07 4.63508e-11 6 1 0.5 6
3.19e+07 1.56092e-09 2.05117e-07 3.4323e-11 6 1 0.5 6
3.2e+07 1.92653e-09 2.0796e-07 3.67159e-11 7 1 0.5 7
3.21e+07 1.56277e-09 1.99366e-07 2.51685e-11 8 1 0.5 8
3.22e+07 1.5828e-09 2.10034e-07 1.92874e-11 11 1 0.5 11
3.23e+07 1.65979e-09 2.06273e-07 3.14037e-11 7 1 0.5 7
3.24e+07 1.47506e-09 2.03751e-07 3.22553e-11 6 1 0.5 6
3.25e+07 1.51726e-09 2.06834e-07 1.5447e-11 13 1 0.5 13
3.26e+07 1.14391e-09 2.07344e-07 2.16951e-11 7 1 0.5 7
3.27e+07 1.64543e-09 2.05593e-07 3.62583e-11 6 1 0.5 6
3.28e+07 1.43439e-09 2.1175e-07 2.42085e-11 8 1 0.5 8
3.29e+07 1.36396e-09 2.09658e-07 3.04892e-11 6 1 0.5 6
3.3e+07 1.49723e-09 2.0392e-07 2.806e-11 7 1 0.5 7
3.31e+07 1.50883e-09 2.0688e-07 2.22189e-11 9 1 0.5 9
3.32e+07 1.13606e-09 2.10818e-07 2.54833e-11 6 1 0.5 6
3.33e+07 1.28621e-09 2.03477e-07 1.86861e-11 9 1 0.5 9
3.34e+07 1.77812e-09 2.10815e-07 1.99222e-11 12 1 0.5 12
3.35e+07 2.31714e-09 2.06621e-07 4.39917e-11 7 1 0.5 7
3.36e+07 1.54108e-09 2.03785e-07 2.52457e-11 8 1 0.5 8
3.37e+07 1.38845e-09 2.08801e-07 1.85231e-11 10 1 0.5 10
3.38e+07 1.28405e-09 2.01979e-07 2.08746e-11 8 1 0.5 8
3.39e+07 1.15926e-09 2.07617e-07 1.71038e-11 9 1 0.5 9
3.4e+07 1.78572e-09 2.05579e-07 2.94749e-11 8 1 0.5 8
3.41e+07 2.02065e-09 2.04729e-07 6.69263e-11 4 1 0.5 4
3.42e+07 1.72335e-09 2.09418e-07 2.88567e-11 8 1 0.5 8
3.43e+07 1.62748e-09 2.14681e-07 3.71031e-11 6 1 0.5 6
3.44e+07 1.25217e-09 2.06483e-07 2.07084e-11 8 1 0.5 8
3.45e+07 1.42801e-09 2.09969e-07 2.39407e-11 8 1 0.5 8
3.46e+07 1.23111e-09 1.98202e-07 1.12505e-11 14 1 0.5 14
3.47e+07 1.40306e-09 2.0631e-07 1.54442e-11 12 1 0.5 12
3.48e+07 1.55077e-09 2.10369e-07 2.3141e-11 9 1 0.5 9
3.49e+07 1.77653e-09 2.04562e-07 3.34062e-11 7 1 0.5 7
3.5e+07 1.50693e-09 2.12847e-07 1.70027e-11 12 1 0.5 12
3.51e+07 1.96047e-09 1.91325e-07 3.06149e-11 8 1 0.5 8
3.52e+07 1.4727e-09 2.12315e-07 3.9961e-11 5 1 0.5 5
3.53e+07 1.22942e-09 2.02813e-07 2.6763e-11 6 1 0.5 6
3.54e+07 1.20328e-09 1.98906e-07 2.57976e-11 6 1 0.5 6
3.55e+07 1.34112e-09 2.15538e-07 2.62404e-11 7 1 0.5 7
3.56e+07 1.34145e-09 2.10203e-07 1.99944e-11 9 1 0.5 9
3.57e+07 1.76476e-09 2.04389e-07 2.8995e-11 8 1 0.5 8
3.58e+07 1.48377e-09 2.01255e-07 2.75225e-11 7 1 0.5 7
3.59e+07 1.73253e-09 2.11171e-07 2.59428e-11 9 1 0.5 9
3.6e+07 1.44034e-09 2.05852e-07 3.1746e-11 6 1 0.5 6
3.61e+07 1.15872e-09 2.12455e-07 1.56626e-11 10 1 0.5 10
3.62e+07 1.76603e-09 2.10865e-07 4.77259e-11 5 1 0.5 5
3.63e+07 1.11327e-09 2.04686e-07 1.62416e-11 9 1 0.5 9
3.64e+07 1.49385e-09 2.01075e-07 3.23332e-11 6 1 0.5 6
3.65e+07 1.10493e-09 2.19243e-07 2.18957e-11 7 1 0.5 7
3.66e+07 1.36847e-09 2.12291e-07 2.31381e-11 8 1 0.5 8
3.67e+07 1.58731e-09 2.16428e-07 5.47941e-11 4 1 0.5 4
3.68e+07 1.61697e-09 2.03248e-07 2.34899e-11 9 1 0.5 9
3.69e+07 1.73939e-09 1.97323e-07 3.7133e-11 6 1 0.5 6
3.7e+07 1.74488e-09 2.08105e-07 2.11157e-11 11 1 0.5 11
3.71e+07 1.48211e-09 2.07774e-07 3.29246e-11 6 1 0.5 6
3.72e+07 1.72634e-09 2.03399e-07 2.50999e-11 9 1 0.5 9
3.73e+07 1.15804e-09 2.00466e-07 3.75491e-11 4 1 0.5 4
3.74e+07 1.83123e-09 2.07256e-07 3.04232e-11 8 1 0.5 8
3.75e+07 1.10858e-09 2.0958e-07 1.85415e-11 8 1 0.5 8
3.76e+07 1.5449e-09 2.08207e-07 2.57378e-11 8 1 0.5 8
3.77e+07 1.47799e-09 2.06591e-07 2.79813e-11 7 1 0.5 7
3.78e+07 1.28289e-09 1.99847e-07 2.76136e-11 6 1 0.5 6
3.79e+07 2.12091e-09 2.03954e-07 4.65263e-11 6 1 0.5 6
3.8e+07 1.76954e-09 2.05071e-07 2.32958e-11 10 1 0.5 10
3.81e+07 1.15929e-09 2.17567e-07 1.99732e-11 8 1 0.5 8
3.82e+07 1.62591e-09 2.07968e-07 2.70693e-11 8 1 0.5 8
3.83e+07 1.17757e-09 2.0952e-07 3.95287e-11 4 1 0.5 4
3.84e+07 1.41387e-09 2.08204e-07 3.14385e-11 6 1 0.5 6
3.85e+07 1.22944e-09 1.95864e-07 2.2311e-11 7 1 0.5 7
3.86e+07 1.59865e-09 2.08214e-07 3.55733e-11 6 1 0.5 6
3.87e+07 1.65763e-09 2.05097e-07 2.73005e-11 8 1 0.5 8
3.88e+07 1.79675e-09 2.1244e-07 3.48078e-11 7 1 0.5 7
3.89e+07 1.11265e-09 2.03871e-07 1.45596e-11 10 1 0.5 10
3.9e+07 1.70856e-09 2.12113e-07 3.9626e-11 8 1 0.5 8
3.91e+07 1.48364e-09 2.00944e-07 1.9212e-11 10 1 0.5 10
3.92e+07 1.57886e-09 2.02836e-07 3.44173e-11 6 1 0.5 6
3.93e+07 1.55163e-09 1.98369e-07 2.01629e-11 10 1 0.5 10
3.94e+07 2.22621e-09 2.02583e-07 5.84179e-11 5 1 0.5 5
3.95e+07 1.36751e-09 2.08958e-07 2.02892e-11 9 1 0.5 9
3.96e+07 1.12684e-09 2.16099e-07 3.0956e-11 5 1 0.5 5
3.97e+07 1.50303e-09 1.99976e-07 1.4904e-11 13 1 0.5 13
3.98e+07 1.91823e-09 2.15948e-07 2.39096e-11 11 1 0.5 11
3.99e+07 1.19314e-09 2.05399e-07 2.24659e-11 7 1 0.5 7
4e+07 1.81184e-09 1.91768e-07 7.62173e-11 3 1 0.5 3
4.01e+07 1.22602e-09 2.07857e-07 1.62922e-11 10 1 0.5 10
4.02e+07 1.63709e-09 2.07744e-07 3.11462e-11 7 1 0.5 7
4.03e+07 1.5031e-09 2.13136e-07 2.26591e-11 9 1 0.5 9
4.04e+07 1.64848e-09 2.1228e-07 2.22933e-11 10 1 0.5 10
4.05e+07 1.80054e-09 2.01514e-07 3.90817e-11 6 1 0.5 6
4.06e+07 1.69149e-09 2.08478e-07 4.52882e-11 5 1 0.5 5
4.07e+07 1.78614e-09 2.03155e-07 2.12131e-11 11 1 0.5 11
4.08e+07 1.38104e-09 2.03591e-07 2.58402e-11 7 1 0.5 7
4.09e+07 1.39475e-09 2.12221e-07 3.14809e-11 6 1 0.5 6
4.1e+07 1.25001e-09 2.18833e-07 2.16411e-11 8 1 0.5 8
4.11e+07 1.66634e-09 2.04688e-07 1.82382e-11 12 1 0.5 12
4.12e+07 1.5181e-09 2.07238e-07 2.51971e-11 8 1 0.5 8
4.13e+07 1.61589e-09 1.92509e-07 3.38278e-11 6 1 0.5 6
4.14e+07 1.31989e-09 2.05283e-07 1.33541e-11 13 1 0.5 13
4.15e+07 1.90482e-09 1.9854e-07 2.03672e-11 12 1 0.5 12
4.16e+07 1.72229e-09 2.0992e-07 3.85895e-11 6 1 0.5 6
4.17e+07 1.21462e-09 1.99882e-07 2.23912e-11 7 1 0.5 7
4.18e+07 1.76658e-09 2.14037e-07 4.83077e-11 5 1 0.5 5
4.19e+07 1.57555e-09 2.0784e-07 2.62144e-11 8 1 0.5 8
4.2e+07 1.33141e-09 2.05334e-07 1.59302e-11 11 1 0.5 11
4.21e+07 1.82373e-09 2.04516e-07 2.99834e-11 8 1 0.5 8
4.22e+07 1.84717e-09 2.06778e-07 3.06338e-11 8 1 0.5 8
4.23e+07 1.44954e-09 2.04941e-07 2.11858e-11 9 1 0.5 9
4.24e+07 1.77189e-09 2.09414e-07 3.96328e-11 6 1 0.5 6
4.25e+07 1.28956e-09 2.0774e-07 2.14305e-11 8 1 0.5 8
4.26e+07 1.43452e-09 2.06091e-07 2.71031e-11 7 1 0.5 7
4.27e+07 1.64077e-09 2.01303e-07 3.55639e-11 6 1 0.5 6
4.28e+07 1.3477e-09 2.08473e-07 2.56862e-11 7 1 0.5 7
4.29e+07 1.53067e-09 1.93547e-07 2.40896e-11 8 1 0.5 8
4.3e+07 1.49292e-09 2.10582e-07 2.86935e-11 7 1 0.5 7
4.31e+07 1.63994e-09 2.02456e-07 1.77952e-11 12 1 0.5 12
4.32e+07 1.54921e-09 2.05608e-07 2.9227e-11 7 1 0.5 7
4.33e+07 1.46392e-09 2.09335e-07 2.44868e-11 8 1 0.5 8
4.34e+07 1.13558e-09 2.0044e-07 1.04669e-11 14 1 0.5 14
4.35e+07 1.67802e-09 2.04015e-07 2.44523e-11 9 1 0.5 9
4.36e+07 1.52595e-09 2.10677e-07 2.27954e-11 9 1 0.5 9
4.37e+07 1.40728e-09 2.05497e-07 3.72073e-11 5 1 0.5 5
4.38e+07 1.3205e-09 2.02815e-07 1.91371e-11 9 1 0.5 9
4.39e+07 1.49335e-09 2.02396e-07 1.61965e-11 12 1 0.5 12
4.4e+07 1.56472e-09 2.12269e-07 2.64691e-11 8 1 0.5 8
4.41e+07 1.70192e-09 2.02015e-07 2.21408e-11 10 1 0.5 10
4.42e+07 1.36132e-09 2.11368e-07 1.30847e-11 14 1 0.5 14
4.43e+07 1.73126e-09 2.16046e-07 4.76857e-11 5 1 0.5 5
4.44e+07 1.46339e-09 1.94434e-07 2.64256e-11 7 1 0.5 7
4.45e+07 1.05946e-09 2.08564e-07 2.01806e-11 7 1 0.5 7
4.46e+07 1.6055e-09 1.94829e-07 3.39218e-11 6 1 0.5 6
4.47e+07 1.26028e-09 2.02863e-07 3.29649e-11 5 1 0.5 5
4.48e+07 2.06223e-09 2.12186e-07 5.60828e-11 5 1 0.5 5
4.49e+07 1.45435e-09 2.15623e-07 6.16093e-11 4 1 0.5 4
4.5e+07 1.31897e-09 2.08427e-07 2.19781e-11 8 1 0.5 8
4.51e+07 1.41609e-09 1.97918e-07 1.81196e-11 10 1 0.5 10
4.52e+07 1.90387e-09 1.99167e-07 4.92294e-11 5 1 0.5 5
4.53e+07 1.83234e-09 2.11038e-07 3.55001e-11 7 1 0.5 7
4.54e+07 2.26574e-09 2.14531e-07 5.17533e-11 6 1 0.5 6
4.55e+07 1.21379e-09 2.07939e-07 1.79327e-11 9 1 0.5 9
4.56e+07 9.5601e-10 2.06759e-07 1.80805e-11 7 1 0.5 7
4.57e+07 1.23517e-09 2.04886e-07 2.03024e-11 8 1 0.5 8
4.58e+07 1.36948e-09 2.10269e-07 3.06834e-11 6 1 0.5 6
4.59e+07 1.49172e-09 2.04739e-07 3.27454e-11 6 1 0.5 6
4.6e+07 1.25101e-09 2.10413e-07 1.86568e-11 9 1 0.5 9
4.61e+07 1.46336e-09 2.02401e-07 2.72625e-11 7 1 0.5 7
4.62e+07 1.18342e-09 2.1304e-07 2.00542e-11 8 1 0.5 8
4.63e+07 1.48925e-09 2.07791e-07 1.9797e-11 10 1 0.5 10
4.64e+07 1.55938e-09 2.00389e-07 3.36699e-11 6 1 0.5 6
4.65e+07 1.16162e-09 2.03967e-07 4.02726e-11 6 1 0.5 6
4.66e+07 1.47252e-09 2.05064e-07 3.23618e-11 6 1 0.5 6
4.67e+07 1.80772e-09 2.02153e-07 4.72752e-11 5 1 0.5 5
4.68e+07 1.1951e-09 2.09866e-07 2.67184e-11 6 1 0.5 6
4.69e+07 1.6583e-09 1.95691e-07 2.33926e-11 9 1 0.5 9
4.7e+07 1.43534e-09 2.05764e-07 2.7085e-11 7 1 0.5 7
4.71e+07 1.31665e-09 2.02662e-07 4.30938e-11 4 1 0.5 4
4.72e+07 1.79314e-09 2.03555e-07 2.93695e-11 8 1 0.5 8
4.73e+07 1.49163e-09 2.03504e-07 1.77285e-11 11 1 0.5 11
4.74e+07 1.99309e-09 2.02513e-07 3.25318e-11 8 1 0.5 8
4.75e+07 1.71214e-09 2.10321e-07 4.61642e-11 5 1 0.5 5
4.76e+07 1.24236e-09 2.10465e-07 2.08559e-11 8 1 0.5 8
4.77e+07 1.99046e-09 2.09806e-07 3.34032e-11 8 1 0.5 8
4.78e+07 2.13064e-09 2.03389e-07 3.10079e-11 9 1 0.5 9
4.79e+07 1.71668e-09 2.02888e-07 5.63613e-11 4 1 0.5 4
4.8e+07 1.24722e-09 2.02058e-07 1.80192e-11 9 1 0.5 9
4.81e+07 1.6956e-09 2.00212e-07 3.13453e-11 7 1 0.5 7
4.82e+07 9.05568e-10 2.11544e-07 1.35503e-11 9 1 0.5 9
4.83e+07 1.72852e-09 2.01734e-07 4.51092e-11 5 1 0.5 5
4.84e+07 1.14806e-09 2.08694e-07 1.70071e-11 9 1 0.5 9
4.85e+07 1.27159e-09 2.20472e-07 2.95665e-11 6 1 0.5 6
4.86e+07 1.56107e-09 1.99697e-07 2.87884e-11 7 1 0.5 7
4.87e+07 1.2789e-09 2.13301e-07 2.8969e-11 6 1 0.5 6
4.88e+07 1.86092e-09 2.09806e-07 3.12178e-11 8 1 0.5 8
4.89e+07 1.85129e-09 1.99027e-07 3.40824e-11 7 1 0.5 7
4.9e+07 1.3127e-09 2.17972e-07 1.64623e-11 11 1 0.5 11
4.91e+07 1.71107e-09 2.06264e-07 3.78105e-11 6 1 0.5 6
4.92e+07 1.56009e-09 2.02931e-07 2.91331e-11 7 1 0.5 7
4.93e+07 1.36514e-09 2.10955e-07 1.83588e-11 10 1 0.5 10
4.94e+07 1.38698e-09 2.2103e-07 1.75899e-11 11 1 0.5 11
4.95e+07 1.54422e-09 2.10022e-07 2.07033e-11 10 1 0.5 10
4.96e+07 1.1575e-09 2.08173e-07 1.39942e-11 11 1 0.5 11
4.97e+07 1.5358e-09 2.03691e-07 3.35836e-11 6 1 0.5 6
4.98e+07 2.05766e-09 2.09662e-07 4.61179e-11 6 1 0.5 6
4.99e+07 1.38946e-09 2.03967e-07 2.02292e-11 9 1 0.5 9
5e+07 1.62297e-09 2.09017e-07 4.35283e-11 5 1 0.5 5
5.01e+07 1.71541e-09 2.11098e-07 1.6481e-11 14 1 0.5 14
5.02e+07 1.23478e-09 2.05215e-07 1.80562e-11 9 1 0.5 9
5.03e+07 1.94276e-09 2.1156e-07 2.91486e-11 9 1 0.5 9
5.04e+07 1.60042e-09 2.12914e-07 2.71406e-11 8 1 0.5 8
5.05e+07 1.21427e-09 2.10812e-07 1.81341e-11 9 1 0.5 9
5.06e+07 1.60459e-09 2.12341e-07 3.10541e-11 7 1 0.5 7
5.07e+07 1.40461e-09 2.03702e-07 1.83799e-11 10 1 0.5 10
5.08e+07 2.08127e-09 1.9475e-07 3.77019e-11 7 1 0.5 7
5.09e+07 1.52815e-09 2.11044e-07 2.28597e-11 9 1 0.5 9
5.1e+07 1.44947e-09 2.0924e-07 2.77148e-11 7 1 0.5 7
5.11e+07 1.38876e-09 2.00904e-07 1.28286e-11 14 1 0.5 14
5.12e+07 1.70206e-09 2.18174e-07 2.13786e-11 11 1 0.5 11
5.13e+07 1.90835e-09 2.10717e-07 2.56731e-11 10 1 0.5 10
5.14e+07 1.65873e-09 2.00014e-07 5.39459e-11 4 1 0.5 4
5.15e+07 1.24804e-09 2.0636e-07 2.06301e-11 8 1 0.5 8
5.16e+07 1.71075e-09 2.03326e-07 2.79891e-11 8 1 0.5 8
5.17e+07 1.6752e-09 2.0655e-07 2.77444e-11 8 1 0.5 8
5.18e+07 1.2538e-09 2.08796e-07 2.39183e-11 7 1 0.5 7
5.19e+07 1.67718e-09 2.05475e-07 3.69458e-11 6 1 0.5 6
5.2e+07 1.00424e-09 2.08208e-07 1.67051e-11 8 1 0.5 8
5.21e+07 1.46294e-09 2.01808e-07 2.11265e-11 9 1 0.5 9
5.22e+07 1.80394e-09 2.0663e-07 4.79863e-11 5 1 0.5 5
5.23e+07 1.71325e-09 2.02778e-07 3.19899e-11 7 1 0.5 7
5.24e+07 1.47486e-09 2.12282e-07 2.8525e-11 7 1 0.5 7
5.25e+07 2.1294e-09 1.98414e-07 4.57194e-11 6 1 0.5 6
5.26e+07 1.62942e-09 2.05638e-07 3.07516e-11 7 1 0.5 7
5.27e+07 1.40041e-09 2.08689e-07 2.67171e-11 7 1 0.5 7
5.28e+07 1.3966e-09 2.11263e-07 4.53922e-10 6 1 0.5 6
5.29e+07 1.37719e-09 2.13674e-07 2.07957e-11 9 1 0.5 9
5.3e+07 7.25903e-10 2.09359e-07 6.05217e-12 16 1 0.5 16
5.31e+07 1.53001e-09 2.04703e-07 5.05312e-11 4 1 0.5 4
5.32e+07 1.52272e-09 2.13484e-07 3.45476e-11 6 1 0.5 6
5.33e+07 1.69679e-09 2.16389e-07 1.3683e-11 17 1 0.5 17
5.34e+07 1.3932e-09 2.04856e-07 2.29075e-11 8 1 0.5 8
5.35e+07 1.72534e-09 2.02845e-07 3.22252e-11 7 1 0.5 7
5.36e+07 1.28711e-09 2.03011e-07 2.10078e-11 8 1 0.5 8
5.37e+07 1.59882e-09 2.01392e-07 2.96829e-11 7 1 0.5 7
5.38e+07 1.33587e-09 2.07658e-07 1.7743e-11 10 1 0.5 10
5.39e+07 1.38929e-09 1.96459e-07 2.95208e-11 6 1 0.5 6
5.4e+07 1.13594e-09 2.07257e-07 2.51419e-11 6 1 0.5 6
5.41e+07 1.59203e-09 2.0139e-07 2.58443e-11 8 1 0.5 8
5.42e+07 1.3058e-09 2.08368e-07 1.44833e-11 12 1 0.5 12
5.43e+07 1.1181e-09 2.06826e-07 1.85081e-11 8 1 0.5 8
5.44e+07 1.3536e-09 2.07414e-07 3.60409e-11 5 1 0.5 5
5.45e+07 1.38698e-09 2.04791e-07 3.04403e-11 6 1 0.5 6
5.46e+07 1.09539e-09 2.16211e-07 3.01e-11 5 1 0.5 5
5.47e+07 1.44928e-09 2.0442e-07 2.11398e-11 9 1 0.5 9
5.48e+07 1.85031e-09 2.00363e-07 2.99389e-11 8 1 0.5 8
5.49e+07 1.16868e-09 2.06711e-07 1.54611e-11 10 1 0.5 10
5.5e+07 1.47926e-09 2.13334e-07 2.00754e-11 10 1 0.5 10
5.51e+07 1.65422e-09 2.16548e-07 2.52621e-11 9 1 0.5 9
5.52e+07 1.57715e-09 2.05891e-07 2.08191e-11 10 1 0.5 10
5.53e+07 1.42336e-09 2.06077e-07 2.0892e-11 9 1 0.5 9
5.54e+07 1.4927e-09 2.106e-07 1.61194e-10 5 1 0.5 5
5.55e+07 1.85512e-09 2.02376e-07 2.68748e-11 9 1 0.5 9
5.56e+07 1.34296e-09 2.072e-07 2.97407e-11 6 1 0.5 6
5.57e+07 1.76182e-09 2.05404e-07 1.93414e-11 12 1 0.5 12
5.58e+07 1.89842e-09 2.06655e-07 5.05262e-11 5 1 0.5 5
5.59e+07 1.93017e-09 2.03426e-07 4.2226e-11 6 1 0.5 6
5.6e+07 1.22687e-09 2.04516e-07 2.30258e-11 7 1 0.5 7
5.61e+07 1.73476e-09 2.08492e-07 2.57165e-11 9 1 0.5 9
5.62e+07 1.78866e-09 2.08195e-07 2.98181e-11 8 1 0.5 8
5.63e+07 1.43046e-09 2.03117e-07 2.33663e-11 8 1 0.5 8
5.64e+07 1.35832e-09 2.14339e-07 2.05602e-11 9 1 0.5 9
5.65e+07 1.0868e-09 2.15815e-07 1.06143e-11 14 1 0.5 14
5.66e+07 1.19016e-09 2.20526e-07 2.37009e-11 7 1 0.5 7
5.67e+07 1.37765e-09 1.95791e-07 2.5005e-11 7 1 0.5 7
5.68e+07 1.58971e-09 2.10938e-07 3.57369e-11 6 1 0.5 6
5.69e+07 1.44883e-09 2.11823e-07 1.77682e-11 11 1 0.5 11
5.7e+07 1.49475e-09 2.09707e-07 3.34356e-11 6 1 0.5 6
5.71e+07 1.45441e-09 2.04423e-07 3.18835e-11 6 1 0.5 6
5.72e+07 1.84608e-09 2.10573e-07 6.24528e-11 4 1 0.5 4
5.73e+07 1.7014e-09 2.16938e-07 1.46092e-11 16 1 0.5 16
5.74e+07 1.98459e-09 2.06788e-07 3.76618e-11 7 1 0.5 7
5.75e+07 1.22518e-09 2.13526e-07 1.10754e-11 15 1 0.5 15
5.76e+07 1.81713e-09 2.11409e-07 2.72396e-11 9 1 0.5 9
5.77e+07 1.26668e-09 2.0942e-07 2.42217e-11 7 1 0.5 7
5.78e+07 1.69473e-09 2.10805e-07 3.8094e-11 6 1 0.5 6
5.79e+07 1.39794e-09 2.0349e-07 2.03158e-11 9 1 0.5 9
5.8e+07 1.15328e-09 2.04911e-07 2.53009e-11 6 1 0.5 6
5.81e+07 1.39387e-09 2.11276e-07 2.34805e-11 8 1 0.5 8
5.82e+07 1.65556e-09 2.11339e-07 4.47973e-11 5 1 0.5 5
5.83e+07 1.45869e-09 2.10136e-07 2.17429e-11 9 1 0.5 9
5.84e+07 1.64622e-09 2.06153e-07 3.63534e-11 6 1 0.5 6
5.85e+07 1.70193e-09 2.05408e-07 3.20994e-11 7 1 0.5 7
5.86e+07 1.56961e-09 2.15666e-07 1.95297e-11 11 1 0.5 11
5.87e+07 1.79487e-09 2.09779e-07 4.02055e-11 6 1 0.5 6
5.88e+07 1.09147e-09 1.99814e-07 2.01079e-11 7 1 0.5 7
5.89e+07 1.46762e-09 2.00686e-07 3.17145e-11 6 1 0.5 6
5.9e+07 1.19274e-09 2.1753e-07 1.2628e-11 13 1 0.5 13
5.91e+07 1.41582e-09 2.20737e-07 2.46929e-11 8 1 0.5 8
5.92e+07 1.13773e-09 2.09923e-07 1.90551e-11 8 1 0.5 8
5.93e+07 1.40889e-09 2.05341e-07 1.85521e-11 10 1 0.5 10
5.94e+07 1.38057e-09 2.09222e-07 2.30775e-11 8 1 0.5 8
5.95e+07 1.15135e-09 2.04141e-07 1.88664e-11 8 1 0.5 8
5.96e+07 1.46794e-09 2.07009e-07 2.78342e-11 7 1 0.5 7
5.97e+07 2.02384e-09 1.97494e-07 5.20161e-11 5 1 0.5 5
5.98e+07 1.89546e-09 2.0424e-07 2.48813e-11 10 1 0.5 10
5.99e+07 1.34197e-09 2.01994e-07 2.49523e-11 7 1 0.5 7
6e+07 1.27627e-09 2.09855e-07 2.85406e-11 6 1 0.5 6
6.01e+07 1.57414e-09 2.0729e-07 2.08899e-11 10 1 0.5 10
6.02e+07 1.84795e-09 2.06029e-07 3.49523e-11 7 1 0.5 7
6.03e+07 1.01299e-09 1.99869e-07 1.63217e-11 8 1 0.5 8
6.04e+07 1.65026e-09 2.06065e-07 2.18021e-11 10 1 0.5 10
6.05e+07 2.1926e-09 2.09006e-07 4.19883e-11 7 1 0.5 7
6.06e+07 1.34643e-09 2.03737e-07 2.2041e-11 8 1 0.5 8
6.07e+07 1.41502e-09 2.04675e-07 1.85859e-11 10 1 0.5 10
6.08e+07 2.03871e-09 1.95226e-07 6.50696e-11 4 1 0.5 4
6.09e+07 1.94697e-09 2.13186e-07 3.78413e-11 7 1 0.5 7
6.1e+07 1.41039e-09 2.01131e-07 2.61427e-11 7 1 0.5 7
6.11e+07 1.44697e-09 2.06317e-07 2.12592e-11 9 1 0.5 9
6.12e+07 1.31544e-09 2.01266e-07 1.7049e-11 10 1 0.5 10
6.13e+07 1.35661e-09 2.09165e-07 2.26706e-11 8 1 0.5 8
6.14e+07 1.04152e-09 2.07322e-07 1.5345e-11 9 1 0.5 9
6.15e+07 1.81967e-09 1.96129e-07 2.89596e-11 8 1 0.5 8
6.16e+07 8.91561e-10 2.23741e-07 1.56932e-11 8 1 0.5 8
6.17e+07 1.69712e-09 1.97096e-07 3.61927e-11 6 1 0.5 6
6.18e+07 1.1715e-09 2.13951e-07 1.44724e-11 11 1 0.5 11
6.19e+07 1.43525e-09 2.0914e-07 1.74255e-11 11 1 0.5 11
6.2e+07 1.51292e-09 1.9785e-07 2.15168e-11 9 1 0.5 9
6.21e+07 2.04795e-09 2.09851e-07 2.28739e-11 12 1 0.5 12
6.22e+07 1.50873e-09 2.11974e-07 2.91499e-11 7 1 0.5 7
6.23e+07 1.54965e-09 2.07848e-07 3.4429e-11 6 1 0.5 6
6.24e+07 1.32744e-09 2.13996e-07 3.01515e-11 6 1 0.5 6
6.25e+07 1.32841e-09 2.09312e-07 1.47871e-11 12 1 0.5 12
6.26e+07 8.35591e-10 2.0831e-07 9.25776e-12 12 1 0.5 12
6.27e+07 1.76754e-09 2.01613e-07 4.6114e-11 5 1 0.5 5
6.28e+07 1.47021e-09 2.15205e-07 2.51348e-11 8 1 0.5 8
6.29e+07 1.341e-09 2.05159e-07 2.20715e-11 8 1 0.5 8
6.3e+07 1.96168e-09 2.03757e-07 5.16491e-11 5 1 0.5 5
6.31e+07 1.44292e-09 1.98959e-07 1.54407e-11 12 1 0.5 12
6.32e+07 1.0848e-09 2.11069e-07 1.82437e-11 8 1 0.5 8
6.33e+07 1.84992e-09 2.08004e-07 4.11711e-11 6 1 0.5 6
6.34e+07 1.09786e-09 2.08074e-07 1.82579e-11 8 1 0.5 8
6.35e+07 1.25237e-09 2.11839e-07 2.82117e-11 6 1 0.5 6
6.36e+07 1.57183e-09 2.0788e-07 3.50031e-11 6 1 0.5 6
6.37e+07 1.56867e-09 2.1367e-07 3.05051e-11 7 1 0.5 7
6.38e+07 2.28336e-09 2.02303e-07 3.31041e-11 9 1 0.5 9
6.39e+07 1.43953e-09 2.13097e-07 4.90441e-11 4 1 0.5 4
6.4e+07 1.44331e-09 2.12449e-07 3.26106e-11 6 1 0.5 6
6.41e+07 1.58444e-09 1.95176e-07 3.32347e-11 9 1 0.5 9
6.42e+07 1.58603e-09 2.15133e-07 3.62124e-11 6 1 0.5 6
6.43e+07 1.57179e-09 1.95878e-07 2.49697e-11 8 1 0.5 8
6.44e+07 1.38229e-09 2.07938e-07 1.67049e-11 11 1 0.5 11
6.45e+07 1.04802e-09 2.1905e-07 2.9091e-11 5 1 0.5 5
6.46e+07 2.01134e-09 2.03567e-07 4.40391e-11 6 1 0.5 6
6.47e+07 1.48039e-09 2.13235e-07 3.35508e-11 6 1 0.5 6
6.48e+07 1.38912e-09 2.12367e-07 2.35174e-11 8 1 0.5 8
6.49e+07 1.64163e-09 2.12632e-07 2.22293e-11 10 1 0.5 10
6.5e+07 1.6064e-09 2.08976e-07 4.30741e-11 5 1 0.5 5
6.51e+07 1.76675e-09 2.13477e-07 2.1815e-11 11 1 0.5 11
6.52e+07 1.72099e-09 2.2062e-07 3.00299e-11 8 1 0.5 8
6.53e+07 1.57063e-09 2.13406e-07 2.13255e-11 10 1 0.5 10
6.54e+07 1.51296e-09 2.04544e-07 2.8424e-11 7 1 0.5 7
6.55e+07 1.39092e-09 1.97856e-07 3.57011e-11 5 1 0.5 5
6.56e+07 1.56551e-09 2.16551e-07 3.59275e-11 6 1 0.5 6
6.57e+07 1.36957e-09 2.13648e-07 3.10734e-11 6 1 0.5 6
6.58e+07 9.28023e-10 2.03925e-07 2.02657e-11 6 1 0.5 6
6.59e+07 1.31364e-09 2.02087e-07 1.8984e-11 9 1 0.5 9
6.6e+07 1.02626e-09 2.03991e-07 2.24247e-11 6 1 0.5 6
6.61e+07 1.03102e-09 2.07003e-07 1.13709e-11 12 1 0.5 12
6.62e+07 1.85861e-09 2.09561e-07 2.07292e-11 12 1 0.5 12
6.63e+07 1.54697e-09 2.06125e-07 2.04374e-11 10 1 0.5 10
6.64e+07 1.42034e-09 2.08852e-07 4.76243e-11 4 1 0.5 4
6.65e+07 1.91255e-09 1.96573e-07 4.89536e-11 5 1 0.5 5
6.66e+07 1.5301e-09 2.152e-07 2.99196e-11 7 1 0.5 7
6.67e+07 1.3429e-09 2.05457e-07 1.47324e-11 12 1 0.5 12
6.68e+07 2.09188e-09 1.9882e-07 3.36666e-11 8 1 0.5 8
6.69e+07 1.68357e-09 2.08404e-07 2.808e-11 8 1 0.5 8
6.7e+07 1.69942e-09 2.01142e-07 2.00235e-11 11 1 0.5 11
6.71e+07 1.45758e-09 2.06441e-07 1.92758e-11 10 1 0.5 10
6.72e+07 1.8094e-09 2.04512e-07 2.97461e-11 8 1 0.5 8
6.73e+07 2.18036e-09 2.08979e-07 4.17479e-11 7 1 0.5 7
6.74e+07 1.25341e-09 2.12787e-07 8.47094e-12 20 1 0.5 20
6.75e+07 1.69078e-09 2.01358e-07 3.13952e-11 7 1 0.5 7
6.76e+07 1.79524e-09 2.08702e-07 1.59531e-11 15 1 0.5 15
6.77e+07 1.63034e-09 2.08147e-07 1.97281e-11 11 1 0.5 11
6.78e+07 1.5613e-09 1.93771e-07 2.45957e-11 8 1 0.5 8
6.79e+07 1.75159e-09 2.00609e-07 4.55169e-11 5 1 0.5 5
6.8e+07 1.3485e-09 2.10022e-07 2.26071e-11 8 1 0.5 8
6.81e+07 1.55291e-09 1.97417e-07 2.83828e-11 7 1 0.5 7
6.82e+07 1.06514e-09 2.08627e-07 1.57714e-11 9 1 0.5 9
6.83e+07 1.31201e-09 2.07049e-07 2.48689e-11 7 1 0.5 7
6.84e+07 1.42434e-09 2.06902e-07 1.88677e-11 10 1 0.5 10
6.85e+07 1.49285e-09 2.03119e-07 1.62362e-11 12 1 0.5 12
6.86e+07 1.01473e-09 2.12817e-07 2.29207e-11 6 1 0.5 6
6.87e+07 1.4732e-09 2.0607e-07 2.16256e-11 9 1 0.5 9
6.88e+07 1.33781e-09 2.02521e-07 2.17972e-11 8 1 0.5 8
6.89e+07 1.90412e-09 1.98878e-07 8.24536e-11 3 1 0.5 3
6.9e+07 1.69955e-09 2.03089e-07 2.77795e-11 8 1 0.5 8
6.91e+07 1.43926e-09 2.09355e-07 2.13896e-11 9 1 0.5 9
6.92e+07 2.2691e-09 2.08194e-07 5.06167e-11 6 1 0.5 6
6.93e+07 1.68168e-09 1.99062e-07 4.3424e-11 5 1 0.5 5
6.94e+07 1.65386e-09 2.03682e-07 1.96766e-11 11 1 0.5 11
6.95e+07 1.11241e-09 2.0333e-07 1.61449e-11 9 1 0.5 9
6.96e+07 9.91688e-10 2.04636e-07 9.28737e-12 14 1 0.5 14
6.97e+07 1.17044e-09 2.1505e-07 1.33053e-11 12 1 0.5 12
6.98e+07 1.1572e-09 2.07266e-07 2.19415e-11 7 1 0.5 7
6.99e+07 1.36538e-09 2.02892e-07 1.97955e-11 9 1 0.5 9
7e+07 1.43655e-09 2.00577e-07 3.10265e-11 6 1 0.5 6
7.01e+07 1.80219e-09 2.1288e-07 3.4971e-11 7 1 0.5 7
7.02e+07 1.44329e-09 2.08293e-07 1.92204e-11 10 1 0.5 10
7.03e+07 1.37951e-09 2.01316e-07 2.98738e-11 6 1 0.5 6
7.04e+07 1.4317e-09 1.99881e-07 4.63867e-11 4 1 0.5 4
7.05e+07 1.62466e-09 2.11001e-07 2.73582e-11 8 1 0.5 8
7.06e+07 1.58487e-09 2.08469e-07 3.52987e-11 6 1 0.5 6
7.07e+07 1.58945e-09 2.06232e-07 2.10093e-11 10 1 0.5 10
7.08e+07 1.69031e-09 1.99851e-07 1.9816e-11 11 1 0.5 11
7.09e+07 1.40501e-09 2.09643e-07 1.70895e-11 11 1 0.5 11
7.1e+07 1.69327e-09 2.12619e-07 2.86915e-11 8 1 0.5 8
7.11e+07 1.69248e-09 2.0741e-07 2.81235e-11 8 1 0.5 8
7.12e+07 1.18086e-09 2.1696e-07 1.15831e-11 14 1 0.5 14
7.13e+07 1.49843e-09 1.99325e-07 2.75879e-11 7 1 0.5 7
7.14e+07 1.63134e-09 1.96711e-07 4.72688e-10 6 1 0.5 6
7.15e+07 1.63458e-09 2.11251e-07 4.45384e-11 5 1 0.5 5
7.16e+07 1.89009e-09 2.03564e-07 4.1365e-11 6 1 0.5 6
7.17e+07 1.15676e-09 2.10299e-07 1.94021e-11 8 1 0.5 8
7.18e+07 1.43226e-09 2.11288e-07 2.75949e-11 7 1 0.5 7
7.19e+07 1.31881e-09 2.09339e-07 2.52152e-11 7 1 0.5 7
7.2e+07 1.34434e-09 2.05652e-07 1.2646e-11 14 1 0.5 14
7.21e+07 1.39239e-09 2.09247e-07 2.06821e-11 9 1 0.5 9
7.22e+07 1.5125e-09 2.02343e-07 2.189e-11 9 1 0.5 9
7.23e+07 1.13962e-09 2.0614e-07 2.1515e-11 7 1 0.5 7
7.24e+07 1.3255e-09 2.18623e-07 3.06212e-11 6 1 0.5 6
7.25e+07 1.3967e-09 2.01968e-07 1.51205e-11 12 1 0.5 12
7.26e+07 1.75099e-09 2.07213e-07 3.32573e-11 7 1 0.5 7
7.27e+07 1.36901e-09 2.14513e-07 1.69544e-11 11 1 0.5 11
7.28e+07 1.62491e-09 2.12541e-07 1.37269e-11 16 1 0.5 16
7.29e+07 1.34789e-09 2.19515e-07 1.16766e-11 16 1 0.5 16
7.3e+07 1.51134e-09 2.12058e-07 2.26928e-11 9 1 0.5 9
7.31e+07 1.49042e-09 2.14016e-07 2.90131e-11 7 1 0.5 7
7.32e+07 1.59209e-09 2.04295e-07 4.19353e-11 5 1 0.5 5
7.33e+07 1.40296e-09 1.98701e-07 2.25263e-11 8 1 0.5 8
7.34e+07 1.55904e-09 2.04991e-07 3.42649e-11 6 1 0.5 6
7.35e+07 1.25896e-09 2.09372e-07 1.40153e-11 12 1 0.5 12
7.36e+07 1.42821e-09 2.08001e-07 2.37675e-11 8 1 0.5 8
7.37e+07 1.23622e-09 2.12001e-07 1.66851e-11 10 1 0.5 10
7.38e+07 1.25727e-09 2.0723e-07 2.38435e-11 7 1 0.5 7
7.39e+07 1.39719e-09 2.09684e-07 2.07877e-11 9 1 0.5 9
7.4e+07 1.77607e-09 2.04683e-07 2.1217e-11 11 1 0.5 11
7.41e+07 1.22475e-09 2.06752e-07 3.25094e-11 5 1 0.5 5
7.42e+07 1.03126e-09 2.17711e-07 1.09224e-11 13 1 0.5 13
7.43e+07 1.69445e-09 2.12603e-07 2.55057e-11 9 1 0.5 9
7.44e+07 1.60985e-09 2.14071e-07 4.39953e-11 5 1 0.5 5
7.45e+07 1.56122e-09 1.97689e-07 1.81439e-11 11 1 0.5 11
7.46e+07 1.61439e-09 2.09344e-07 1.96228e-11 11 1 0.5 11
7.47e+07 1.19351e-09 2.07559e-07 2.6452e-11 6 1 0.5 6
7.48e+07 1.85801e-09 2.05658e-07 2.04187e-11 12 1 0.5 12
7.49e+07 1.4607e-09 2.05582e-07 1.6036e-11 12 1 0.5 12
7.5e+07 1.15889e-09 2.01205e-07 1.66843e-11 9 1 0.5 9
7.51e+07 1.38486e-09 2.06396e-07 1.8308e-11 10 1 0.5 10
7.52e+07 1.81747e-09 2.20681e-07 4.23823e-11 6 1 0.5 6
7.53e+07 1.51807e-09 2.0527e-07 3.33948e-11 6 1 0.5 6
7.54e+07 1.55349e-09 2.08927e-07 2.59519e-11 8 1 0.5 8
7.55e+07 1.68166e-09 2.07582e-07 4.48709e-11 5 1 0.5 5
7.56e+07 1.3693e-09 2.03324e-07 2.98821e-11 6 1 0.5 6
7.57e+07 9.66728e-10 2.11104e-07 1.62548e-11 8 1 0.5 8
7.58e+07 1.70864e-09 2.17982e-07 4.73917e-11 5 1 0.5 5
7.59e+07 1.29368e-09 1.98067e-07 2.76539e-11 6 1 0.5 6
7.6e+07 1.23587e-09 1.99904e-07 1.59304e-11 10 1 0.5 10
7.61e+07 1.95483e-09 2.0957e-07 2.61882e-11 10 1 0.5 10
7.62e+07 1.81439e-09 2.0517e-07 3.42016e-11 7 1 0.5 7
7.63e+07 1.39891e-09 2.08147e-07 2.32908e-11 8 1 0.5 8
7.64e+07 1.41294e-09 2.0165e-07 3.0641e-11 6 1 0.5 6
7.65e+07 1.46605e-09 2.06051e-07 2.76975e-11 7 1 0.5 7
7.66e+07 1.57652e-09 2.03428e-07 2.57934e-11 8 1 0.5 8
7.67e+07 1.08924e-09 2.03647e-07 1.58271e-11 9 1 0.5 9
7.68e+07 1.63969e-09 2.05563e-07 2.70518e-11 8 1 0.5 8
7.69e+07 1.58054e-09 2.11553e-07 2.66718e-11 8 1 0.5 8
7.7e+07 1.38185e-09 2.0279e-07 3.00955e-11 6 1 0.5 6
7.71e+07 1.42939e-09 2.16232e-07 1.96043e-11 10 1 0.5 10
7.72e+07 1.2396e-09 2.03749e-07 1.47395e-11 11 1 0.5 11
7.73e+07 1.75342e-09 2.16415e-07 2.6771e-11 9 1 0.5 9
7.74e+07 1.63421e-09 2.01243e-07 2.6517e-11 8 1 0.5 8
7.75e+07 1.70218e-09 2.10021e-07 3.26692e-11 7 1 0.5 7
7.76e+07 1.66299e-09 2.17965e-07 5.76247e-11 6 1 0.5 6
7.77e+07 1.64516e-09 1.93246e-07 3.45459e-11 6 1 0.5 6
7.78e+07 1.7764e-09 2.10616e-07 3.9914e-11 6 1 0.5 6
7.79e+07 1.16476e-09 2.09311e-07 1.41427e-11 11 1 0.5 11
7.8e+07 1.77204e-09 2.06297e-07 2.34381e-11 10 1 0.5 10
7.81e+07 8.54601e-10 1.98998e-07 9.96892e-12 11 1 0.5 11
7.82e+07 1.19873e-09 2.06379e-07 2.26558e-11 7 1 0.5 7
7.83e+07 1.49206e-09 2.16929e-07 1.70891e-11 12 1 0.5 12
7.84e+07 9.88708e-10 2.12702e-07 1.67244e-11 8 1 0.5 8
7.85e+07 1.7269e-09 1.98845e-07 3.70857e-11 6 1 0.5 6
7.86e+07 1.15233e-09 2.02526e-07 1.66743e-11 9 1 0.5 9
7.87e+07 1.63706e-09 2.04753e-07 3.07924e-11 7 1 0.5 7
7.88e+07 1.89434e-09 2.08463e-07 5.07632e-11 5 1 0.5 5
7.89e+07 1.34058e-09 2.09707e-07 1.99445e-11 9 1 0.5 9
7.9e+07 1.59166e-09 2.02498e-07 1.47985e-11 14 1 0.5 14
7.91e+07 1.94372e-09 1.96119e-07 3.09389e-11 8 1 0.5 8
7.92e+07 1.05493e-09 2.09045e-07 1.7606e-11 8 1 0.5 8
7.93e+07 1.60685e-09 2.01536e-07 2.98495e-11 7 1 0.5 7
7.94e+07 1.45387e-09 2.05264e-07 1.91406e-11 10 1 0.5 10
7.95e+07 1.71959e-09 2.11313e-07 3.31649e-11 7 1 0.5 7
7.96e+07 1.35339e-09 1.99268e-07 1.74066e-11 10 1 0.5 10
7.97e+07 1.70884e-09 2.00445e-07 3.162e-11 7 1 0.5 7
7.98e+07 1.54133e-09 2.07106e-07 2.04387e-11 10 1 0.5 10
7.99e+07 1.72959e-09 2.05358e-07 4.57708e-11 5 1 0.5 5
8e+07 1.32857e-09 2.05318e-07 2.92107e-11 6 1 0.5 6
8.01e+07 1.27239e-09 1.98449e-07 1.35845e-11 12 1 0.5 12
8.02e+07 1.2142e-09 2.07664e-07 2.30613e-11 7 1 0.5 7
8.03e+07 1.46032e-09 2.00359e-07 2.36031e-11 8 1 0.5 8
8.04e+07 1.57743e-09 2.14229e-07 5.40113e-11 4 1 0.5 4
8.05e+07 1.45169e-09 2.03811e-07 2.11257e-11 9 1 0.5 9
8.06e+07 1.32097e-09 2.06578e-07 1.45531e-11 12 1 0.5 12
8.07e+07 1.4057e-09 2.09244e-07 3.76961e-11 5 1 0.5 5
8.08e+07 2.03089e-09 2.18341e-07 2.81087e-11 10 1 0.5 10
8.09e+07 1.86283e-09 2.06009e-07 3.52327e-11 7 1 0.5 7
8.1e+07 1.82531e-09 2.09777e-07 4.08919e-11 6 1 0.5 6
8.11e+07 1.55212e-09 2.09475e-07 2.30837e-11 9 1 0.5 9
8.12e+07 1.34831e-09 2.07402e-07 3.58974e-11 5 1 0.5 5
8.13e+07 1.90006e-09 2.04982e-07 5.02485e-11 5 1 0.5 5
8.14e+07 1.12794e-09 2.12128e-07 1.69239e-11 9 1 0.5 9
8.15e+07 1.89695e-09 2.04578e-07 3.56865e-11 7 1 0.5 7
8.16e+07 1.03938e-09 2.12353e-07 2.81508e-11 5 1 0.5 5
8.17e+07 1.60582e-09 2.02638e-07 2.61951e-11 8 1 0.5 8
8.18e+07 1.7763e-09 2.088e-07 2.15538e-11 11 1 0.5 11
8.19e+07 2.27588e-09 1.97284e-07 4.86733e-11 6 1 0.5 6
8.2e+07 1.80615e-09 2.02276e-07 4.72505e-11 5 1 0.5 5
8.21e+07 1.53161e-09 2.03905e-07 3.35189e-11 6 1 0.5 6
8.22e+07 1.49684e-09 2.04775e-07 1.96715e-11 10 1 0.5 10
8.23e+07 1.52309e-09 2.02823e-07 2.8427e-11 7 1 0.5 7
8.24e+07 1.56772e-09 2.0427e-07 4.12849e-11 5 1 0.5 5
8.25e+07 1.17846e-09 2.20147e-07 4.1135e-11 4 1 0.5 4
8.26e+07 1.41627e-09 1.9725e-07 2.58574e-11 7 1 0.5 7
8.27e+07 1.81282e-09 2.09801e-07 5.97729e-11 8 1 0.5 8
8.28e+07 1.58014e-09 2.03843e-07 2.9613e-11 7 1 0.5 7
8.29e+07 2.01626e-09 2.12423e-07 3.9086e-11 7 1 0.5 7
8.3e+07 1.35072e-09 2.15412e-07 1.84664e-11 10 1 0.5 10
8.31e+07 1.71104e-09 2.03196e-07 3.73687e-11 6 1 0.5 6
8.32e+07 1.61445e-09 2.0831e-07 3.59401e-11 6 1 0.5 6
8.33e+07 1.90131e-09 2.12226e-07 5.16758e-11 5 1 0.5 5
8.34e+07 1.42009e-09 1.94558e-07 1.79314e-11 10 1 0.5 10
8.35e+07 1.57726e-09 2.11258e-07 3.54977e-11 6 1 0.5 6
8.36e+07 1.28219e-09 2.11377e-07 1.91922e-11 9 1 0.5 9
8.37e+07 1.50341e-09 2.01095e-07 2.43719e-11 8 1 0.5 8
8.38e+07 2.5734e-09 2.06642e-07 4.89013e-11 7 1 0.5 7
8.39e+07 1.59158e-09 2.10131e-07 2.67115e-11 8 1 0.5 8
8.4e+07 1.22686e-09 2.04247e-07 2.01161e-11 8 1 0.5 8
8.41e+07 1.60795e-09 2.21132e-07 3.2136e-11 7 1 0.5 7
8.42e+07 1.16443e-09 2.28874e-07 2.38836e-11 7 1 0.5 7
8.43e+07 1.53112e-09 2.04618e-07 2.87751e-11 7 1 0.5 7
8.44e+07 8.18451e-10 2.12008e-07 1.10362e-11 10 1 0.5 10
8.45e+07 2.06409e-09 2.01917e-07 3.36197e-11 8 1 0.5 8
8.46e+07 1.3527e-09 2.02079e-07 2.20032e-11 8 1 0.5 8
8.47e+07 1.14334e-09 2.05402e-07 2.09738e-11 8 1 0.5 8
8.48e+07 1.87915e-09 2.14895e-07 2.85401e-11 9 1 0.5 9
8.49e+07 1.27055e-09 2.1663e-07 2.18223e-11 8 1 0.5 8
8.5e+07 1.69801e-09 2.08645e-07 1.8867e-11 12 1 0.5 12
8.51e+07 1.46863e-09 2.15737e-07 3.35911e-11 6 1 0.5 6
8.52e+07 1.60056e-09 2.06902e-07 3.02033e-11 9 1 0.5 9
8.53e+07 1.19331e-09 2.01147e-07 1.71775e-11 9 1 0.5 9
8.54e+07 1.32753e-09 2.08015e-07 1.96242e-11 9 1 0.5 9
8.55e+07 1.41991e-09 2.07548e-07 1.88549e-11 10 1 0.5 10
8.56e+07 1.8699e-09 2.09926e-07 3.13834e-11 8 1 0.5 8
8.57e+07 1.31894e-09 2.04539e-07 1.92412e-11 9 1 0.5 9
8.58e+07 1.59545e-09 1.93006e-07 2.86581e-11 7 1 0.5 7
8.59e+07 1.52226e-09 2.09499e-07 2.54826e-11 8 1 0.5 8
8.6e+07 1.62894e-09 2.06564e-07 3.60257e-11 6 1 0.5 6
8.61e+07 1.27811e-09 2.03666e-07 2.09129e-11 8 1 0.5 8
8.62e+07 1.58271e-09 2.12262e-07 5.38001e-11 4 1 0.5 4
8.63e+07 1.48294e-09 2.08679e-07 2.82981e-11 7 1 0.5 7
8.64e+07 1.31517e-09 2.09419e-07 1.95442e-11 9 1 0.5 9
8.65e+07 1.34466e-09 2.0629e-07 1.77677e-11 10 1 0.5 10
8.66e+07 1.59869e-09 2.03178e-07 2.61326e-11 8 1 0.5 8
8.67e+07 1.98155e-09 2.10197e-07 3.80908e-11 7 1 0.5 7
8.68e+07 1.45098e-09 2.00704e-07 2.3483e-11 8 1 0.5 8
8.69e+07 1.33237e-09 2.16749e-07 2.0345e-11 9 1 0.5 9
8.7e+07 9.45776e-10 2.10011e-07 1.81066e-11 7 1 0.5 7
8.71e+07 1.7725e-09 2.09171e-07 2.63458e-11 9 1 0.5 9
8.72e+07 1.96351e-09 2.07735e-07 3.73931e-11 7 1 0.5 7
8.73e+07 1.80875e-09 2.05211e-07 3.41e-11 7 1 0.5 7
8.74e+07 1.65269e-09 2.07346e-07 3.66627e-11 6 1 0.5 6
8.75e+07 1.57435e-09 1.99303e-07 2.25215e-11 9 1 0.5 9
8.76e+07 1.583e-09 2.05554e-07 2.31982e-11 9 1 0.5 9
8.77e+07 1.481e-09 2.0949e-07 1.80063e-11 11 1 0.5 11
8.78e+07 1.43606e-09 2.00246e-07 2.65294e-11 7 1 0.5 7
8.79e+07 1.52044e-09 1.9837e-07 1.94937e-11 10 1 0.5 10
8.8e+07 1.54362e-09 2.05991e-07 3.40535e-11 6 1 0.5 6
8.81e+07 1.46199e-09 2.1794e-07 1.68055e-11 12 1 0.5 12
8.82e+07 1.26155e-09 2.0715e-07 1.28534e-11 13 1 0.5 13
8.83e+07 1.44298e-09 2.1034e-07 2.77041e-11 7 1 0.5 7
8.84e+07 1.26335e-09 2.12592e-07 2.854e-11 6 1 0.5 6
8.85e+07 1.75793e-09 2.16022e-07 3.0169e-11 8 1 0.5 8
8.86e+07 1.54871e-09 2.04772e-07 4.08594e-11 5 1 0.5 5
8.87e+07 2.12347e-09 2.07036e-07 2.34702e-11 12 1 0.5 12
8.88e+07 1.49546e-09 2.04703e-07 2.81108e-11 7 1 0.5 7
8.89e+07 1.23855e-09 2.11617e-07 1.39037e-11 12 1 0.5 12
8.9e+07 1.2726e-09 2.08784e-07 1.54249e-11 11 1 0.5 11
8.91e+07 1.74811e-09 2.10383e-07 2.93795e-11 8 1 0.5 8
8.92e+07 1.81154e-09 2.13662e-07 3.52553e-11 7 1 0.5 7
8.93e+07 1.91021e-09 2.04981e-07 3.14687e-11 8 1 0.5 8
8.94e+07 1.54968e-09 2.02905e-07 3.37864e-11 6 1 0.5 6
8.95e+07 1.27873e-09 2.04185e-07 1.86275e-11 9 1 0.5 9
8.96e+07 1.58572e-09 1.97885e-07 3.39084e-11 6 1 0.5 6
8.97e+07 1.0988e-09 2.2165e-07 1.70684e-11 9 1 0.5 9
8.98e+07 1.33723e-09 2.08726e-07 1.48528e-11 12 1 0.5 12
8.99e+07 9.11809e-10 2.06183e-07 1.72044e-11 7 1 0.5 7
9e+07 1.60485e-09 2.06838e-07 2.36347e-11 9 1 0.5 9
9.01e+07 1.11765e-09 2.14759e-07 1.6933e-11 9 1 0.5 9
9.02e+07 1.18695e-09 2.02667e-07 1.71862e-11 9 1 0.5 9
9.03e+07 9.79099e-10 2.12561e-07 2.2092e-11 6 1 0.5 6
9.04e+07 1.57499e-09 2.0298e-07 2.94183e-11 7 1 0.5 7
9.05e+07 1.3391e-09 2.10018e-07 2.9971e-11 6 1 0.5 6
9.06e+07 1.33581e-09 2.05948e-07 1.95931e-11 9 1 0.5 9
9.07e+07 1.85383e-09 2.01452e-07 3.74649e-11 7 1 0.5 7
9.08e+07 1.44424e-09 1.99695e-07 4.67625e-11 4 1 0.5 4
9.09e+07 1.89033e-09 2.10456e-07 4.2467e-11 6 1 0.5 6
9.1e+07 1.59666e-09 2.05731e-07 2.63555e-11 8 1 0.5 8
9.11e+07 1.25039e-09 2.0091e-07 3.24589e-11 5 1 0.5 5
9.12e+07 1.75802e-09 2.09318e-07 3.3658e-11 7 1 0.5 7
9.13e+07 1.66662e-09 2.04963e-07 3.66402e-11 6 1 0.5 6
9.14e+07 1.67464e-09 2.13541e-07 3.80246e-11 6 1 0.5 6
9.15e+07 1.93372e-09 2.07696e-07 3.6817e-11 7 1 0.5 7
9.16e+07 1.72251e-09 2.05699e-07 1.89279e-11 12 1 0.5 12
9.17e+07 1.66144e-09 2.05959e-07 1.82728e-11 12 1 0.5 12
9.18e+07 1.41039e-09 2.09294e-07 1.88517e-11 10 1 0.5 10
9.19e+07 1.21346e-09 2.0523e-07 9.96726e-12 16 1 0.5 16
9.2e+07 1.72159e-09 2.08271e-07 3.8335e-11 6 1 0.5 6
9.21e+07 1.45902e-09 2.04251e-07 1.59363e-11 12 1 0.5 12
9.22e+07 1.53006e-09 2.14088e-07 1.73445e-11 12 1 0.5 12
9.23e+07 1.21773e-09 2.14195e-07 2.07259e-11 8 1 0.5 8
9.24e+07 1.3093e-09 2.05926e-07 2.16109e-11 8 1 0.5 8
9.25e+07 1.33134e-09 2.01778e-07 1.92177e-11 9 1 0.5 9
9.26e+07 1.88675e-09 2.15352e-07 2.87043e-11 9 1 0.5 9
9.27e+07 1.94521e-09 2.04804e-07 2.13109e-11 12 1 0.5 12
9.28e+07 1.42649e-09 2.18213e-07 3.29607e-11 6 1 0.5 6
9.29e+07 1.70507e-09 2.0764e-07 1.74177e-11 13 1 0.5 13
9.3e+07 1.47506e-09 2.11396e-07 1.65526e-11 12 1 0.5 12
9.31e+07 1.24338e-09 2.048e-07 1.81536e-11 9 1 0.5 9
9.32e+07 1.48991e-09 1.9669e-07 2.7148e-11 7 1 0.5 7
9.33e+07 1.01966e-09 2.14141e-07 2.77972e-11 5 1 0.5 5
9.34e+07 1.64161e-09 2.0948e-07 2.44206e-11 9 1 0.5 9
9.35e+07 1.54581e-09 1.99327e-07 3.32373e-11 6 1 0.5 6
9.36e+07 1.82352e-09 2.11452e-07 3.51997e-11 7 1 0.5 7
9.37e+07 1.16579e-09 2.08872e-07 9.70803e-12 16 1 0.5 16
9.38e+07 8.53841e-10 2.02373e-07 9.24881e-12 12 1 0.5 12
9.39e+07 1.40683e-09 2.07014e-07 1.69431e-11 11 1 0.5 11
9.4e+07 1.61641e-09 2.16256e-07 2.4656e-11 9 1 0.5 9
9.41e+07 1.94205e-09 2.03801e-07 2.31293e-11 11 1 0.5 11
9.42e+07 1.78828e-09 2.0989e-07 2.66533e-11 9 1 0.5 9
9.43e+07 9.31875e-10 2.02438e-07 1.21222e-11 10 1 0.5 10
9.44e+07 9.35061e-10 2.06682e-07 1.12363e-11 11 1 0.5 11
9.45e+07 1.74359e-09 2.08915e-07 1.66161e-11 14 1 0.5 14
9.46e+07 1.27865e-09 2.03646e-07 2.09202e-11 8 1 0.5 8
9.47e+07 1.36825e-09 2.09909e-07 3.67771e-11 5 1 0.5 5
9.48e+07 1.11622e-09 2.06964e-07 1.47794e-11 10 1 0.5 10
9.49e+07 1.55098e-09 2.13977e-07 3.52568e-11 6 1 0.5 6
9.5e+07 1.62368e-09 2.1087e-07 2.73282e-11 8 1 0.5 8
9.51e+07 1.12557e-09 2.061e-07 1.48548e-11 10 1 0.5 10
9.52e+07 1.61679e-09 2.08293e-07 2.15392e-11 10 1 0.5 10
9.53e+07 1.88739e-09 2.05781e-07 3.56691e-11 7 1 0.5 7
9.54e+07 1.4324e-09 2.19215e-07 1.80491e-11 11 1 0.5 11
9.55e+07 1.70227e-09 2.08415e-07 3.24742e-11 7 1 0.5 7
9.56e+07 1.50248e-09 2.05295e-07 3.97107e-11 5 1 0.5 5
9.57e+07 1.36099e-09 2.10166e-07 2.61061e-11 7 1 0.5 7
9.58e+07 1.31265e-09 2.03149e-07 1.71367e-11 10 1 0.5 10
9.59e+07 1.22023e-09 2.07998e-07 1.62237e-11 10 1 0.5 10
9.6e+07 1.6643e-09 1.96425e-07 5.32645e-11 4 1 0.5 4
9.61e+07 1.77796e-09 2.11638e-07 4.81901e-11 5 1 0.5 5
9.62e+07 1.43614e-09 2.1376e-07 3.26253e-11 6 1 0.5 6
9.63e+07 1.31363e-09 2.05392e-07 2.47435e-11 7 1 0.5 7
9.64e+07 1.30087e-09 2.05701e-07 2.45309e-11 7 1 0.5 7
9.65e+07 1.64375e-09 1.9932e-07 2.64738e-11 8 1 0.5 8
9.66e+07 1.27602e-09 2.108e-07 2.14499e-11 8 1 0.5 8
9.67e+07 1.75452e-09 2.0857e-07 2.34132e-11 10 1 0.5 10
9.68e+07 1.61667e-09 2.04934e-07 1.93251e-11 11 1 0.5 11
9.69e+07 1.81476e-09 2.07228e-07 3.01449e-11 8 1 0.5 8
9.7e+07 1.43525e-09 2.00988e-07 1.32634e-11 14 1 0.5 14
9.71e+07 1.70549e-09 2.07586e-07 2.51945e-11 9 1 0.5 9
9.72e+07 1.43163e-09 1.99572e-07 1.4172e-11 13 1 0.5 13
9.73e+07 1.30585e-09 2.17474e-07 2.25003e-11 8 1 0.5 8
9.74e+07 1.78759e-09 2.06196e-07 2.95753e-11 8 1 0.5 8
9.75e+07 1.13642e-09 2.09825e-07 1.38244e-11 11 1 0.5 11
9.76e+07 1.36195e-09 2.10091e-07 2.28393e-11 8 1 0.5 8
9.77e+07 1.64214e-09 2.07315e-07 3.1191e-11 7 1 0.5 7
9.78e+07 1.26032e-09 2.00747e-07 3.26975e-11 5 1 0.5 5
9.79e+07 1.21868e-09 2.17862e-07 1.5274e-11 11 1 0.5 11
9.8e+07 1.67653e-09 2.04615e-07 2.44866e-11 9 1 0.5 9
9.81e+07 1.11865e-09 2.11834e-07 1.67659e-11 9 1 0.5 9
9.82e+07 2.11686e-09 2.1248e-07 3.58942e-11 8 1 0.5 8
9.83e+07 1.76823e-09 2.05726e-07 2.01056e-10 4 1 0.5 4
9.84e+07 1.83218e-09 1.96827e-07 2.59726e-11 9 1 0.5 9
9.85e+07 1.54924e-09 2.1023e-07 3.47296e-11 6 1 0.5 6
9.86e+07 1.41913e-09 2.09948e-07 1.58374e-11 12 1 0.5 12
9.87e+07 1.23659e-09 2.07072e-07 1.63843e-11 10 1 0.5 10
9.88e+07 1.47664e-09 2.16348e-07 2.02632e-11 10 1 0.5 10
9.89e+07 1.76913e-09 2.08923e-07 2.14764e-11 11 1 0.5 11
9.9e+07 1.55875e-09 2.05437e-07 3.43168e-11 6 1 0.5 6
9.91e+07 1.4959e-09 1.9288e-07 3.13492e-11 6 1 0.5 6
9.92e+07 1.77156e-09 2.11038e-07 4.79078e-11 5 1 0.5 5
9.93e+07 1.54902e-09 2.08379e-07 2.58235e-11 8 1 0.5 8
9.94e+07 1.37525e-09 2.05987e-07 3.03197e-11 6 1 0.5 6
9.95e+07 1.29092e-09 2.1123e-07 2.90186e-11 6 1 0.5 6
9.96e+07 1.45991e-09 2.0476e-07 3.20459e-11 6 1 0.5 6
9.97e+07 1.61019e-09 2.17537e-07 5.58175e-11 4 1 0.5 4
9.98e+07 1.57785e-09 2.10668e-07 3.03441e-11 7 1 0.5 7
9.99e+07 1.36919e-09 2.07561e-07 1.39743e-11 13 1 0.5 13
1e+08 1.53267e-09 2.04847e-07 1.83117e-11 11 1 0.5 11
