0 1.50659e-09 2.07143e-07 1.91083e-11 11 1 0.5 11
100000 1.33593e-09 2.05276e-07 2.93688e-11 6 1 0.5 6
200000 1.26878e-09 2.11535e-07 1.55377e-11 11 1 0.5 11
300000 1.54639e-09 1.968e-07 1.093e-11 18 1 0.5 18
400000 1.85519e-09 2.03797e-07 3.47918e-11 7 1 0.5 7
500000 1.74578e-09 2.14273e-07 1.98108e-11 12 1 0.5 12
600000 1.16927e-09 2.03353e-07 1.388e-11 11 1 0.5 11
700000 1.45901e-09 2.08647e-07 3.25019e-11 6 1 0.5 6
800000 1.44174e-09 2.10928e-07 3.89135e-11 5 1 0.5 5
900000 1.71955e-09 2.05094e-07 3.78301e-11 6 1 0.5 6
1e+06 1.40606e-09 2.05548e-07 1.85293e-11 10 1 0.5 10
1.1e+06 1.52813e-09 2.10471e-07 3.42847e-11 6 1 0.5 6
1.2e+06 1.00666e-09 2.08943e-07 1.67918e-11 8 1 0.5 8
1.3e+06 2.74758e-09 2.14027e-07 9.46502e-11 4 1 0.5 4
1.4e+06 1.50195e-09 2.09988e-07 1.82959e-11 11 1 0.5 11
1.5e+06 1.85622e-09 2.08554e-07 2.7532e-11 9 1 0.5 9
1.6e+06 1.48336e-09 2.08155e-07 1.23247e-11 16 1 0.5 16
1.7e+06 1.66247e-09 1.91519e-07 2.59611e-11 8 1 0.5 8
1.8e+06 1.65419e-09 2.0377e-07 2.4081e-11 9 1 0.5 9
1.9e+06 1.17392e-09 2.18166e-07 2.31774e-11 7 1 0.5 7
2e+06 1.11636e-09 2.04129e-07 2.44144e-11 6 1 0.5 6
2.1e+06 1.76567e-09 2.0685e-07 3.34916e-11 7 1 0.5 7
2.2e+06 1.66858e-09 2.15243e-07 1.89997e-11 12 1 0.5 12
2.3e+06 1.61282e-09 2.08235e-07 2.14815e-11 10 1 0.5 10
2.4e+06 1.60372e-09 2.05489e-07 3.02469e-11 7 1 0.5 7
2.5e+06 1.03562e-09 2.10358e-07 1.38859e-11 10 1 0.5 10
2.6e+06 1.6005e-09 2.01891e-07 5.23108e-11 4 1 0.5 4
2.7e+06 1.74484e-09 2.05138e-07 2.55396e-11 9 1 0.5 9
2.8e+06 1.8955e-09 2.0409e-07 3.11187e-11 8 1 0.5 8
2.9e+06 1.10312e-09 2.15891e-07 1.90126e-11 8 1 0.5 8
3e+06 1.63994e-09 2.093e-07 4.40367e-11 5 1 0.5 5
3.1e+06 1.87986e-09 2.10239e-07 4.21956e-11 6 1 0.5 6
3.2e+06 1.39989e-09 2.14508e-07 1.92445e-11 10 1 0.5 10
3.3e+06 1.7372e-09 2.08632e-07 2.57665e-11 9 1 0.5 9
3.4e+06 1.14506e-09 2.14241e-07 2.60141e-11 6 1 0.5 6
3.5e+06 1.47689e-09 1.98737e-07 6.37179e-11 3 1 0.5 3
3.6e+06 1.20049e-09 2.04077e-07 1.96696e-11 8 1 0.5 8
3.7e+06 9.71349e-10 1.9946e-07 1.24919e-11 10 1 0.5 10
3.8e+06 1.68246e-09 2.08365e-07 3.74714e-11 6 1 0.5 6
3.9e+06 1.60082e-09 2.0505e-07 1.91435e-11 11 1 0.5 11
4e+06 1.60659e-09 2.03143e-07 3.50667e-11 6 1 0.5 6
4.1e+06 1.51132e-09 2.12134e-07 5.13275e-11 4 1 0.5 4
4.2e+06 1.82252e-09 2.07047e-07 2.01333e-11 12 1 0.5 12
4.3e+06 1.01477e-09 2.06432e-07 1.48997e-11 9 1 0.5 9
4.4e+06 2.11768e-09 1.9881e-07 5.47329e-11 5 1 0.5 5
4.5e+06 1.54808e-09 2.15475e-07 1.51121e-11 14 1 0.5 14
4.6e+06 1.64794e-09 2.03213e-07 4.32372e-11 5 1 0.5 5
4.7e+06 1.29266e-09 2.03401e-07 2.41622e-11 7 1 0.5 7
4.8e+06 1.14535e-09 2.03856e-07 2.1436e-11 7 1 0.5 7
4.9e+06 1.33751e-09 2.05556e-07 1.6017e-11 11 1 0.5 11
5e+06 1.61406e-09 2.05947e-07 3.0496e-11 7 1 0.5 7
5.1e+06 1.92662e-09 2.09669e-07 4.33101e-11 6 1 0.5 6
5.2e+06 1.306e-09 2.03767e-07 1.89956e-11 9 1 0.5 9
5.3e+06 1.3804e-09 2.10731e-07 2.06176e-11 9 1 0.5 9
5.4e+06 2.03667e-09 2.08482e-07 9.16407e-11 3 1 0.5 3
5.5e+06 1.90448e-09 2.02233e-07 3.10442e-11 8 1 0.5 8
5.6e+06 1.86279e-09 2.0251e-07 3.47626e-11 7 1 0.5 7
5.7e+06 1.4157e-09 2.14087e-07 2.14119e-11 9 1 0.5 9
5.8e+06 1.00333e-09 2.05573e-07 1.20077e-11 11 1 0.5 11
5.9e+06 1.68611e-09 2.10993e-07 4.55715e-11 5 1 0.5 5
6e+06 1.2957e-09 2.10356e-07 2.90316e-11 6 1 0.5 6
6.1e+06 1.35152e-09 2.09558e-07 2.26185e-11 8 1 0.5 8
6.2e+06 1.68641e-09 2.08585e-07 3.75913e-11 6 1 0.5 6
6.3e+06 1.06359e-09 2.05994e-07 2.00637e-11 7 1 0.5 7
6.4e+06 1.60488e-09 2.08947e-07 3.0668e-11 7 1 0.5 7
6.5e+06 1.46613e-09 2.13751e-07 2.85101e-11 7 1 0.5 7
6.6e+06 1.48164e-09 1.9649e-07 2.35889e-11 8 1 0.5 8
6.7e+06 1.81467e-09 2.07269e-07 3.44813e-11 7 1 0.5 7
6.8e+06 1.37261e-09 2.01538e-07 3.57375e-11 5 1 0.5 5
6.9e+06 1.73294e-09 2.09385e-07 3.31835e-11 7 1 0.5 7
7e+06 1.30608e-09 1.95588e-07 2.07101e-11 8 1 0.5 8
7.1e+06 1.53978e-09 2.03095e-07 2.877e-11 7 1 0.5 7
7.2e+06 1.50018e-09 2.03106e-07 2.45089e-11 8 1 0.5 8
7.3e+06 1.10845e-09 2.19664e-07 1.7096e-11 9 1 0.5 9
7.4e+06 1.41167e-09 2.04704e-07 2.32638e-11 8 1 0.5 8
7.5e+06 1.104e-09 2.16569e-07 1.89484e-11 8 1 0.5 8
7.6e+06 1.19018e-09 2.05175e-07 1.11728e-11 14 1 0.5 14
7.7e+06 1.83247e-09 2.07192e-07 1.34871e-11 18 1 0.5 18
7.8e+06 1.08496e-09 2.149e-07 9.23853e-12 16 1 0.5 16
7.9e+06 1.2722e-09 2.1327e-07 1.91764e-11 9 1 0.5 9
8e+06 1.67001e-09 2.09326e-07 2.79495e-11 8 1 0.5 8
8.1e+06 2.01405e-09 1.98814e-07 2.58951e-11 10 1 0.5 10
8.2e+06 1.9002e-09 2.04524e-07 5.0164e-11 5 1 0.5 5
8.3e+06 1.6652e-09 2.03416e-07 1.8137e-11 12 1 0.5 12
8.4e+06 1.30828e-09 1.97854e-07 3.35677e-11 5 1 0.5 5
8.5e+06 1.36627e-09 2.10384e-07 3.06242e-11 6 1 0.5 6
8.6e+06 1.50308e-09 2.13654e-07 1.85612e-11 11 1 0.5 11
8.7e+06 1.78414e-09 2.07762e-07 2.96938e-11 8 1 0.5 8
8.8e+06 1.60678e-09 2.08118e-07 2.37782e-11 9 1 0.5 9
8.9e+06 1.35375e-09 2.0775e-07 2.25024e-11 8 1 0.5 8
9e+06 1.04823e-09 2.13444e-07 1.58016e-11 9 1 0.5 9
9.1e+06 1.19169e-09 2.02029e-07 1.54865e-11 10 1 0.5 10
9.2e+06 1.95053e-09 2.06925e-07 2.58709e-11 10 1 0.5 10
9.3e+06 1.44951e-09 2.07895e-07 3.86816e-11 5 1 0.5 5
9.4e+06 1.2984e-09 2.10585e-07 1.58451e-11 11 1 0.5 11
9.5e+06 1.36823e-09 2.08223e-07 2.02438e-11 9 1 0.5 9
9.6e+06 1.41623e-09 2.16813e-07 1.76896e-11 11 1 0.5 11
9.7e+06 1.38659e-09 2.12541e-07 1.87586e-11 10 1 0.5 10
9.8e+06 1.89976e-09 2.1083e-07 8.61233e-11 3 1 0.5 3
9.9e+06 1.21494e-09 2.03893e-07 1.98931e-11 8 1 0.5 8
1e+07 1.25697e-09 2.02948e-07 1.63951e-11 10 1 0.5 10
1.01e+07 1.08322e-09 2.1398e-07 2.95213e-11 5 1 0.5 5
1.02e+07 1.20636e-09 2.17108e-07 1.38183e-11 12 1 0.5 12
1.03e+07 1.66106e-09 2.08571e-07 5.58289e-11 4 1 0.5 4
1.04e+07 1.1807e-09 2.10077e-07 1.21611e-11 13 1 0.5 13
1.05e+07 1.04633e-09 2.15795e-07 2.87016e-11 5 1 0.5 5
1.06e+07 1.80921e-09 2.0749e-07 2.6724e-11 9 1 0.5 9
1.07e+07 1.94361e-09 2.05186e-07 3.2047e-11 8 1 0.5 8
1.08e+07 1.31804e-09 2.07598e-07 2.50356e-11 7 1 0.5 7
1.09e+07 1.64269e-09 2.12896e-07 3.18615e-11 7 1 0.5 7
1.1e+07 9.7135e-10 2.0972e-07 1.18077e-11 11 1 0.5 11
1.11e+07 1.35325e-09 2.14489e-07 3.07967e-11 6 1 0.5 6
1.12e+07 1.51457e-09 2.01909e-07 2.18834e-11 9 1 0.5 9
1.13e+07 1.43779e-09 2.0997e-07 1.92679e-11 10 1 0.5 10
1.14e+07 2.3182e-09 2.15277e-07 3.52979e-11 9 1 0.5 9
1.15e+07 1.46241e-09 2.1334e-07 1.98464e-11 10 1 0.5 10
1.16e+07 1.44871e-09 1.9778e-07 3.09506e-11 6 1 0.5 6
1.17e+07 1.84814e-09 2.07401e-07 3.07226e-11 8 1 0.5 8
1.18e+07 1.25735e-09 2.02557e-07 1.63754e-11 10 1 0.5 10
1.19e+07 1.26394e-09 2.07473e-07 2.09822e-11 8 1 0.5 8
1.2e+07 1.13727e-09 2.13895e-07 1.5454e-11 10 1 0.5 10
1.21e+07 1.21284e-09 2.0372e-07 2.64925e-11 6 1 0.5 6
1.22e+07 1.44983e-09 2.02408e-07 2.36194e-11 8 1 0.5 8
1.23e+07 9.46999e-10 2.09107e-07 1.58037e-11 8 1 0.5 8
1.24e+07 1.63161e-09 2.01379e-07 1.92394e-11 11 1 0.5 11
1.25e+07 1.39134e-09 2.17599e-07 2.13148e-11 9 1 0.5 9
1.26e+07 1.74465e-09 2.15491e-07 3.41759e-11 7 1 0.5 7
1.27e+07 1.68539e-09 2.05683e-07 2.7822e-11 8 1 0.5 8
1.28e+07 1.4982e-09 2.14603e-07 2.92285e-11 7 1 0.5 7
1.29e+07 1.89162e-09 2.13061e-07 2.85364e-11 9 1 0.5 9
1.3e+07 1.2378e-09 2.02113e-07 3.22801e-11 5 1 0.5 5
1.31e+07 1.36056e-09 2.03443e-07 2.2248e-11 8 1 0.5 8
1.32e+07 1.61957e-09 1.96469e-07 6.93246e-11 3 1 0.5 3
1.33e+07 1.37249e-09 1.94847e-07 2.17031e-11 8 1 0.5 8
1.34e+07 1.44144e-09 2.00333e-07 2.06964e-11 9 1 0.5 9
1.35e+07 1.63908e-09 2.14729e-07 3.20067e-11 7 1 0.5 7
1.36e+07 2.12672e-09 2.17932e-07 4.91615e-11 6 1 0.5 6
1.37e+07 1.54889e-09 2.1494e-07 3.8831e-11 7 1 0.5 7
1.38e+07 1.84006e-09 2.11426e-07 4.14799e-11 6 1 0.5 6
1.39e+07 1.81397e-09 2.08569e-07 2.01542e-11 12 1 0.5 12
1.4e+07 1.655e-09 2.12318e-07 2.48831e-11 9 1 0.5 9
1.41e+07 2.01853e-09 2.07257e-07 3.83784e-11 7 1 0.5 7
1.42e+07 1.38162e-09 1.95109e-07 2.50097e-11 7 1 0.5 7
1.43e+07 1.36737e-09 2.11331e-07 3.07576e-11 6 1 0.5 6
1.44e+07 1.44271e-09 2.04208e-07 2.10265e-11 9 1 0.5 9
1.45e+07 1.85705e-09 2.06958e-07 3.52497e-11 7 1 0.5 7
1.46e+07 1.62038e-09 2.16054e-07 3.71272e-11 6 1 0.5 6
1.47e+07 2.04324e-09 2.0735e-07 9.15183e-11 3 1 0.5 3
1.48e+07 1.09507e-09 2.09926e-07 1.83386e-11 8 1 0.5 8
1.49e+07 1.15455e-09 2.164e-07 9.25196e-10 6 1 0.5 6
1.5e+07 1.41738e-09 2.0177e-07 2.63379e-11 7 1 0.5 7
1.51e+07 1.44755e-09 2.14294e-07 2.82036e-11 7 1 0.5 7
1.52e+07 1.21958e-09 1.96057e-07 3.88808e-11 4 1 0.5 4
1.53e+07 1.69638e-09 2.0818e-07 1.88164e-11 12 1 0.5 12
1.54e+07 2.10827e-09 2.03878e-07 5.55707e-11 5 1 0.5 5
1.55e+07 1.34329e-09 2.06326e-07 2.22077e-11 8 1 0.5 8
1.56e+07 1.42306e-09 2.04987e-07 3.75541e-11 5 1 0.5 5
1.57e+07 8.83653e-10 2.09078e-07 1.47423e-11 8 1 0.5 8
1.58e+07 1.36382e-09 2.05749e-07 1.79847e-11 10 1 0.5 10
1.59e+07 2.28656e-09 2.04927e-07 5.03789e-11 6 1 0.5 6
1.6e+07 1.34892e-09 2.20767e-07 3.14076e-11 6 1 0.5 6
1.61e+07 1.65961e-09 2.0819e-07 2.76562e-11 8 1 0.5 8
1.62e+07 1.3633e-09 2.0252e-07 2.2214e-11 8 1 0.5 8
1.63e+07 1.82657e-09 2.04812e-07 4.82575e-11 5 1 0.5 5
1.64e+07 9.60589e-10 2.0345e-07 1.56907e-11 8 1 0.5 8
1.65e+07 1.88793e-09 2.20303e-07 3.76548e-11 7 1 0.5 7
1.66e+07 1.36524e-09 2.01535e-07 5.4796e-10 4 1 0.5 4
1.67e+07 1.63738e-09 2.06742e-07 1.97087e-11 11 1 0.5 11
1.68e+07 1.5571e-09 2.09517e-07 2.60703e-11 8 1 0.5 8
1.69e+07 1.84224e-09 2.08065e-07 3.07009e-11 8 1 0.5 8
1.7e+07 1.35634e-09 2.15192e-07 1.85285e-11 10 1 0.5 10
1.71e+07 1.15488e-09 2.03436e-07 3.02602e-11 5 1 0.5 5
1.72e+07 1.53527e-09 2.08987e-07 2.27903e-11 9 1 0.5 9
1.73e+07 1.87027e-09 2.15779e-07 4.29401e-11 6 1 0.5 6
1.74e+07 1.26714e-09 2.10728e-07 1.91323e-11 10 1 0.5 10
1.75e+07 1.67912e-09 2.13336e-07 2.53427e-11 9 1 0.5 9
1.76e+07 1.24803e-09 2.05888e-07 2.05931e-11 8 1 0.5 8
1.77e+07 1.70315e-09 2.18361e-07 2.35561e-11 10 1 0.5 10
1.78e+07 9.26932e-10 2.20992e-07 1.61579e-11 8 1 0.5 8
1.79e+07 1.50708e-09 2.15723e-07 3.44739e-11 6 1 0.5 6
1.8e+07 1.46453e-09 2.06363e-07 3.23449e-11 6 1 0.5 6
1.81e+07 1.4448e-09 2.10112e-07 2.77156e-11 7 1 0.5 7
1.82e+07 1.41522e-09 2.0773e-07 1.70905e-11 11 1 0.5 11
1.83e+07 1.246e-09 2.02299e-07 1.35026e-11 12 1 0.5 12
1.84e+07 1.27151e-09 2.08613e-07 1.20942e-11 14 1 0.5 14
1.85e+07 1.6177e-09 2.05997e-07 2.67314e-11 8 1 0.5 8
1.86e+07 1.73904e-09 2.13853e-07 4.75325e-11 5 1 0.5 5
1.87e+07 1.5795e-09 2.03507e-07 2.95626e-11 7 1 0.5 7
1.88e+07 1.77813e-09 2.03715e-07 2.58876e-11 9 1 0.5 9
1.89e+07 1.91493e-09 2.15179e-07 4.37853e-11 6 1 0.5 6
1.9e+07 1.63908e-09 2.03928e-07 5.40059e-11 4 1 0.5 4
1.91e+07 1.02149e-09 2.14536e-07 1.7398e-11 8 1 0.5 8
1.92e+07 1.48527e-09 2.11359e-07 3.34283e-11 6 1 0.5 6
1.93e+07 1.65563e-09 2.03529e-07 1.66485e-11 13 1 0.5 13
1.94e+07 1.50087e-09 2.08263e-07 2.8597e-11 7 1 0.5 7
1.95e+07 1.23332e-09 2.11248e-07 1.38259e-11 12 1 0.5 12
1.96e+07 1.54391e-09 2.03612e-07 2.89049e-11 7 1 0.5 7
1.97e+07 1.83319e-09 2.04233e-07 2.40599e-11 10 1 0.5 10
1.98e+07 1.45316e-09 2.09226e-07 2.42962e-11 8 1 0.5 8
1.99e+07 1.78559e-09 2.04791e-07 2.34828e-11 10 1 0.5 10
2e+07 1.40578e-09 2.04342e-07 1.84405e-11 10 1 0.5 10
2.01e+07 1.87578e-09 2.15897e-07 4.29969e-11 6 1 0.5 6
2.02e+07 1.54584e-09 2.01178e-07 2.50707e-11 8 1 0.5 8
2.03e+07 1.15427e-09 2.11084e-07 2.22018e-11 7 1 0.5 7
2.04e+07 1.76312e-09 1.965e-07 5.64739e-11 4 1 0.5 4
2.05e+07 1.06343e-09 1.99945e-07 1.52318e-11 9 1 0.5 9
2.06e+07 1.26725e-09 2.09102e-07 3.39437e-11 5 1 0.5 5
2.07e+07 1.62468e-09 2.10265e-07 3.12023e-11 7 1 0.5 7
2.08e+07 1.50586e-09 2.04305e-07 1.79532e-11 11 1 0.5 11
2.09e+07 1.23672e-09 2.03492e-07 2.31206e-11 7 1 0.5 7
2.1e+07 1.22213e-09 2.1328e-07 2.0731e-11 8 1 0.5 8
2.11e+07 1.56637e-09 2.10466e-07 2.63195e-11 8 1 0.5 8
2.12e+07 1.53471e-09 2.13688e-07 2.10898e-10 5 1 0.5 5
2.13e+07 1.41451e-09 2.1383e-07 2.40908e-11 8 1 0.5 8
2.14e+07 2.09824e-09 2.04464e-07 2.5061e-11 11 1 0.5 11
2.15e+07 1.42892e-09 2.16417e-07 2.45348e-11 8 1 0.5 8
2.16e+07 1.86838e-09 2.14554e-07 2.83402e-11 9 1 0.5 9
2.17e+07 2.05685e-09 2.0582e-07 4.54336e-11 6 1 0.5 6
2.18e+07 1.95182e-09 2.00847e-07 2.81154e-11 9 1 0.5 9
2.19e+07 1.17279e-09 2.03719e-07 2.56138e-11 6 1 0.5 6
2.2e+07 1.14513e-09 2.08294e-07 1.90625e-11 8 1 0.5 8
2.21e+07 1.37043e-09 2.13922e-07 2.66575e-11 7 1 0.5 7
2.22e+07 1.12276e-09 2.06011e-07 1.85282e-11 8 1 0.5 8
2.23e+07 1.6682e-09 2.04055e-07 3.12975e-11 7 1 0.5 7
2.24e+07 1.46814e-09 2.04469e-07 2.4109e-11 8 1 0.5 8
2.25e+07 1.37233e-09 2.09449e-07 2.62538e-11 7 1 0.5 7
2.26e+07 1.25507e-09 2.06484e-07 2.771e-11 6 1 0.5 6
2.27e+07 1.37249e-09 2.04172e-07 1.49843e-11 12 1 0.5 12
2.28e+07 1.40348e-09 2.1165e-07 2.36759e-11 8 1 0.5 8
2.29e+07 1.5555e-09 2.05712e-07 2.56712e-11 8 1 0.5 8
2.3e+07 1.51557e-09 2.09771e-07 5.10207e-11 4 1 0.5 4
2.31e+07 1.92585e-09 2.0376e-07 5.06981e-11 5 1 0.5 5
2.32e+07 1.46317e-09 2.01011e-07 2.71128e-11 7 1 0.5 7
2.33e+07 1.74325e-09 2.11886e-07 5.92291e-11 4 1 0.5 4
2.34e+07 1.73694e-09 2.03201e-07 2.84058e-11 8 1 0.5 8
2.35e+07 1.48549e-09 1.92737e-07 2.33003e-11 8 1 0.5 8
2.36e+07 1.38646e-09 1.98163e-07 1.97364e-11 9 1 0.5 9
2.37e+07 1.18654e-09 2.06641e-07 2.24468e-11 7 1 0.5 7
2.38e+07 1.14162e-09 2.0198e-07 1.14015e-11 13 1 0.5 13
2.39e+07 1.59624e-09 2.11012e-07 4.31277e-11 5 1 0.5 5
2.4e+07 1.08435e-09 2.12544e-07 1.83365e-11 8 1 0.5 8
2.41e+07 1.18468e-09 2.07136e-07 1.74482e-11 9 1 0.5 9
2.42e+07 1.494e-09 2.06812e-07 2.83096e-11 7 1 0.5 7
2.43e+07 1.49352e-09 2.06128e-07 2.46832e-11 8 1 0.5 8
2.44e+07 1.75279e-09 2.08904e-07 2.12758e-11 11 1 0.5 11
2.45e+07 1.33654e-09 2.14141e-07 2.60164e-11 7 1 0.5 7
2.46e+07 1.8683e-09 2.16027e-07 3.20741e-11 8 1 0.5 8
2.47e+07 1.32295e-09 2.08001e-07 2.20093e-11 8 1 0.5 8
2.48e+07 1.14505e-09 2.08939e-07 1.52755e-11 10 1 0.5 10
2.49e+07 2.11859e-09 2.05271e-07 2.14634e-11 13 1 0.5 13
2.5e+07 1.31304e-09 1.97164e-07 2.09507e-11 8 1 0.5 8
2.51e+07 1.18387e-09 2.07604e-07 1.57156e-11 10 1 0.5 10
2.52e+07 1.46386e-09 2.21053e-07 3.41344e-11 6 1 0.5 6
2.53e+07 1.41918e-09 1.99931e-07 4.59868e-11 4 1 0.5 4
2.54e+07 1.72174e-09 2.13927e-07 2.12926e-11 11 1 0.5 11
2.55e+07 1.82657e-09 1.98933e-07 3.36124e-11 7 1 0.5 7
2.56e+07 1.12787e-09 1.96214e-07 2.39202e-11 6 1 0.5 6
2.57e+07 1.20604e-09 2.16378e-07 1.50336e-11 11 1 0.5 11
2.58e+07 1.78565e-09 2.06147e-07 2.14513e-11 11 1 0.5 11
2.59e+07 1.42937e-09 2.11354e-07 2.14015e-11 9 1 0.5 9
2.6e+07 1.64051e-09 2.00926e-07 3.55062e-11 6 1 0.5 6
2.61e+07 1.47236e-09 1.97096e-07 1.87811e-11 10 1 0.5 10
2.62e+07 1.23155e-09 2.12382e-07 3.33886e-11 5 1 0.5 5
2.63e+07 2.30796e-09 2.05009e-07 5.08704e-11 6 1 0.5 6
2.64e+07 1.737e-09 2.22395e-07 4.07432e-11 6 1 0.5 6
2.65e+07 1.32623e-09 2.04952e-07 2.49401e-11 7 1 0.5 7
2.66e+07 1.37588e-09 2.0893e-07 1.83639e-11 10 1 0.5 10
2.67e+07 1.3978e-09 1.95979e-07 2.22042e-11 8 1 0.5 8
2.68e+07 1.41933e-09 2.07026e-07 4.72653e-11 4 1 0.5 4
2.69e+07 1.12325e-09 2.06404e-07 1.48412e-11 10 1 0.5 10
2.7e+07 1.37289e-09 2.20046e-07 3.83048e-11 5 1 0.5 5
2.71e+07 1.78238e-09 2.00718e-07 2.09698e-11 11 1 0.5 11
2.72e+07 1.46981e-09 2.03204e-07 1.81456e-11 12 1 0.5 12
2.73e+07 1.76189e-09 1.94589e-07 4.47146e-11 5 1 0.5 5
2.74e+07 1.88125e-09 2.03428e-07 3.08052e-11 8 1 0.5 8
2.75e+07 1.55486e-09 2.02248e-07 2.53222e-11 8 1 0.5 8
2.76e+07 1.20778e-09 2.17667e-07 2.77921e-11 6 1 0.5 6
2.77e+07 1.58352e-09 2.1018e-07 2.3615e-11 9 1 0.5 9
2.78e+07 1.2403e-09 2.1105e-07 2.38602e-11 7 1 0.5 7
2.79e+07 1.0988e-09 2.08393e-07 2.44209e-11 6 1 0.5 6
2.8e+07 1.87517e-09 2.07433e-07 4.16469e-11 6 1 0.5 6
2.81e+07 1.56298e-09 2.07192e-07 2.96661e-11 7 1 0.5 7
2.82e+07 1.19439e-09 2.08071e-07 1.58836e-11 10 1 0.5 10
2.83e+07 1.8072e-09 2.12413e-07 2.22284e-11 11 1 0.5 11
2.84e+07 1.0034e-09 2.11714e-07 1.12631e-11 12 1 0.5 12
2.85e+07 1.56207e-09 1.98426e-07 2.00336e-11 10 1 0.5 10
2.86e+07 1.44116e-09 2.03532e-07 2.35794e-11 8 1 0.5 8
2.87e+07 1.3461e-09 2.1097e-07 1.8103e-11 10 1 0.5 10
2.88e+07 1.56899e-09 2.05689e-07 2.30039e-11 9 1 0.5 9
2.89e+07 1.89298e-09 2.14708e-07 3.69929e-11 7 1 0.5 7
2.9e+07 1.14042e-09 2.04113e-07 1.66023e-11 9 1 0.5 9
2.91e+07 1.33982e-09 2.04045e-07 2.93165e-11 6 1 0.5 6
2.92e+07 1.3863e-09 2.00437e-07 1.991e-11 9 1 0.5 9
2.93e+07 1.34264e-09 2.19497e-07 2.33071e-11 8 1 0.5 8
2.94e+07 1.93123e-09 2.08849e-07 3.69297e-11 7 1 0.5 7
2.95e+07 1.58744e-09 2.09392e-07 2.65681e-11 8 1 0.5 8
2.96e+07 9.51807e-10 2.12192e-07 1.42782e-11 9 1 0.5 9
2.97e+07 1.15732e-09 1.99817e-07 1.49103e-11 10 1 0.5 10
2.98e+07 1.42873e-09 2.00734e-07 3.08754e-11 6 1 0.5 6
2.99e+07 1.5174e-09 2.01238e-07 1.96731e-11 10 1 0.5 10
3e+07 9.13259e-10 2.05557e-07 1.20223e-11 10 1 0.5 10
3.01e+07 1.47584e-09 2.01615e-07 1.91604e-11 10 1 0.5 10
3.02e+07 1.26238e-09 2.07811e-07 2.0983e-11 8 1 0.5 8
3.03e+07 1.86229e-09 2.03921e-07 4.08085e-11 6 1 0.5 6
3.04e+07 1.03178e-09 2.0536e-07 2.2664e-11 6 1 0.5 6
3.05e+07 1.25021e-09 2.20722e-07 1.74213e-11 10 1 0.5 10
3.06e+07 1.28052e-09 2.08965e-07 2.85405e-11 6 1 0.5 6
3.07e+07 1.54959e-09 2.09098e-07 2.96229e-11 7 1 0.5 7
3.08e+07 1.50375e-09 2.03745e-07 1.96848e-11 10 1 0.5 10
3.09e+07 1.27114e-09 2.07549e-07 2.41366e-11 7 1 0.5 7
3.1e+07 1.16664e-09 2.1412e-07 2.64947e-11 6 1 0.5 6
3.11e+07 1.40938e-09 2.10763e-07 1.89421e-11 10 1 0.5 10
3.12e+07 1.30423e-09 2.06007e-07 2.46233e-11 7 1 0.5 7
3.13e+07 1.59242e-09 2.04121e-07 2.98845e-11 7 1 0.5 7
3.14e+07 1.44967e-09 2.13005e-07 2.81107e-11 7 1 0.5 7
3.15e+07 1.4038e-09 2.14641e-07 1.91401e-11 10 1 0.5 10
3.16e+07 1.8028e-09 2.09685e-07 2.41537e-11 10 1 0.5 10
3.17e+07 1.6852e-09 2.13614e-07 1.90747e-11 12 1 0.5 12
3.18e+07 1.54835e-09 2.10901e-07 1.60074e-11 13 1 0.5 13
3.19e+07 1.2299e-09 2.08737e-07 2.34554e-11 7 1 0.5 7
3.2e+07 1.51285e-09 2.08192e-07 2.88186e-11 7 1 0.5 7
3.21e+07 1.59633e-09 2.11311e-07 1.65301e-11 13 1 0.5 13
3.22e+07 1.98709e-09 2.10024e-07 3.81775e-11 7 1 0.5 7
3.23e+07 2.02539e-09 2.17751e-07 2.32914e-11 12 1 0.5 12
3.24e+07 1.80118e-09 2.01768e-07 3.35101e-11 7 1 0.5 7
3.25e+07 1.41452e-09 2.06944e-07 3.76063e-11 5 1 0.5 5
3.26e+07 1.49346e-09 2.06412e-07 2.82564e-11 7 1 0.5 7
3.27e+07 1.45492e-09 2.09486e-07 1.62098e-11 12 1 0.5 12
3.28e+07 1.45652e-09 2.05641e-07 2.13451e-11 9 1 0.5 9
3.29e+07 1.58779e-09 1.99159e-07 2.04231e-11 10 1 0.5 10
3.3e+07 1.52133e-09 2.05275e-07 3.34676e-11 6 1 0.5 6
3.31e+07 1.47181e-09 2.10566e-07 1.79665e-11 11 1 0.5 11
3.32e+07 1.39396e-09 2.03247e-07 3.04139e-11 6 1 0.5 6
3.33e+07 1.65647e-09 2.03511e-07 1.44293e-11 15 1 0.5 15
3.34e+07 1.41693e-09 2.13445e-07 3.21298e-11 6 1 0.5 6
3.35e+07 1.10295e-09 2.03364e-07 2.06008e-11 7 1 0.5 7
3.36e+07 1.66174e-09 2.2088e-07 2.31915e-11 10 1 0.5 10
3.37e+07 1.14397e-09 2.16235e-07 1.96128e-11 8 1 0.5 8
3.38e+07 1.93367e-09 2.09302e-07 3.23836e-11 8 1 0.5 8
3.39e+07 2.05286e-09 1.97811e-07 6.62004e-11 4 1 0.5 4
3.4e+07 1.15563e-09 2.05865e-07 1.26932e-11 12 1 0.5 12
3.41e+07 1.04057e-09 2.14018e-07 1.769e-11 8 1 0.5 8
3.42e+07 1.54212e-09 2.12413e-07 3.48518e-11 6 1 0.5 6
3.43e+07 1.4112e-09 2.06546e-07 2.33544e-11 8 1 0.5 8
3.44e+07 1.72617e-09 2.05713e-07 3.25969e-11 7 1 0.5 7
3.45e+07 1.61871e-09 2.12347e-07 2.18947e-11 10 1 0.5 10
3.46e+07 1.49035e-09 2.07108e-07 1.97605e-11 10 1 0.5 10
3.47e+07 1.63632e-09 2.08618e-07 2.42628e-11 9 1 0.5 9
3.48e+07 1.4432e-09 2.08665e-07 2.13927e-11 9 1 0.5 9
3.49e+07 1.11243e-09 2.14529e-07 1.68393e-11 9 1 0.5 9
3.5e+07 1.84655e-09 2.10454e-07 2.7584e-11 9 1 0.5 9
3.51e+07 1.29658e-09 1.97482e-07 3.32172e-11 5 1 0.5 5
3.52e+07 1.10204e-09 2.03731e-07 1.44125e-11 10 1 0.5 10
3.53e+07 1.58979e-09 2.03097e-07 2.07634e-11 10 1 0.5 10
3.54e+07 1.30704e-09 2.19852e-07 3.64307e-11 5 1 0.5 5
3.55e+07 1.73614e-09 2.15661e-07 2.16088e-11 11 1 0.5 11
3.56e+07 1.84588e-09 2.0103e-07 3.42484e-11 7 1 0.5 7
3.57e+07 1.37537e-09 1.92546e-07 1.72261e-11 10 1 0.5 10
3.58e+07 1.69166e-09 2.04555e-07 2.7806e-11 8 1 0.5 8
3.59e+07 1.30636e-09 2.02214e-07 1.54439e-11 11 1 0.5 11
3.6e+07 1.34304e-09 2.11331e-07 3.02077e-11 6 1 0.5 6
3.61e+07 1.35113e-09 2.06574e-07 1.98657e-11 9 1 0.5 9
3.62e+07 1.47711e-09 1.96504e-07 2.35178e-11 8 1 0.5 8
3.63e+07 1.87353e-09 2.01593e-07 4.06893e-11 6 1 0.5 6
3.64e+07 1.22983e-09 1.96643e-07 1.7396e-11 9 1 0.5 9
3.65e+07 1.52603e-09 2.0928e-07 2.91902e-11 7 1 0.5 7
3.66e+07 1.57206e-09 1.99753e-07 2.5357e-11 8 1 0.5 8
3.67e+07 1.88439e-09 1.94268e-07 2.37903e-11 10 1 0.5 10
3.68e+07 1.38427e-09 2.03923e-07 2.5934e-11 7 1 0.5 7
3.69e+07 1.34354e-09 2.13029e-07 2.02374e-11 9 1 0.5 9
3.7e+07 1.54498e-09 2.04533e-07 3.38946e-11 6 1 0.5 6
3.71e+07 9.03627e-10 2.09698e-07 1.7277e-11 7 1 0.5 7
3.72e+07 1.6209e-09 1.90376e-07 5.06231e-11 4 1 0.5 4
3.73e+07 1.62687e-09 2.07633e-07 5.43625e-11 4 1 0.5 4
3.74e+07 2.16774e-09 2.10592e-07 3.6504e-11 8 1 0.5 8
3.75e+07 1.61185e-09 2.15423e-07 2.45111e-11 9 1 0.5 9
3.76e+07 1.6257e-09 2.07275e-07 1.7968e-11 12 1 0.5 12
3.77e+07 1.28969e-09 2.04623e-07 3.3967e-11 5 1 0.5 5
3.78e+07 1.12258e-09 2.10306e-07 1.67294e-11 9 1 0.5 9
3.79e+07 1.27663e-09 2.17265e-07 2.19781e-11 8 1 0.5 8
3.8e+07 1.37074e-09 2.08961e-07 3.67136e-11 5 1 0.5 5
3.81e+07 1.66262e-09 2.07903e-07 2.21196e-11 10 1 0.5 10
3.82e+07 1.68114e-09 2.07228e-07 3.19417e-11 7 1 0.5 7
3.83e+07 1.315e-09 2.07828e-07 2.18623e-11 8 1 0.5 8
3.84e+07 1.12629e-09 2.08693e-07 2.14686e-11 7 1 0.5 7
3.85e+07 1.67009e-09 2.01962e-07 2.41446e-11 9 1 0.5 9
3.86e+07 1.32778e-09 2.0911e-07 2.21825e-11 8 1 0.5 8
3.87e+07 1.60842e-09 2.14418e-07 2.43684e-11 9 1 0.5 9
3.88e+07 1.823e-09 2.08376e-07 2.70188e-11 9 1 0.5 9
3.89e+07 1.2561e-09 2.14213e-07 3.42893e-11 5 1 0.5 5
3.9e+07 1.81435e-09 2.11276e-07 2.22225e-11 11 1 0.5 11
3.91e+07 1.70728e-09 2.07108e-07 5.75764e-11 4 1 0.5 4
3.92e+07 1.54783e-09 2.12685e-07 2.32971e-11 9 1 0.5 9
3.93e+07 1.79319e-09 2.11961e-07 4.04968e-11 6 1 0.5 6
3.94e+07 1.43784e-09 2.09582e-07 2.75266e-11 7 1 0.5 7
3.95e+07 1.23677e-09 2.08868e-07 1.64981e-11 10 1 0.5 10
3.96e+07 1.88618e-09 2.1319e-07 4.28071e-11 6 1 0.5 6
3.97e+07 1.27252e-09 2.14676e-07 2.89705e-11 6 1 0.5 6
3.98e+07 1.31617e-09 2.01921e-07 1.71016e-11 10 1 0.5 10
3.99e+07 1.63453e-09 2.06779e-07 1.54489e-11 14 1 0.5 14
4e+07 1.06656e-09 2.0025e-07 1.96807e-11 7 1 0.5 7
4.01e+07 1.69394e-09 2.06253e-07 2.48969e-11 9 1 0.5 9
4.02e+07 1.63646e-09 2.07081e-07 3.33883e-11 10 1 0.5 10
4.03e+07 1.59825e-09 1.91465e-07 3.33163e-11 6 1 0.5 6
4.04e+07 1.56741e-09 2.08878e-07 2.61806e-11 8 1 0.5 8
4.05e+07 1.4583e-09 2.09053e-07 2.78647e-11 7 1 0.5 7
4.06e+07 9.23197e-10 2.10512e-07 1.03148e-11 12 1 0.5 12
4.07e+07 1.43189e-09 2.12191e-07 2.76806e-11 7 1 0.5 7
4.08e+07 1.68362e-09 1.98585e-07 2.70411e-11 8 1 0.5 8
4.09e+07 1.9196e-09 2.09893e-07 2.33953e-11 11 1 0.5 11
4.1e+07 1.46617e-09 2.14411e-07 2.85804e-11 7 1 0.5 7
4.11e+07 1.5329e-09 2.04344e-07 2.51648e-11 8 1 0.5 8
4.12e+07 1.42621e-09 2.1067e-07 2.39733e-11 8 1 0.5 8
4.13e+07 1.70319e-09 2.15494e-07 2.91684e-11 8 1 0.5 8
4.14e+07 1.24081e-09 2.08785e-07 2.0699e-11 8 1 0.5 8
4.15e+07 1.47405e-09 1.98724e-07 2.70732e-11 7 1 0.5 7
4.16e+07 1.47136e-09 2.05864e-07 2.77783e-11 7 1 0.5 7
4.17e+07 1.23673e-09 2.09017e-07 1.83469e-11 9 1 0.5 9
4.18e+07 1.65514e-09 2.06429e-07 6.81572e-10 4 1 0.5 4
4.19e+07 9.49864e-10 2.05897e-07 1.79052e-11 7 1 0.5 7
4.2e+07 1.46078e-09 2.05199e-07 3.21308e-11 6 1 0.5 6
4.21e+07 1.1971e-09 2.11299e-07 1.34215e-11 12 1 0.5 12
4.22e+07 1.26867e-09 2.09013e-07 2.11837e-11 8 1 0.5 8
4.23e+07 1.5263e-09 1.86623e-07 2.40675e-11 8 1 0.5 8
4.24e+07 2.00772e-09 2.02485e-07 3.27683e-11 8 1 0.5 8
4.25e+07 1.24338e-09 2.17054e-07 1.70971e-11 10 1 0.5 10
4.26e+07 9.99839e-10 2.2405e-07 2.01504e-11 7 1 0.5 7
4.27e+07 1.62613e-09 2.05599e-07 2.68308e-11 8 1 0.5 8
4.28e+07 1.61108e-09 1.9373e-07 1.68932e-11 12 1 0.5 12
4.29e+07 1.15165e-09 2.1801e-07 2.65278e-11 6 1 0.5 6
4.3e+07 1.91318e-09 2.13082e-07 3.7166e-11 7 1 0.5 7
4.31e+07 2.1158e-09 2.03145e-07 5.56138e-11 5 1 0.5 5
4.32e+07 1.4575e-09 2.03938e-07 1.59005e-11 12 1 0.5 12
4.33e+07 1.75148e-09 2.00473e-07 1.61614e-11 14 1 0.5 14
4.34e+07 1.13861e-09 2.00933e-07 1.84281e-11 8 1 0.5 8
4.35e+07 1.98056e-09 2.0239e-07 3.23107e-11 8 1 0.5 8
4.36e+07 1.09335e-09 2.07431e-07 1.318e-11 11 1 0.5 11
4.37e+07 1.32144e-09 2.05263e-07 3.4893e-11 5 1 0.5 5
4.38e+07 1.52641e-09 2.1075e-07 2.56725e-11 8 1 0.5 8
4.39e+07 2.04428e-09 2.06913e-07 5.44975e-11 5 1 0.5 5
4.4e+07 1.04462e-09 2.09283e-07 2.32899e-11 6 1 0.5 6
4.41e+07 1.42053e-09 2.13555e-07 2.1443e-11 9 1 0.5 9
4.42e+07 1.43019e-09 2.06103e-07 2.36302e-11 8 1 0.5 8
4.43e+07 1.67246e-09 2.10819e-07 2.50066e-11 9 1 0.5 9
4.44e+07 1.70979e-09 1.98802e-07 3.14357e-11 7 1 0.5 7
4.45e+07 1.41915e-09 2.09319e-07 1.89709e-11 10 1 0.5 10
4.46e+07 1.677e-09 2.00795e-07 2.17126e-11 10 1 0.5 10
4.47e+07 1.84392e-09 1.99407e-07 2.37538e-11 10 1 0.5 10
4.48e+07 1.38753e-09 2.06084e-07 3.06031e-11 6 1 0.5 6
4.49e+07 1.56998e-09 1.96138e-07 2.49666e-11 8 1 0.5 8
4.5e+07 1.45216e-09 2.13077e-07 1.22889e-11 16 1 0.5 16
4.51e+07 1.31747e-09 2.12503e-07 2.54886e-11 7 1 0.5 7
4.52e+07 1.47279e-09 2.00116e-07 3.17564e-11 6 1 0.5 6
4.53e+07 1.81575e-09 2.012e-07 2.35532e-11 10 1 0.5 10
4.54e+07 9.68306e-10 2.21216e-07 1.50127e-11 9 1 0.5 9
4.55e+07 1.45656e-09 2.11343e-07 1.63412e-11 12 1 0.5 12
4.56e+07 1.42799e-09 1.9798e-07 3.66764e-11 5 1 0.5 5
4.57e+07 1.62507e-09 2.01153e-07 4.22947e-11 5 1 0.5 5
4.58e+07 1.68858e-09 2.01372e-07 3.66163e-11 6 1 0.5 6
4.59e+07 1.48749e-09 2.10367e-07 2.49793e-11 8 1 0.5 8
4.6e+07 1.87853e-09 2.14015e-07 3.6615e-11 7 1 0.5 7
4.61e+07 1.73047e-09 1.97777e-07 3.16904e-11 7 1 0.5 7
4.62e+07 1.29627e-09 2.03709e-07 2.83225e-11 6 1 0.5 6
4.63e+07 1.73801e-09 2.04154e-07 2.85277e-11 8 1 0.5 8
4.64e+07 1.84107e-09 2.00389e-07 2.64659e-11 9 1 0.5 9
4.65e+07 1.83936e-09 2.05583e-07 4.87417e-11 5 1 0.5 5
4.66e+07 1.85526e-09 2.1346e-07 4.21426e-11 6 1 0.5 6
4.67e+07 1.08294e-09 2.14336e-07 2.95521e-11 5 1 0.5 5
4.68e+07 1.41531e-09 2.03591e-07 4.65145e-11 4 1 0.5 4
4.69e+07 1.91649e-09 2.11174e-07 3.69672e-11 7 1 0.5 7
4.7e+07 1.58122e-09 2.04568e-07 3.4699e-11 6 1 0.5 6
4.71e+07 1.39223e-09 2.02111e-07 2.59026e-11 7 1 0.5 7
4.72e+07 1.66898e-09 2.04736e-07 2.43872e-11 9 1 0.5 9
4.73e+07 1.19037e-09 2.03524e-07 1.29593e-11 12 1 0.5 12
4.74e+07 1.30704e-09 2.0034e-07 1.6879e-11 10 1 0.5 10
4.75e+07 1.75576e-09 2.05859e-07 2.5771e-11 9 1 0.5 9
4.76e+07 1.45439e-09 2.0898e-07 2.42944e-11 8 1 0.5 8
4.77e+07 1.71417e-09 2.16024e-07 4.72072e-11 5 1 0.5 5
4.78e+07 1.36794e-09 2.10563e-07 1.52998e-11 12 1 0.5 12
4.79e+07 1.26065e-09 1.99412e-07 3.25365e-11 5 1 0.5 5
4.8e+07 1.46514e-09 2.16263e-07 3.35755e-11 6 1 0.5 6
4.81e+07 1.15372e-09 2.04531e-07 2.16491e-11 7 1 0.5 7
4.82e+07 1.5976e-09 2.10488e-07 2.14589e-11 10 1 0.5 10
4.83e+07 1.49347e-09 2.0183e-07 2.42791e-11 8 1 0.5 8
4.84e+07 1.2211e-09 2.1428e-07 2.07899e-11 8 1 0.5 8
4.85e+07 1.48211e-09 2.13828e-07 1.83132e-11 11 1 0.5 11
4.86e+07 1.38912e-09 2.08341e-07 1.85001e-11 10 1 0.5 10
4.87e+07 1.42544e-09 2.19752e-07 1.98018e-11 10 1 0.5 10
4.88e+07 2.25043e-09 1.98249e-07 4.13559e-11 7 1 0.5 7
4.89e+07 9.13847e-10 2.06888e-07 1.34376e-11 9 1 0.5 9
4.9e+07 1.52042e-09 2.10067e-07 3.8301e-10 8 1 0.5 8
4.91e+07 1.19301e-09 2.14487e-07 1.15969e-11 14 1 0.5 14
4.92e+07 1.45443e-09 2.08256e-07 3.23517e-11 6 1 0.5 6
4.93e+07 1.17842e-09 2.07181e-07 2.60789e-11 6 1 0.5 6
4.94e+07 1.24144e-09 2.08793e-07 3.321e-11 5 1 0.5 5
4.95e+07 1.20879e-09 2.04917e-07 1.98698e-11 8 1 0.5 8
4.96e+07 1.73747e-09 2.09466e-07 3.32809e-11 7 1 0.5 7
4.97e+07 1.52348e-09 2.07278e-07 3.37714e-11 6 1 0.5 6
4.98e+07 1.83834e-09 2.11557e-07 4.14611e-11 6 1 0.5 6
4.99e+07 1.62355e-09 2.08641e-07 2.16581e-11 10 1 0.5 10
5e+07 1.138e-09 2.06646e-07 9.39687e-12 16 1 0.5 16
5.01e+07 1.6603e-09 2.02894e-07 4.35104e-11 5 1 0.5 5
5.02e+07 2.1324e-09 2.02546e-07 3.48235e-11 8 1 0.5 8
5.03e+07 1.6928e-09 2.06352e-07 2.03478e-11 11 1 0.5 11
5.04e+07 2.41591e-09 2.0154e-07 5.25631e-11 6 1 0.5 6
5.05e+07 1.70589e-09 1.99877e-07 4.41942e-11 5 1 0.5 5
5.06e+07 1.57959e-09 2.07279e-07 4.20794e-11 5 1 0.5 5
5.07e+07 1.94841e-09 2.08672e-07 3.72356e-11 7 1 0.5 7
5.08e+07 1.22016e-09 2.15069e-07 2.3823e-11 7 1 0.5 7
5.09e+07 1.28091e-09 2.0511e-07 2.82884e-11 6 1 0.5 6
5.1e+07 1.27092e-09 2.19387e-07 2.52122e-11 7 1 0.5 7
5.11e+07 1.57274e-09 2.1332e-07 2.67092e-11 8 1 0.5 8
5.12e+07 1.49855e-09 2.01607e-07 2.78357e-11 7 1 0.5 7
5.13e+07 1.38711e-09 1.97772e-07 1.97155e-11 9 1 0.5 9
5.14e+07 1.42408e-09 2.06089e-07 1.88061e-11 10 1 0.5 10
5.15e+07 1.22117e-09 2.1509e-07 1.66785e-11 10 1 0.5 10
5.16e+07 1.5023e-09 2.07325e-07 1.99359e-11 10 1 0.5 10
5.17e+07 1.49558e-09 2.06913e-07 2.47911e-11 8 1 0.5 8
5.18e+07 1.1447e-09 2.03943e-07 1.8743e-11 8 1 0.5 8
5.19e+07 1.58344e-09 2.13742e-07 3.59679e-11 6 1 0.5 6
5.2e+07 1.58256e-09 1.97462e-07 5.0833e-11 4 1 0.5 4
5.21e+07 1.16734e-09 2.13514e-07 1.7607e-11 9 1 0.5 9
5.22e+07 1.16523e-09 2.1331e-07 1.58008e-11 10 1 0.5 10
5.23e+07 1.36328e-09 2.10636e-07 1.83118e-11 10 1 0.5 10
5.24e+07 1.92028e-09 2.10146e-07 2.57791e-11 10 1 0.5 10
5.25e+07 1.81269e-09 2.04736e-07 2.64965e-11 9 1 0.5 9
5.26e+07 1.68562e-09 2.02581e-07 2.19759e-11 10 1 0.5 10
5.27e+07 1.47223e-09 2.10857e-07 3.97316e-11 5 1 0.5 5
5.28e+07 1.33563e-09 2.00598e-07 2.16003e-11 8 1 0.5 8
5.29e+07 1.46339e-09 2.11214e-07 1.97035e-11 10 1 0.5 10
5.3e+07 1.91098e-09 2.06612e-07 2.5314e-11 10 1 0.5 10
5.31e+07 1.65198e-09 2.10251e-07 1.70404e-11 13 1 0.5 13
5.32e+07 1.45249e-09 2.0299e-07 1.89566e-11 10 1 0.5 10
5.33e+07 1.31815e-09 1.92172e-07 1.64827e-11 10 1 0.5 10
5.34e+07 1.698e-09 2.05178e-07 2.79772e-11 8 1 0.5 8
5.35e+07 1.61814e-09 2.12348e-07 4.39422e-11 5 1 0.5 5
5.36e+07 1.31057e-09 2.07721e-07 1.08686e-11 16 1 0.5 16
5.37e+07 1.32779e-09 2.03786e-07 2.17391e-11 8 1 0.5 8
5.38e+07 1.44678e-09 1.96832e-07 2.30628e-11 8 1 0.5 8
5.39e+07 1.31048e-09 2.04428e-07 1.91092e-11 9 1 0.5 9
5.4e+07 1.24853e-09 2.16416e-07 2.14261e-11 8 1 0.5 8
5.41e+07 1.2354e-09 2.08875e-07 2.06154e-11 8 1 0.5 8
5.42e+07 1.74852e-09 2.13795e-07 3.97509e-11 6 1 0.5 6
5.43e+07 1.41366e-09 2.14983e-07 2.761e-11 7 1 0.5 7
5.44e+07 1.41178e-09 2.02896e-07 3.07631e-11 6 1 0.5 6
5.45e+07 8.89589e-10 2.02001e-07 1.28382e-11 9 1 0.5 9
5.46e+07 1.65133e-09 2.0135e-07 3.06579e-11 7 1 0.5 7
5.47e+07 1.38839e-09 2.14551e-07 2.36734e-11 8 1 0.5 8
5.48e+07 1.6299e-09 2.12499e-07 3.68597e-11 6 1 0.5 6
5.49e+07 1.3776e-09 2.0267e-07 2.24608e-11 8 1 0.5 8
5.5e+07 1.26339e-09 2.08218e-07 1.40038e-11 12 1 0.5 12
5.51e+07 1.51315e-09 2.05173e-07 2.49182e-11 8 1 0.5 8
5.52e+07 1.47085e-09 2.04145e-07 3.05067e-10 10 1 0.5 10
5.53e+07 1.12044e-09 2.11817e-07 1.88977e-11 8 1 0.5 8
5.54e+07 1.41634e-09 2.00295e-07 2.61685e-11 7 1 0.5 7
5.55e+07 1.40421e-09 2.11853e-07 3.16523e-11 6 1 0.5 6
5.56e+07 1.21504e-09 2.08213e-07 2.6998e-11 6 1 0.5 6
5.57e+07 1.56576e-09 2.12032e-07 3.02651e-11 7 1 0.5 7
5.58e+07 2.37119e-09 2.04343e-07 3.11715e-11 10 1 0.5 10
5.59e+07 1.40394e-09 2.01716e-07 3.04525e-11 6 1 0.5 6
5.6e+07 1.61777e-09 2.13404e-07 2.74861e-11 8 1 0.5 8
5.61e+07 1.47099e-09 1.96565e-07 1.87244e-11 10 1 0.5 10
5.62e+07 1.57853e-09 2.07135e-07 1.74359e-11 12 1 0.5 12
5.63e+07 1.36622e-09 2.13524e-07 2.65362e-11 7 1 0.5 7
5.64e+07 1.5496e-09 2.10397e-07 3.47594e-11 6 1 0.5 6
5.65e+07 1.9781e-09 2.09792e-07 4.43429e-11 6 1 0.5 6
5.66e+07 1.4047e-09 2.06969e-07 1.32813e-11 14 1 0.5 14
5.67e+07 1.98104e-09 1.92619e-07 3.10994e-11 8 1 0.5 8
5.68e+07 1.64055e-09 2.11314e-07 3.16325e-11 7 1 0.5 7
5.69e+07 1.69638e-09 2.07956e-07 2.82469e-11 8 1 0.5 8
5.7e+07 1.62019e-09 2.08513e-07 3.60962e-11 6 1 0.5 6
5.71e+07 1.42583e-09 2.13191e-07 1.28772e-11 15 1 0.5 15
5.72e+07 1.59463e-09 1.98354e-07 2.27281e-11 9 1 0.5 9
5.73e+07 1.51608e-09 1.99949e-07 2.17395e-11 9 1 0.5 9
5.74e+07 1.90492e-09 2.00686e-07 4.955e-11 5 1 0.5 5
5.75e+07 1.48286e-09 2.0526e-07 4.90651e-11 4 1 0.5 4
5.76e+07 1.29691e-09 2.08419e-07 1.56988e-11 11 1 0.5 11
5.77e+07 1.74731e-09 2.08359e-07 7.83865e-11 3 1 0.5 3
5.78e+07 1.64028e-09 1.98891e-07 3.01617e-11 7 1 0.5 7
5.79e+07 1.30133e-09 2.05798e-07 1.90748e-11 9 1 0.5 9
5.8e+07 1.55113e-09 2.13721e-07 2.10843e-11 10 1 0.5 10
5.81e+07 1.47732e-09 2.04156e-07 3.88716e-11 5 1 0.5 5
5.82e+07 1.45264e-09 1.97198e-07 2.33751e-11 8 1 0.5 8
5.83e+07 1.90084e-09 2.04669e-07 4.17788e-11 6 1 0.5 6
5.84e+07 1.72195e-09 2.04183e-07 1.148e-10 2 1 0.5 2
5.85e+07 1.43935e-09 2.09143e-07 1.478e-11 13 1 0.5 13
5.86e+07 1.22294e-09 2.01409e-07 2.26792e-11 7 1 0.5 7
5.87e+07 1.50462e-09 2.06543e-07 1.99076e-11 10 1 0.5 10
5.88e+07 1.55013e-09 1.99171e-07 1.81195e-11 11 1 0.5 11
5.89e+07 1.99929e-09 2.0228e-07 3.72928e-11 7 1 0.5 7
5.9e+07 1.26994e-09 2.07609e-07 2.41193e-11 7 1 0.5 7
5.91e+07 2.01309e-09 2.06696e-07 2.42452e-11 11 1 0.5 11
5.92e+07 1.64742e-09 2.05917e-07 2.72165e-11 8 1 0.5 8
5.93e+07 1.53183e-09 2.0306e-07 2.86169e-11 7 1 0.5 7
5.94e+07 2.15498e-09 2.08427e-07 4.80925e-11 6 1 0.5 6
5.95e+07 1.3504e-09 2.12413e-07 2.28418e-11 8 1 0.5 8
5.96e+07 1.59648e-09 2.0487e-07 3.50763e-11 6 1 0.5 6
5.97e+07 1.2598e-09 1.99859e-07 1.62369e-11 10 1 0.5 10
5.98e+07 1.40465e-09 2.01245e-07 2.27779e-11 8 1 0.5 8
5.99e+07 1.37159e-09 2.03232e-07 2.56272e-11 7 1 0.5 7
6e+07 2.06037e-09 2.02745e-07 2.23997e-11 12 1 0.5 12
6.01e+07 1.74895e-09 1.96822e-07 2.79014e-11 8 1 0.5 8
6.02e+07 1.765e-09 2.1273e-07 2.99254e-11 8 1 0.5 8
6.03e+07 1.79667e-09 2.09673e-07 2.18736e-11 11 1 0.5 11
6.04e+07 1.61651e-09 2.02886e-07 3.01869e-11 7 1 0.5 7
6.05e+07 1.57206e-09 2.12942e-07 2.36857e-11 9 1 0.5 9
6.06e+07 1.04516e-09 2.08389e-07 3.49088e-11 4 1 0.5 4
6.07e+07 1.28147e-09 2.05407e-07 1.20421e-11 14 1 0.5 14
6.08e+07 1.63372e-09 2.11792e-07 2.20529e-11 10 1 0.5 10
6.09e+07 1.64731e-09 2.02703e-07 2.38822e-11 9 1 0.5 9
6.1e+07 1.91126e-09 2.05713e-07 3.61137e-11 7 1 0.5 7
6.11e+07 1.19929e-09 2.02079e-07 1.94996e-11 8 1 0.5 8
6.12e+07 1.24533e-09 2.17832e-07 1.71726e-11 10 1 0.5 10
6.13e+07 1.45112e-09 2.05108e-07 4.79788e-11 4 1 0.5 4
6.14e+07 1.25876e-09 2.16246e-07 1.23167e-11 14 1 0.5 14
6.15e+07 1.52622e-09 2.03432e-07 1.662e-11 12 1 0.5 12
6.16e+07 1.11372e-09 2.17422e-07 1.70385e-11 9 1 0.5 9
6.17e+07 1.54399e-09 2.04149e-07 2.89662e-11 7 1 0.5 7
6.18e+07 1.43984e-09 2.06503e-07 2.38264e-11 8 1 0.5 8
6.19e+07 1.44154e-09 2.10695e-07 3.23582e-11 6 1 0.5 6
6.2e+07 1.47758e-09 2.03191e-07 3.22416e-11 6 1 0.5 6
6.21e+07 9.94321e-10 2.14805e-07 1.69514e-11 8 1 0.5 8
6.22e+07 1.28664e-09 2.07046e-07 1.54936e-11 11 1 0.5 11
6.23e+07 1.65887e-09 2.11888e-07 3.74339e-11 6 1 0.5 6
6.24e+07 1.71824e-09 2.02918e-07 3.21007e-11 7 1 0.5 7
6.25e+07 1.40895e-09 2.03501e-07 3.07727e-11 6 1 0.5 6
6.26e+07 1.69532e-09 2.00349e-07 2.19127e-11 10 1 0.5 10
6.27e+07 1.29325e-09 2.0835e-07 2.15417e-11 8 1 0.5 8
6.28e+07 1.075e-09 2.03e-07 2.00489e-11 7 1 0.5 7
6.29e+07 1.45652e-09 1.99131e-07 2.08159e-11 9 1 0.5 9
6.3e+07 1.25351e-09 2.05754e-07 1.83686e-11 9 1 0.5 9
6.31e+07 1.59312e-09 2.13244e-07 3.09344e-11 7 1 0.5 7
6.32e+07 1.50352e-09 2.03852e-07 2.81711e-11 7 1 0.5 7
6.33e+07 1.01765e-09 2.08649e-07 1.69569e-11 8 1 0.5 8
6.34e+07 1.35332e-09 2.04592e-07 2.22269e-11 8 1 0.5 8
6.35e+07 1.38139e-09 2.08884e-07 1.84344e-11 10 1 0.5 10
6.36e+07 1.73219e-09 2.14288e-07 3.94489e-11 6 1 0.5 6
6.37e+07 2.08345e-09 2.08649e-07 2.7823e-11 10 1 0.5 10
6.38e+07 1.39769e-09 2.09324e-07 1.86835e-11 10 1 0.5 10
6.39e+07 1.776e-09 2.1111e-07 2.65906e-11 9 1 0.5 9
6.4e+07 1.64295e-09 2.0597e-07 2.71478e-11 8 1 0.5 8
6.41e+07 1.93165e-09 2.0695e-07 2.13354e-11 12 1 0.5 12
6.42e+07 1.59212e-09 2.00979e-07 1.71764e-11 12 1 0.5 12
6.43e+07 1.45468e-09 2.02495e-07 2.37068e-11 8 1 0.5 8
6.44e+07 1.38301e-09 2.08259e-07 3.07551e-11 6 1 0.5 6
6.45e+07 1.01107e-09 2.12023e-07 1.70607e-11 8 1 0.5 8
6.46e+07 1.81217e-09 2.04733e-07 2.98171e-11 8 1 0.5 8
6.47e+07 1.86266e-09 2.02065e-07 2.69521e-11 9 1 0.5 9
6.48e+07 2.50248e-09 2.0705e-07 4.76168e-11 7 1 0.5 7
6.49e+07 1.18866e-09 2.03193e-07 1.55164e-11 10 1 0.5 10
6.5e+07 1.61752e-09 2.08575e-07 1.96041e-11 11 1 0.5 11
6.51e+07 1.45136e-09 2.20258e-07 2.02e-11 10 1 0.5 10
6.52e+07 1.52849e-09 1.98802e-07 2.80864e-11 7 1 0.5 7
6.53e+07 1.31383e-09 2.0131e-07 2.8444e-11 6 1 0.5 6
6.54e+07 2.10359e-09 2.14487e-07 2.87115e-11 10 1 0.5 10
6.55e+07 1.53927e-09 2.05479e-07 3.38909e-11 6 1 0.5 6
6.56e+07 1.92112e-09 2.10456e-07 2.34635e-11 11 1 0.5 11
6.57e+07 1.79191e-09 1.92795e-07 5.79588e-11 6 1 0.5 6
6.58e+07 1.56946e-09 2.05519e-07 2.29959e-11 9 1 0.5 9
6.59e+07 1.96057e-09 2.04203e-07 6.47835e-11 4 1 0.5 4
6.6e+07 1.53225e-09 2.16601e-07 1.91286e-11 11 1 0.5 11
6.61e+07 1.63727e-09 2.14016e-07 2.2284e-11 10 1 0.5 10
6.62e+07 2.01278e-09 2.10334e-07 3.87148e-11 7 1 0.5 7
6.63e+07 1.61668e-09 2.06245e-07 3.57113e-11 6 1 0.5 6
6.64e+07 1.76279e-09 2.07212e-07 3.91015e-11 6 1 0.5 6
6.65e+07 1.83229e-09 1.9963e-07 3.38101e-11 7 1 0.5 7
6.66e+07 1.28581e-09 2.071e-07 1.41929e-11 12 1 0.5 12
6.67e+07 1.41701e-09 2.03245e-07 3.09193e-11 6 1 0.5 6
6.68e+07 1.26984e-09 2.12843e-07 2.45943e-11 7 1 0.5 7
6.69e+07 1.41937e-09 2.09509e-07 3.81028e-11 5 1 0.5 5
6.7e+07 1.27191e-09 2.06324e-07 1.52738e-11 11 1 0.5 11
6.71e+07 1.52415e-09 2.02981e-07 5.00044e-11 4 1 0.5 4
6.72e+07 1.31472e-09 2.11436e-07 1.96852e-11 9 1 0.5 9
6.73e+07 1.5155e-09 2.12779e-07 2.9369e-11 7 1 0.5 7
6.74e+07 1.4149e-09 2.02435e-07 1.31482e-11 14 1 0.5 14
6.75e+07 1.11499e-09 2.03723e-07 1.82396e-11 8 1 0.5 8
6.76e+07 1.38481e-09 1.95619e-07 1.09606e-11 16 1 0.5 16
6.77e+07 1.68727e-09 2.07961e-07 2.49595e-11 9 1 0.5 9
6.78e+07 1.48944e-09 2.08067e-07 1.98201e-11 10 1 0.5 10
6.79e+07 1.5286e-09 1.9277e-07 2.39822e-11 8 1 0.5 8
6.8e+07 1.70386e-09 2.10944e-07 3.28147e-11 7 1 0.5 7
6.81e+07 1.53332e-09 1.99291e-07 1.79307e-11 11 1 0.5 11
6.82e+07 1.5311e-09 2.1295e-07 2.30669e-11 9 1 0.5 9
6.83e+07 1.55813e-09 2.02782e-07 2.03237e-11 10 1 0.5 10
6.84e+07 1.56077e-09 2.08147e-07 3.47167e-11 6 1 0.5 6
6.85e+07 1.78556e-09 2.07825e-07 1.97819e-11 12 1 0.5 12
6.86e+07 1.86297e-09 2.06298e-07 4.1196e-11 6 1 0.5 6
6.87e+07 1.35716e-09 2.11676e-07 2.28936e-11 8 1 0.5 8
6.88e+07 1.3774e-09 2.1136e-07 1.85522e-11 10 1 0.5 10
6.89e+07 1.14754e-09 2.06489e-07 1.37855e-11 11 1 0.5 11
6.9e+07 1.721e-09 2.07497e-07 2.5416e-11 9 1 0.5 9
6.91e+07 1.25041e-09 2.04026e-07 2.04863e-11 8 1 0.5 8
6.92e+07 1.17703e-09 2.13043e-07 1.44922e-11 11 1 0.5 11
6.93e+07 1.62778e-09 2.15146e-07 2.47295e-11 9 1 0.5 9
6.94e+07 1.11787e-09 2.12097e-07 1.88739e-11 8 1 0.5 8
6.95e+07 1.65046e-09 2.10608e-07 3.70655e-11 6 1 0.5 6
6.96e+07 1.96926e-09 2.0371e-07 2.86832e-11 9 1 0.5 9
6.97e+07 1.76516e-09 2.0987e-07 8.32167e-11 5 1 0.5 5
6.98e+07 1.42687e-09 2.03459e-07 1.69537e-11 11 1 0.5 11
6.99e+07 1.84926e-09 2.11005e-07 2.07363e-11 12 1 0.5 12
7e+07 1.78693e-09 2.04853e-07 5.91357e-11 4 1 0.5 4
7.01e+07 1.29187e-09 2.01882e-07 2.09942e-11 8 1 0.5 8
7.02e+07 1.29074e-09 2.06146e-07 1.89441e-11 9 1 0.5 9
7.03e+07 1.28189e-09 2.02662e-07 1.28392e-11 13 1 0.5 13
7.04e+07 1.72086e-09 2.08024e-07 2.29083e-11 10 1 0.5 10
7.05e+07 1.11897e-09 2.15323e-07 2.55201e-11 6 1 0.5 6
7.06e+07 1.18127e-09 2.05747e-07 1.73064e-11 9 1 0.5 9
7.07e+07 1.22983e-09 2.10516e-07 2.06489e-11 8 1 0.5 8
7.08e+07 1.60413e-09 2.0208e-07 2.08694e-11 10 1 0.5 10
7.09e+07 1.08326e-09 2.10053e-07 1.61265e-11 9 1 0.5 9
7.1e+07 1.36364e-09 2.08198e-07 1.64951e-11 11 1 0.5 11
7.11e+07 1.75742e-09 2.07611e-07 2.92302e-11 8 1 0.5 8
7.12e+07 1.84806e-09 2.09784e-07 2.47718e-11 10 1 0.5 10
7.13e+07 1.82888e-09 2.0423e-07 2.40028e-11 10 1 0.5 10
7.14e+07 1.26125e-09 2.09944e-07 2.41648e-11 7 1 0.5 7
7.15e+07 1.81007e-09 2.09689e-07 2.69592e-11 9 1 0.5 9
7.16e+07 1.83031e-09 2.14766e-07 5.02001e-11 5 1 0.5 5
7.17e+07 1.13045e-09 2.18959e-07 1.95733e-11 8 1 0.5 8
7.18e+07 1.24883e-09 2.04231e-07 1.6369e-11 10 1 0.5 10
7.19e+07 1.4472e-09 2.13245e-07 2.45615e-11 8 1 0.5 8
7.2e+07 1.63785e-09 2.1059e-07 2.75389e-11 8 1 0.5 8
7.21e+07 1.48647e-09 2.08483e-07 2.83448e-11 7 1 0.5 7
7.22e+07 1.76855e-09 2.09611e-07 2.96387e-11 8 1 0.5 8
7.23e+07 1.46883e-09 2.02295e-07 5.80861e-11 4 1 0.5 4
7.24e+07 1.43422e-09 2.12026e-07 1.48868e-11 13 1 0.5 13
7.25e+07 1.11958e-09 2.03039e-07 2.08865e-11 7 1 0.5 7
7.26e+07 1.40893e-09 2.09676e-07 3.78445e-11 5 1 0.5 5
7.27e+07 1.75099e-09 2.10869e-07 3.93765e-11 6 1 0.5 6
7.28e+07 1.08414e-09 1.94834e-07 1.24465e-11 11 1 0.5 11
7.29e+07 1.48698e-09 2.02019e-07 3.88072e-11 5 1 0.5 5
7.3e+07 1.73038e-09 2.09428e-07 2.57419e-11 9 1 0.5 9
7.31e+07 1.22892e-09 2.06652e-07 1.62565e-11 10 1 0.5 10
7.32e+07 1.31357e-09 1.93551e-07 2.06613e-11 8 1 0.5 8
7.33e+07 1.34296e-09 2.09031e-07 1.37821e-11 13 1 0.5 13
7.34e+07 1.24551e-09 2.14913e-07 1.69926e-11 10 1 0.5 10
7.35e+07 1.45256e-09 2.02359e-07 3.15911e-11 6 1 0.5 6
7.36e+07 1.39214e-09 2.07935e-07 2.64831e-11 7 1 0.5 7
7.37e+07 9.43127e-10 1.99305e-07 1.00969e-11 12 1 0.5 12
7.38e+07 1.06947e-09 2.27482e-07 1.69588e-11 9 1 0.5 9
7.39e+07 1.07359e-09 2.15743e-07 1.22331e-11 12 1 0.5 12
7.4e+07 1.40003e-09 2.00453e-07 1.6442e-11 11 1 0.5 11
7.41e+07 1.6859e-09 2.12674e-07 2.85718e-11 8 1 0.5 8
7.42e+07 1.11603e-09 1.98171e-07 1.78681e-11 8 1 0.5 8
7.43e+07 1.22562e-09 2.01869e-07 1.9913e-11 8 1 0.5 8
7.44e+07 1.44488e-09 1.96146e-07 1.52918e-11 12 1 0.5 12
7.45e+07 1.30284e-09 2.01534e-07 1.69027e-11 10 1 0.5 10
7.46e+07 1.74691e-09 1.99562e-07 7.57612e-11 3 1 0.5 3
7.47e+07 1.46844e-09 2.03645e-07 1.37106e-11 14 1 0.5 14
7.48e+07 1.4484e-09 2.04091e-07 1.89831e-11 10 1 0.5 10
7.49e+07 1.40946e-09 2.11131e-07 2.39138e-11 8 1 0.5 8
7.5e+07 1.86696e-09 2.031e-07 3.05314e-11 8 1 0.5 8
7.51e+07 1.25537e-09 2.0793e-07 1.85482e-11 9 1 0.5 9
7.52e+07 1.41812e-09 2.08341e-07 2.36292e-11 8 1 0.5 8
7.53e+07 1.52287e-09 2.04037e-07 3.33434e-11 6 1 0.5 6
7.54e+07 1.71894e-09 2.02027e-07 2.03236e-11 11 1 0.5 11
7.55e+07 1.04491e-09 2.08208e-07 9.92017e-12 14 1 0.5 14
7.56e+07 1.30939e-09 2.0282e-07 2.1357e-11 8 1 0.5 8
7.57e+07 1.42564e-09 2.05057e-07 2.68287e-11 7 1 0.5 7
7.58e+07 1.94146e-09 2.15316e-07 3.32503e-11 8 1 0.5 8
7.59e+07 1.73892e-09 2.07058e-07 1.92077e-11 12 1 0.5 12
7.6e+07 1.61108e-09 2.112e-07 4.35622e-11 5 1 0.5 5
7.61e+07 1.22385e-09 2.04778e-07 1.23566e-11 13 1 0.5 13
7.62e+07 1.68686e-09 2.13351e-07 3.82769e-11 6 1 0.5 6
7.63e+07 1.59155e-09 2.02392e-07 2.59368e-11 8 1 0.5 8
7.64e+07 1.71195e-09 2.02605e-07 3.2007e-11 7 1 0.5 7
7.65e+07 1.16461e-09 2.06304e-07 1.92424e-11 8 1 0.5 8
7.66e+07 1.58171e-09 2.09473e-07 1.5101e-11 14 1 0.5 14
7.67e+07 1.02336e-09 2.08521e-07 1.9213e-11 8 1 0.5 8
7.68e+07 1.71743e-09 1.90451e-07 3.75837e-11 6 1 0.5 6
7.69e+07 1.3574e-09 2.06655e-07 1.79615e-11 10 1 0.5 10
7.7e+07 1.56715e-09 2.00741e-07 4.07117e-11 5 1 0.5 5
7.71e+07 1.51069e-09 2.02568e-07 2.81667e-11 7 1 0.5 7
7.72e+07 1.37454e-09 2.03357e-07 1.63238e-11 11 1 0.5 11
7.73e+07 1.37172e-09 2.08284e-07 2.28481e-11 8 1 0.5 8
7.74e+07 2.38584e-09 2.06281e-07 6.35487e-11 5 1 0.5 5
7.75e+07 1.21454e-09 2.17897e-07 1.8618e-11 9 1 0.5 9
7.76e+07 1.47507e-09 2.11542e-07 3.32199e-11 6 1 0.5 6
7.77e+07 1.12869e-09 2.0884e-07 1.25369e-11 12 1 0.5 12
7.78e+07 1.56596e-09 2.03019e-07 1.85801e-11 11 1 0.5 11
7.79e+07 1.60387e-09 2.08408e-07 2.13759e-11 10 1 0.5 10
7.8e+07 1.38745e-09 2.15231e-07 2.37166e-11 8 1 0.5 8
7.81e+07 1.61692e-09 2.04225e-07 2.65384e-11 8 1 0.5 8
7.82e+07 1.35401e-09 2.08165e-07 1.50079e-11 12 1 0.5 12
7.83e+07 9.57013e-10 2.08726e-07 1.59484e-11 8 1 0.5 8
7.84e+07 1.42076e-09 2.11397e-07 2.12755e-11 9 1 0.5 9
7.85e+07 1.17373e-09 2.13813e-07 1.5946e-11 10 1 0.5 10
7.86e+07 1.69959e-09 2.00407e-07 1.99683e-11 11 1 0.5 11
7.87e+07 1.64705e-09 2.02897e-07 1.95363e-11 11 1 0.5 11
7.88e+07 1.4281e-09 2.10588e-07 3.20422e-11 6 1 0.5 6
7.89e+07 1.53401e-09 2.10831e-07 4.14064e-11 5 1 0.5 5
7.9e+07 1.22151e-09 2.12961e-07 1.65448e-11 10 1 0.5 10
7.91e+07 1.43132e-09 2.12953e-07 2.77478e-11 7 1 0.5 7
7.92e+07 1.41636e-09 2.00243e-07 2.28795e-11 8 1 0.5 8
7.93e+07 1.30602e-09 2.0673e-07 1.57088e-11 11 1 0.5 11
7.94e+07 1.45362e-09 1.97856e-07 2.06709e-11 9 1 0.5 9
7.95e+07 1.55198e-09 2.02435e-07 2.24716e-11 9 1 0.5 9
7.96e+07 1.59542e-09 2.00629e-07 2.58234e-11 8 1 0.5 8
7.97e+07 1.65131e-09 2.10077e-07 4.44709e-11 5 1 0.5 5
7.98e+07 1.67616e-09 2.04727e-07 2.20328e-11 10 1 0.5 10
7.99e+07 1.83465e-09 2.00901e-07 3.40218e-11 7 1 0.5 7
8e+07 9.17523e-10 2.07021e-07 1.73676e-11 7 1 0.5 7
8.01e+07 1.58555e-09 2.1015e-07 2.66119e-11 8 1 0.5 8
8.02e+07 1.31279e-09 2.2146e-07 1.66721e-11 11 1 0.5 11
8.03e+07 1.32453e-09 2.05266e-07 1.7433e-11 10 1 0.5 10
8.04e+07 1.23152e-09 2.07495e-07 1.48534e-11 11 1 0.5 11
8.05e+07 1.62136e-09 2.10262e-07 3.63608e-11 6 1 0.5 6
8.06e+07 1.2386e-09 2.01315e-07 3.22016e-11 5 1 0.5 5
8.07e+07 1.97538e-09 2.0336e-07 3.69979e-11 7 1 0.5 7
8.08e+07 1.37369e-09 2.03226e-07 1.79413e-11 10 1 0.5 10
8.09e+07 1.72618e-09 2.07072e-07 3.8264e-11 6 1 0.5 6
8.1e+07 1.91526e-09 1.88964e-07 1.97112e-11 12 1 0.5 12
8.11e+07 1.2398e-09 2.11642e-07 4.19637e-11 4 1 0.5 4
8.12e+07 1.51346e-09 1.98562e-07 3.24407e-11 6 1 0.5 6
8.13e+07 1.43767e-09 1.95266e-07 1.29912e-11 14 1 0.5 14
8.14e+07 1.59011e-09 2.02058e-07 2.95965e-11 7 1 0.5 7
8.15e+07 1.30619e-09 2.13049e-07 1.60872e-11 11 1 0.5 11
8.16e+07 1.87632e-09 2.17539e-07 4.32687e-11 6 1 0.5 6
8.17e+07 1.70432e-09 2.14617e-07 3.32741e-11 7 1 0.5 7
8.18e+07 2.16331e-09 2.12848e-07 5.90046e-11 5 1 0.5 5
8.19e+07 1.57048e-09 2.0106e-07 1.69477e-11 12 1 0.5 12
8.2e+07 1.33927e-09 2.08256e-07 2.55039e-11 7 1 0.5 7
8.21e+07 1.58306e-09 2.07512e-07 2.10262e-11 10 1 0.5 10
8.22e+07 1.31539e-09 2.05668e-07 2.16905e-11 8 1 0.5 8
8.23e+07 1.52651e-09 2.02922e-07 1.5311e-11 13 1 0.5 13
8.24e+07 1.68456e-09 2.15976e-07 2.09888e-11 11 1 0.5 11
8.25e+07 1.16627e-09 2.01333e-07 2.16181e-11 7 1 0.5 7
8.26e+07 1.21254e-09 2.00628e-07 2.24177e-11 7 1 0.5 7
8.27e+07 2.01053e-09 2.04652e-07 3.78477e-11 7 1 0.5 7
8.28e+07 1.28781e-09 2.16463e-07 2.95129e-11 6 1 0.5 6
8.29e+07 1.42787e-09 2.05663e-07 2.69329e-11 7 1 0.5 7
8.3e+07 1.47178e-09 2.11542e-07 1.98411e-11 10 1 0.5 10
8.31e+07 1.51424e-09 2.03747e-07 2.83615e-11 7 1 0.5 7
8.32e+07 1.03448e-09 2.12712e-07 1.75016e-11 8 1 0.5 8
8.33e+07 2.23048e-09 2.01343e-07 2.41255e-11 12 1 0.5 12
8.34e+07 1.36732e-09 2.0664e-07 4.54508e-11 4 1 0.5 4
8.35e+07 1.36031e-09 2.15059e-07 2.3236e-11 8 1 0.5 8
8.36e+07 1.81164e-09 2.05812e-07 2.65901e-11 9 1 0.5 9
8.37e+07 1.67086e-09 2.0726e-07 2.77468e-11 8 1 0.5 8
8.38e+07 1.15419e-09 2.17453e-07 1.76614e-11 9 1 0.5 9
8.39e+07 1.72564e-09 2.07358e-07 2.54714e-11 9 1 0.5 9
8.4e+07 1.96127e-09 2.04285e-07 6.48273e-11 4 1 0.5 4
8.41e+07 1.56355e-09 2.11993e-07 1.75876e-11 12 1 0.5 12
8.42e+07 1.5039e-09 2.05671e-07 3.3132e-11 6 1 0.5 6
8.43e+07 1.53436e-09 1.94299e-07 1.61229e-11 12 1 0.5 12
8.44e+07 1.61134e-09 2.05487e-07 3.54883e-11 6 1 0.5 6
8.45e+07 1.43073e-09 2.07228e-07 2.37402e-11 8 1 0.5 8
8.46e+07 1.94905e-09 1.95505e-07 4.96852e-11 5 1 0.5 5
8.47e+07 1.64904e-09 2.08883e-07 2.20194e-11 10 1 0.5 10
8.48e+07 1.23111e-09 2.09323e-07 2.74844e-11 6 1 0.5 6
8.49e+07 1.48199e-09 2.07435e-07 1.63851e-11 12 1 0.5 12
8.5e+07 1.64136e-09 2.04989e-07 1.96253e-11 11 1 0.5 11
8.51e+07 1.43007e-09 2.12094e-07 2.41663e-11 8 1 0.5 8
8.52e+07 1.52624e-09 2.07086e-07 2.89537e-11 7 1 0.5 7
8.53e+07 1.95813e-09 2.18166e-07 4.52731e-11 6 1 0.5 6
8.54e+07 1.30909e-09 2.06582e-07 2.89191e-11 6 1 0.5 6
8.55e+07 1.57069e-09 2.0315e-07 5.15784e-11 4 1 0.5 4
8.56e+07 1.64538e-09 2.08064e-07 1.82405e-11 12 1 0.5 12
8.57e+07 1.36751e-09 2.15234e-07 1.69808e-11 11 1 0.5 11
8.58e+07 1.274e-09 2.20595e-07 1.9724e-11 9 1 0.5 9
8.59e+07 2.22685e-09 2.03518e-07 2.65077e-11 11 1 0.5 11
8.6e+07 1.88209e-09 2.07384e-07 3.57856e-11 7 1 0.5 7
8.61e+07 1.5343e-09 2.06006e-07 2.89882e-11 7 1 0.5 7
8.62e+07 1.53437e-09 2.00214e-07 3.97728e-11 5 1 0.5 5
8.63e+07 1.18523e-09 1.93102e-07 2.98277e-11 5 1 0.5 5
8.64e+07 1.70986e-09 2.00657e-07 4.44327e-11 5 1 0.5 5
8.65e+07 1.06114e-09 2.13579e-07 1.3088e-11 11 1 0.5 11
8.66e+07 1.59326e-09 2.10656e-07 2.38031e-11 9 1 0.5 9
8.67e+07 1.46305e-09 2.03246e-07 2.39126e-11 8 1 0.5 8
8.68e+07 1.06704e-09 1.96245e-07 2.71767e-11 5 1 0.5 5
8.69e+07 1.56091e-09 2.05049e-07 3.43139e-11 6 1 0.5 6
8.7e+07 1.46891e-09 2.07818e-07 2.44307e-11 8 1 0.5 8
8.71e+07 1.50933e-09 2.26268e-07 2.38598e-11 9 1 0.5 9
8.72e+07 1.62579e-09 2.01894e-07 4.24353e-11 5 1 0.5 5
8.73e+07 1.7079e-09 1.99461e-07 1.46471e-11 15 1 0.5 15
8.74e+07 1.40867e-09 2.03624e-07 3.07811e-11 6 1 0.5 6
8.75e+07 1.22601e-09 2.03854e-07 2.00719e-11 8 1 0.5 8
8.76e+07 1.63333e-09 2.04718e-07 2.38625e-11 9 1 0.5 9
8.77e+07 1.62131e-09 2.1367e-07 2.44969e-11 9 1 0.5 9
8.78e+07 1.38905e-09 2.13017e-07 1.88252e-11 10 1 0.5 10
8.79e+07 1.57829e-09 2.13698e-07 3.58445e-11 6 1 0.5 6
8.8e+07 1.38741e-09 2.07108e-07 2.63105e-11 7 1 0.5 7
8.81e+07 1.71638e-09 2.022e-07 1.76926e-11 13 1 0.5 13
8.82e+07 1.29481e-09 2.1065e-07 2.17547e-11 8 1 0.5 8
8.83e+07 1.83339e-09 2.0403e-07 3.0087e-11 8 1 0.5 8
8.84e+07 1.68939e-09 2.02536e-07 3.15126e-11 7 1 0.5 7
8.85e+07 1.68886e-09 2.03521e-07 2.20981e-11 10 1 0.5 10
8.86e+07 1.44315e-09 2.08536e-07 1.92361e-11 10 1 0.5 10
8.87e+07 1.2466e-09 2.06888e-07 1.65059e-11 10 1 0.5 10
8.88e+07 1.15893e-09 2.01883e-07 1.88269e-11 8 1 0.5 8
8.89e+07 1.43901e-09 2.08799e-07 3.85306e-11 5 1 0.5 5
8.9e+07 1.54629e-09 2.04755e-07 2.25891e-11 9 1 0.5 9
8.91e+07 1.97496e-09 2.04263e-07 4.33523e-11 6 1 0.5 6
8.92e+07 1.47192e-09 1.99364e-07 2.36993e-11 8 1 0.5 8
8.93e+07 1.87253e-09 2.01395e-07 3.04219e-11 8 1 0.5 8
8.94e+07 1.6266e-09 2.02047e-07 1.76222e-11 12 1 0.5 12
8.95e+07 1.37884e-09 2.09728e-07 3.08318e-11 6 1 0.5 6
8.96e+07 1.11372e-09 1.95762e-07 2.01958e-11 7 1 0.5 7
8.97e+07 1.54745e-09 2.01033e-07 1.43053e-11 14 1 0.5 14
8.98e+07 1.62388e-09 2.06013e-07 2.14481e-11 10 1 0.5 10
8.99e+07 1.57122e-09 2.08261e-07 2.32624e-11 9 1 0.5 9
9e+07 1.58913e-09 1.99308e-07 1.03804e-10 2 1 0.5 2
9.01e+07 9.90089e-10 2.0942e-07 1.89157e-11 7 1 0.5 7
9.02e+07 1.6931e-09 2.0974e-07 2.83819e-11 8 1 0.5 8
9.03e+07 1.63716e-09 2.02005e-07 3.04708e-11 7 1 0.5 7
9.04e+07 1.59975e-09 2.03016e-07 2.61336e-11 8 1 0.5 8
9.05e+07 1.11006e-09 2.11075e-07 1.14748e-11 13 1 0.5 13
9.06e+07 2.01054e-09 1.977e-07 4.30277e-11 6 1 0.5 6
9.07e+07 1.72324e-09 2.07291e-07 4.59381e-11 5 1 0.5 5
9.08e+07 1.3738e-09 2.06711e-07 2.60119e-11 7 1 0.5 7
9.09e+07 1.38842e-09 2.07275e-07 2.30395e-11 8 1 0.5 8
9.1e+07 1.47197e-09 2.00075e-07 1.72638e-11 11 1 0.5 11
9.11e+07 1.46789e-09 2.10685e-07 2.8221e-11 7 1 0.5 7
9.12e+07 1.20227e-09 2.04665e-07 1.43447e-11 11 1 0.5 11
9.13e+07 1.82361e-09 2.08991e-07 1.73859e-11 14 1 0.5 14
9.14e+07 1.04092e-09 1.98505e-07 2.22687e-11 6 1 0.5 6
9.15e+07 2.03801e-09 2.08422e-07 1.28021e-10 7 1 0.5 7
9.16e+07 1.28734e-09 2.05629e-07 2.1223e-11 8 1 0.5 8
9.17e+07 1.22484e-09 1.99715e-07 6.47092e-11 6 1 0.5 6
9.18e+07 1.5704e-09 2.15175e-07 3.58589e-11 6 1 0.5 6
9.19e+07 1.3428e-09 2.19457e-07 2.33066e-11 8 1 0.5 8
9.2e+07 1.8783e-09 2.11503e-07 4.23601e-11 6 1 0.5 6
9.21e+07 1.14523e-09 2.06873e-07 1.68487e-11 9 1 0.5 9
9.22e+07 1.67894e-09 1.99896e-07 2.71041e-11 8 1 0.5 8
9.23e+07 2.26968e-09 2.00068e-07 2.93414e-11 10 1 0.5 10
9.24e+07 2.35646e-09 2.05849e-07 4.46126e-11 7 1 0.5 7
9.25e+07 1.32171e-09 2.02326e-07 2.46055e-11 7 1 0.5 7
9.26e+07 1.66343e-09 2.00754e-07 2.69422e-11 8 1 0.5 8
9.27e+07 1.98489e-09 2.01903e-07 4.31774e-11 6 1 0.5 6
9.28e+07 1.16904e-09 2.11449e-07 1.74982e-11 9 1 0.5 9
9.29e+07 2.36736e-09 2.19331e-07 3.65891e-11 9 1 0.5 9
9.3e+07 1.42448e-09 2.0112e-07 3.70365e-11 5 1 0.5 5
9.31e+07 1.45887e-09 2.08669e-07 2.16262e-11 9 1 0.5 9
9.32e+07 1.38154e-09 2.06645e-07 3.66824e-11 5 1 0.5 5
9.33e+07 1.7197e-09 2.06863e-07 2.85188e-11 8 1 0.5 8
9.34e+07 1.5171e-09 2.04834e-07 1.81243e-11 11 1 0.5 11
9.35e+07 1.33306e-09 2.09346e-07 1.61939e-11 11 1 0.5 11
9.36e+07 1.22329e-09 2.10578e-07 2.34904e-11 7 1 0.5 7
9.37e+07 1.59875e-09 2.06913e-07 3.03163e-11 7 1 0.5 7
9.38e+07 1.32019e-09 2.02552e-07 1.43224e-11 12 1 0.5 12
9.39e+07 1.37783e-09 2.08401e-07 2.62558e-11 7 1 0.5 7
9.4e+07 1.36283e-09 2.05474e-07 3.60218e-11 5 1 0.5 5
9.41e+07 2.0106e-09 2.09797e-07 2.99733e-11 9 1 0.5 9
9.42e+07 1.55869e-09 2.04934e-07 3.42496e-11 6 1 0.5 6
9.43e+07 1.36507e-09 2.13983e-07 2.32255e-11 8 1 0.5 8
9.44e+07 1.94462e-09 2.04401e-07 4.27041e-11 6 1 0.5 6
9.45e+07 1.28502e-09 1.98298e-07 2.35482e-11 7 1 0.5 7
9.46e+07 1.6607e-09 2.05926e-07 1.68533e-11 13 1 0.5 13
9.47e+07 1.37861e-09 2.07981e-07 3.06246e-11 6 1 0.5 6
9.48e+07 1.53902e-09 2.05495e-07 1.26599e-11 16 1 0.5 16
9.49e+07 1.45159e-09 2.12232e-07 2.80675e-11 7 1 0.5 7
9.5e+07 1.65661e-09 2.09377e-07 3.17131e-11 7 1 0.5 7
9.51e+07 1.17998e-09 2.04128e-07 1.54581e-11 10 1 0.5 10
9.52e+07 1.43451e-09 1.94963e-07 2.59562e-11 7 1 0.5 7
9.53e+07 1.50258e-09 2.10174e-07 2.24027e-11 9 1 0.5 9
9.54e+07 1.92473e-09 2.1399e-07 2.18263e-11 12 1 0.5 12
9.55e+07 1.52344e-09 2.07574e-07 2.53183e-11 8 1 0.5 8
9.56e+07 1.42163e-09 2.09105e-07 2.71662e-11 7 1 0.5 7
9.57e+07 1.63197e-09 2.01882e-07 2.35839e-11 9 1 0.5 9
9.58e+07 1.73912e-09 2.03244e-07 2.27341e-11 10 1 0.5 10
9.59e+07 1.25834e-09 2.03025e-07 1.65309e-10 5 1 0.5 5
9.6e+07 1.31467e-09 2.07106e-07 2.49249e-11 7 1 0.5 7
9.61e+07 1.43008e-09 2.15694e-07 1.77901e-11 11 1 0.5 11
9.62e+07 1.82595e-09 2.05867e-07 3.01814e-11 8 1 0.5 8
9.63e+07 1.65621e-09 2.04298e-07 3.63172e-11 6 1 0.5 6
9.64e+07 1.37696e-09 1.96674e-07 1.59329e-11 11 1 0.5 11
9.65e+07 1.37635e-09 2.0459e-07 2.26064e-11 8 1 0.5 8
9.66e+07 1.42446e-09 2.04211e-07 3.74798e-11 5 1 0.5 5
9.67e+07 1.50464e-09 2.22772e-07 1.62436e-11 13 1 0.5 13
9.68e+07 1.35476e-09 2.07977e-07 1.80163e-11 10 1 0.5 10
9.69e+07 1.44173e-09 2.18513e-07 2.49453e-11 8 1 0.5 8
9.7e+07 1.23878e-09 2.02158e-07 3.23115e-11 5 1 0.5 5
9.71e+07 1.25985e-09 2.036e-07 1.83105e-11 9 1 0.5 9
9.72e+07 1.21539e-09 2.10097e-07 1.81026e-11 9 1 0.5 9
9.73e+07 1.60062e-09 2.10345e-07 2.68856e-11 8 1 0.5 8
9.74e+07 1.6904e-09 2.07564e-07 3.21429e-11 7 1 0.5 7
9.75e+07 1.81769e-09 2.07549e-07 3.47391e-11 7 1 0.5 7
9.76e+07 1.83561e-09 2.15209e-07 3.59311e-11 7 1 0.5 7
9.77e+07 1.17237e-09 2.07401e-07 2.22417e-11 7 1 0.5 7
9.78e+07 1.08758e-09 2.12166e-07 2.45139e-11 6 1 0.5 6
9.79e+07 1.51324e-09 2.11824e-07 1.85607e-11 11 1 0.5 11
9.8e+07 1.13729e-09 2.11454e-07 1.39194e-11 11 1 0.5 11
9.81e+07 1.42979e-09 2.12717e-07 2.15165e-11 9 1 0.5 9
9.82e+07 1.66505e-09 2.10547e-07 3.20156e-11 7 1 0.5 7
9.83e+07 1.82852e-09 2.02714e-07 4.79214e-11 5 1 0.5 5
9.84e+07 1.66597e-09 2.10976e-07 3.20848e-11 7 1 0.5 7
9.85e+07 1.56388e-09 2.09838e-07 2.09533e-11 10 1 0.5 10
9.86e+07 1.49634e-09 2.02717e-07 1.95103e-11 10 1 0.5 10
9.87e+07 1.41478e-09 2.0251e-07 1.84289e-11 10 1 0.5 10
9.88e+07 1.54333e-09 2.03473e-07 2.52524e-11 8 1 0.5 8
9.89e+07 1.59512e-09 2.09794e-07 4.29011e-11 5 1 0.5 5
9.9e+07 1.53988e-09 2.08608e-07 2.56927e-11 8 1 0.5 8
9.91e+07 1.11371e-09 1.98237e-07 1.42589e-11 10 1 0.5 10
9.92e+07 1.48494e-09 2.0741e-07 2.19096e-11 9 1 0.5 9
9.93e+07 1.98999e-09 2.21874e-07 4.66373e-11 6 1 0.5 6
9.94e+07 1.805e-09 2.10684e-07 4.05715e-11 6 1 0.5 6
9.95e+07 1.79305e-09 2.07097e-07 2.97679e-11 8 1 0.5 8
9.96e+07 1.72477e-09 2.0494e-07 2.83946e-11 8 1 0.5 8
9.97e+07 1.96781e-09 2.0048e-07 3.64467e-11 7 1 0.5 7
9.98e+07 1.91408e-09 1.97309e-07 4.91356e-11 5 1 0.5 5
9.99e+07 1.35479e-09 2.05431e-07 2.98031e-11 6 1 0.5 6
1e+08 1.46223e-09 2.10962e-07 1.96694e-11 10 1 0.5 10
