0 1.50659e-09 2.07143e-07 1.91083e-11 11 1 0.5 11
100000 1.57643e-09 2.06555e-07 3.48562e-11 6 1 0.5 6
200000 1.88825e-09 2.0186e-07 2.73025e-11 9 1 0.5 9
300000 1.38809e-09 1.99212e-07 3.58176e-11 5 1 0.5 5
400000 1.69971e-09 2.04806e-07 2.48447e-11 9 1 0.5 9
500000 1.54312e-09 2.08353e-07 2.57223e-11 8 1 0.5 8
600000 1.33315e-09 2.04772e-07 1.45871e-11 12 1 0.5 12
700000 2.10812e-09 2.04128e-07 4.62742e-11 6 1 0.5 6
800000 1.56714e-09 2.12636e-07 1.63071e-11 13 1 0.5 13
900000 1.53902e-09 2.00951e-07 3.33003e-11 6 1 0.5 6
1e+06 8.25799e-10 2.15218e-07 8.66384e-12 13 1 0.5 13
1.1e+06 1.60978e-09 2.11808e-07 4.36258e-11 5 1 0.5 5
1.2e+06 1.58191e-09 2.10078e-07 2.35818e-11 9 1 0.5 9
1.3e+06 1.46155e-09 2.00554e-07 1.57381e-11 12 1 0.5 12
1.4e+06 1.2896e-09 2.02251e-07 4.21355e-11 4 1 0.5 4
1.5e+06 1.36988e-09 2.04876e-07 1.63632e-11 11 1 0.5 11
1.6e+06 1.11592e-09 2.11796e-07 2.51208e-11 6 1 0.5 6
1.7e+06 1.36926e-09 2.06989e-07 2.01648e-11 9 1 0.5 9
1.8e+06 1.83792e-09 2.00861e-07 4.78255e-11 5 1 0.5 5
1.9e+06 1.68279e-09 2.02139e-07 1.82393e-11 12 1 0.5 12
2e+06 1.75392e-09 1.93482e-07 4.43145e-11 5 1 0.5 5
2.1e+06 1.10014e-09 2.04225e-07 2.40673e-11 6 1 0.5 6
2.2e+06 1.60873e-09 2.02289e-07 2.62075e-11 8 1 0.5 8
2.3e+06 1.91521e-09 2.07762e-07 2.12184e-11 12 1 0.5 12
2.4e+06 1.46535e-09 2.02912e-07 3.19389e-11 6 1 0.5 6
2.5e+06 1.81968e-09 2.08758e-07 4.88003e-11 5 1 0.5 5
2.6e+06 1.83957e-09 1.94312e-07 2.58191e-11 9 1 0.5 9
2.7e+06 1.4313e-09 2.07605e-07 1.58334e-11 12 1 0.5 12
2.8e+06 1.18031e-09 2.02059e-07 1.91885e-11 8 1 0.5 8
2.9e+06 2.00028e-09 2.11823e-07 2.70267e-11 10 1 0.5 10
