0 1.50659e-09 2.07143e-07 1.91083e-11 11 1 0.5 11
100000 1.50776e-09 1.99512e-07 3.89716e-11 5 1 0.5 5
200000 1.40464e-09 2.02337e-07 2.28742e-11 8 1 0.5 8
300000 1.4067e-09 2.15698e-07 1.92543e-11 10 1 0.5 10
400000 1.85254e-09 2.10364e-07 6.26244e-11 4 1 0.5 4
500000 1.89515e-09 2.01343e-07 3.07851e-11 8 1 0.5 8
600000 1.16308e-09 2.0953e-07 1.72843e-11 9 1 0.5 9
700000 1.58205e-09 2.14965e-07 2.16051e-11 10 1 0.5 10
800000 2.1977e-09 2.08999e-07 3.67909e-11 8 1 0.5 8
900000 1.43587e-09 2.09044e-07 2.39897e-11 8 1 0.5 8
1e+06 1.64171e-09 2.07097e-07 1.97875e-11 11 1 0.5 11
1.1e+06 1.00103e-09 2.04854e-07 1.46095e-11 9 1 0.5 9
1.2e+06 1.54337e-09 2.011e-07 6.72352e-11 3 1 0.5 3
1.3e+06 2.00136e-09 1.98588e-07 5.16551e-11 5 1 0.5 5
1.4e+06 1.78974e-09 1.99937e-07 6.02946e-11 4 1 0.5 4
1.5e+06 1.11507e-09 2.17324e-07 2.1944e-11 7 1 0.5 7
1.6e+06 1.36825e-09 2.12833e-07 2.65079e-11 7 1 0.5 7
1.7e+06 1.5905e-09 2.19659e-07 3.16169e-11 7 1 0.5 7
1.8e+06 1.40516e-09 2.10803e-07 2.09945e-11 9 1 0.5 9
1.9e+06 1.44829e-09 2.13139e-07 2.183e-11 9 1 0.5 9
2e+06 1.26767e-09 2.02178e-07 2.06789e-11 8 1 0.5 8
2.1e+06 1.05695e-09 2.0638e-07 1.74633e-11 8 1 0.5 8
2.2e+06 1.28777e-09 2.16765e-07 3.54898e-11 5 1 0.5 5
2.3e+06 1.51506e-09 2.14897e-07 2.58756e-11 8 1 0.5 8
2.4e+06 1.33102e-09 2.04179e-07 2.49565e-11 7 1 0.5 7
2.5e+06 1.48619e-09 2.11228e-07 1.66674e-11 12 1 0.5 12
2.6e+06 1.6583e-09 2.06191e-07 3.66271e-11 6 1 0.5 6
2.7e+06 1.54291e-09 2.10555e-07 4.16055e-11 5 1 0.5 5
2.8e+06 1.95154e-09 2.07012e-07 4.32862e-11 6 1 0.5 6
2.9e+06 1.62901e-09 2.09365e-07 2.17905e-11 10 1 0.5 10
3e+06 1.79323e-09 2.10369e-07 2.18886e-11 11 1 0.5 11
3.1e+06 1.62708e-09 2.08152e-07 2.71077e-11 8 1 0.5 8
3.2e+06 1.505e-09 2.08246e-07 2.5074e-11 8 1 0.5 8
3.3e+06 1.39649e-09 1.9659e-07 2.22368e-11 8 1 0.5 8
3.4e+06 2.02564e-09 2.09076e-07 3.01169e-11 9 1 0.5 9
3.5e+06 1.51334e-09 2.03419e-07 3.30552e-11 6 1 0.5 6
3.6e+06 1.90705e-09 2.04641e-07 2.50726e-11 10 1 0.5 10
3.7e+06 1.66846e-09 2.01945e-07 1.54814e-11 14 1 0.5 14
3.8e+06 1.06966e-09 2.11383e-07 2.40382e-11 6 1 0.5 6
3.9e+06 1.54049e-09 2.12636e-07 2.08553e-11 10 1 0.5 10
4e+06 2.09389e-09 1.99414e-07 3.86362e-11 7 1 0.5 7
4.1e+06 2.01706e-09 2.12311e-07 4.56511e-11 6 1 0.5 6
4.2e+06 1.94954e-09 2.12074e-07 4.40727e-11 6 1 0.5 6
4.3e+06 2.07974e-09 2.11244e-07 5.63647e-11 5 1 0.5 5
4.4e+06 2.01854e-09 2.07507e-07 2.68361e-11 10 1 0.5 10
4.5e+06 1.48054e-09 2.13026e-07 1.5426e-11 13 1 0.5 13
4.6e+06 1.31798e-09 2.1339e-07 2.23721e-11 8 1 0.5 8
4.7e+06 1.59434e-09 2.09254e-07 3.5616e-11 6 1 0.5 6
4.8e+06 1.54096e-09 2.03825e-07 2.8873e-11 7 1 0.5 7
4.9e+06 1.79351e-09 1.94916e-07 2.52305e-11 9 1 0.5 9
5e+06 1.62368e-09 2.08612e-07 2.16575e-11 10 1 0.5 10
5.1e+06 1.58755e-09 1.9075e-07 1.97495e-11 10 1 0.5 10
5.2e+06 1.50704e-09 2.1045e-07 2.53169e-11 8 1 0.5 8
5.3e+06 1.19624e-09 2.15467e-07 1.63519e-11 10 1 0.5 10
5.4e+06 1.77765e-09 2.11345e-07 2.66387e-11 9 1 0.5 9
5.5e+06 1.63167e-09 2.12476e-07 2.45452e-11 9 1 0.5 9
5.6e+06 1.73946e-09 2.038e-07 4.57602e-11 5 1 0.5 5
5.7e+06 1.52996e-09 2.03199e-07 1.81641e-11 11 1 0.5 11
5.8e+06 1.49402e-09 2.0723e-07 3.31086e-11 6 1 0.5 6
5.9e+06 1.4084e-09 2.04957e-07 2.64926e-11 7 1 0.5 7
6e+06 1.56792e-09 2.02998e-07 1.8602e-11 11 1 0.5 11
6.1e+06 1.65544e-09 2.10143e-07 2.46886e-11 9 1 0.5 9
6.2e+06 1.80476e-09 2.03642e-07 2.36317e-11 10 1 0.5 10
6.3e+06 1.35177e-09 2.07582e-07 2.56776e-11 7 1 0.5 7
6.4e+06 1.31198e-09 2.11673e-07 3.54887e-11 5 1 0.5 5
6.5e+06 1.3274e-09 2.06732e-07 2.93423e-11 6 1 0.5 6
6.6e+06 1.509e-09 2.02956e-07 1.78979e-11 11 1 0.5 11
6.7e+06 1.24348e-09 1.95731e-07 1.57685e-11 10 1 0.5 10
6.8e+06 1.14269e-09 2.1001e-07 1.70111e-11 9 1 0.5 9
6.9e+06 1.88676e-09 2.03443e-07 4.12725e-11 6 1 0.5 6
7e+06 1.55837e-09 1.98011e-07 6.84652e-10 6 1 0.5 6
7.1e+06 1.62844e-09 2.0095e-07 3.82517e-10 10 1 0.5 10
7.2e+06 1.89317e-09 2.12555e-07 4.28656e-11 6 1 0.5 6
7.3e+06 1.79102e-09 2.09921e-07 6.0423e-11 4 1 0.5 4
7.4e+06 1.29345e-09 2.06739e-07 1.55578e-11 11 1 0.5 11
7.5e+06 1.75083e-09 1.99059e-07 5.6644e-11 4 1 0.5 4
7.6e+06 1.28999e-09 2.14529e-07 2.19875e-11 8 1 0.5 8
7.7e+06 1.57223e-09 2.1515e-07 3.58976e-11 6 1 0.5 6
7.8e+06 1.5366e-09 2.10339e-07 2.95105e-11 7 1 0.5 7
7.9e+06 1.6585e-09 2.06261e-07 2.19278e-11 10 1 0.5 10
8e+06 1.19733e-09 2.03443e-07 1.957e-11 8 1 0.5 8
8.1e+06 1.37922e-09 2.08086e-07 2.29564e-11 8 1 0.5 8
8.2e+06 8.45511e-10 2.07123e-07 2.24362e-11 5 1 0.5 5
8.3e+06 1.88994e-09 2.06168e-07 3.12743e-11 8 1 0.5 8
8.4e+06 1.46639e-09 2.01308e-07 2.3789e-11 8 1 0.5 8
8.5e+06 1.53851e-09 2.10908e-07 2.06949e-11 10 1 0.5 10
8.6e+06 1.7668e-09 2.04157e-07 4.6549e-11 5 1 0.5 5
8.7e+06 1.23772e-09 2.07616e-07 2.35056e-11 7 1 0.5 7
8.8e+06 1.12327e-09 2.16133e-07 2.20099e-11 7 1 0.5 7
8.9e+06 1.62368e-09 2.08037e-07 2.16106e-11 10 1 0.5 10
9e+06 1.2743e-09 2.02723e-07 2.77349e-11 6 1 0.5 6
9.1e+06 1.73303e-09 2.05398e-07 2.07576e-11 11 1 0.5 11
9.2e+06 1.00827e-09 2.0935e-07 1.49678e-11 9 1 0.5 9
9.3e+06 1.76973e-09 2.00513e-07 5.40127e-10 9 1 0.5 9
9.4e+06 1.54507e-09 2.13075e-07 1.60205e-10 6 1 0.5 6
9.5e+06 1.64542e-09 2.08923e-07 3.67186e-11 6 1 0.5 6
9.6e+06 1.14197e-09 2.0324e-07 1.24177e-11 12 1 0.5 12
9.7e+06 1.27665e-09 1.95089e-07 1.61492e-11 10 1 0.5 10
9.8e+06 1.78465e-09 2.20405e-07 1.8231e-10 7 1 0.5 7
9.9e+06 1.47466e-09 2.13963e-07 5.13016e-11 4 1 0.5 4
1e+07 1.12515e-09 2.22891e-07 1.57963e-11 10 1 0.5 10
1.01e+07 1.67754e-09 1.96224e-07 3.05285e-11 7 1 0.5 7
1.02e+07 1.06719e-09 2.08257e-07 2.37035e-11 6 1 0.5 6
1.03e+07 1.82714e-09 2.07208e-07 4.87155e-11 5 1 0.5 5
1.04e+07 1.14476e-09 2.07809e-07 1.90214e-11 8 1 0.5 8
1.05e+07 1.1024e-09 2.07827e-07 1.62755e-11 9 1 0.5 9
1.06e+07 1.47046e-09 2.17674e-07 2.9009e-11 7 1 0.5 7
1.07e+07 1.5993e-09 2.05922e-07 2.11149e-11 10 1 0.5 10
1.08e+07 1.33672e-09 2.08627e-07 1.981e-11 9 1 0.5 9
1.09e+07 1.5511e-09 2.18008e-07 2.67971e-11 8 1 0.5 8
1.1e+07 1.66671e-09 2.00977e-07 1.96241e-11 11 1 0.5 11
1.11e+07 1.73095e-09 2.1197e-07 3.34672e-11 7 1 0.5 7
1.12e+07 2.11782e-09 2.10066e-07 4.07083e-11 7 1 0.5 7
1.13e+07 1.76536e-09 2.17468e-07 2.43408e-11 10 1 0.5 10
1.14e+07 1.29862e-09 2.12728e-07 1.75771e-11 10 1 0.5 10
1.15e+07 1.66985e-09 1.99638e-07 3.23945e-11 7 1 0.5 7
1.16e+07 1.51594e-09 2.12645e-07 5.15838e-11 4 1 0.5 4
1.17e+07 1.39356e-09 2.13041e-07 2.70213e-11 7 1 0.5 7
1.18e+07 1.5851e-09 2.17916e-07 2.18819e-11 10 1 0.5 10
1.19e+07 1.86652e-09 2.06407e-07 4.12921e-11 6 1 0.5 6
1.2e+07 1.59409e-09 1.98083e-07 3.4115e-11 6 1 0.5 6
1.21e+07 1.72977e-09 2.05559e-07 3.26461e-11 7 1 0.5 7
1.22e+07 1.30029e-09 2.05391e-07 1.42603e-11 12 1 0.5 12
1.23e+07 1.44815e-09 2.04715e-07 2.38018e-11 8 1 0.5 8
1.24e+07 1.8549e-09 2.02625e-07 2.01489e-11 12 1 0.5 12
1.25e+07 2.04423e-09 2.10346e-07 2.49631e-11 11 1 0.5 11
1.26e+07 1.04122e-09 2.1082e-07 1.74925e-11 8 1 0.5 8
1.27e+07 1.45817e-09 1.99628e-07 3.13799e-11 6 1 0.5 6
1.28e+07 1.11824e-09 2.07302e-07 2.47527e-11 6 1 0.5 6
1.29e+07 1.71332e-09 2.12414e-07 3.31792e-11 7 1 0.5 7
1.3e+07 1.58623e-09 1.96201e-07 2.8856e-11 7 1 0.5 7
1.31e+07 1.58916e-09 2.0584e-07 3.0011e-11 7 1 0.5 7
1.32e+07 1.30297e-09 2.16282e-07 1.78684e-11 10 1 0.5 10
1.33e+07 1.39144e-09 2.0585e-07 1.66833e-11 11 1 0.5 11
1.34e+07 1.74232e-09 2.13565e-07 2.96305e-11 8 1 0.5 8
1.35e+07 1.40967e-09 2.03983e-07 3.08454e-11 6 1 0.5 6
1.36e+07 1.2771e-09 2.08787e-07 2.13067e-11 8 1 0.5 8
1.37e+07 2.00507e-09 1.99602e-07 2.34979e-11 11 1 0.5 11
1.38e+07 1.16057e-09 2.05853e-07 2.55532e-11 6 1 0.5 6
1.39e+07 2.01443e-09 2.05962e-07 5.35003e-11 5 1 0.5 5
1.4e+07 1.91088e-09 2.11236e-07 5.17467e-11 5 1 0.5 5
1.41e+07 1.50408e-09 2.0391e-07 2.8188e-11 7 1 0.5 7
1.42e+07 1.61841e-09 2.09621e-07 1.96922e-11 11 1 0.5 11
1.43e+07 1.45189e-09 2.04507e-07 3.18382e-11 6 1 0.5 6
1.44e+07 1.28198e-09 1.94336e-07 1.61685e-11 10 1 0.5 10
1.45e+07 1.79792e-09 2.12925e-07 4.07501e-11 6 1 0.5 6
1.46e+07 1.36928e-09 2.10037e-07 1.4106e-11 13 1 0.5 13
1.47e+07 1.73685e-09 2.05537e-07 3.82778e-11 6 1 0.5 6
1.48e+07 1.46402e-09 2.11074e-07 2.18993e-11 9 1 0.5 9
1.49e+07 1.71997e-09 2.03044e-07 3.21489e-11 7 1 0.5 7
1.5e+07 1.23428e-09 2.03762e-07 2.30987e-11 7 1 0.5 7
1.51e+07 1.6614e-09 2.1249e-07 3.75754e-11 6 1 0.5 6
1.52e+07 1.71774e-09 2.07267e-07 4.57864e-11 5 1 0.5 5
1.53e+07 1.31504e-09 2.08185e-07 3.51099e-11 5 1 0.5 5
1.54e+07 2.29712e-09 2.03484e-07 3.00933e-11 10 1 0.5 10
1.55e+07 2.30506e-09 2.03383e-07 3.01861e-11 10 1 0.5 10
1.56e+07 1.16291e-09 2.12587e-07 2.24939e-11 7 1 0.5 7
1.57e+07 1.22714e-09 2.05348e-07 2.31041e-11 7 1 0.5 7
1.58e+07 1.49101e-09 2.08535e-07 1.65537e-11 12 1 0.5 12
1.59e+07 1.12376e-09 2.11712e-07 1.51469e-11 10 1 0.5 10
1.6e+07 1.34924e-09 2.00772e-07 1.3417e-11 13 1 0.5 13
1.61e+07 1.79669e-09 2.15309e-07 3.51778e-11 7 1 0.5 7
1.62e+07 1.45509e-09 1.98437e-07 2.33424e-11 8 1 0.5 8
1.63e+07 1.82181e-09 2.13394e-07 8.33336e-11 3 1 0.5 3
1.64e+07 1.78825e-09 2.12862e-07 4.052e-11 6 1 0.5 6
1.65e+07 1.26213e-09 2.09261e-07 1.53252e-11 11 1 0.5 11
1.66e+07 1.89269e-09 2.06099e-07 2.2738e-11 11 1 0.5 11
1.67e+07 1.37613e-09 1.98426e-07 1.25896e-11 14 1 0.5 14
1.68e+07 1.31384e-09 2.03786e-07 1.43211e-11 12 1 0.5 12
1.69e+07 1.0187e-09 2.1157e-07 1.52489e-11 9 1 0.5 9
1.7e+07 1.50099e-09 2.07831e-07 2.85528e-11 7 1 0.5 7
1.71e+07 1.99221e-09 2.03918e-07 2.00744e-11 13 1 0.5 13
1.72e+07 1.94142e-09 2.07098e-07 2.14557e-11 12 1 0.5 12
1.73e+07 1.44124e-09 2.10112e-07 2.76469e-11 7 1 0.5 7
1.74e+07 2.39074e-09 2.06203e-07 2.63543e-11 12 1 0.5 12
1.75e+07 1.242e-09 2.03215e-07 1.35067e-11 12 1 0.5 12
1.76e+07 2.00839e-09 2.01344e-07 4.35979e-11 6 1 0.5 6
1.77e+07 2.02742e-09 2.08803e-07 5.44322e-11 5 1 0.5 5
1.78e+07 2.1802e-09 2.13574e-07 4.96068e-11 6 1 0.5 6
1.79e+07 1.31217e-09 2.10462e-07 2.51934e-11 7 1 0.5 7
1.8e+07 2.18731e-09 2.08476e-07 4.18025e-11 7 1 0.5 7
1.81e+07 1.54971e-09 2.10298e-07 4.175e-11 5 1 0.5 5
1.82e+07 1.58575e-09 2.03033e-07 4.15655e-11 5 1 0.5 5
1.83e+07 1.3746e-09 2.01383e-07 2.55013e-11 7 1 0.5 7
1.84e+07 1.33107e-09 2.07239e-07 2.52499e-11 7 1 0.5 7
1.85e+07 1.64568e-09 2.05689e-07 2.41329e-11 9 1 0.5 9
1.86e+07 1.87825e-09 2.05392e-07 3.0988e-11 8 1 0.5 8
1.87e+07 1.5935e-09 2.05585e-07 1.90945e-11 11 1 0.5 11
1.88e+07 1.28002e-09 2.14555e-07 2.18189e-11 8 1 0.5 8
1.89e+07 1.43381e-09 2.11005e-07 2.14402e-11 9 1 0.5 9
1.9e+07 1.85918e-09 2.09265e-07 2.76501e-11 9 1 0.5 9
1.91e+07 1.66239e-09 2.03122e-07 2.17171e-11 10 1 0.5 10
1.92e+07 1.86409e-09 2.04664e-07 3.06678e-11 8 1 0.5 8
1.93e+07 1.14061e-09 2.0756e-07 1.68243e-11 9 1 0.5 9
1.94e+07 1.70212e-09 2.21675e-07 3.98166e-11 6 1 0.5 6
1.95e+07 9.6029e-10 2.20994e-07 1.67411e-11 8 1 0.5 8
1.96e+07 1.42599e-09 2.11464e-07 2.13594e-11 9 1 0.5 9
1.97e+07 1.54769e-09 2.22583e-07 4.36138e-11 5 1 0.5 5
1.98e+07 1.0616e-09 2.10494e-07 1.42422e-11 10 1 0.5 10
1.99e+07 1.77061e-09 2.0005e-07 2.5415e-11 9 1 0.5 9
2e+07 1.64614e-09 1.98557e-07 3.02304e-11 7 1 0.5 7
2.01e+07 1.23477e-09 2.0845e-07 2.0572e-11 8 1 0.5 8
2.02e+07 1.82635e-09 2.08496e-07 2.43613e-11 10 1 0.5 10
2.03e+07 1.43216e-09 1.98992e-07 2.04555e-11 9 1 0.5 9
2.04e+07 1.423e-09 2.08858e-07 2.11075e-11 9 1 0.5 9
2.05e+07 1.68351e-09 2.11746e-07 2.84329e-11 8 1 0.5 8
2.06e+07 1.54034e-09 2.02463e-07 1.8236e-11 11 1 0.5 11
2.07e+07 1.55248e-09 1.99814e-07 3.3445e-11 6 1 0.5 6
2.08e+07 1.5412e-09 2.12254e-07 2.98115e-11 7 1 0.5 7
2.09e+07 1.59828e-09 1.97246e-07 4.09625e-11 5 1 0.5 5
2.1e+07 1.30479e-09 2.06289e-07 1.91614e-11 9 1 0.5 9
2.11e+07 9.91262e-10 2.09656e-07 1.10414e-11 12 1 0.5 12
2.12e+07 1.65938e-09 1.94944e-07 2.627e-11 8 1 0.5 8
2.13e+07 1.23489e-09 2.08334e-07 1.82725e-11 9 1 0.5 9
2.14e+07 1.09441e-09 2.00252e-07 1.76637e-11 8 1 0.5 8
2.15e+07 1.44268e-09 2.10454e-07 2.42316e-11 8 1 0.5 8
2.16e+07 1.37339e-09 2.02353e-07 1.11596e-11 16 1 0.5 16
2.17e+07 1.42419e-09 2.07833e-07 2.36854e-11 8 1 0.5 8
2.18e+07 1.52566e-09 2.18627e-07 3.02082e-11 7 1 0.5 7
2.19e+07 1.504e-09 2.05775e-07 3.31473e-11 6 1 0.5 6
2.2e+07 1.59962e-09 2.0362e-07 7.0397e-11 3 1 0.5 3
2.21e+07 1.83889e-09 2.05446e-07 2.69542e-11 9 1 0.5 9
2.22e+07 1.57609e-09 2.07937e-07 4.20904e-11 5 1 0.5 5
2.23e+07 1.7169e-09 2.05726e-07 3.78626e-11 6 1 0.5 6
2.24e+07 1.59894e-09 2.03444e-07 4.19797e-11 5 1 0.5 5
2.25e+07 1.47902e-09 2.04192e-07 3.89221e-11 5 1 0.5 5
2.26e+07 1.65609e-09 1.97638e-07 2.11782e-11 10 1 0.5 10
2.27e+07 1.37732e-09 2.094e-07 2.63448e-11 7 1 0.5 7
2.28e+07 1.30354e-09 2.08154e-07 1.23782e-11 14 1 0.5 14
2.29e+07 1.53729e-09 2.09454e-07 2.9426e-11 7 1 0.5 7
2.3e+07 1.41501e-09 2.06616e-07 2.67861e-11 7 1 0.5 7
2.31e+07 1.51789e-09 1.98155e-07 2.78201e-11 7 1 0.5 7
2.32e+07 1.54273e-09 2.02733e-07 2.23628e-11 9 1 0.5 9
2.33e+07 1.92172e-09 2.08973e-07 4.29375e-11 6 1 0.5 6
2.34e+07 1.40914e-09 2.1073e-07 1.57772e-11 12 1 0.5 12
2.35e+07 1.40147e-09 2.06123e-07 4.65038e-11 4 1 0.5 4
2.36e+07 1.69379e-09 2.03068e-07 3.16598e-11 7 1 0.5 7
2.37e+07 1.36443e-09 2.05056e-07 2.99735e-11 6 1 0.5 6
2.38e+07 1.34403e-09 2.15802e-07 1.53259e-11 12 1 0.5 12
2.39e+07 1.34368e-09 2.15822e-07 2.04489e-11 9 1 0.5 9
2.4e+07 1.42503e-09 2.04056e-07 1.43529e-11 13 1 0.5 13
2.41e+07 1.37872e-09 2.16622e-07 2.36871e-11 8 1 0.5 8
2.42e+07 1.32622e-09 2.06467e-07 1.25138e-11 14 1 0.5 14
2.43e+07 1.51743e-09 2.06164e-07 2.00818e-11 10 1 0.5 10
2.44e+07 1.13147e-09 2.15955e-07 1.93779e-11 8 1 0.5 8
2.45e+07 1.19758e-09 1.99674e-07 2.57521e-11 6 1 0.5 6
2.46e+07 1.37838e-09 2.17373e-07 2.10981e-11 9 1 0.5 9
2.47e+07 1.70572e-09 2.07024e-07 4.54214e-11 5 1 0.5 5
2.48e+07 1.18205e-09 2.05898e-07 1.73279e-11 9 1 0.5 9
2.49e+07 1.70106e-09 2.07259e-07 2.82505e-11 8 1 0.5 8
2.5e+07 1.80953e-09 2.12604e-07 2.72461e-11 9 1 0.5 9
2.51e+07 1.71298e-09 2.04538e-07 2.04493e-11 11 1 0.5 11
2.52e+07 1.1088e-09 2.10093e-07 2.48019e-11 6 1 0.5 6
2.53e+07 1.97694e-09 2.11742e-07 3.34162e-11 8 1 0.5 8
2.54e+07 1.72162e-09 2.09739e-07 3.85482e-11 6 1 0.5 6
2.55e+07 1.65666e-09 2.12372e-07 2.24121e-11 10 1 0.5 10
2.56e+07 1.18647e-09 2.09584e-07 1.5868e-11 10 1 0.5 10
2.57e+07 1.67407e-09 1.99077e-07 3.08321e-11 7 1 0.5 7
2.58e+07 1.36451e-09 2.03522e-07 1.98308e-11 9 1 0.5 9
2.59e+07 8.88008e-10 2.10883e-07 1.70528e-11 7 1 0.5 7
2.6e+07 1.23973e-09 1.9896e-07 1.99168e-11 8 1 0.5 8
2.61e+07 1.57518e-09 2.13129e-07 2.6732e-11 8 1 0.5 8
2.62e+07 1.74307e-09 2.12798e-07 3.38068e-11 7 1 0.5 7
2.63e+07 1.38404e-09 2.14261e-07 2.35736e-11 8 1 0.5 8
2.64e+07 1.194e-09 2.13078e-07 1.47036e-11 11 1 0.5 11
2.65e+07 1.59975e-09 2.03429e-07 2.99346e-11 7 1 0.5 7
2.66e+07 1.36768e-09 2.11033e-07 3.07304e-11 6 1 0.5 6
2.67e+07 1.88269e-09 2.16464e-07 4.32461e-11 6 1 0.5 6
2.68e+07 1.34405e-09 2.1182e-07 2.26839e-11 8 1 0.5 8
2.69e+07 1.72364e-09 2.00656e-07 2.23068e-11 10 1 0.5 10
2.7e+07 1.24514e-09 2.01379e-07 2.30899e-11 7 1 0.5 7
2.71e+07 1.73673e-09 2.1723e-07 3.42371e-11 7 1 0.5 7
2.72e+07 1.61216e-09 2.16851e-07 2.77397e-11 8 1 0.5 8
2.73e+07 1.46851e-09 1.97651e-07 3.76751e-11 5 1 0.5 5
2.74e+07 9.29969e-10 2.0585e-07 2.4568e-11 5 1 0.5 5
2.75e+07 1.19861e-09 2.0138e-07 2.59455e-11 6 1 0.5 6
2.76e+07 1.29845e-09 2.04254e-07 2.84297e-11 6 1 0.5 6
2.77e+07 1.11747e-09 2.08915e-07 1.49053e-11 10 1 0.5 10
2.78e+07 1.21571e-09 2.03467e-07 1.13385e-11 14 1 0.5 14
2.79e+07 1.103e-09 1.98948e-07 1.77127e-11 8 1 0.5 8
2.8e+07 1.11241e-09 2.08559e-07 2.11924e-11 7 1 0.5 7
2.81e+07 1.20794e-09 2.06921e-07 2.00075e-11 8 1 0.5 8
2.82e+07 1.539e-09 2.09595e-07 2.57734e-11 8 1 0.5 8
2.83e+07 1.39713e-09 1.97625e-07 1.78556e-11 10 1 0.5 10
2.84e+07 1.54474e-09 2.05095e-07 2.90851e-11 7 1 0.5 7
2.85e+07 1.47718e-09 2.09859e-07 2.47583e-11 8 1 0.5 8
2.86e+07 1.21049e-09 2.06465e-07 1.60006e-11 10 1 0.5 10
2.87e+07 1.3978e-09 2.13503e-07 2.71502e-11 7 1 0.5 7
2.88e+07 1.25924e-09 2.0273e-07 2.74063e-11 6 1 0.5 6
2.89e+07 1.44742e-09 2.06256e-07 2.39299e-11 8 1 0.5 8
2.9e+07 1.26765e-09 2.08934e-07 1.88012e-11 9 1 0.5 9
2.91e+07 1.33655e-09 2.0356e-07 1.45567e-11 12 1 0.5 12
2.92e+07 2.19755e-09 2.13047e-07 3.73496e-11 8 1 0.5 8
2.93e+07 1.47218e-09 2.14771e-07 2.51284e-11 8 1 0.5 8
2.94e+07 1.68386e-09 2.03187e-07 2.75323e-11 8 1 0.5 8
2.95e+07 2.00305e-09 2.00884e-07 2.88611e-11 9 1 0.5 9
2.96e+07 1.71101e-09 2.06684e-07 3.24286e-11 7 1 0.5 7
2.97e+07 1.4888e-09 2.0409e-07 2.79194e-11 7 1 0.5 7
2.98e+07 1.72448e-09 2.0613e-07 3.80894e-11 6 1 0.5 6
2.99e+07 1.61925e-09 2.11156e-07 3.12013e-11 7 1 0.5 7
3e+07 1.81796e-09 2.03545e-07 2.97769e-11 8 1 0.5 8
3.01e+07 1.26675e-09 2.08416e-07 2.41317e-11 7 1 0.5 7
3.02e+07 1.23683e-09 2.02331e-07 1.60934e-11 10 1 0.5 10
3.03e+07 1.42419e-09 2.00024e-07 1.31118e-11 14 1 0.5 14
3.04e+07 1.48448e-09 2.04336e-07 3.25355e-11 6 1 0.5 6
3.05e+07 2.11605e-09 2.0476e-07 3.48503e-11 8 1 0.5 8
3.06e+07 1.2058e-09 2.17001e-07 1.84233e-11 9 1 0.5 9
3.07e+07 1.47507e-09 2.16133e-07 2.53041e-11 8 1 0.5 8
3.08e+07 1.53336e-09 2.02053e-07 1.99437e-11 10 1 0.5 10
3.09e+07 1.62887e-09 2.01706e-07 1.50991e-11 14 1 0.5 14
3.1e+07 1.91794e-09 2.14711e-07 2.91125e-11 9 1 0.5 9
3.11e+07 1.30591e-09 2.09067e-07 1.93802e-11 9 1 0.5 9
3.12e+07 1.01072e-09 2.00382e-07 1.30461e-11 10 1 0.5 10
3.13e+07 1.8353e-09 2.00983e-07 3.40448e-11 7 1 0.5 7
3.14e+07 9.0316e-10 2.17666e-07 1.24367e-11 10 1 0.5 10
3.15e+07 1.55407e-09 1.93873e-07 3.27043e-11 6 1 0.5 6
3.16e+07 1.50188e-09 1.94664e-07 2.37402e-11 8 1 0.5 8
3.17e+07 1.43571e-09 2.03355e-07 2.68434e-11 7 1 0.5 7
3.18e+07 1.45406e-09 2.14123e-07 1.97899e-11 10 1 0.5 10
3.19e+07 1.36087e-09 2.05363e-07 1.62856e-11 11 1 0.5 11
3.2e+07 1.35729e-09 2.11888e-07 1.66465e-11 11 1 0.5 11
3.21e+07 1.45214e-09 2.04766e-07 1.90816e-11 10 1 0.5 10
3.22e+07 1.07319e-09 2.06926e-07 1.42062e-11 10 1 0.5 10
3.23e+07 1.27636e-09 2.05835e-07 2.10579e-11 8 1 0.5 8
3.24e+07 1.326e-09 2.08914e-07 1.9668e-11 9 1 0.5 9
3.25e+07 1.55534e-09 2.06885e-07 3.44303e-11 6 1 0.5 6
3.26e+07 1.08019e-09 2.08948e-07 1.30957e-11 11 1 0.5 11
3.27e+07 1.41733e-09 2.00263e-07 2.61836e-11 7 1 0.5 7
3.28e+07 1.4961e-09 2.04718e-07 2.81245e-11 7 1 0.5 7
3.29e+07 1.60483e-09 2.01385e-07 4.18018e-11 5 1 0.5 5
3.3e+07 1.60159e-09 2.05259e-07 2.63898e-11 8 1 0.5 8
3.31e+07 1.26009e-09 2.03604e-07 2.0612e-11 8 1 0.5 8
3.32e+07 1.27757e-09 2.06312e-07 2.81905e-11 6 1 0.5 6
3.33e+07 1.50651e-09 2.07496e-07 2.50283e-11 8 1 0.5 8
3.34e+07 1.52628e-09 2.06644e-07 2.89059e-11 7 1 0.5 7
3.35e+07 1.6153e-09 2.1943e-07 2.8056e-11 8 1 0.5 8
3.36e+07 2.06048e-09 2.12329e-07 3.99456e-11 7 1 0.5 7
3.37e+07 1.32108e-09 2.11479e-07 1.36819e-11 13 1 0.5 13
3.38e+07 1.94216e-09 2.04044e-07 2.12156e-11 12 1 0.5 12
3.39e+07 1.36339e-09 2.13056e-07 1.8479e-11 10 1 0.5 10
3.4e+07 1.38134e-09 2.1921e-07 2.12851e-11 9 1 0.5 9
3.41e+07 1.22331e-09 2.08704e-07 1.81259e-11 9 1 0.5 9
3.42e+07 1.95788e-09 2.10664e-07 5.29284e-11 5 1 0.5 5
3.43e+07 1.13019e-09 2.0606e-07 2.133e-11 7 1 0.5 7
3.44e+07 1.67065e-09 2.12579e-07 2.51437e-11 9 1 0.5 9
3.45e+07 1.22569e-09 2.07476e-07 1.62643e-11 10 1 0.5 10
3.46e+07 1.45597e-09 1.95847e-07 3.08702e-11 6 1 0.5 6
3.47e+07 1.69183e-09 2.10531e-07 1.7471e-11 13 1 0.5 13
3.48e+07 1.49086e-09 2.09323e-07 1.66012e-11 12 1 0.5 12
3.49e+07 1.44813e-09 1.97264e-07 2.05447e-11 9 1 0.5 9
3.5e+07 1.34244e-09 2.06166e-07 1.773e-11 10 1 0.5 10
3.51e+07 1.30849e-09 2.05367e-07 1.91487e-11 9 1 0.5 9
3.52e+07 1.92709e-09 2.07147e-07 4.2762e-11 6 1 0.5 6
3.53e+07 1.30497e-09 2.05561e-07 1.56265e-11 11 1 0.5 11
3.54e+07 1.72464e-09 2.11384e-07 3.32718e-11 7 1 0.5 7
3.55e+07 1.35516e-09 2.14965e-07 2.65079e-11 7 1 0.5 7
3.56e+07 1.61454e-09 1.93797e-07 3.3974e-11 6 1 0.5 6
3.57e+07 1.62277e-09 2.01467e-07 3.01386e-11 7 1 0.5 7
3.58e+07 1.90869e-09 2.03506e-07 6.28818e-11 4 1 0.5 4
3.59e+07 1.6057e-09 2.02803e-07 2.99744e-11 7 1 0.5 7
3.6e+07 1.00382e-09 2.12555e-07 1.69715e-11 8 1 0.5 8
3.61e+07 1.33038e-09 2.03878e-07 2.49158e-11 7 1 0.5 7
3.62e+07 1.68637e-09 2.25322e-07 5.43014e-11 9 1 0.5 9
3.63e+07 1.32327e-09 2.0291e-07 2.15917e-11 8 1 0.5 8
3.64e+07 1.59561e-09 2.08166e-07 1.93079e-11 11 1 0.5 11
3.65e+07 1.4812e-09 2.12116e-07 2.5036e-11 8 1 0.5 8
3.66e+07 1.37017e-09 1.9871e-07 1.4646e-11 12 1 0.5 12
3.67e+07 2.16593e-09 2.02888e-07 5.68878e-11 5 1 0.5 5
3.68e+07 1.52734e-09 2.10295e-07 2.27837e-11 9 1 0.5 9
3.69e+07 1.22837e-09 2.01997e-07 1.13922e-11 14 1 0.5 14
3.7e+07 1.84992e-09 2.03913e-07 3.03461e-11 8 1 0.5 8
3.71e+07 1.83836e-09 2.00604e-07 2.97725e-11 8 1 0.5 8
3.72e+07 1.61335e-09 1.9708e-07 2.57548e-11 8 1 0.5 8
3.73e+07 1.4454e-09 2.03704e-07 1.57966e-11 12 1 0.5 12
3.74e+07 1.88876e-09 1.9884e-07 1.86581e-11 13 1 0.5 13
3.75e+07 1.3157e-09 2.08369e-07 1.75337e-11 10 1 0.5 10
3.76e+07 1.13855e-09 2.07114e-07 2.15742e-11 7 1 0.5 7
3.77e+07 1.54864e-09 2.13809e-07 3.0129e-11 7 1 0.5 7
3.78e+07 1.3949e-09 2.12892e-07 1.57379e-11 12 1 0.5 12
3.79e+07 1.37146e-09 2.06821e-07 1.51248e-11 12 1 0.5 12
3.8e+07 1.2382e-09 2.19409e-07 1.71718e-11 10 1 0.5 10
3.81e+07 2.17132e-09 1.93773e-07 2.73756e-11 10 1 0.5 10
3.82e+07 1.4805e-09 2.06757e-07 3.27486e-11 6 1 0.5 6
3.83e+07 1.42555e-09 2.02662e-07 1.15982e-11 16 1 0.5 16
3.84e+07 1.5368e-09 1.96081e-07 2.79393e-11 7 1 0.5 7
3.85e+07 1.43989e-09 2.06879e-07 2.12e-11 9 1 0.5 9
3.86e+07 1.29247e-09 2.1013e-07 4.50921e-11 4 1 0.5 4
3.87e+07 1.07696e-09 2.07299e-07 1.29756e-11 11 1 0.5 11
3.88e+07 1.78063e-09 2.00199e-07 2.87876e-11 8 1 0.5 8
3.89e+07 1.53013e-09 2.14939e-07 2.32221e-11 9 1 0.5 9
3.9e+07 1.59771e-09 2.13178e-07 1.93459e-10 9 1 0.5 9
3.91e+07 1.65375e-09 1.97197e-07 1.91855e-11 11 1 0.5 11
3.92e+07 1.14154e-09 2.09715e-07 1.5273e-11 10 1 0.5 10
3.93e+07 1.37896e-09 2.01056e-07 1.27455e-11 14 1 0.5 14
3.94e+07 1.67294e-09 2.08002e-07 7.49068e-11 3 1 0.5 3
3.95e+07 1.42803e-09 1.9583e-07 1.81232e-11 10 1 0.5 10
3.96e+07 1.49794e-09 2.0653e-07 2.20286e-11 9 1 0.5 9
3.97e+07 1.11102e-09 2.05228e-07 2.09005e-11 7 1 0.5 7
3.98e+07 1.29629e-09 2.09732e-07 2.48193e-11 7 1 0.5 7
3.99e+07 1.95287e-09 2.10472e-07 4.38852e-11 6 1 0.5 6
4e+07 1.06058e-09 2.14269e-07 2.40896e-11 6 1 0.5 6
4.01e+07 1.39793e-09 2.04443e-07 1.83442e-11 10 1 0.5 10
4.02e+07 1.75692e-09 2.04521e-07 1.64667e-11 14 1 0.5 14
4.03e+07 1.17046e-09 2.04528e-07 1.70682e-11 9 1 0.5 9
4.04e+07 1.84586e-09 2.02754e-07 2.67791e-11 9 1 0.5 9
4.05e+07 1.41929e-09 1.98419e-07 2.27644e-11 8 1 0.5 8
4.06e+07 1.61573e-09 2.11325e-07 3.63781e-11 6 1 0.5 6
4.07e+07 1.46799e-09 2.13044e-07 1.65741e-11 12 1 0.5 12
4.08e+07 1.4654e-09 2.11901e-07 3.97002e-11 5 1 0.5 5
4.09e+07 1.24239e-09 2.1684e-07 1.707e-11 10 1 0.5 10
4.1e+07 1.62069e-09 2.14121e-07 4.43021e-11 5 1 0.5 5
4.11e+07 1.77637e-09 1.98167e-07 5.72775e-11 4 1 0.5 4
4.12e+07 1.49519e-09 2.04957e-07 3.28494e-11 6 1 0.5 6
4.13e+07 1.40136e-09 2.02627e-07 1.52097e-11 12 1 0.5 12
4.14e+07 2.06028e-09 2.04254e-07 3.00786e-11 9 1 0.5 9
4.15e+07 1.67576e-09 2.14106e-07 2.85501e-11 8 1 0.5 8
4.16e+07 1.70861e-09 2.1076e-07 2.87529e-11 8 1 0.5 8
4.17e+07 1.53664e-09 2.01663e-07 2.8553e-11 7 1 0.5 7
4.18e+07 1.16029e-09 2.04799e-07 1.90614e-11 8 1 0.5 8
4.19e+07 1.35497e-09 2.13839e-07 2.04714e-11 9 1 0.5 9
4.2e+07 1.66938e-09 2.14739e-07 2.85073e-11 8 1 0.5 8
4.21e+07 1.01143e-09 2.12023e-07 1.36451e-11 10 1 0.5 10
4.22e+07 1.22997e-09 2.07048e-07 2.33076e-11 7 1 0.5 7
4.23e+07 1.56861e-09 2.05412e-07 2.29741e-11 9 1 0.5 9
4.24e+07 1.4888e-09 2.05813e-07 2.45753e-11 8 1 0.5 8
4.25e+07 1.61995e-09 2.0512e-07 4.28093e-11 5 1 0.5 5
4.26e+07 1.69054e-09 2.08083e-07 2.25077e-11 10 1 0.5 10
4.27e+07 1.70399e-09 2.07295e-07 5.68913e-11 4 1 0.5 4
4.28e+07 1.16117e-09 2.06385e-07 2.19438e-11 7 1 0.5 7
4.29e+07 1.60206e-09 2.0589e-07 3.53369e-11 6 1 0.5 6
4.3e+07 1.22891e-09 2.08912e-07 1.36564e-11 12 1 0.5 12
4.31e+07 1.37742e-09 2.09669e-07 3.07929e-11 6 1 0.5 6
4.32e+07 2.28772e-09 2.09305e-07 1.56551e-10 2 1 0.5 2
4.33e+07 1.30225e-09 2.04973e-07 3.43454e-11 5 1 0.5 5
4.34e+07 1.2359e-09 2.07597e-07 1.82367e-11 9 1 0.5 9
4.35e+07 1.30908e-09 2.07103e-07 2.8976e-11 6 1 0.5 6
4.36e+07 1.79126e-09 2.11581e-07 3.02435e-11 8 1 0.5 8
4.37e+07 1.41806e-09 1.98933e-07 1.82171e-11 10 1 0.5 10
4.38e+07 1.53167e-09 2.10117e-07 2.28333e-11 9 1 0.5 9
4.39e+07 1.53766e-09 2.11066e-07 3.45765e-11 6 1 0.5 6
4.4e+07 1.49662e-09 2.01045e-07 3.23898e-11 6 1 0.5 6
4.41e+07 1.77059e-09 2.02818e-07 4.64099e-11 5 1 0.5 5
4.42e+07 1.23953e-09 2.05667e-07 1.4847e-11 11 1 0.5 11
4.43e+07 1.73559e-09 2.01906e-07 2.05115e-11 11 1 0.5 11
4.44e+07 1.39986e-09 2.17056e-07 2.14033e-11 9 1 0.5 9
4.45e+07 1.75151e-09 2.01664e-07 3.25677e-11 7 1 0.5 7
4.46e+07 1.7836e-09 2.04259e-07 3.91234e-11 6 1 0.5 6
4.47e+07 1.46009e-09 2.01952e-07 2.37454e-11 8 1 0.5 8
4.48e+07 1.57188e-09 1.99135e-07 2.5293e-11 8 1 0.5 8
4.49e+07 1.70518e-09 2.01596e-07 4.44718e-11 5 1 0.5 5
4.5e+07 1.80329e-09 2.04552e-07 2.96499e-11 8 1 0.5 8
4.51e+07 1.74681e-09 2.11493e-07 2.94795e-11 8 1 0.5 8
4.52e+07 1.63063e-09 2.07609e-07 2.71115e-11 8 1 0.5 8
4.53e+07 1.4401e-09 2.18905e-07 1.81262e-11 11 1 0.5 11
4.54e+07 1.50847e-09 2.05163e-07 1.65355e-11 12 1 0.5 12
4.55e+07 1.37692e-09 2.15842e-07 1.71362e-11 11 1 0.5 11
4.56e+07 1.52994e-09 1.99958e-07 2.46945e-11 8 1 0.5 8
4.57e+07 1.63629e-09 2.03695e-07 2.1422e-11 10 1 0.5 10
4.58e+07 2.39187e-09 1.98266e-07 6.1762e-11 5 1 0.5 5
4.59e+07 9.12289e-10 2.16473e-07 1.39013e-11 9 1 0.5 9
4.6e+07 1.42938e-09 2.06275e-07 1.88897e-11 10 1 0.5 10
4.61e+07 1.16523e-09 2.00364e-07 1.88187e-11 8 1 0.5 8
4.62e+07 1.45478e-09 2.0471e-07 3.19267e-11 6 1 0.5 6
4.63e+07 1.86703e-09 2.05429e-07 3.08063e-11 8 1 0.5 8
4.64e+07 1.24008e-09 1.94572e-07 1.42264e-11 11 1 0.5 11
4.65e+07 2.03051e-09 2.04769e-07 4.46674e-11 6 1 0.5 6
4.66e+07 1.29257e-09 2.02448e-07 1.87046e-11 9 1 0.5 9
4.67e+07 1.46645e-09 2.07215e-07 2.78276e-11 7 1 0.5 7
4.68e+07 1.42877e-09 2.1058e-07 1.91904e-11 10 1 0.5 10
4.69e+07 1.5943e-09 2.10733e-07 4.303e-11 5 1 0.5 5
4.7e+07 1.8536e-09 2.01965e-07 2.68101e-11 9 1 0.5 9
4.71e+07 1.77875e-09 1.99784e-07 2.29448e-11 10 1 0.5 10
4.72e+07 1.43204e-09 2.12811e-07 1.76262e-11 11 1 0.5 11
4.73e+07 1.046e-09 2.06307e-07 1.53522e-11 9 1 0.5 9
4.74e+07 1.50712e-09 2.02462e-07 2.1822e-11 9 1 0.5 9
4.75e+07 1.46338e-09 2.05056e-07 3.2159e-11 6 1 0.5 6
4.76e+07 1.47414e-09 1.92964e-07 1.32e-11 14 1 0.5 14
4.77e+07 1.69877e-09 2.05822e-07 3.20901e-11 7 1 0.5 7
4.78e+07 1.32007e-09 2.09734e-07 2.21049e-11 8 1 0.5 8
4.79e+07 1.58023e-09 2.01275e-07 2.56405e-11 8 1 0.5 8
4.8e+07 1.71327e-09 1.95837e-07 2.72234e-11 8 1 0.5 8
4.81e+07 1.14498e-09 2.10603e-07 9.5965e-12 16 1 0.5 16
4.82e+07 1.57311e-09 2.07252e-07 2.98661e-11 7 1 0.5 7
4.83e+07 1.8882e-09 1.96457e-07 3.44165e-11 7 1 0.5 7
4.84e+07 1.42999e-09 2.04657e-07 2.34969e-11 8 1 0.5 8
4.85e+07 1.19315e-09 2.07335e-07 1.58229e-11 10 1 0.5 10
4.86e+07 1.59284e-09 2.01385e-07 2.95706e-11 7 1 0.5 7
4.87e+07 1.87607e-09 2.08104e-07 4.17728e-11 6 1 0.5 6
4.88e+07 8.46849e-10 2.18844e-07 1.30137e-11 9 1 0.5 9
4.89e+07 1.98353e-09 2.05e-07 4.3665e-11 6 1 0.5 6
4.9e+07 1.18035e-09 2.11037e-07 2.27015e-11 7 1 0.5 7
4.91e+07 2.15931e-09 2.00861e-07 3.11217e-11 9 1 0.5 9
4.92e+07 1.89023e-09 2.06283e-07 3.12929e-11 8 1 0.5 8
4.93e+07 1.35945e-09 2.13467e-07 2.63986e-11 7 1 0.5 7
4.94e+07 9.9692e-10 1.95961e-07 1.26467e-11 10 1 0.5 10
4.95e+07 1.85599e-09 2.05118e-07 3.0587e-11 8 1 0.5 8
4.96e+07 1.40913e-09 2.13624e-07 1.47126e-11 13 1 0.5 13
4.97e+07 1.15712e-09 2.07142e-07 2.19299e-11 7 1 0.5 7
4.98e+07 1.53458e-09 2.06278e-07 6.8192e-11 3 1 0.5 3
4.99e+07 1.71474e-09 2.06093e-07 4.55023e-11 5 1 0.5 5
5e+07 1.95688e-09 2.07062e-07 3.24983e-11 8 1 0.5 8
5.01e+07 1.14963e-09 2.04965e-07 1.2584e-11 12 1 0.5 12
5.02e+07 1.7745e-09 1.9151e-07 2.46241e-11 9 1 0.5 9
5.03e+07 1.56938e-09 2.05755e-07 4.15642e-11 5 1 0.5 5
5.04e+07 9.33051e-10 2.00745e-07 2.41718e-11 5 1 0.5 5
5.05e+07 1.55205e-09 2.11243e-07 1.8997e-11 11 1 0.5 11
5.06e+07 1.84827e-09 2.15783e-07 2.53323e-11 10 1 0.5 10
5.07e+07 1.58439e-09 2.08914e-07 1.92258e-11 11 1 0.5 11
5.08e+07 1.13214e-09 2.10987e-07 1.38321e-11 11 1 0.5 11
5.09e+07 1.61729e-09 2.10668e-07 3.11066e-11 7 1 0.5 7
5.1e+07 1.69206e-09 1.99334e-07 2.17841e-11 10 1 0.5 10
5.11e+07 1.65204e-09 2.0721e-07 4.40125e-11 5 1 0.5 5
5.12e+07 1.42532e-09 2.06104e-07 2.0923e-11 9 1 0.5 9
5.13e+07 1.47221e-09 2.02995e-07 1.92152e-11 10 1 0.5 10
5.14e+07 1.11915e-09 2.09138e-07 1.49402e-11 10 1 0.5 10
5.15e+07 1.99507e-09 2.01088e-07 8.72009e-11 3 1 0.5 3
5.16e+07 1.224e-09 2.15755e-07 2.09529e-11 8 1 0.5 8
5.17e+07 1.6359e-09 2.05677e-07 5.42619e-11 4 1 0.5 4
5.18e+07 1.30892e-09 2.15237e-07 2.55794e-11 7 1 0.5 7
5.19e+07 1.17345e-09 2.03682e-07 2.56247e-11 6 1 0.5 6
5.2e+07 8.77267e-10 2.05139e-07 1.44191e-11 8 1 0.5 8
5.21e+07 1.6658e-09 2.06087e-07 3.67794e-11 6 1 0.5 6
5.22e+07 1.45603e-09 2.09322e-07 2.47089e-11 8 1 0.5 8
5.23e+07 1.17689e-09 2.10492e-07 1.21406e-11 13 1 0.5 13
5.24e+07 1.46257e-09 2.11643e-07 1.9724e-11 10 1 0.5 10
5.25e+07 1.2895e-09 2.15733e-07 9.79094e-12 18 1 0.5 18
5.26e+07 1.59348e-09 2.06713e-07 5.3051e-11 4 1 0.5 4
5.27e+07 1.48033e-09 2.01967e-07 2.40774e-11 8 1 0.5 8
5.28e+07 1.40561e-09 2.05987e-07 1.32405e-11 14 1 0.5 14
5.29e+07 1.44009e-09 2.05076e-07 3.16467e-11 6 1 0.5 6
5.3e+07 1.23292e-09 2.09657e-07 2.75463e-11 6 1 0.5 6
5.31e+07 1.86174e-09 2.07406e-07 2.47333e-11 10 1 0.5 10
5.32e+07 1.68463e-09 2.10196e-07 2.0545e-11 11 1 0.5 11
5.33e+07 1.36404e-09 2.07377e-07 2.26421e-11 8 1 0.5 8
5.34e+07 1.23847e-09 2.12366e-07 1.52124e-11 11 1 0.5 11
5.35e+07 1.27813e-09 2.10965e-07 1.43144e-11 12 1 0.5 12
5.36e+07 1.25206e-09 2.13348e-07 3.40696e-11 5 1 0.5 5
5.37e+07 1.42941e-09 2.17489e-07 1.96948e-11 10 1 0.5 10
5.38e+07 2.26933e-09 2.17844e-07 7.90617e-11 4 1 0.5 4
5.39e+07 1.62907e-09 2.14301e-07 2.46719e-11 9 1 0.5 9
5.4e+07 1.44494e-09 2.11973e-07 3.259e-11 6 1 0.5 6
5.41e+07 1.19627e-09 2.13496e-07 1.24795e-11 13 1 0.5 13
5.42e+07 1.79893e-09 2.02701e-07 2.34699e-11 10 1 0.5 10
5.43e+07 1.98314e-09 2.13738e-07 4.52054e-11 6 1 0.5 6
5.44e+07 1.32532e-09 2.10116e-07 2.22247e-11 8 1 0.5 8
5.45e+07 1.53113e-09 2.07015e-07 2.53927e-11 8 1 0.5 8
5.46e+07 1.73993e-09 2.08854e-07 2.9074e-11 8 1 0.5 8
5.47e+07 1.46994e-09 2.13404e-07 4.0047e-11 5 1 0.5 5
5.48e+07 1.72099e-09 2.02572e-07 4.5057e-11 5 1 0.5 5
5.49e+07 1.49327e-09 2.06654e-07 2.19701e-11 9 1 0.5 9
5.5e+07 1.44436e-09 2.05979e-07 1.90669e-11 10 1 0.5 10
5.51e+07 1.64285e-09 2.04145e-07 5.41763e-11 4 1 0.5 4
5.52e+07 1.5107e-09 2.08494e-07 2.88103e-11 7 1 0.5 7
5.53e+07 1.66917e-09 2.07993e-07 2.22146e-11 10 1 0.5 10
5.54e+07 2.11725e-09 2.0696e-07 2.80964e-11 10 1 0.5 10
5.55e+07 1.60009e-09 2.17319e-07 2.75782e-11 8 1 0.5 8
5.56e+07 1.47572e-09 2.11748e-07 2.49088e-11 8 1 0.5 8
5.57e+07 1.78385e-09 2.10612e-07 1.99709e-11 12 1 0.5 12
5.58e+07 1.72103e-09 1.94514e-07 4.3657e-11 5 1 0.5 5
5.59e+07 1.72912e-09 2.02081e-07 2.50131e-11 9 1 0.5 9
5.6e+07 1.02162e-09 2.16615e-07 8.23762e-12 17 1 0.5 17
5.61e+07 2.00315e-09 1.98744e-07 2.33968e-11 11 1 0.5 11
5.62e+07 1.28604e-09 2.13486e-07 2.49688e-11 7 1 0.5 7
5.63e+07 1.50183e-09 2.05667e-07 2.83352e-11 7 1 0.5 7
5.64e+07 1.1561e-09 2.05043e-07 1.901e-11 8 1 0.5 8
5.65e+07 1.00433e-09 2.13912e-07 1.04897e-11 13 1 0.5 13
5.66e+07 1.54959e-09 2.10349e-07 3.47529e-11 6 1 0.5 6
5.67e+07 1.57417e-09 1.97395e-07 2.51579e-11 8 1 0.5 8
5.68e+07 1.58346e-09 2.10211e-07 1.63292e-11 13 1 0.5 13
5.69e+07 1.25202e-09 2.0517e-07 1.64699e-11 10 1 0.5 10
5.7e+07 1.33102e-09 2.14565e-07 1.81396e-11 10 1 0.5 10
5.71e+07 1.44137e-09 2.02157e-07 1.87507e-11 10 1 0.5 10
5.72e+07 1.77928e-09 2.0612e-07 3.36577e-11 7 1 0.5 7
5.73e+07 1.57182e-09 2.1854e-07 1.81113e-11 12 1 0.5 12
5.74e+07 1.39403e-09 2.04128e-07 3.05184e-11 6 1 0.5 6
5.75e+07 1.22353e-09 2.00951e-07 2.265e-11 7 1 0.5 7
5.76e+07 1.90911e-09 2.00587e-07 2.05769e-11 12 1 0.5 12
5.77e+07 1.36154e-09 2.0424e-07 1.62239e-11 11 1 0.5 11
5.78e+07 1.48498e-09 2.09155e-07 2.83879e-11 7 1 0.5 7
5.79e+07 1.62255e-09 2.31169e-07 2.93803e-11 8 1 0.5 8
5.8e+07 1.41006e-09 2.1141e-07 3.17324e-11 6 1 0.5 6
5.81e+07 1.40461e-09 2.03057e-07 2.29372e-11 8 1 0.5 8
5.82e+07 1.93228e-09 1.98416e-07 4.98234e-11 5 1 0.5 5
5.83e+07 1.72873e-09 2.12053e-07 2.93863e-11 8 1 0.5 8
5.84e+07 2.3657e-09 2.04843e-07 5.21214e-11 6 1 0.5 6
5.85e+07 1.50667e-09 2.02465e-07 2.45546e-11 8 1 0.5 8
5.86e+07 1.66782e-09 2.08469e-07 1.85182e-11 12 1 0.5 12
5.87e+07 1.48193e-09 2.09223e-07 2.2015e-11 9 1 0.5 9
5.88e+07 1.22774e-09 2.08667e-07 1.81893e-11 9 1 0.5 9
5.89e+07 1.58415e-09 2.0843e-07 2.34695e-11 9 1 0.5 9
5.9e+07 1.20769e-09 2.0322e-07 2.6329e-11 6 1 0.5 6
5.91e+07 1.58071e-09 2.10893e-07 2.36357e-11 9 1 0.5 9
5.92e+07 1.55368e-09 2.13505e-07 4.23606e-11 5 1 0.5 5
5.93e+07 1.44424e-09 2.06281e-07 2.1216e-11 9 1 0.5 9
5.94e+07 1.54048e-09 1.99635e-07 6.37287e-11 9 1 0.5 9
5.95e+07 1.06265e-09 1.98299e-07 1.3607e-11 10 1 0.5 10
5.96e+07 1.71646e-09 2.0626e-07 2.0626e-11 11 1 0.5 11
5.97e+07 1.37674e-09 2.04916e-07 2.61338e-11 7 1 0.5 7
5.98e+07 1.43383e-09 2.03621e-07 2.68357e-11 7 1 0.5 7
5.99e+07 1.56088e-09 2.052e-07 3.4333e-11 6 1 0.5 6
6e+07 2.07215e-09 2.08647e-07 3.46308e-11 8 1 0.5 8
6.01e+07 1.5509e-09 2.09026e-07 1.47813e-11 14 1 0.5 14
6.02e+07 1.70929e-09 2.14312e-07 2.32935e-11 10 1 0.5 10
6.03e+07 1.17993e-09 1.99607e-07 1.90008e-11 8 1 0.5 8
6.04e+07 1.41135e-09 2.00541e-07 2.02792e-11 9 1 0.5 9
6.05e+07 1.69392e-09 2.07284e-07 3.75744e-11 6 1 0.5 6
6.06e+07 1.81067e-09 2.13854e-07 3.08319e-11 8 1 0.5 8
6.07e+07 1.00988e-09 2.09146e-07 1.22506e-11 11 1 0.5 11
6.08e+07 1.30942e-09 2.10954e-07 3.53243e-11 5 1 0.5 5
6.09e+07 1.77234e-09 2.08161e-07 2.14539e-11 11 1 0.5 11
6.1e+07 1.58983e-09 2.03161e-07 2.59854e-11 8 1 0.5 8
6.11e+07 1.6592e-09 2.05646e-07 3.13176e-11 7 1 0.5 7
6.12e+07 1.39543e-09 2.15749e-07 2.12336e-11 9 1 0.5 9
6.13e+07 2.60626e-09 2.116e-07 8.8899e-11 4 1 0.5 4
6.14e+07 1.61009e-09 2.0832e-07 4.3067e-11 5 1 0.5 5
6.15e+07 1.06764e-09 2.12934e-07 1.80792e-11 8 1 0.5 8
6.16e+07 1.40225e-09 2.16903e-07 2.75796e-11 7 1 0.5 7
6.17e+07 1.5385e-09 2.06753e-07 2.91506e-11 7 1 0.5 7
6.18e+07 1.26812e-09 2.19496e-07 1.59898e-11 11 1 0.5 11
6.19e+07 1.35349e-09 2.05615e-07 1.98282e-11 9 1 0.5 9
6.2e+07 1.50572e-09 1.97304e-07 2.40508e-11 8 1 0.5 8
6.21e+07 1.25109e-09 2.10532e-07 1.67941e-11 10 1 0.5 10
6.22e+07 1.20611e-09 2.05756e-07 1.58998e-11 10 1 0.5 10
6.23e+07 1.11936e-09 2.18916e-07 2.58656e-11 6 1 0.5 6
6.24e+07 1.47135e-09 1.99352e-07 2.70899e-11 7 1 0.5 7
6.25e+07 1.62856e-09 2.01269e-07 2.64276e-11 8 1 0.5 8
6.26e+07 1.26213e-09 2.10094e-07 1.40889e-11 12 1 0.5 12
6.27e+07 1.58589e-09 1.98573e-07 3.40038e-11 6 1 0.5 6
6.28e+07 1.3255e-09 2.12747e-07 1.79432e-11 10 1 0.5 10
6.29e+07 1.41815e-09 2.07013e-07 1.87934e-11 10 1 0.5 10
6.3e+07 1.3206e-09 2.14068e-07 1.79643e-11 10 1 0.5 10
6.31e+07 1.41386e-09 2.204e-07 2.46288e-11 8 1 0.5 8
6.32e+07 1.12627e-09 2.02347e-07 2.93834e-11 5 1 0.5 5
6.33e+07 1.44646e-09 1.95552e-07 4.60782e-11 4 1 0.5 4
6.34e+07 1.30432e-09 2.14028e-07 2.21917e-11 8 1 0.5 8
6.35e+07 1.34483e-09 2.00181e-07 1.73577e-11 10 1 0.5 10
6.36e+07 1.55292e-09 2.10695e-07 2.08728e-11 10 1 0.5 10
6.37e+07 1.86962e-09 2.05459e-07 3.5288e-11 7 1 0.5 7
6.38e+07 1.50794e-09 2.04461e-07 1.97941e-11 10 1 0.5 10
6.39e+07 1.54438e-09 2.14927e-07 3.017e-11 7 1 0.5 7
6.4e+07 1.60711e-09 2.053e-07 4.24969e-11 5 1 0.5 5
6.41e+07 1.32481e-09 2.09468e-07 2.21623e-11 8 1 0.5 8
6.42e+07 1.29523e-09 2.0577e-07 1.5522e-11 11 1 0.5 11
6.43e+07 1.33054e-09 2.03191e-07 3.48574e-11 5 1 0.5 5
6.44e+07 1.5548e-09 2.04897e-07 3.12116e-11 8 1 0.5 8
6.45e+07 1.65007e-09 2.0251e-07 2.39045e-11 9 1 0.5 9
6.46e+07 1.33649e-09 2.16048e-07 2.61984e-11 7 1 0.5 7
6.47e+07 1.39193e-09 2.21373e-07 1.61977e-11 12 1 0.5 12
6.48e+07 1.29392e-09 2.17091e-07 1.18522e-11 15 1 0.5 15
6.49e+07 1.83647e-09 2.13002e-07 3.11751e-11 8 1 0.5 8
6.5e+07 1.91032e-09 2.07564e-07 3.17813e-11 8 1 0.5 8
6.51e+07 1.26341e-09 2.03228e-07 4.14292e-11 4 1 0.5 4
6.52e+07 1.3027e-09 2.00891e-07 1.87384e-11 9 1 0.5 9
6.53e+07 1.7277e-09 2.07751e-07 2.29756e-11 10 1 0.5 10
6.54e+07 1.58171e-09 2.05328e-07 5.23788e-11 4 1 0.5 4
6.55e+07 1.33881e-09 2.05573e-07 2.20701e-11 8 1 0.5 8
6.56e+07 1.75275e-09 2.1823e-07 3.03233e-11 8 1 0.5 8
6.57e+07 1.53305e-09 2.15043e-07 2.99603e-11 7 1 0.5 7
6.58e+07 1.31703e-09 2.00689e-07 1.70315e-11 10 1 0.5 10
6.59e+07 1.79013e-09 2.13214e-07 4.8808e-11 5 1 0.5 5
6.6e+07 1.2271e-09 2.2116e-07 1.55642e-11 11 1 0.5 11
6.61e+07 1.78846e-09 2.06041e-07 4.74647e-11 5 1 0.5 5
6.62e+07 1.3591e-09 2.0515e-07 2.23698e-11 8 1 0.5 8
6.63e+07 1.07385e-09 2.08191e-07 2.04271e-11 7 1 0.5 7
6.64e+07 1.69953e-09 2.06914e-07 4.34461e-10 9 1 0.5 9
6.65e+07 1.41392e-09 2.04834e-07 1.85825e-11 10 1 0.5 10
6.66e+07 2.25088e-09 2.13598e-07 7.7192e-11 4 1 0.5 4
6.67e+07 1.26501e-09 2.05778e-07 1.19039e-11 14 1 0.5 14
6.68e+07 1.59189e-09 2.11907e-07 3.07574e-11 7 1 0.5 7
6.69e+07 1.46418e-09 1.96813e-07 2.66902e-11 7 1 0.5 7
6.7e+07 1.31857e-09 2.1579e-07 1.64049e-11 11 1 0.5 11
6.71e+07 1.34202e-09 2.06505e-07 2.22016e-11 8 1 0.5 8
6.72e+07 1.48853e-09 2.05594e-07 2.80753e-11 7 1 0.5 7
6.73e+07 1.84317e-09 2.02994e-07 3.44586e-11 7 1 0.5 7
6.74e+07 1.20078e-09 2.12407e-07 3.25527e-11 5 1 0.5 5
6.75e+07 1.5161e-09 2.10798e-07 2.55028e-11 8 1 0.5 8
6.76e+07 1.43737e-09 2.00334e-07 2.65628e-11 7 1 0.5 7
6.77e+07 1.52761e-09 2.14797e-07 2.60813e-11 8 1 0.5 8
6.78e+07 1.4241e-09 2.01538e-07 3.0871e-11 6 1 0.5 6
6.79e+07 1.0932e-09 2.06053e-07 1.60313e-11 9 1 0.5 9
6.8e+07 1.33598e-09 1.96788e-07 2.84194e-11 6 1 0.5 6
6.81e+07 1.51015e-09 2.06103e-07 4.00379e-11 5 1 0.5 5
6.82e+07 1.33683e-09 2.09672e-07 2.23813e-11 8 1 0.5 8
6.83e+07 2.08367e-09 2.04887e-07 2.35773e-10 5 1 0.5 5
6.84e+07 1.61327e-09 2.09946e-07 1.80109e-11 12 1 0.5 12
6.85e+07 1.56063e-09 1.99137e-07 2.23099e-11 9 1 0.5 9
6.86e+07 1.07643e-09 2.11069e-07 1.44728e-11 10 1 0.5 10
6.87e+07 1.28981e-09 2.07958e-07 2.45305e-11 7 1 0.5 7
6.88e+07 1.53338e-09 2.01054e-07 2.48559e-11 8 1 0.5 8
6.89e+07 1.82969e-09 2.1079e-07 5.1511e-11 7 1 0.5 7
6.9e+07 1.48969e-09 2.08398e-07 2.48321e-11 8 1 0.5 8
6.91e+07 1.09869e-09 2.00857e-07 1.5794e-11 9 1 0.5 9
6.92e+07 1.73427e-09 2.05441e-07 4.59103e-11 5 1 0.5 5
6.93e+07 2.10176e-09 2.00066e-07 3.39917e-11 8 1 0.5 8
6.94e+07 1.48846e-09 2.0369e-07 2.16527e-11 9 1 0.5 9
6.95e+07 1.12733e-09 2.17346e-07 9.11551e-12 17 1 0.5 17
6.96e+07 1.5115e-09 2.0799e-07 2.51584e-11 8 1 0.5 8
6.97e+07 2.15286e-09 2.05743e-07 2.58422e-11 11 1 0.5 11
6.98e+07 1.28749e-09 2.10541e-07 1.72847e-11 10 1 0.5 10
6.99e+07 1.13025e-09 2.05901e-07 1.3547e-11 11 1 0.5 11
7e+07 1.39834e-09 2.15395e-07 1.59231e-11 12 1 0.5 12
7.01e+07 1.45272e-09 2.04086e-07 2.11631e-11 9 1 0.5 9
7.02e+07 1.3925e-09 2.05925e-07 2.29894e-11 8 1 0.5 8
7.03e+07 1.61137e-09 2.01199e-07 2.08926e-11 10 1 0.5 10
7.04e+07 1.44061e-09 2.0397e-07 1.88719e-11 10 1 0.5 10
7.05e+07 1.38564e-09 2.05486e-07 3.04917e-11 6 1 0.5 6
7.06e+07 1.90682e-09 2.05667e-07 3.60229e-11 7 1 0.5 7
7.07e+07 1.97608e-09 2.12222e-07 2.05456e-11 13 1 0.5 13
7.08e+07 1.18672e-09 2.11994e-07 1.60147e-11 10 1 0.5 10
7.09e+07 1.70204e-09 1.97478e-07 2.55166e-10 4 1 0.5 4
7.1e+07 1.55964e-09 2.00217e-07 2.88203e-11 7 1 0.5 7
7.11e+07 1.51054e-09 2.07805e-07 2.87323e-11 7 1 0.5 7
7.12e+07 1.27008e-09 2.07705e-07 1.68696e-11 10 1 0.5 10
7.13e+07 1.13501e-09 2.13116e-07 2.5678e-11 6 1 0.5 6
7.14e+07 1.84291e-09 2.20019e-07 6.45525e-11 4 1 0.5 4
7.15e+07 1.41219e-09 2.01165e-07 2.28937e-11 8 1 0.5 8
7.16e+07 1.92078e-09 2.03173e-07 4.19785e-11 6 1 0.5 6
7.17e+07 1.07798e-09 2.06531e-07 1.42484e-11 10 1 0.5 10
7.18e+07 1.76886e-09 2.15866e-07 1.86335e-11 13 1 0.5 13
7.19e+07 1.57862e-09 2.0993e-07 2.35195e-11 9 1 0.5 9
7.2e+07 1.28543e-09 2.21827e-07 3.00359e-11 6 1 0.5 6
7.21e+07 1.49511e-09 2.13812e-07 2.25945e-11 9 1 0.5 9
7.22e+07 1.2066e-09 2.13222e-07 1.81814e-11 9 1 0.5 9
7.23e+07 1.61541e-09 2.17087e-07 2.78199e-11 8 1 0.5 8
7.24e+07 2.29381e-09 2.09772e-07 4.40678e-11 7 1 0.5 7
7.25e+07 1.70387e-09 2.0639e-07 3.22566e-11 7 1 0.5 7
7.26e+07 1.6581e-09 2.00669e-07 3.58534e-11 6 1 0.5 6
7.27e+07 1.41642e-09 2.18184e-07 1.29552e-10 6 1 0.5 6
7.28e+07 1.32442e-09 2.20002e-07 2.63368e-11 7 1 0.5 7
7.29e+07 1.26759e-09 2.05291e-07 3.34666e-11 5 1 0.5 5
7.3e+07 1.74398e-09 2.14446e-07 2.16099e-11 11 1 0.5 11
7.31e+07 1.41138e-09 2.11503e-07 2.11429e-11 9 1 0.5 9
7.32e+07 1.37576e-09 2.0543e-07 1.64684e-11 11 1 0.5 11
7.33e+07 1.45812e-09 2.12626e-07 3.96084e-11 5 1 0.5 5
7.34e+07 1.51962e-09 2.04813e-07 2.85792e-11 7 1 0.5 7
7.35e+07 1.10597e-09 2.04022e-07 5.29615e-11 11 1 0.5 11
7.36e+07 1.65413e-09 2.05157e-07 3.76023e-11 6 1 0.5 6
7.37e+07 1.35611e-09 2.01967e-07 2.94386e-11 6 1 0.5 6
7.38e+07 2.19198e-09 2.16111e-07 5.07082e-11 6 1 0.5 6
7.39e+07 1.26897e-09 2.03812e-07 1.38323e-11 12 1 0.5 12
7.4e+07 1.2186e-09 2.17721e-07 6.52501e-11 8 1 0.5 8
7.41e+07 1.18245e-09 2.11788e-07 2.66245e-11 6 1 0.5 6
7.42e+07 1.40169e-09 2.07095e-07 2.32447e-11 8 1 0.5 8
7.43e+07 1.2281e-09 2.10139e-07 1.64612e-11 10 1 0.5 10
7.44e+07 1.56451e-09 2.07555e-07 2.6002e-11 8 1 0.5 8
7.45e+07 1.52592e-09 2.12551e-07 2.06509e-11 10 1 0.5 10
7.46e+07 1.22843e-09 2.07187e-07 1.88789e-11 11 1 0.5 11
7.47e+07 1.58573e-09 2.10403e-07 4.27441e-11 5 1 0.5 5
7.48e+07 1.57359e-09 2.08453e-07 2.33145e-11 9 1 0.5 9
7.49e+07 1.3124e-09 2.1342e-07 2.54765e-11 7 1 0.5 7
7.5e+07 1.78719e-09 2.07501e-07 2.63983e-11 9 1 0.5 9
7.51e+07 1.08381e-09 2.09001e-07 2.06799e-11 7 1 0.5 7
7.52e+07 1.46492e-09 2.0525e-07 3.22167e-11 6 1 0.5 6
7.53e+07 1.44789e-09 1.96417e-07 3.07674e-11 6 1 0.5 6
7.54e+07 1.83622e-09 1.98801e-07 4.73983e-11 5 1 0.5 5
7.55e+07 1.65581e-09 2.02647e-07 2.15914e-11 10 1 0.5 10
7.56e+07 1.8447e-09 2.12722e-07 2.49993e-11 10 1 0.5 10
7.57e+07 1.34427e-09 2.03451e-07 1.95304e-11 9 1 0.5 9
7.58e+07 1.60555e-09 2.03246e-07 1.9068e-11 11 1 0.5 11
7.59e+07 1.68979e-09 2.06879e-07 4.49691e-11 5 1 0.5 5
7.6e+07 1.27578e-09 2.12835e-07 2.16087e-11 8 1 0.5 8
7.61e+07 1.81724e-09 2.04845e-07 2.99137e-11 8 1 0.5 8
7.62e+07 1.32226e-09 2.16081e-07 2.26684e-11 8 1 0.5 8
7.63e+07 1.5458e-09 2.09467e-07 2.58753e-11 8 1 0.5 8
7.64e+07 2.05799e-09 2.04063e-07 6.8003e-11 4 1 0.5 4
7.65e+07 1.25835e-09 2.12562e-07 2.12908e-11 8 1 0.5 8
7.66e+07 1.44383e-09 2.15674e-07 3.30778e-11 6 1 0.5 6
7.67e+07 1.12255e-09 2.00227e-07 2.07157e-11 7 1 0.5 7
7.68e+07 2.43404e-09 2.08188e-07 2.95067e-11 11 1 0.5 11
7.69e+07 1.4825e-09 1.9932e-07 3.81415e-10 5 1 0.5 5
7.7e+07 1.35141e-09 1.99324e-07 2.17484e-11 8 1 0.5 8
7.71e+07 1.49043e-09 2.06246e-07 2.18942e-11 9 1 0.5 9
7.72e+07 1.62811e-09 2.10931e-07 3.66046e-11 6 1 0.5 6
7.73e+07 1.35886e-09 2.00963e-07 2.20086e-11 8 1 0.5 8
7.74e+07 1.48445e-09 2.01584e-07 1.60493e-11 12 1 0.5 12
7.75e+07 1.60585e-09 2.14059e-07 2.73488e-11 8 1 0.5 8
7.76e+07 1.46225e-09 2.02924e-07 1.90795e-11 10 1 0.5 10
7.77e+07 2.20173e-09 2.05101e-07 3.22592e-11 9 1 0.5 9
7.78e+07 8.93772e-10 2.09233e-07 1.32584e-11 9 1 0.5 9
7.79e+07 1.24146e-09 2.09235e-07 1.3813e-11 12 1 0.5 12
7.8e+07 1.56639e-09 2.07747e-07 4.17992e-11 5 1 0.5 5
7.81e+07 1.3676e-09 2.02757e-07 2.55057e-11 7 1 0.5 7
7.82e+07 1.0762e-09 2.10571e-07 1.20305e-11 12 1 0.5 12
7.83e+07 1.69971e-09 2.07292e-07 3.22876e-11 7 1 0.5 7
7.84e+07 1.07492e-09 2.11103e-07 1.44543e-11 10 1 0.5 10
7.85e+07 1.77323e-09 2.08552e-07 1.96988e-11 12 1 0.5 12
7.86e+07 1.60325e-09 2.12804e-07 2.41452e-11 9 1 0.5 9
7.87e+07 1.57213e-09 2.04273e-07 2.58047e-11 8 1 0.5 8
7.88e+07 1.15042e-09 2.01806e-07 9.94812e-12 15 1 0.5 15
7.89e+07 9.5295e-10 2.08922e-07 1.58922e-11 8 1 0.5 8
7.9e+07 1.81296e-09 2.055e-07 4.80211e-11 5 1 0.5 5
7.91e+07 1.66082e-09 2.0984e-07 2.47409e-11 9 1 0.5 9
7.92e+07 8.48734e-10 2.1704e-07 9.71266e-12 12 1 0.5 12
7.93e+07 1.18137e-09 1.98778e-07 1.51594e-11 10 1 0.5 10
7.94e+07 1.11805e-09 2.07925e-07 1.65133e-11 9 1 0.5 9
7.95e+07 1.19999e-09 2.01146e-07 1.55415e-11 10 1 0.5 10
7.96e+07 1.57409e-09 2.10185e-07 2.6422e-11 8 1 0.5 8
7.97e+07 1.42558e-09 2.17752e-07 2.45967e-11 8 1 0.5 8
7.98e+07 1.63777e-09 1.97762e-07 3.50112e-11 6 1 0.5 6
7.99e+07 1.93794e-09 2.04047e-07 2.31209e-11 11 1 0.5 11
8e+07 1.55005e-09 2.06591e-07 2.93525e-11 7 1 0.5 7
8.01e+07 1.49598e-09 2.07065e-07 2.20444e-11 9 1 0.5 9
8.02e+07 1.77588e-09 2.02763e-07 2.31736e-11 10 1 0.5 10
8.03e+07 1.63575e-09 1.95516e-07 1.29458e-11 16 1 0.5 16
8.04e+07 1.62728e-09 2.06739e-07 3.60128e-11 6 1 0.5 6
8.05e+07 1.78324e-09 2.08767e-07 2.64659e-11 9 1 0.5 9
8.06e+07 2.04992e-09 1.97872e-07 3.75918e-11 7 1 0.5 7
8.07e+07 1.52643e-09 2.10223e-07 2.04793e-11 10 1 0.5 10
8.08e+07 1.43677e-09 2.07166e-07 3.18255e-11 6 1 0.5 6
8.09e+07 1.46637e-09 2.1058e-07 1.79008e-11 11 1 0.5 11
8.1e+07 1.49314e-09 2.14306e-07 1.4512e-11 14 1 0.5 14
8.11e+07 1.2286e-09 2.18855e-07 1.0616e-11 16 1 0.5 16
8.12e+07 1.34531e-09 2.13895e-07 2.03292e-11 9 1 0.5 9
8.13e+07 1.96989e-09 2.07901e-07 4.38437e-11 6 1 0.5 6
8.14e+07 1.6069e-09 2.15241e-07 2.1968e-11 10 1 0.5 10
8.15e+07 1.43508e-09 2.08371e-07 2.12483e-11 9 1 0.5 9
8.16e+07 1.36502e-09 1.93457e-07 1.07112e-11 16 1 0.5 16
8.17e+07 1.64995e-09 2.08218e-07 1.99716e-11 11 1 0.5 11
8.18e+07 1.7501e-09 2.15525e-07 1.99517e-11 12 1 0.5 12
8.19e+07 1.805e-09 2.10087e-07 3.03069e-11 8 1 0.5 8
8.2e+07 1.20867e-09 2.15136e-07 2.06425e-11 8 1 0.5 8
8.21e+07 1.21328e-09 2.0296e-07 2.64249e-11 6 1 0.5 6
8.22e+07 1.80381e-09 2.00464e-07 2.3331e-11 10 1 0.5 10
8.23e+07 1.68576e-09 2.065e-07 4.47966e-11 5 1 0.5 5
8.24e+07 1.69648e-09 1.98869e-07 3.11978e-11 7 1 0.5 7
8.25e+07 1.13897e-09 2.12764e-07 1.71303e-11 9 1 0.5 9
8.26e+07 1.91155e-09 2.04345e-07 3.15806e-11 8 1 0.5 8
8.27e+07 1.49556e-09 2.02135e-07 2.16267e-11 9 1 0.5 9
8.28e+07 1.03582e-09 2.07764e-07 1.25008e-11 11 1 0.5 11
8.29e+07 1.64839e-09 2.01244e-07 3.57217e-11 6 1 0.5 6
8.3e+07 1.74096e-09 2.04571e-07 3.27347e-11 7 1 0.5 7
8.31e+07 1.18644e-09 2.07714e-07 1.31241e-11 12 1 0.5 12
8.32e+07 2.02924e-09 2.07361e-07 3.37452e-11 8 1 0.5 8
8.33e+07 1.53315e-09 2.07124e-07 4.08097e-11 5 1 0.5 5
8.34e+07 1.66317e-09 2.10674e-07 3.19946e-11 7 1 0.5 7
8.35e+07 2.26154e-09 2.11493e-07 4.93708e-11 10 1 0.5 10
8.36e+07 1.46642e-09 2.06911e-07 2.77949e-11 7 1 0.5 7
8.37e+07 1.69657e-09 2.04505e-07 2.22832e-11 10 1 0.5 10
8.38e+07 1.55227e-09 2.09639e-07 2.07817e-11 10 1 0.5 10
8.39e+07 2.05539e-09 2.08267e-07 3.42999e-11 8 1 0.5 8
8.4e+07 8.95201e-10 2.13857e-07 2.02894e-11 6 1 0.5 6
8.41e+07 1.48276e-09 2.05538e-07 1.62761e-11 12 1 0.5 12
8.42e+07 1.38375e-09 2.08398e-07 1.4168e-11 13 1 0.5 13
8.43e+07 1.23734e-09 2.16659e-07 1.69892e-11 10 1 0.5 10
8.44e+07 1.83527e-09 2.07092e-07 4.10451e-10 8 1 0.5 8
8.45e+07 1.6215e-09 2.00883e-07 1.49828e-11 14 1 0.5 14
8.46e+07 1.60138e-09 2.08819e-07 3.57157e-11 6 1 0.5 6
8.47e+07 1.12935e-09 2.20294e-07 1.96487e-11 8 1 0.5 8
8.48e+07 1.13961e-09 2.14507e-07 1.55209e-11 10 1 0.5 10
8.49e+07 1.3464e-09 2.05655e-07 1.97268e-11 9 1 0.5 9
8.5e+07 1.52723e-09 2.10097e-07 3.42163e-11 6 1 0.5 6
8.51e+07 1.78502e-09 2.07734e-07 4.76783e-11 5 1 0.5 5
8.52e+07 1.31603e-09 2.07311e-07 2.18368e-11 8 1 0.5 8
8.53e+07 1.33596e-09 2.17119e-07 2.62907e-11 7 1 0.5 7
8.54e+07 1.7671e-09 2.17243e-07 2.70625e-11 9 1 0.5 9
8.55e+07 1.61152e-09 2.06039e-07 2.66332e-11 8 1 0.5 8
8.56e+07 1.85232e-09 1.98894e-07 2.98003e-11 8 1 0.5 8
8.57e+07 1.23647e-09 2.09105e-07 2.75688e-11 6 1 0.5 6
8.58e+07 1.87034e-09 1.97144e-07 2.38827e-11 10 1 0.5 10
8.59e+07 1.45333e-09 2.02906e-07 2.37222e-11 8 1 0.5 8
8.6e+07 2.04725e-09 2.00747e-07 4.43446e-11 6 1 0.5 6
8.61e+07 1.32002e-09 2.06524e-07 2.49717e-11 7 1 0.5 7
8.62e+07 1.0184e-09 2.06862e-07 9.61903e-12 14 1 0.5 14
8.63e+07 1.73069e-09 2.05947e-07 2.86022e-11 8 1 0.5 8
8.64e+07 1.49305e-09 2.04346e-07 3.27257e-11 6 1 0.5 6
8.65e+07 1.32489e-09 2.06986e-07 1.9509e-11 9 1 0.5 9
8.66e+07 2.00973e-09 2.09285e-07 6.7724e-11 4 1 0.5 4
8.67e+07 1.40332e-09 2.13048e-07 2.72122e-11 7 1 0.5 7
8.68e+07 1.65199e-09 2.07229e-07 3.13689e-11 7 1 0.5 7
8.69e+07 1.33732e-09 2.15839e-07 1.83129e-11 10 1 0.5 10
8.7e+07 1.68524e-09 2.0584e-07 2.47297e-11 9 1 0.5 9
8.71e+07 1.17172e-09 2.02745e-07 1.52684e-11 10 1 0.5 10
8.72e+07 9.33171e-10 2.14367e-07 1.15401e-11 11 1 0.5 11
8.73e+07 1.66532e-09 1.94553e-07 3.01048e-11 7 1 0.5 7
8.74e+07 1.11299e-09 2.08412e-07 1.48173e-11 10 1 0.5 10
8.75e+07 1.62604e-09 2.00381e-07 3.51167e-11 6 1 0.5 6
8.76e+07 1.78327e-09 2.08249e-07 2.37622e-11 10 1 0.5 10
8.77e+07 1.4621e-09 2.04236e-07 3.84804e-11 5 1 0.5 5
8.78e+07 1.45767e-09 2.0609e-07 3.21591e-11 6 1 0.5 6
8.79e+07 1.30537e-09 2.05942e-07 2.1547e-11 8 1 0.5 8
8.8e+07 1.38741e-09 2.12699e-07 2.34953e-11 8 1 0.5 8
8.81e+07 1.37184e-09 1.97431e-07 1.75181e-11 10 1 0.5 10
8.82e+07 1.88347e-09 2.0543e-07 4.98914e-11 5 1 0.5 5
8.83e+07 2.21305e-09 2.1488e-07 7.62393e-11 4 1 0.5 4
8.84e+07 1.83448e-09 1.9879e-07 3.94029e-11 6 1 0.5 6
8.85e+07 1.40284e-09 2.05531e-07 2.3126e-11 8 1 0.5 8
8.86e+07 1.79915e-09 2.01833e-07 3.34805e-11 7 1 0.5 7
8.87e+07 1.449e-09 2.11143e-07 3.25811e-11 6 1 0.5 6
8.88e+07 1.36563e-09 1.95178e-07 4.34198e-11 4 1 0.5 4
8.89e+07 2.02885e-09 2.09115e-07 2.25971e-11 12 1 0.5 12
8.9e+07 1.14045e-09 2.14146e-07 2.58998e-11 6 1 0.5 6
8.91e+07 1.89352e-09 2.11685e-07 3.6591e-11 7 1 0.5 7
8.92e+07 1.2095e-09 2.09595e-07 2.70143e-11 6 1 0.5 6
8.93e+07 1.41934e-09 1.99639e-07 2.61573e-11 7 1 0.5 7
8.94e+07 1.59976e-09 2.11912e-07 5.43143e-11 4 1 0.5 4
8.95e+07 1.64986e-09 2.15652e-07 3.23279e-11 7 1 0.5 7
8.96e+07 1.57245e-09 2.04548e-07 1.8767e-11 11 1 0.5 11
8.97e+07 1.67861e-09 2.02818e-07 4.39809e-11 5 1 0.5 5
8.98e+07 1.65861e-09 2.10855e-07 2.79174e-11 8 1 0.5 8
8.99e+07 1.88568e-09 2.05674e-07 3.56221e-11 7 1 0.5 7
9e+07 1.63038e-09 2.08032e-07 1.44479e-11 15 1 0.5 15
9.01e+07 1.43668e-09 2.08642e-07 4.81382e-11 4 1 0.5 4
9.02e+07 1.56639e-09 2.04811e-07 3.44036e-11 6 1 0.5 6
9.03e+07 1.95715e-09 2.00024e-07 3.16352e-11 8 1 0.5 8
9.04e+07 1.64715e-09 2.08907e-07 3.67551e-11 6 1 0.5 6
9.05e+07 1.09356e-09 2.01668e-07 1.09075e-11 13 1 0.5 13
9.06e+07 1.5283e-09 2.06825e-07 3.38207e-11 6 1 0.5 6
9.07e+07 1.20803e-09 2.06144e-07 1.32841e-11 12 1 0.5 12
9.08e+07 1.65161e-09 2.06957e-07 1.82333e-11 12 1 0.5 12
9.09e+07 1.60353e-09 2.09308e-07 4.30504e-11 5 1 0.5 5
9.1e+07 1.80059e-09 2.11955e-07 2.43294e-11 10 1 0.5 10
9.11e+07 1.19971e-09 2.09293e-07 1.78145e-11 9 1 0.5 9
9.12e+07 1.75372e-09 2.07305e-07 2.58825e-11 9 1 0.5 9
9.13e+07 1.28803e-09 2.06962e-07 2.84925e-11 6 1 0.5 6
9.14e+07 1.55266e-09 2.15676e-07 3.55167e-11 6 1 0.5 6
9.15e+07 1.59842e-09 2.04831e-07 3.51141e-11 6 1 0.5 6
9.16e+07 1.64521e-09 2.01116e-07 3.05162e-11 7 1 0.5 7
9.17e+07 1.60114e-09 2.09815e-07 2.14525e-11 10 1 0.5 10
9.18e+07 1.68198e-09 2.00474e-07 5.46974e-11 4 1 0.5 4
9.19e+07 1.28824e-09 2.04176e-07 2.4151e-11 7 1 0.5 7
9.2e+07 1.48615e-09 1.9506e-07 3.77423e-11 5 1 0.5 5
9.21e+07 1.7387e-09 2.03099e-07 5.71375e-11 4 1 0.5 4
9.22e+07 1.03115e-09 2.16608e-07 8.31436e-12 17 1 0.5 17
9.23e+07 1.99181e-09 2.0889e-07 6.70134e-11 4 1 0.5 4
9.24e+07 1.51526e-09 2.12696e-07 2.05171e-11 10 1 0.5 10
9.25e+07 1.7802e-09 2.05689e-07 3.362e-11 7 1 0.5 7
9.26e+07 1.81304e-09 2.10854e-07 4.07793e-11 6 1 0.5 6
9.27e+07 1.25964e-09 2.13388e-07 2.13781e-11 8 1 0.5 8
9.28e+07 1.5511e-09 1.96938e-07 2.4743e-11 8 1 0.5 8
9.29e+07 1.26178e-09 2.07687e-07 1.52303e-11 11 1 0.5 11
9.3e+07 1.30723e-09 2.04641e-07 2.45521e-11 7 1 0.5 7
9.31e+07 1.47398e-09 2.15134e-07 2.01366e-11 10 1 0.5 10
9.32e+07 1.23741e-09 2.1158e-07 2.38515e-11 7 1 0.5 7
9.33e+07 1.46945e-09 2.18437e-07 3.39428e-11 6 1 0.5 6
9.34e+07 1.10731e-09 2.04729e-07 1.45371e-11 10 1 0.5 10
9.35e+07 1.53683e-09 2.05452e-07 2.89751e-11 7 1 0.5 7
9.36e+07 1.48455e-09 2.06713e-07 2.81926e-11 7 1 0.5 7
9.37e+07 1.43881e-09 1.9778e-07 3.0738e-11 6 1 0.5 6
9.38e+07 1.31068e-09 2.08547e-07 1.58736e-11 11 1 0.5 11
9.39e+07 1.71045e-09 2.15165e-07 4.69556e-11 5 1 0.5 5
9.4e+07 1.79091e-09 2.01884e-07 7.84006e-11 3 1 0.5 3
9.41e+07 2.32828e-09 2.12876e-07 5.28689e-11 6 1 0.5 6
9.42e+07 9.90789e-10 2.11983e-07 2.23088e-11 6 1 0.5 6
9.43e+07 1.58837e-09 1.98568e-07 1.69757e-11 12 1 0.5 12
9.44e+07 1.20705e-09 2.07714e-07 1.60308e-11 10 1 0.5 10
9.45e+07 1.91979e-09 2.01245e-07 2.49128e-11 10 1 0.5 10
9.46e+07 1.61984e-09 2.06729e-07 2.14529e-11 10 1 0.5 10
9.47e+07 1.15219e-09 2.13465e-07 1.73748e-11 9 1 0.5 9
9.48e+07 1.0124e-09 2.15591e-07 8.64165e-12 16 1 0.5 16
9.49e+07 1.55315e-09 2.01218e-07 5.06179e-11 4 1 0.5 4
9.5e+07 1.27745e-09 2.1351e-07 1.23748e-11 14 1 0.5 14
9.51e+07 1.46759e-09 2.05383e-07 2.41842e-11 8 1 0.5 8
9.52e+07 1.3309e-09 2.03836e-07 4.37608e-11 4 1 0.5 4
9.53e+07 1.67457e-09 2.03978e-07 3.14084e-11 7 1 0.5 7
9.54e+07 1.12149e-09 2.11415e-07 1.50997e-11 10 1 0.5 10
9.55e+07 1.79388e-09 2.02631e-07 2.33974e-11 10 1 0.5 10
9.56e+07 1.12474e-09 2.06425e-07 2.48148e-11 6 1 0.5 6
9.57e+07 1.18788e-09 2.13591e-07 1.79229e-11 9 1 0.5 9
9.58e+07 1.66842e-09 1.98401e-07 2.37884e-11 9 1 0.5 9
9.59e+07 1.44851e-09 2.13255e-07 2.45847e-11 8 1 0.5 8
9.6e+07 1.4128e-09 2.05817e-07 3.11519e-11 6 1 0.5 6
9.61e+07 1.96493e-09 1.95787e-07 4.17282e-11 6 1 0.5 6
9.62e+07 1.62526e-09 1.99007e-07 2.08944e-11 10 1 0.5 10
9.63e+07 1.55767e-09 2.00452e-07 2.01356e-11 10 1 0.5 10
9.64e+07 2.04026e-09 2.06744e-07 3.00692e-11 9 1 0.5 9
9.65e+07 1.44089e-09 2.01316e-07 1.55609e-11 12 1 0.5 12
9.66e+07 1.0926e-09 2.13132e-07 2.96849e-11 5 1 0.5 5
9.67e+07 1.33941e-09 1.99122e-07 2.46284e-11 7 1 0.5 7
9.68e+07 1.29062e-09 2.23323e-07 2.27105e-11 8 1 0.5 8
9.69e+07 1.65631e-09 2.18535e-07 3.83009e-11 6 1 0.5 6
9.7e+07 1.96517e-09 2.12401e-07 2.66074e-11 10 1 0.5 10
9.71e+07 1.47522e-09 2.07383e-07 2.80126e-11 7 1 0.5 7
9.72e+07 1.20911e-09 2.08643e-07 1.15008e-11 14 1 0.5 14
9.73e+07 1.29374e-09 2.17144e-07 1.48236e-11 12 1 0.5 12
9.74e+07 1.59799e-09 2.19851e-07 2.77962e-11 8 1 0.5 8
9.75e+07 1.36261e-09 2.04917e-07 1.37681e-11 13 1 0.5 13
9.76e+07 1.29727e-09 2.12493e-07 1.59441e-11 11 1 0.5 11
9.77e+07 1.72352e-09 1.97993e-07 2.20745e-11 10 1 0.5 10
9.78e+07 1.58618e-09 2.04995e-07 3.48652e-11 6 1 0.5 6
9.79e+07 1.03266e-09 2.15842e-07 2.35886e-11 6 1 0.5 6
9.8e+07 1.55063e-09 2.01328e-07 4.03715e-11 5 1 0.5 5
9.81e+07 1.06346e-09 2.17656e-07 2.44564e-11 6 1 0.5 6
9.82e+07 1.47201e-09 2.02466e-07 1.91735e-11 10 1 0.5 10
9.83e+07 1.49709e-09 2.07936e-07 3.9966e-11 5 1 0.5 5
9.84e+07 1.61518e-09 1.9729e-07 4.14058e-11 5 1 0.5 5
9.85e+07 1.44516e-09 2.05345e-07 3.81932e-11 5 1 0.5 5
9.86e+07 1.38898e-09 2.08884e-07 2.65174e-11 7 1 0.5 7
9.87e+07 1.29584e-09 1.97394e-07 2.36633e-11 7 1 0.5 7
9.88e+07 1.54577e-09 2.02157e-07 2.01135e-11 10 1 0.5 10
9.89e+07 1.49168e-09 2.0333e-07 3.91279e-11 5 1 0.5 5
9.9e+07 2.02152e-09 1.9864e-07 6.53923e-11 4 1 0.5 4
9.91e+07 1.16709e-09 2.07417e-07 9.66568e-12 16 1 0.5 16
9.92e+07 1.58935e-09 2.12599e-07 3.0787e-11 7 1 0.5 7
9.93e+07 1.09724e-09 2.15595e-07 1.6674e-11 9 1 0.5 9
9.94e+07 1.50398e-09 2.11686e-07 1.84373e-11 11 1 0.5 11
9.95e+07 2.00213e-09 2.02154e-07 5.23985e-11 5 1 0.5 5
9.96e+07 1.71644e-09 2.12769e-07 3.32838e-11 7 1 0.5 7
9.97e+07 1.40225e-09 2.04002e-07 1.83701e-11 10 1 0.5 10
9.98e+07 1.28748e-09 2.02301e-07 1.67524e-11 10 1 0.5 10
9.99e+07 1.89942e-09 2.05354e-07 4.18568e-11 6 1 0.5 6
1e+08 1.61987e-09 2.02363e-07 1.91734e-11 11 1 0.5 11
