0 1.50659e-09 2.07143e-07 1.91083e-11 11 1 0.5 11
100000 1.54282e-09 2.19464e-07 3.06425e-11 7 1 0.5 7
200000 1.69641e-09 2.15342e-07 2.90355e-11 8 1 0.5 8
300000 1.45723e-09 1.99205e-07 3.13077e-11 6 1 0.5 6
400000 1.67908e-09 2.04348e-07 2.44989e-11 9 1 0.5 9
500000 1.50271e-09 1.98299e-07 1.92602e-11 10 1 0.5 10
600000 1.57963e-09 1.9869e-07 6.81888e-11 3 1 0.5 3
700000 1.6347e-09 1.99415e-07 2.63371e-11 8 1 0.5 8
800000 1.44499e-09 2.02925e-07 2.09565e-11 9 1 0.5 9
900000 1.02688e-09 2.19716e-07 1.01714e-11 14 1 0.5 14
1e+06 1.53271e-09 2.03014e-07 1.8184e-11 11 1 0.5 11
1.1e+06 1.50648e-09 2.01563e-07 2.79791e-11 7 1 0.5 7
1.2e+06 1.20973e-09 2.15949e-07 1.65659e-11 10 1 0.5 10
1.3e+06 1.31354e-09 2.08983e-07 1.25123e-11 14 1 0.5 14
1.4e+06 1.76982e-09 2.0772e-07 2.61623e-11 9 1 0.5 9
1.5e+06 1.3124e-09 2.08526e-07 1.58932e-11 11 1 0.5 11
1.6e+06 1.66761e-09 2.14528e-07 1.89387e-11 12 1 0.5 12
1.7e+06 1.01532e-09 2.00305e-07 1.67972e-10 4 1 0.5 4
1.8e+06 1.78843e-09 2.04591e-07 3.928e-11 6 1 0.5 6
1.9e+06 1.50802e-09 2.06977e-07 2.85945e-11 7 1 0.5 7
2e+06 1.3762e-09 1.94819e-07 2.90519e-11 6 1 0.5 6
2.1e+06 1.49609e-09 2.04641e-07 1.96515e-11 10 1 0.5 10
2.2e+06 1.03559e-09 2.06977e-07 1.371e-11 10 1 0.5 10
2.3e+06 1.33733e-09 2.15246e-07 1.40448e-11 13 1 0.5 13
2.4e+06 1.61997e-09 2.03459e-07 7.12591e-11 3 1 0.5 3
2.5e+06 1.35182e-09 2.0755e-07 2.99777e-11 6 1 0.5 6
2.6e+06 1.82316e-09 2.06433e-07 4.03304e-11 6 1 0.5 6
2.7e+06 1.3162e-09 2.08071e-07 1.75081e-11 10 1 0.5 10
2.8e+06 1.23781e-09 2.03409e-07 1.46989e-11 11 1 0.5 11
2.9e+06 9.87057e-10 2.01191e-07 1.278e-11 10 1 0.5 10
3e+06 1.3046e-09 2.15603e-07 3.58041e-11 5 1 0.5 5
3.1e+06 1.33095e-09 2.08298e-07 1.61046e-11 11 1 0.5 11
3.2e+06 2.05544e-09 2.07638e-07 3.91413e-11 7 1 0.5 7
3.3e+06 1.42463e-09 2.10392e-07 3.83718e-11 5 1 0.5 5
3.4e+06 1.61702e-09 2.09687e-07 1.80349e-11 12 1 0.5 12
3.5e+06 1.42877e-09 2.08482e-07 2.38201e-11 8 1 0.5 8
3.6e+06 1.68995e-09 2.1117e-07 2.21496e-11 11 1 0.5 11
3.7e+06 9.99719e-10 2.08252e-07 1.02235e-11 13 1 0.5 13
3.8e+06 1.32342e-09 2.17386e-07 2.02549e-11 9 1 0.5 9
3.9e+06 1.38096e-09 1.99651e-07 2.22542e-11 8 1 0.5 8
4e+06 1.08916e-09 2.12463e-07 7.36837e-10 5 1 0.5 5
4.1e+06 1.03326e-09 2.13918e-07 1.7559e-11 8 1 0.5 8
4.2e+06 1.66856e-09 2.06025e-07 2.75789e-11 8 1 0.5 8
4.3e+06 1.53714e-09 2.02631e-07 2.86691e-11 7 1 0.5 7
4.4e+06 9.47002e-10 2.06799e-07 1.25263e-11 10 1 0.5 10
4.5e+06 1.19023e-09 2.19463e-07 1.8348e-11 9 1 0.5 9
4.6e+06 1.23387e-09 2.08878e-07 2.74872e-11 6 1 0.5 6
4.7e+06 1.56797e-09 2.01946e-07 1.69786e-11 12 1 0.5 12
4.8e+06 1.05328e-09 2.03225e-07 9.81198e-12 14 1 0.5 14
4.9e+06 1.78819e-09 2.0299e-07 2.92245e-11 8 1 0.5 8
5e+06 1.36664e-09 2.01652e-07 2.9632e-11 6 1 0.5 6
5.1e+06 1.54126e-09 2.12167e-07 7.00272e-11 3 1 0.5 3
5.2e+06 1.36091e-09 2.11074e-07 2.29057e-11 8 1 0.5 8
5.3e+06 1.15165e-09 2.22388e-07 2.01891e-11 8 1 0.5 8
5.4e+06 1.74264e-09 2.0164e-07 1.88538e-11 12 1 0.5 12
5.5e+06 1.7206e-09 2.03749e-07 2.25347e-11 10 1 0.5 10
5.6e+06 1.10272e-09 2.18254e-07 1.17039e-11 13 1 0.5 13
5.7e+06 1.17151e-09 2.12265e-07 3.17384e-11 5 1 0.5 5
5.8e+06 1.21676e-09 2.1831e-07 1.868e-11 9 1 0.5 9
5.9e+06 1.37502e-09 2.07682e-07 2.28546e-11 8 1 0.5 8
6e+06 1.46316e-09 2.14513e-07 1.99428e-11 10 1 0.5 10
6.1e+06 1.13397e-09 2.00221e-07 1.04432e-11 14 1 0.5 14
6.2e+06 1.5223e-09 1.97404e-07 2.43263e-11 8 1 0.5 8
6.3e+06 1.52861e-09 2.00225e-07 3.96243e-11 5 1 0.5 5
6.4e+06 1.3801e-09 2.13186e-07 4.70188e-11 4 1 0.5 4
6.5e+06 1.40906e-09 2.08515e-07 4.7183e-11 4 1 0.5 4
6.6e+06 2.05178e-09 2.04574e-07 3.86176e-11 7 1 0.5 7
6.7e+06 1.20658e-09 2.10962e-07 1.80291e-11 9 1 0.5 9
6.8e+06 2.00399e-09 2.08947e-07 4.4785e-11 6 1 0.5 6
6.9e+06 1.7592e-09 2.02073e-07 3.82612e-11 6 1 0.5 6
7e+06 1.54595e-09 2.03636e-07 1.83854e-11 11 1 0.5 11
7.1e+06 1.18391e-09 2.08111e-07 1.12382e-11 14 1 0.5 14
7.2e+06 8.08666e-10 2.1224e-07 2.18697e-11 5 1 0.5 5
7.3e+06 2.17802e-09 2.01642e-07 4.73645e-11 6 1 0.5 6
7.4e+06 2.2542e-09 2.18517e-07 5.22457e-11 6 1 0.5 6
7.5e+06 1.65814e-09 2.04038e-07 2.41634e-11 9 1 0.5 9
7.6e+06 1.8406e-09 1.95822e-07 4.69575e-11 5 1 0.5 5
7.7e+06 1.74386e-09 2.01297e-07 2.83107e-11 8 1 0.5 8
7.8e+06 1.41531e-09 2.17719e-07 3.91645e-11 5 1 0.5 5
7.9e+06 1.28516e-09 2.02844e-07 2.09623e-11 8 1 0.5 8
8e+06 1.90806e-09 2.05334e-07 4.20454e-11 6 1 0.5 6
8.1e+06 1.80345e-09 2.04643e-07 2.63515e-11 9 1 0.5 9
8.2e+06 1.22803e-09 2.01338e-07 1.44666e-11 11 1 0.5 11
8.3e+06 1.78818e-09 2.02018e-07 2.5887e-11 9 1 0.5 9
8.4e+06 1.34752e-09 2.00316e-07 1.9342e-11 9 1 0.5 9
8.5e+06 1.40418e-09 2.11869e-07 1.7222e-11 11 1 0.5 11
8.6e+06 1.17737e-09 2.0776e-07 1.11612e-11 14 1 0.5 14
8.7e+06 1.65367e-09 2.10601e-07 3.71369e-11 6 1 0.5 6
8.8e+06 1.25903e-09 2.03973e-07 1.49839e-11 11 1 0.5 11
8.9e+06 1.45795e-09 2.12937e-07 1.79545e-11 11 1 0.5 11
9e+06 1.06064e-09 2.0339e-07 8.64913e-12 16 1 0.5 16
9.1e+06 1.22684e-09 2.0931e-07 1.48983e-11 11 1 0.5 11
9.2e+06 1.42026e-09 2.00562e-07 2.29712e-11 8 1 0.5 8
9.3e+06 1.88604e-09 1.98387e-07 2.01536e-11 12 1 0.5 12
9.4e+06 1.41492e-09 2.06823e-07 1.8737e-11 10 1 0.5 10
9.5e+06 1.70215e-09 2.08031e-07 3.24249e-11 7 1 0.5 7
9.6e+06 1.93858e-09 2.06374e-07 4.28925e-11 6 1 0.5 6
9.7e+06 2.30235e-09 2.11471e-07 8.31207e-11 4 1 0.5 4
9.8e+06 1.50086e-09 2.11609e-07 2.53219e-11 8 1 0.5 8
9.9e+06 1.75716e-09 2.02372e-07 3.2763e-11 7 1 0.5 7
1e+07 1.33774e-09 2.02678e-07 2.91174e-11 6 1 0.5 6
1.01e+07 1.08728e-09 2.03351e-07 1.41984e-11 10 1 0.5 10
1.02e+07 1.50791e-09 2.09346e-07 2.88491e-11 7 1 0.5 7
1.03e+07 1.75227e-09 1.9783e-07 3.74844e-11 6 1 0.5 6
1.04e+07 1.62825e-09 2.20351e-07 2.52097e-11 9 1 0.5 9
1.05e+07 1.22229e-09 2.09446e-07 1.81612e-11 9 1 0.5 9
1.06e+07 1.91809e-09 2.1397e-07 3.73849e-11 7 1 0.5 7
1.07e+07 1.8804e-09 2.07278e-07 4.17392e-11 6 1 0.5 6
1.08e+07 2.2342e-09 2.01954e-07 7.32988e-11 4 1 0.5 4
1.09e+07 1.61579e-09 2.07005e-07 3.06519e-11 7 1 0.5 7
1.1e+07 2.24316e-09 2.114e-07 4.33513e-11 7 1 0.5 7
1.11e+07 1.26767e-09 2.0129e-07 3.29584e-11 5 1 0.5 5
1.12e+07 1.58964e-09 2.03844e-07 2.60506e-11 8 1 0.5 8
1.13e+07 2.15154e-09 2.0343e-07 2.55986e-11 11 1 0.5 11
1.14e+07 1.3757e-09 2.05476e-07 2.26722e-11 8 1 0.5 8
1.15e+07 1.18991e-09 2.10808e-07 1.99981e-11 8 1 0.5 8
1.16e+07 1.69132e-09 2.0587e-07 3.73154e-11 6 1 0.5 6
1.17e+07 1.10036e-09 2.09767e-07 1.33818e-11 11 1 0.5 11
1.18e+07 1.4225e-09 2.01628e-07 3.08467e-11 6 1 0.5 6
1.19e+07 1.91146e-09 2.03591e-07 3.58252e-11 7 1 0.5 7
1.2e+07 2.34037e-09 2.03328e-07 7.72377e-11 4 1 0.5 4
1.21e+07 1.41566e-09 2.0921e-07 3.1598e-11 6 1 0.5 6
1.22e+07 1.57897e-09 2.15545e-07 3.6105e-11 6 1 0.5 6
1.23e+07 9.77526e-10 2.1925e-07 1.93632e-11 7 1 0.5 7
1.24e+07 1.37138e-09 2.05604e-07 3.62672e-11 5 1 0.5 5
1.25e+07 1.50157e-09 2.03365e-07 2.18169e-11 9 1 0.5 9
1.26e+07 1.53786e-09 1.97646e-07 2.45994e-11 8 1 0.5 8
1.27e+07 1.4226e-09 2.06069e-07 3.85518e-11 5 1 0.5 5
1.28e+07 2.4583e-09 1.98031e-07 7.9521e-11 4 1 0.5 4
1.29e+07 1.46374e-09 2.11685e-07 2.82461e-11 7 1 0.5 7
1.3e+07 1.07645e-09 2.09719e-07 2.05944e-11 7 1 0.5 7
1.31e+07 1.70935e-09 2.08428e-07 3.80832e-11 6 1 0.5 6
1.32e+07 1.64321e-09 2.12057e-07 4.52818e-10 7 1 0.5 7
1.33e+07 1.35822e-09 1.99392e-07 3.50671e-11 5 1 0.5 5
1.34e+07 1.24533e-09 2.16639e-07 1.9004e-11 9 1 0.5 9
1.35e+07 1.8741e-09 2.08651e-07 2.50155e-11 10 1 0.5 10
1.36e+07 1.45418e-09 1.98767e-07 4.69163e-11 4 1 0.5 4
1.37e+07 1.48023e-09 2.12052e-07 2.50135e-11 8 1 0.5 8
1.38e+07 1.87534e-09 2.08925e-07 4.18862e-11 6 1 0.5 6
1.39e+07 1.84356e-09 2.06114e-07 2.43709e-11 10 1 0.5 10
1.4e+07 1.11518e-09 2.08431e-07 1.23675e-11 12 1 0.5 12
1.41e+07 1.64783e-09 2.03303e-07 3.59946e-11 6 1 0.5 6
1.42e+07 1.24998e-09 2.02036e-07 1.35321e-11 12 1 0.5 12
1.43e+07 1.54295e-09 1.98346e-07 3.9706e-11 5 1 0.5 5
1.44e+07 1.24677e-09 2.09591e-07 1.66771e-11 10 1 0.5 10
1.45e+07 1.57776e-09 2.03444e-07 2.29352e-11 9 1 0.5 9
1.46e+07 1.20423e-09 2.1582e-07 2.35757e-11 7 1 0.5 7
1.47e+07 2.00339e-09 2.11957e-07 2.08101e-11 13 1 0.5 13
1.48e+07 1.49572e-09 2.07092e-07 2.20427e-11 9 1 0.5 9
1.49e+07 1.7311e-09 2.1677e-07 2.97878e-11 8 1 0.5 8
1.5e+07 1.85498e-09 2.02001e-07 4.03474e-11 6 1 0.5 6
1.51e+07 1.50243e-09 2.04228e-07 3.29175e-11 6 1 0.5 6
1.52e+07 1.69319e-09 2.15122e-07 2.31422e-11 10 1 0.5 10
1.53e+07 1.55423e-09 2.06763e-07 2.94512e-11 7 1 0.5 7
1.54e+07 1.45192e-09 2.01048e-07 3.14176e-11 6 1 0.5 6
1.55e+07 1.20914e-09 2.04045e-07 1.98093e-11 8 1 0.5 8
1.56e+07 1.57459e-09 2.0226e-07 6.89199e-11 3 1 0.5 3
1.57e+07 1.7064e-09 1.96438e-07 5.46268e-11 4 1 0.5 4
1.58e+07 2.04848e-09 2.01906e-07 4.45717e-11 6 1 0.5 6
1.59e+07 1.24902e-09 2.07925e-07 1.38289e-11 12 1 0.5 12
1.6e+07 1.43976e-09 2.06924e-07 2.12015e-11 9 1 0.5 9
1.61e+07 9.85625e-10 2.06869e-07 1.18536e-11 11 1 0.5 11
1.62e+07 1.55153e-09 2.02343e-07 2.89069e-11 7 1 0.5 7
1.63e+07 1.82589e-09 2.08152e-07 2.43236e-11 10 1 0.5 10
1.64e+07 1.31547e-09 2.02371e-07 2.44931e-11 7 1 0.5 7
1.65e+07 1.3888e-09 2.09117e-07 2.65372e-11 7 1 0.5 7
1.66e+07 1.21766e-09 2.10581e-07 3.27893e-11 5 1 0.5 5
1.67e+07 1.19889e-09 2.10586e-07 2.30206e-11 7 1 0.5 7
1.68e+07 1.87699e-09 2.06069e-07 4.98396e-11 5 1 0.5 5
1.69e+07 2.03563e-09 1.97781e-07 3.73147e-11 7 1 0.5 7
1.7e+07 2.17394e-09 2.05204e-07 3.58704e-11 8 1 0.5 8
1.71e+07 1.39554e-09 2.01363e-07 2.58895e-11 7 1 0.5 7
1.72e+07 1.18314e-09 2.08865e-07 3.96193e-11 4 1 0.5 4
1.73e+07 1.38598e-09 2.01789e-07 2.001e-11 9 1 0.5 9
1.74e+07 1.69479e-09 2.04739e-07 1.71226e-11 13 1 0.5 13
1.75e+07 1.47697e-09 1.9508e-07 2.67404e-11 7 1 0.5 7
1.76e+07 1.39028e-09 2.02963e-07 3.03002e-11 6 1 0.5 6
1.77e+07 1.65946e-09 2.01484e-07 7.24629e-11 3 1 0.5 3
1.78e+07 1.827e-09 2.06106e-07 4.8508e-11 5 1 0.5 5
1.79e+07 1.45734e-09 2.11692e-07 2.45922e-11 8 1 0.5 8
1.8e+07 1.36853e-09 2.06078e-07 1.64221e-11 11 1 0.5 11
1.81e+07 1.84732e-09 2.01592e-07 4.0116e-11 6 1 0.5 6
1.82e+07 2.1177e-09 2.04798e-07 3.60122e-11 8 1 0.5 8
1.83e+07 1.40987e-09 1.99522e-07 2.597e-11 7 1 0.5 7
1.84e+07 1.36112e-09 2.0018e-07 1.75686e-11 10 1 0.5 10
1.85e+07 1.42721e-09 2.16134e-07 2.79939e-11 7 1 0.5 7
1.86e+07 1.23363e-09 2.0733e-07 2.04663e-11 8 1 0.5 8
1.87e+07 1.17881e-09 2.05358e-07 3.11184e-11 5 1 0.5 5
1.88e+07 1.45721e-09 2.08e-07 2.4252e-11 8 1 0.5 8
1.89e+07 1.44787e-09 2.14547e-07 2.19375e-11 9 1 0.5 9
1.9e+07 1.45535e-09 2.15942e-07 3.33108e-11 6 1 0.5 6
1.91e+07 1.29575e-09 2.07553e-07 2.15187e-11 8 1 0.5 8
1.92e+07 1.73208e-09 2.12458e-07 3.355e-11 7 1 0.5 7
1.93e+07 1.3e-09 2.0627e-07 2.45678e-11 7 1 0.5 7
1.94e+07 1.29907e-09 2.07236e-07 2.15482e-11 8 1 0.5 8
1.95e+07 1.805e-09 2.06019e-07 4.79035e-11 5 1 0.5 5
1.96e+07 1.49844e-09 2.09258e-07 2.50597e-11 8 1 0.5 8
1.97e+07 1.38927e-09 2.08834e-07 1.85365e-11 10 1 0.5 10
1.98e+07 1.55573e-09 1.99189e-07 2.00117e-11 10 1 0.5 10
1.99e+07 1.46541e-09 2.03721e-07 1.74305e-11 11 1 0.5 11
2e+07 1.67821e-09 1.98877e-07 2.39732e-11 9 1 0.5 9
2.01e+07 1.65284e-09 2.06063e-07 2.42729e-11 9 1 0.5 9
2.02e+07 1.57789e-09 2.0968e-07 3.02328e-11 7 1 0.5 7
2.03e+07 1.57267e-09 2.04862e-07 4.151e-11 5 1 0.5 5
2.04e+07 1.50109e-09 2.01718e-07 2.16719e-11 9 1 0.5 9
2.05e+07 1.05621e-09 2.05225e-07 1.54388e-11 9 1 0.5 9
2.06e+07 1.39078e-09 2.13432e-07 2.36165e-11 8 1 0.5 8
2.07e+07 1.36403e-09 2.0747e-07 3.02406e-11 6 1 0.5 6
2.08e+07 1.9957e-09 2.08237e-07 3.32944e-11 8 1 0.5 8
2.09e+07 1.37935e-09 2.07493e-07 2.6195e-11 7 1 0.5 7
2.1e+07 1.38399e-09 2.02738e-07 1.50271e-11 12 1 0.5 12
2.11e+07 1.60727e-09 2.08131e-07 3.06196e-11 7 1 0.5 7
2.12e+07 1.75502e-09 1.93466e-07 3.68997e-11 6 1 0.5 6
2.13e+07 1.77328e-09 2.02581e-07 2.57044e-11 9 1 0.5 9
2.14e+07 1.19135e-09 2.00068e-07 2.19766e-11 7 1 0.5 7
2.15e+07 1.43114e-09 1.96468e-07 2.27799e-11 8 1 0.5 8
2.16e+07 1.48766e-09 2.10915e-07 2.50334e-11 8 1 0.5 8
2.17e+07 1.57597e-09 2.06768e-07 2.98657e-11 7 1 0.5 7
2.18e+07 1.36177e-09 2.16084e-07 1.69622e-11 11 1 0.5 11
2.19e+07 1.4217e-09 2.08424e-07 2.7098e-11 7 1 0.5 7
2.2e+07 1.35976e-09 2.01315e-07 3.39729e-11 9 1 0.5 9
2.21e+07 1.47715e-09 2.08411e-07 3.2879e-11 6 1 0.5 6
2.22e+07 1.54563e-09 2.0436e-07 2.90205e-11 7 1 0.5 7
2.23e+07 1.52257e-09 2.06044e-07 5.05415e-11 4 1 0.5 4
2.24e+07 1.50353e-09 2.13055e-07 2.26589e-11 9 1 0.5 9
2.25e+07 1.84716e-09 1.98168e-07 3.95807e-11 6 1 0.5 6
2.26e+07 1.60703e-09 2.09991e-07 3.60007e-11 6 1 0.5 6
2.27e+07 1.67942e-09 2.13602e-07 3.26625e-11 7 1 0.5 7
2.28e+07 1.24409e-09 2.08431e-07 8.61529e-11 5 1 0.5 5
2.29e+07 1.0462e-09 2.10911e-07 2.01031e-11 7 1 0.5 7
2.3e+07 1.51107e-09 2.14036e-07 1.71247e-11 12 1 0.5 12
2.31e+07 1.18484e-09 1.93773e-07 1.49067e-11 10 1 0.5 10
2.32e+07 1.93023e-09 2.04344e-07 4.23765e-11 6 1 0.5 6
2.33e+07 1.86161e-09 2.0175e-07 4.04533e-11 6 1 0.5 6
2.34e+07 1.65874e-09 2.07191e-07 2.20084e-11 10 1 0.5 10
2.35e+07 1.77266e-09 2.01711e-07 1.91848e-11 12 1 0.5 12
2.36e+07 2.00405e-09 2.13989e-07 4.56611e-11 6 1 0.5 6
2.37e+07 1.29613e-09 2.12536e-07 2.92781e-11 6 1 0.5 6
2.38e+07 1.52885e-09 2.13544e-07 3.46954e-11 6 1 0.5 6
2.39e+07 1.65738e-09 2.10641e-07 2.78742e-11 8 1 0.5 8
2.4e+07 9.49191e-10 2.05449e-07 2.08504e-11 6 1 0.5 6
2.41e+07 1.3322e-09 2.11043e-07 4.50145e-11 4 1 0.5 4
2.42e+07 1.30875e-09 2.11631e-07 2.52374e-11 7 1 0.5 7
2.43e+07 1.59768e-09 1.94057e-07 5.06351e-11 4 1 0.5 4
2.44e+07 1.96007e-09 2.11082e-07 5.30602e-11 5 1 0.5 5
2.45e+07 1.68001e-09 2.08655e-07 3.74576e-11 6 1 0.5 6
2.46e+07 1.0046e-09 2.18523e-07 1.73604e-11 8 1 0.5 8
2.47e+07 1.20247e-09 2.06992e-07 1.77014e-11 9 1 0.5 9
2.48e+07 1.9253e-09 2.02231e-07 3.13852e-11 8 1 0.5 8
2.49e+07 1.25413e-09 2.09774e-07 3.36751e-11 5 1 0.5 5
2.5e+07 1.3841e-09 2.08604e-07 3.08195e-11 6 1 0.5 6
2.51e+07 1.27087e-09 2.16734e-07 1.94019e-11 9 1 0.5 9
2.52e+07 1.78997e-09 2.0211e-07 2.11733e-11 11 1 0.5 11
2.53e+07 1.49569e-09 2.11176e-07 2.88109e-11 7 1 0.5 7
2.54e+07 1.44417e-09 2.02971e-07 2.3578e-11 8 1 0.5 8
2.55e+07 1.23094e-09 2.05918e-07 1.6238e-11 10 1 0.5 10
2.56e+07 1.69589e-09 1.94545e-07 2.68082e-11 8 1 0.5 8
2.57e+07 1.37315e-09 2.10018e-07 1.5327e-11 12 1 0.5 12
2.58e+07 1.711e-09 2.07042e-07 2.83931e-11 8 1 0.5 8
2.59e+07 1.46944e-09 2.03971e-07 3.21589e-11 6 1 0.5 6
2.6e+07 1.22298e-09 2.12995e-07 1.65667e-11 10 1 0.5 10
2.61e+07 1.99336e-09 2.07875e-07 2.65367e-11 10 1 0.5 10
2.62e+07 1.7143e-09 2.19881e-07 2.6503e-11 9 1 0.5 9
2.63e+07 1.8671e-09 2.09431e-07 3.12779e-11 8 1 0.5 8
2.64e+07 1.29202e-09 2.09347e-07 3.46428e-11 5 1 0.5 5
2.65e+07 1.76014e-09 2.04277e-07 1.92379e-11 12 1 0.5 12
2.66e+07 1.56837e-09 2.15099e-07 2.68101e-11 8 1 0.5 8
2.67e+07 1.3239e-09 2.0535e-07 1.93737e-11 9 1 0.5 9
2.68e+07 1.59402e-09 2.09207e-07 1.77456e-11 12 1 0.5 12
2.69e+07 1.56869e-09 2.084e-07 2.99111e-11 7 1 0.5 7
2.7e+07 1.64198e-09 2.06021e-07 2.7137e-11 8 1 0.5 8
2.71e+07 1.47881e-09 2.13162e-07 2.22937e-11 9 1 0.5 9
2.72e+07 1.6974e-09 2.10284e-07 4.57574e-11 5 1 0.5 5
2.73e+07 1.49016e-09 2.02911e-07 3.24825e-11 6 1 0.5 6
2.74e+07 1.43791e-09 2.05767e-07 1.57962e-11 12 1 0.5 12
2.75e+07 1.31368e-09 1.97494e-07 2.39998e-11 7 1 0.5 7
2.76e+07 1.53178e-09 2.06646e-07 2.90109e-11 7 1 0.5 7
2.77e+07 1.52905e-09 2.05968e-07 2.88843e-11 7 1 0.5 7
2.78e+07 1.56911e-09 2.12509e-07 1.632e-11 13 1 0.5 13
2.79e+07 1.67062e-09 2.03407e-07 2.42871e-11 9 1 0.5 9
2.8e+07 1.33939e-09 2.08377e-07 4.48091e-11 4 1 0.5 4
2.81e+07 1.62484e-09 2.12812e-07 3.15031e-11 7 1 0.5 7
2.82e+07 1.31183e-09 2.04307e-07 1.72022e-11 10 1 0.5 10
2.83e+07 2.11918e-09 2.02824e-07 5.56346e-11 5 1 0.5 5
2.84e+07 1.86265e-09 2.09804e-07 2.7758e-11 9 1 0.5 9
2.85e+07 1.5154e-09 2.06654e-07 2.50964e-11 8 1 0.5 8
2.86e+07 1.077e-09 2.0929e-07 1.59872e-11 9 1 0.5 9
2.87e+07 1.39511e-09 2.0535e-07 2.29823e-11 8 1 0.5 8
2.88e+07 1.1893e-09 2.10525e-07 1.32954e-11 12 1 0.5 12
2.89e+07 1.74391e-09 1.96119e-07 3.70537e-11 6 1 0.5 6
2.9e+07 1.22174e-09 2.03901e-07 2.28752e-11 7 1 0.5 7
2.91e+07 2.02908e-09 2.06509e-07 2.98767e-11 9 1 0.5 9
2.92e+07 1.53321e-09 2.0859e-07 4.10381e-11 5 1 0.5 5
2.93e+07 1.6069e-09 2.05717e-07 1.76549e-11 12 1 0.5 12
2.94e+07 1.15472e-09 2.02302e-07 1.66947e-11 9 1 0.5 9
2.95e+07 1.21738e-09 2.14163e-07 2.07187e-11 8 1 0.5 8
2.96e+07 1.4301e-09 2.07977e-07 2.72129e-11 7 1 0.5 7
2.97e+07 1.33592e-09 2.01195e-07 2.1655e-11 8 1 0.5 8
2.98e+07 1.42768e-09 2.06463e-07 1.7159e-11 11 1 0.5 11
2.99e+07 1.11681e-09 2.00696e-07 1.80576e-11 8 1 0.5 8
3e+07 1.31124e-09 1.96177e-07 1.8517e-11 9 1 0.5 9
3.01e+07 1.55644e-09 2.06853e-07 5.18349e-11 4 1 0.5 4
