0 1.50659e-09 2.07143e-07 1.91083e-11 11 1 0.5 11
100000 1.15428e-09 2.08328e-07 1.70759e-11 9 1 0.5 9
200000 1.43044e-09 2.03295e-07 3.12199e-11 6 1 0.5 6
300000 1.38271e-09 2.15798e-07 2.70837e-11 7 1 0.5 7
400000 1.71872e-09 2.05826e-07 2.83904e-11 8 1 0.5 8
500000 1.91835e-09 2.1528e-07 6.60708e-11 4 1 0.5 4
600000 1.51749e-09 2.11926e-07 2.27743e-11 9 1 0.5 9
700000 1.16619e-09 2.10933e-07 1.96072e-11 8 1 0.5 8
800000 1.40822e-09 2.07438e-07 3.75078e-11 5 1 0.5 5
900000 1.39786e-09 1.97253e-07 1.37118e-11 13 1 0.5 13
1e+06 1.50577e-09 2.06934e-07 4.00471e-11 5 1 0.5 5
1.1e+06 1.24829e-09 2.08691e-07 2.77903e-11 6 1 0.5 6
1.2e+06 1.50439e-09 2.08677e-07 3.35223e-11 6 1 0.5 6
1.3e+06 1.5914e-09 2.07569e-07 2.35009e-11 9 1 0.5 9
1.4e+06 1.2107e-09 2.05906e-07 1.77496e-11 9 1 0.5 9
1.5e+06 1.5909e-09 2.08788e-07 3.03813e-11 7 1 0.5 7
1.6e+06 1.68822e-09 2.10021e-07 2.26411e-11 10 1 0.5 10
1.7e+06 1.14198e-09 2.05424e-07 3.77375e-11 4 1 0.5 4
1.8e+06 1.3767e-09 2.06054e-07 2.0203e-11 9 1 0.5 9
1.9e+06 1.69761e-09 2.04774e-07 1.85876e-11 12 1 0.5 12
2e+06 1.25175e-09 2.17696e-07 3.46089e-11 5 1 0.5 5
2.1e+06 1.30178e-09 2.06783e-07 3.45703e-11 5 1 0.5 5
2.2e+06 1.61641e-09 2.14473e-07 2.75715e-11 8 1 0.5 8
2.3e+06 1.24134e-09 2.01503e-07 2.01407e-11 8 1 0.5 8
2.4e+06 1.76176e-09 2.08745e-07 4.72502e-11 5 1 0.5 5
2.5e+06 2.08083e-09 2.11631e-07 9.47477e-11 3 1 0.5 3
2.6e+06 1.78504e-09 1.98928e-07 3.28432e-11 7 1 0.5 7
2.7e+06 1.09041e-09 2.053e-07 1.4346e-11 10 1 0.5 10
2.8e+06 1.4417e-09 2.15842e-07 2.82493e-11 7 1 0.5 7
2.9e+06 1.47645e-09 1.97413e-07 1.71372e-11 11 1 0.5 11
3e+06 1.54301e-09 2.06e-07 3.40411e-11 6 1 0.5 6
3.1e+06 1.80554e-09 2.05042e-07 3.40172e-11 7 1 0.5 7
3.2e+06 1.35284e-09 2.02114e-07 2.93837e-11 6 1 0.5 6
3.3e+06 1.66344e-09 2.10429e-07 4.48592e-11 5 1 0.5 5
3.4e+06 1.30514e-09 2.10894e-07 1.95017e-11 9 1 0.5 9
3.5e+06 1.64683e-09 2.01455e-07 2.13753e-11 10 1 0.5 10
3.6e+06 1.35602e-09 1.97731e-07 3.4783e-11 5 1 0.5 5
3.7e+06 1.39788e-09 2.10529e-07 4.7161e-11 4 1 0.5 4
3.8e+06 1.67159e-09 2.0802e-07 3.18382e-11 7 1 0.5 7
3.9e+06 1.181e-09 2.12749e-07 1.45254e-11 11 1 0.5 11
4e+06 1.44422e-09 2.03691e-07 2.1007e-11 9 1 0.5 9
4.1e+06 1.89081e-09 2.12935e-07 5.15237e-11 5 1 0.5 5
4.2e+06 1.12291e-09 2.03802e-07 2.45277e-11 6 1 0.5 6
4.3e+06 1.59698e-09 2.15401e-07 2.79633e-11 8 1 0.5 8
4.4e+06 1.46925e-09 2.06892e-07 1.94638e-11 10 1 0.5 10
4.5e+06 1.83427e-09 2.00959e-07 2.9747e-11 8 1 0.5 8
4.6e+06 1.50823e-09 2.19131e-07 3.49319e-11 6 1 0.5 6
4.7e+06 1.55033e-09 1.97109e-07 1.978e-11 10 1 0.5 10
4.8e+06 1.62253e-09 2.0596e-07 2.68078e-11 8 1 0.5 8
4.9e+06 1.61596e-09 2.08072e-07 2.39104e-11 9 1 0.5 9
5e+06 1.65577e-09 2.02282e-07 4.30295e-10 3 1 0.5 3
5.1e+06 1.30604e-09 2.22526e-07 1.83197e-11 10 1 0.5 10
5.2e+06 1.41629e-09 2.01777e-07 3.07291e-11 6 1 0.5 6
5.3e+06 1.97296e-09 2.04558e-07 6.28958e-11 5 1 0.5 5
5.4e+06 1.22182e-09 2.04819e-07 1.4587e-11 11 1 0.5 11
5.5e+06 1.96429e-09 2.17533e-07 3.39179e-11 8 1 0.5 8
5.6e+06 1.56041e-09 2.0801e-07 4.16801e-11 5 1 0.5 5
5.7e+06 1.71491e-09 1.99362e-07 4.43404e-11 5 1 0.5 5
5.8e+06 1.6165e-09 2.1037e-07 2.41259e-11 9 1 0.5 9
5.9e+06 1.35315e-09 2.15384e-07 2.05604e-11 9 1 0.5 9
6e+06 1.4211e-09 2.0749e-07 2.36031e-11 8 1 0.5 8
6.1e+06 1.90242e-09 1.98517e-07 4.01907e-11 8 1 0.5 8
6.2e+06 1.27768e-09 2.04853e-07 3.36784e-11 5 1 0.5 5
6.3e+06 1.71801e-09 2.11707e-07 2.57758e-11 9 1 0.5 9
6.4e+06 1.5961e-09 2.16539e-07 2.43701e-11 9 1 0.5 9
6.5e+06 1.44062e-09 2.04443e-07 2.10149e-11 9 1 0.5 9
6.6e+06 1.4934e-09 2.04392e-07 2.45183e-11 8 1 0.5 8
6.7e+06 1.15741e-09 2.22616e-07 1.62345e-11 10 1 0.5 10
6.8e+06 1.74501e-09 2.03248e-07 3.26452e-11 7 1 0.5 7
6.9e+06 1.39784e-09 2.03328e-07 3.05085e-11 6 1 0.5 6
7e+06 9.65597e-10 2.00255e-07 1.24562e-11 10 1 0.5 10
7.1e+06 2.18936e-09 2.06104e-07 3.22e-11 9 1 0.5 9
7.2e+06 1.54377e-09 2.08518e-07 1.71401e-11 12 1 0.5 12
7.3e+06 1.57143e-09 2.06028e-07 1.8861e-11 11 1 0.5 11
7.4e+06 1.36119e-09 2.14625e-07 1.68643e-11 11 1 0.5 11
7.5e+06 1.22824e-09 2.15728e-07 2.40396e-11 7 1 0.5 7
7.6e+06 1.6797e-09 2.0146e-07 2.72815e-11 8 1 0.5 8
7.7e+06 1.41576e-09 2.02735e-07 3.08313e-11 6 1 0.5 6
7.8e+06 1.71913e-09 2.13411e-07 2.59564e-11 9 1 0.5 9
7.9e+06 1.67511e-09 2.2644e-07 3.41256e-11 7 1 0.5 7
8e+06 1.70292e-09 2.12306e-07 2.56054e-11 9 1 0.5 9
8.1e+06 1.27578e-09 2.0891e-07 1.70227e-11 10 1 0.5 10
8.2e+06 1.49693e-09 2.04461e-07 2.18409e-11 9 1 0.5 9
8.3e+06 1.32906e-09 2.02971e-07 2.48045e-11 7 1 0.5 7
8.4e+06 1.43244e-09 2.03978e-07 2.68462e-11 7 1 0.5 7
8.5e+06 1.3802e-09 2.13048e-07 4.77957e-11 4 1 0.5 4
8.6e+06 1.43475e-09 2.0395e-07 4.72233e-11 4 1 0.5 4
8.7e+06 1.44967e-09 1.99135e-07 1.86391e-11 10 1 0.5 10
8.8e+06 1.71987e-09 2.15649e-07 2.94724e-11 8 1 0.5 8
8.9e+06 1.70994e-09 2.01104e-07 1.70361e-11 13 1 0.5 13
9e+06 1.54935e-09 2.03723e-07 3.38856e-11 6 1 0.5 6
9.1e+06 1.3402e-09 1.9609e-07 3.41536e-11 5 1 0.5 5
9.2e+06 1.99059e-09 2.06394e-07 3.77198e-11 7 1 0.5 7
9.3e+06 1.51937e-09 2.17351e-07 2.09281e-11 10 1 0.5 10
9.4e+06 1.09107e-09 2.08233e-07 1.20906e-11 12 1 0.5 12
9.5e+06 1.78314e-09 2.00684e-07 4.63568e-11 5 1 0.5 5
9.6e+06 1.66874e-09 1.96468e-07 2.36128e-11 9 1 0.5 9
9.7e+06 1.79863e-09 2.08981e-07 3.43964e-11 7 1 0.5 7
9.8e+06 1.45078e-09 2.07981e-07 1.60723e-11 12 1 0.5 12
9.9e+06 1.31722e-09 1.99327e-07 1.53993e-11 11 1 0.5 11
1e+07 1.98813e-09 2.00859e-07 2.86423e-11 9 1 0.5 9
1.01e+07 1.24323e-09 2.12066e-07 2.80285e-11 6 1 0.5 6
1.02e+07 1.50217e-09 2.06507e-07 1.98724e-11 10 1 0.5 10
1.03e+07 1.58764e-09 2.04625e-07 2.08571e-11 10 1 0.5 10
1.04e+07 9.19973e-10 2.06251e-07 1.21428e-11 10 1 0.5 10
1.05e+07 1.16012e-09 2.11949e-07 2.61352e-11 6 1 0.5 6
1.06e+07 1.81545e-09 2.14418e-07 3.54309e-11 7 1 0.5 7
1.07e+07 1.08653e-09 2.20519e-07 1.16265e-11 13 1 0.5 13
1.08e+07 1.15357e-09 2.09613e-07 1.54284e-11 10 1 0.5 10
1.09e+07 1.41517e-09 2.03934e-07 2.06021e-11 9 1 0.5 9
1.1e+07 1.70263e-09 1.9717e-07 2.17355e-11 10 1 0.5 10
1.11e+07 1.68611e-09 2.0765e-07 7.54034e-11 3 1 0.5 3
1.12e+07 1.49158e-09 2.10739e-07 2.00488e-11 10 1 0.5 10
1.13e+07 1.17886e-09 2.10407e-07 3.17181e-11 5 1 0.5 5
1.14e+07 1.6001e-09 1.99751e-07 1.71806e-11 12 1 0.5 12
1.15e+07 1.80607e-09 2.08901e-07 2.44635e-11 11 1 0.5 11
1.16e+07 2.02159e-09 2.05571e-07 6.7174e-11 4 1 0.5 4
1.17e+07 7.90533e-10 2.10117e-07 7.55601e-12 14 1 0.5 14
1.18e+07 1.95361e-09 2.07027e-07 2.88168e-11 9 1 0.5 9
1.19e+07 1.48887e-09 2.07257e-07 1.64503e-11 12 1 0.5 12
1.2e+07 1.42867e-09 2.02428e-07 2.06793e-11 9 1 0.5 9
1.21e+07 1.66646e-09 2.13033e-07 5.68369e-11 4 1 0.5 4
1.22e+07 1.65903e-09 2.0316e-07 2.16763e-11 10 1 0.5 10
1.23e+07 1.75409e-09 2.13841e-07 2.98621e-11 8 1 0.5 8
1.24e+07 1.56978e-09 2.14706e-07 3.06438e-11 7 1 0.5 7
1.25e+07 1.32395e-09 2.03302e-07 2.16354e-11 8 1 0.5 8
1.26e+07 1.22376e-09 1.97864e-07 1.42224e-11 11 1 0.5 11
1.27e+07 1.13355e-09 2.10646e-07 3.052e-11 5 1 0.5 5
1.28e+07 1.57621e-09 2.02168e-07 4.11756e-11 5 1 0.5 5
1.29e+07 1.79356e-09 2.04525e-07 2.3564e-11 10 1 0.5 10
1.3e+07 1.86833e-09 2.12193e-07 3.16236e-11 8 1 0.5 8
1.31e+07 1.31094e-09 2.09266e-07 2.19128e-11 8 1 0.5 8
1.32e+07 1.70892e-09 2.07038e-07 4.55097e-11 5 1 0.5 5
1.33e+07 1.50328e-09 2.21353e-07 2.10078e-11 10 1 0.5 10
1.34e+07 1.60894e-09 2.13294e-07 1.81874e-11 12 1 0.5 12
1.35e+07 1.9239e-09 2.09282e-07 2.57443e-11 10 1 0.5 10
1.36e+07 1.53813e-09 2.00384e-07 2.20941e-11 9 1 0.5 9
1.37e+07 1.67058e-09 2.06977e-07 2.21482e-11 10 1 0.5 10
1.38e+07 1.92522e-09 2.16697e-07 2.0348e-11 13 1 0.5 13
1.39e+07 1.12349e-09 2.1488e-07 1.9165e-11 8 1 0.5 8
1.4e+07 1.30743e-09 2.14124e-07 1.97716e-11 9 1 0.5 9
1.41e+07 1.50845e-09 2.13275e-07 2.04685e-11 10 1 0.5 10
1.42e+07 1.40572e-09 2.04366e-07 2.0498e-11 9 1 0.5 9
1.43e+07 1.80592e-09 2.14179e-07 3.07875e-11 8 1 0.5 8
1.44e+07 1.60846e-09 2.19452e-07 3.19519e-11 7 1 0.5 7
1.45e+07 1.37547e-09 2.01916e-07 1.62445e-11 11 1 0.5 11
1.46e+07 1.75004e-09 2.10631e-07 2.13804e-11 11 1 0.5 11
1.47e+07 1.04774e-09 2.10647e-07 1.75909e-11 8 1 0.5 8
1.48e+07 1.15011e-09 2.13687e-07 1.41936e-11 11 1 0.5 11
1.49e+07 1.93803e-09 1.95903e-07 4.11717e-11 6 1 0.5 6
1.5e+07 1.6092e-09 2.18922e-07 2.78981e-11 8 1 0.5 8
1.51e+07 1.4943e-09 2.10589e-07 3.3536e-11 6 1 0.5 6
1.52e+07 1.54528e-09 2.04463e-07 3.38921e-11 6 1 0.5 6
1.53e+07 1.44183e-09 2.0964e-07 1.75386e-11 11 1 0.5 11
1.54e+07 1.5039e-09 2.09667e-07 1.5475e-11 13 1 0.5 13
1.55e+07 1.20866e-09 2.08613e-07 3.23062e-11 5 1 0.5 5
1.56e+07 1.5546e-09 2.05498e-07 1.86208e-11 11 1 0.5 11
1.57e+07 1.79662e-09 2.14734e-07 3.06909e-11 8 1 0.5 8
1.58e+07 1.17352e-09 2.14745e-07 1.45399e-11 11 1 0.5 11
1.59e+07 1.80726e-09 2.10435e-07 3.47516e-11 7 1 0.5 7
1.6e+07 1.1476e-09 2.0746e-07 2.17748e-11 7 1 0.5 7
1.61e+07 1.34563e-09 1.98359e-07 1.56729e-11 11 1 0.5 11
1.62e+07 1.59853e-09 2.18868e-07 3.70012e-11 6 1 0.5 6
1.63e+07 1.48289e-09 2.13832e-07 3.3682e-11 6 1 0.5 6
1.64e+07 1.662e-09 2.02278e-07 3.6163e-11 6 1 0.5 6
1.65e+07 1.5664e-09 1.9294e-07 1.63715e-11 12 1 0.5 12
1.66e+07 1.72788e-09 2.11038e-07 2.32635e-11 10 1 0.5 10
1.67e+07 1.58721e-09 2.14513e-07 1.54404e-11 14 1 0.5 14
1.68e+07 1.41045e-09 2.05651e-07 6.24678e-11 3 1 0.5 3
1.69e+07 1.0299e-09 2.04091e-07 1.49882e-11 9 1 0.5 9
1.7e+07 1.4741e-09 2.06654e-07 1.95107e-11 10 1 0.5 10
1.71e+07 1.46073e-09 2.01317e-07 2.36975e-11 8 1 0.5 8
1.72e+07 1.38538e-09 2.08883e-07 3.08805e-11 6 1 0.5 6
1.73e+07 1.42781e-09 2.14796e-07 1.77098e-11 11 1 0.5 11
1.74e+07 1.57362e-09 2.008e-07 3.40333e-11 6 1 0.5 6
1.75e+07 1.87208e-09 2.153e-07 2.32765e-11 11 1 0.5 11
1.76e+07 1.70591e-09 2.20225e-07 3.39937e-11 7 1 0.5 7
1.77e+07 2.05537e-09 2.09412e-07 5.53165e-11 5 1 0.5 5
1.78e+07 1.36594e-09 2.0406e-07 1.98926e-11 9 1 0.5 9
1.79e+07 1.19897e-09 2.12987e-07 2.33709e-10 8 1 0.5 8
1.8e+07 1.81663e-09 2.06644e-07 3.01093e-11 8 1 0.5 8
1.81e+07 1.82186e-09 2.14381e-07 4.15197e-11 6 1 0.5 6
1.82e+07 1.38467e-09 2.15584e-07 1.72166e-11 11 1 0.5 11
1.83e+07 1.67508e-09 2.0145e-07 2.17429e-11 10 1 0.5 10
1.84e+07 1.17637e-09 2.1494e-07 2.2954e-11 7 1 0.5 7
1.85e+07 1.0907e-09 2.10658e-07 1.62743e-11 9 1 0.5 9
1.86e+07 1.73217e-09 2.0248e-07 1.8801e-11 12 1 0.5 12
1.87e+07 1.48361e-09 2.04526e-07 1.62227e-11 12 1 0.5 12
1.88e+07 1.45416e-09 2.09586e-07 2.4346e-11 8 1 0.5 8
1.89e+07 1.96588e-09 2.17805e-07 3.39793e-11 8 1 0.5 8
1.9e+07 1.47702e-09 2.13713e-07 2.0073e-11 10 1 0.5 10
1.91e+07 1.0318e-09 2.11842e-07 1.54613e-11 9 1 0.5 9
1.92e+07 1.26606e-09 2.16236e-07 1.33429e-11 13 1 0.5 13
1.93e+07 1.65881e-09 2.08643e-07 2.769e-11 8 1 0.5 8
1.94e+07 1.28244e-09 2.02151e-07 1.19018e-11 14 1 0.5 14
1.95e+07 1.70461e-09 2.03647e-07 5.74895e-11 7 1 0.5 7
1.96e+07 2.25766e-09 1.97324e-07 2.88732e-11 10 1 0.5 10
1.97e+07 1.16265e-09 2.13361e-07 1.43316e-11 11 1 0.5 11
1.98e+07 1.32364e-09 2.04552e-07 2.4853e-11 7 1 0.5 7
1.99e+07 1.2985e-09 2.04963e-07 1.89727e-11 9 1 0.5 9
2e+07 1.1883e-09 2.04704e-07 1.73406e-11 9 1 0.5 9
2.01e+07 1.36712e-09 2.10669e-07 2.62735e-11 7 1 0.5 7
2.02e+07 1.77854e-09 2.06316e-07 2.94382e-11 8 1 0.5 8
2.03e+07 1.34975e-09 2.13917e-07 1.5285e-11 12 1 0.5 12
2.04e+07 1.4643e-09 1.98413e-07 3.1363e-11 6 1 0.5 6
2.05e+07 1.48336e-09 2.04523e-07 2.16473e-11 9 1 0.5 9
2.06e+07 1.17099e-09 2.04795e-07 2.19967e-11 7 1 0.5 7
2.07e+07 1.37297e-09 2.10692e-07 2.30767e-11 8 1 0.5 8
2.08e+07 1.60907e-09 2.14254e-07 1.82534e-11 12 1 0.5 12
2.09e+07 1.35945e-09 2.06547e-07 1.99864e-11 9 1 0.5 9
2.1e+07 1.62664e-09 2.03048e-07 3.03958e-11 7 1 0.5 7
2.11e+07 1.56201e-09 2.0524e-07 2.2862e-11 9 1 0.5 9
2.12e+07 1.99763e-09 2.08477e-07 2.66545e-11 10 1 0.5 10
2.13e+07 1.51779e-09 2.00788e-07 2.45767e-11 8 1 0.5 8
2.14e+07 1.01178e-09 2.08119e-07 1.68253e-11 8 1 0.5 8
2.15e+07 1.40685e-09 2.23831e-07 1.80224e-11 11 1 0.5 11
2.16e+07 1.7435e-09 2.14234e-07 3.39953e-11 7 1 0.5 7
2.17e+07 1.64354e-09 2.03705e-07 3.59559e-11 6 1 0.5 6
2.18e+07 1.33713e-09 2.18292e-07 2.31099e-11 8 1 0.5 8
2.19e+07 1.88405e-09 2.0326e-07 4.11836e-11 6 1 0.5 6
2.2e+07 1.33218e-09 1.97262e-07 2.83909e-11 6 1 0.5 6
2.21e+07 1.69906e-09 2.01808e-07 2.76347e-11 8 1 0.5 8
2.22e+07 1.46127e-09 2.039e-07 2.73809e-11 7 1 0.5 7
2.23e+07 1.19341e-09 2.05533e-07 1.96622e-11 8 1 0.5 8
2.24e+07 1.79015e-09 2.0113e-07 3.87969e-11 6 1 0.5 6
2.25e+07 2.03495e-09 2.05703e-07 3.84645e-11 7 1 0.5 7
2.26e+07 1.78557e-09 2.10823e-07 4.01525e-11 6 1 0.5 6
2.27e+07 1.4762e-09 2.14524e-07 2.51745e-11 8 1 0.5 8
2.28e+07 1.15952e-09 2.07163e-07 1.92206e-11 8 1 0.5 8
2.29e+07 1.43233e-09 2.10706e-07 2.14944e-11 9 1 0.5 9
2.3e+07 1.57417e-09 2.0402e-07 3.4471e-11 6 1 0.5 6
2.31e+07 1.41116e-09 2.00924e-07 2.28554e-11 8 1 0.5 8
2.32e+07 1.64608e-09 2.07533e-07 3.65412e-11 6 1 0.5 6
2.33e+07 1.65823e-09 2.13743e-07 2.04905e-11 11 1 0.5 11
2.34e+07 1.72961e-09 2.0957e-07 2.31593e-11 10 1 0.5 10
2.35e+07 1.29427e-09 1.96737e-07 1.64797e-11 10 1 0.5 10
2.36e+07 1.34305e-09 2.07108e-07 2.54656e-11 7 1 0.5 7
2.37e+07 1.50739e-09 2.07164e-07 5.02464e-11 4 1 0.5 4
2.38e+07 1.89734e-09 2.06327e-07 2.79086e-11 9 1 0.5 9
2.39e+07 1.72819e-09 2.09604e-07 3.31192e-11 7 1 0.5 7
2.4e+07 2.49035e-09 2.02067e-07 4.06341e-11 8 1 0.5 8
2.41e+07 1.86191e-09 1.98308e-07 3.41824e-11 7 1 0.5 7
2.42e+07 1.11454e-09 2.06351e-07 2.10567e-11 7 1 0.5 7
2.43e+07 1.31245e-09 2.02746e-07 1.55479e-11 11 1 0.5 11
2.44e+07 1.34803e-09 2.02081e-07 2.19271e-11 8 1 0.5 8
2.45e+07 1.64445e-09 2.1228e-07 3.71608e-11 6 1 0.5 6
2.46e+07 1.47248e-09 2.09526e-07 1.97016e-11 10 1 0.5 10
2.47e+07 1.44157e-09 2.02273e-07 1.87617e-11 10 1 0.5 10
2.48e+07 1.69876e-09 2.11077e-07 2.86202e-11 8 1 0.5 8
2.49e+07 1.91344e-09 2.05528e-07 3.61296e-11 7 1 0.5 7
2.5e+07 2.15335e-09 2.07376e-07 4.09781e-11 7 1 0.5 7
2.51e+07 1.34546e-09 2.06444e-07 2.97111e-11 6 1 0.5 6
2.52e+07 1.93974e-09 2.01063e-07 3.14792e-11 8 1 0.5 8
2.53e+07 1.57062e-09 2.12449e-07 2.12499e-11 10 1 0.5 10
2.54e+07 1.63544e-09 2.01484e-07 1.63158e-11 13 1 0.5 13
2.55e+07 1.75224e-09 2.04555e-07 2.30217e-11 10 1 0.5 10
2.56e+07 1.03776e-09 2.07075e-07 1.14485e-11 12 1 0.5 12
2.57e+07 1.36246e-09 2.06095e-07 1.79903e-11 10 1 0.5 10
2.58e+07 2.08522e-09 2.10918e-07 3.5149e-11 8 1 0.5 8
2.59e+07 1.43704e-09 2.05129e-07 2.10175e-11 9 1 0.5 9
2.6e+07 1.20783e-09 1.94134e-07 2.17676e-11 7 1 0.5 7
2.61e+07 1.26891e-09 2.04305e-07 2.37988e-11 7 1 0.5 7
2.62e+07 1.76675e-09 2.12609e-07 3.42445e-11 7 1 0.5 7
2.63e+07 1.67828e-09 2.1018e-07 2.50342e-11 9 1 0.5 9
2.64e+07 1.67985e-09 2.07729e-07 3.19612e-11 7 1 0.5 7
2.65e+07 1.37652e-09 2.02046e-07 1.98925e-11 9 1 0.5 9
2.66e+07 2.01521e-09 2.02929e-07 6.62833e-11 4 1 0.5 4
2.67e+07 1.16738e-09 2.11724e-07 9.82544e-12 16 1 0.5 16
2.68e+07 1.59701e-09 1.98589e-07 5.15292e-11 4 1 0.5 4
2.69e+07 1.19141e-09 2.01683e-07 2.91784e-11 6 1 0.5 6
2.7e+07 1.70169e-09 2.08111e-07 2.26591e-11 10 1 0.5 10
2.71e+07 1.39596e-09 2.06711e-07 2.28418e-11 11 1 0.5 11
2.72e+07 1.20077e-09 2.05786e-07 2.64354e-11 6 1 0.5 6
2.73e+07 1.17053e-09 2.0845e-07 1.94982e-11 8 1 0.5 8
2.74e+07 1.56446e-09 2.04719e-07 2.05588e-11 10 1 0.5 10
2.75e+07 1.84138e-09 2.1169e-07 3.11066e-11 8 1 0.5 8
2.76e+07 1.31327e-09 2.12176e-07 2.53762e-11 7 1 0.5 7
2.77e+07 8.57314e-10 2.08682e-07 1.42806e-11 8 1 0.5 8
