0 1.50659e-09 2.07143e-07 1.91083e-11 11 1 0.5 11
100000 1.36205e-09 2.10721e-07 1.21876e-11 15 1 0.5 15
200000 2.00346e-09 2.23462e-07 3.13984e-11 9 1 0.5 9
300000 1.49794e-09 2.12307e-07 3.38342e-11 6 1 0.5 6
400000 1.84123e-09 2.06029e-07 2.43323e-11 10 1 0.5 10
500000 1.82715e-09 2.00293e-07 2.6255e-11 9 1 0.5 9
600000 1.92011e-09 2.086e-07 3.66813e-11 7 1 0.5 7
700000 1.40284e-09 2.03259e-07 1.66546e-11 11 1 0.5 11
800000 1.09326e-09 2.06107e-07 1.80464e-11 8 1 0.5 8
900000 1.36336e-09 2.06607e-07 2.00486e-11 9 1 0.5 9
1e+06 1.43743e-09 2.23051e-07 2.52804e-11 8 1 0.5 8
1.1e+06 1.53173e-09 2.09824e-07 2.93598e-11 7 1 0.5 7
1.2e+06 1.71179e-09 2.05578e-07 2.89424e-11 8 1 0.5 8
1.3e+06 1.78032e-09 1.98509e-07 2.85933e-11 8 1 0.5 8
1.4e+06 9.81988e-10 2.18404e-07 9.67992e-12 14 1 0.5 14
1.5e+06 1.80433e-09 2.14142e-07 2.45786e-11 10 1 0.5 10
1.6e+06 1.70287e-09 2.12264e-07 1.53331e-11 15 1 0.5 15
1.7e+06 1.37595e-09 2.06856e-07 2.27956e-11 8 1 0.5 8
1.8e+06 1.42616e-09 2.05917e-07 1.44668e-11 13 1 0.5 13
1.9e+06 1.46605e-09 2.04041e-07 4.82788e-11 4 1 0.5 4
2e+06 1.11618e-09 2.07254e-07 1.85062e-11 8 1 0.5 8
2.1e+06 1.6449e-09 2.0513e-07 2.16538e-11 10 1 0.5 10
2.2e+06 1.28947e-09 2.04401e-07 1.53722e-11 11 1 0.5 11
2.3e+06 1.50944e-09 2.04962e-07 4.99237e-11 4 1 0.5 4
2.4e+06 1.68373e-09 2.07153e-07 3.19656e-11 7 1 0.5 7
2.5e+06 1.28269e-09 2.06752e-07 2.12365e-11 8 1 0.5 8
2.6e+06 1.38522e-09 2.08224e-07 1.67585e-11 11 1 0.5 11
2.7e+06 1.25956e-09 2.17626e-07 1.73563e-11 10 1 0.5 10
2.8e+06 1.53952e-09 2.07689e-07 1.85935e-11 11 1 0.5 11
2.9e+06 1.41506e-09 2.09248e-07 3.15888e-11 6 1 0.5 6
3e+06 1.5734e-09 2.07979e-07 2.99538e-11 7 1 0.5 7
3.1e+06 1.44444e-09 2.04305e-07 1.89466e-11 10 1 0.5 10
3.2e+06 1.66659e-09 2.1837e-07 2.884e-11 8 1 0.5 8
3.3e+06 1.27349e-09 2.10883e-07 1.90264e-11 9 1 0.5 9
3.4e+06 1.42864e-09 2.10562e-07 2.74502e-11 7 1 0.5 7
3.5e+06 1.47596e-09 2.00441e-07 1.58867e-11 12 1 0.5 12
3.6e+06 1.58831e-09 2.123e-07 2.68731e-11 8 1 0.5 8
3.7e+06 1.61144e-09 2.0538e-07 2.12319e-11 10 1 0.5 10
3.8e+06 1.65433e-09 2.07502e-07 2.44277e-11 9 1 0.5 9
3.9e+06 1.51662e-09 2.0374e-07 2.84055e-11 7 1 0.5 7
4e+06 1.54317e-09 1.98904e-07 2.20393e-11 9 1 0.5 9
4.1e+06 1.22107e-09 2.02607e-07 1.59047e-11 10 1 0.5 10
4.2e+06 1.46354e-09 2.12592e-07 1.98069e-11 10 1 0.5 10
4.3e+06 1.41883e-09 2.04529e-07 2.69758e-11 7 1 0.5 7
4.4e+06 1.21168e-09 2.06056e-07 2.0004e-11 8 1 0.5 8
4.5e+06 1.84095e-09 2.04329e-07 6.08197e-11 4 1 0.5 4
4.6e+06 1.60704e-09 1.98953e-07 2.5843e-11 8 1 0.5 8
4.7e+06 1.7671e-09 2.09133e-07 1.96734e-11 12 1 0.5 12
4.8e+06 1.51143e-09 2.04691e-07 1.23944e-11 16 1 0.5 16
4.9e+06 1.35642e-09 2.07578e-07 2.00197e-11 9 1 0.5 9
5e+06 2.01694e-09 2.08707e-07 3.85588e-11 7 1 0.5 7
5.1e+06 1.31766e-09 2.01155e-07 3.42478e-11 5 1 0.5 5
5.2e+06 1.37813e-09 2.14658e-07 2.08856e-11 9 1 0.5 9
5.3e+06 1.43247e-09 2.02724e-07 1.86753e-11 10 1 0.5 10
5.4e+06 1.3514e-09 2.01071e-07 1.59074e-11 11 1 0.5 11
5.5e+06 9.97464e-10 2.03639e-07 1.30373e-11 10 1 0.5 10
5.6e+06 1.60997e-09 2.12024e-07 4.36658e-11 5 1 0.5 5
5.7e+06 1.43637e-09 2.06581e-07 2.11241e-11 9 1 0.5 9
5.8e+06 1.47307e-09 2.03289e-07 3.21546e-11 6 1 0.5 6
5.9e+06 1.47515e-09 2.07508e-07 3.27226e-11 6 1 0.5 6
6e+06 1.5596e-09 2.13602e-07 1.2355e-10 13 1 0.5 13
6.1e+06 1.47182e-09 2.09597e-07 3.29061e-11 6 1 0.5 6
6.2e+06 1.5305e-09 2.05575e-07 1.55078e-11 13 1 0.5 13
6.3e+06 1.15527e-09 2.03854e-07 2.16223e-11 7 1 0.5 7
6.4e+06 1.49214e-09 2.07441e-07 2.83416e-11 7 1 0.5 7
6.5e+06 1.24564e-09 2.14538e-07 2.12294e-11 8 1 0.5 8
6.6e+06 1.18138e-09 2.07215e-07 1.9588e-11 8 1 0.5 8
6.7e+06 1.40234e-09 1.99023e-07 3.0101e-11 6 1 0.5 6
6.8e+06 1.29683e-09 2.12388e-07 2.50768e-11 7 1 0.5 7
6.9e+06 1.13401e-09 2.1577e-07 2.5907e-11 6 1 0.5 6
7e+06 1.55255e-09 2.10314e-07 2.60715e-11 8 1 0.5 8
7.1e+06 1.59354e-09 2.04881e-07 2.62188e-11 8 1 0.5 8
7.2e+06 1.27719e-09 2.07648e-07 2.42611e-11 7 1 0.5 7
7.3e+06 1.31749e-09 2.05778e-07 2.48531e-11 7 1 0.5 7
7.4e+06 1.04878e-09 2.12446e-07 1.57515e-11 9 1 0.5 9
7.5e+06 1.84383e-09 2.10772e-07 4.1464e-11 6 1 0.5 6
7.6e+06 2.47836e-09 2.14049e-07 5.65586e-11 6 1 0.5 6
7.7e+06 1.51402e-09 2.19931e-07 3.01185e-11 7 1 0.5 7
7.8e+06 1.61353e-09 2.09359e-07 4.33291e-11 5 1 0.5 5
7.9e+06 1.32856e-09 2.01548e-07 2.46594e-11 7 1 0.5 7
8e+06 1.0776e-09 2.02099e-07 1.75164e-11 8 1 0.5 8
8.1e+06 1.68281e-09 2.15759e-07 2.88457e-11 8 1 0.5 8
8.2e+06 1.44396e-09 2.04278e-07 1.72112e-11 11 1 0.5 11
8.3e+06 1.51309e-09 2.14448e-07 2.31587e-11 9 1 0.5 9
8.4e+06 1.10615e-09 2.10193e-07 1.34738e-11 11 1 0.5 11
8.5e+06 2.03877e-09 2.13296e-07 5.5668e-11 5 1 0.5 5
8.6e+06 1.57358e-09 2.02513e-07 2.93388e-11 7 1 0.5 7
8.7e+06 1.1536e-09 2.01245e-07 1.49448e-11 10 1 0.5 10
8.8e+06 1.26912e-09 2.12463e-07 2.14659e-11 8 1 0.5 8
8.9e+06 1.64524e-09 2.14348e-07 2.24203e-11 10 1 0.5 10
9e+06 1.43174e-09 2.14797e-07 3.92002e-11 5 1 0.5 5
9.1e+06 1.29871e-09 2.01187e-07 2.10491e-11 8 1 0.5 8
9.2e+06 1.11821e-09 2.11745e-07 1.88548e-11 8 1 0.5 8
9.3e+06 1.56731e-09 2.02157e-07 2.91813e-11 7 1 0.5 7
9.4e+06 1.42963e-09 2.00155e-07 2.30867e-11 8 1 0.5 8
9.5e+06 1.75302e-09 2.03622e-07 4.60882e-11 5 1 0.5 5
9.6e+06 1.28147e-09 2.08746e-07 2.85384e-11 6 1 0.5 6
9.7e+06 1.22256e-09 2.07613e-07 3.25568e-11 5 1 0.5 5
9.8e+06 1.51326e-09 2.06336e-07 2.00066e-11 10 1 0.5 10
9.9e+06 2.00059e-09 2.04934e-07 3.296e-11 8 1 0.5 8
1e+07 1.32743e-09 2.11238e-07 1.98613e-11 9 1 0.5 9
1.01e+07 1.45746e-09 2.03554e-07 1.58767e-11 12 1 0.5 12
1.02e+07 1.32954e-09 2.07958e-07 1.96499e-11 9 1 0.5 9
1.03e+07 1.89351e-09 2.13404e-07 2.86014e-11 9 1 0.5 9
1.04e+07 1.74059e-09 2.04151e-07 5.74323e-11 4 1 0.5 4
1.05e+07 1.29977e-09 2.16389e-07 2.55073e-11 7 1 0.5 7
1.06e+07 1.29651e-09 2.11701e-07 3.50713e-11 5 1 0.5 5
1.07e+07 1.91994e-09 2.03197e-07 2.79064e-11 9 1 0.5 9
1.08e+07 1.71279e-09 2.05621e-07 2.05318e-11 11 1 0.5 11
1.09e+07 1.26318e-09 2.22719e-07 2.53599e-11 7 1 0.5 7
1.1e+07 6.35694e-10 2.14143e-07 1.23456e-11 7 1 0.5 7
1.11e+07 1.35624e-09 2.08044e-07 2.25689e-11 8 1 0.5 8
1.12e+07 1.30819e-09 2.02791e-07 2.43963e-11 7 1 0.5 7
1.13e+07 1.3246e-09 2.04241e-07 2.17243e-11 8 1 0.5 8
1.14e+07 1.4111e-09 2.05797e-07 3.10916e-11 6 1 0.5 6
1.15e+07 1.365e-09 2.24446e-07 2.4121e-11 8 1 0.5 8
1.16e+07 1.38717e-09 2.13592e-07 1.56911e-11 12 1 0.5 12
1.17e+07 1.3748e-09 2.10587e-07 3.08399e-11 6 1 0.5 6
1.18e+07 1.56638e-09 2.05435e-07 2.95331e-11 7 1 0.5 7
1.19e+07 1.74075e-09 2.12423e-07 2.35587e-11 10 1 0.5 10
1.2e+07 1.53075e-09 1.97896e-07 2.80285e-11 7 1 0.5 7
1.21e+07 1.59649e-09 2.01183e-07 3.87599e-10 4 1 0.5 4
1.22e+07 1.94737e-09 2.02116e-07 5.09455e-11 5 1 0.5 5
1.23e+07 1.66065e-09 2.07609e-07 3.15797e-11 7 1 0.5 7
1.24e+07 1.31414e-09 1.96549e-07 1.11358e-11 15 1 0.5 15
1.25e+07 1.75617e-09 2.0997e-07 2.35516e-11 10 1 0.5 10
1.26e+07 1.25294e-09 1.99413e-07 2.69203e-11 6 1 0.5 6
1.27e+07 1.6409e-09 1.9779e-07 1.90805e-11 11 1 0.5 11
1.28e+07 1.73447e-09 2.088e-07 3.87007e-11 6 1 0.5 6
1.29e+07 1.16719e-09 2.08593e-07 2.22428e-11 7 1 0.5 7
1.3e+07 1.40146e-09 2.00289e-07 2.58917e-11 7 1 0.5 7
1.31e+07 1.19931e-09 2.1048e-07 2.68745e-11 6 1 0.5 6
1.32e+07 1.57525e-09 2.07665e-07 2.61922e-11 8 1 0.5 8
1.33e+07 1.31989e-09 1.98501e-07 2.42091e-11 7 1 0.5 7
1.34e+07 1.87103e-09 2.08116e-07 2.49241e-11 10 1 0.5 10
1.35e+07 1.47343e-09 2.0493e-07 2.42389e-11 8 1 0.5 8
1.36e+07 1.31029e-09 2.13417e-07 1.97633e-11 9 1 0.5 9
1.37e+07 1.62581e-09 2.14807e-07 2.21919e-11 10 1 0.5 10
1.38e+07 1.44671e-09 1.99675e-07 1.55247e-11 12 1 0.5 12
1.39e+07 1.46058e-09 2.02509e-07 1.90273e-11 10 1 0.5 10
1.4e+07 1.20306e-09 2.06492e-07 2.27477e-11 7 1 0.5 7
1.41e+07 1.09287e-09 2.07678e-07 1.20852e-11 12 1 0.5 12
1.42e+07 1.18885e-09 2.11638e-07 2.67544e-11 6 1 0.5 6
1.43e+07 1.58435e-09 2.00729e-07 2.05036e-11 10 1 0.5 10
1.44e+07 1.61012e-09 2.07981e-07 1.78428e-11 12 1 0.5 12
1.45e+07 1.25356e-09 2.17916e-07 2.47341e-11 7 1 0.5 7
1.46e+07 1.50538e-09 2.11429e-07 2.25501e-11 9 1 0.5 9
1.47e+07 1.10613e-09 2.07977e-07 2.10263e-11 7 1 0.5 7
1.48e+07 1.85456e-09 2.08036e-07 4.12801e-11 6 1 0.5 6
1.49e+07 1.40057e-09 2.10546e-07 1.7093e-11 11 1 0.5 11
1.5e+07 1.04829e-09 2.04327e-07 1.96489e-11 7 1 0.5 7
1.51e+07 1.26154e-09 2.01369e-07 2.0459e-11 8 1 0.5 8
1.52e+07 1.40603e-09 2.00872e-07 1.81989e-11 10 1 0.5 10
1.53e+07 1.54922e-09 2.11791e-07 5.26213e-11 4 1 0.5 4
1.54e+07 1.44722e-09 2.17932e-07 2.85753e-11 7 1 0.5 7
1.55e+07 1.84198e-09 1.98224e-07 3.94774e-11 6 1 0.5 6
1.56e+07 1.30569e-09 2.05325e-07 1.71881e-11 10 1 0.5 10
1.57e+07 1.21144e-09 2.0397e-07 2.6487e-11 6 1 0.5 6
1.58e+07 1.49917e-09 2.24706e-07 5.3293e-11 4 1 0.5 4
1.59e+07 1.26584e-09 2.13262e-07 2.86676e-11 6 1 0.5 6
1.6e+07 1.36944e-09 2.12996e-07 1.54558e-11 12 1 0.5 12
1.61e+07 1.35718e-09 2.05661e-07 1.49011e-11 12 1 0.5 12
1.62e+07 1.39571e-09 2.04135e-07 2.03335e-11 9 1 0.5 9
1.63e+07 1.55835e-09 2.09747e-07 1.48928e-11 14 1 0.5 14
1.64e+07 1.41997e-09 2.03902e-07 2.32643e-11 8 1 0.5 8
1.65e+07 1.24602e-09 2.14511e-07 1.41385e-11 12 1 0.5 12
1.66e+07 1.81944e-09 2.1187e-07 2.73213e-11 9 1 0.5 9
1.67e+07 1.29674e-09 2.11933e-07 1.74998e-11 10 1 0.5 10
1.68e+07 1.34104e-09 2.06207e-07 2.95864e-11 6 1 0.5 6
1.69e+07 1.38422e-09 2.11298e-07 3.11348e-11 6 1 0.5 6
1.7e+07 1.48699e-09 2.1494e-07 2.53981e-11 8 1 0.5 8
1.71e+07 1.51695e-09 2.11155e-07 2.92201e-11 7 1 0.5 7
1.72e+07 1.66178e-09 2.06604e-07 2.4455e-11 9 1 0.5 9
1.73e+07 1.17673e-09 2.10292e-07 1.97377e-11 8 1 0.5 8
1.74e+07 1.17127e-09 2.13969e-07 1.59216e-11 10 1 0.5 10
1.75e+07 2.00923e-09 2.09857e-07 4.5057e-11 6 1 0.5 6
1.76e+07 1.09266e-09 2.10588e-07 1.04673e-11 14 1 0.5 14
1.77e+07 1.83874e-09 2.06011e-07 2.42975e-11 10 1 0.5 10
1.78e+07 1.45572e-09 2.10869e-07 2.44895e-11 8 1 0.5 8
1.79e+07 1.51462e-09 2.1459e-07 3.45033e-11 6 1 0.5 6
1.8e+07 1.224e-09 2.08564e-07 1.81265e-11 9 1 0.5 9
1.81e+07 1.36014e-09 2.07211e-07 2.5801e-11 7 1 0.5 7
1.82e+07 1.13316e-09 2.08968e-07 1.25927e-11 12 1 0.5 12
1.83e+07 1.28252e-09 2.20416e-07 1.78532e-11 10 1 0.5 10
1.84e+07 1.47565e-09 2.06044e-07 1.94861e-11 10 1 0.5 10
1.85e+07 1.48447e-09 2.13473e-07 2.88387e-11 7 1 0.5 7
1.86e+07 1.19095e-09 2.06434e-07 1.43053e-11 11 1 0.5 11
1.87e+07 1.3279e-09 2.13069e-07 1.79973e-11 10 1 0.5 10
1.88e+07 1.42596e-09 2.12759e-07 4.23535e-11 5 1 0.5 5
1.89e+07 2.48044e-09 2.09989e-07 6.7032e-11 5 1 0.5 5
1.9e+07 1.93998e-09 2.08629e-07 1.98997e-11 13 1 0.5 13
1.91e+07 1.73394e-09 2.18718e-07 3.00494e-11 8 1 0.5 8
1.92e+07 1.29281e-09 2.05203e-07 2.43322e-11 7 1 0.5 7
1.93e+07 1.30725e-09 2.19813e-07 1.81589e-11 10 1 0.5 10
1.94e+07 2.02001e-09 2.09973e-07 1.93356e-11 14 1 0.5 14
1.95e+07 1.49186e-09 2.0781e-07 2.20455e-11 9 1 0.5 9
1.96e+07 1.58108e-09 2.01383e-07 5.15693e-11 4 1 0.5 4
1.97e+07 1.74611e-09 2.05427e-07 3.29398e-11 7 1 0.5 7
1.98e+07 1.31078e-09 2.07653e-07 1.24236e-11 14 1 0.5 14
1.99e+07 1.11886e-09 2.07182e-07 2.97328e-11 5 1 0.5 5
2e+07 1.68391e-09 2.115e-07 3.24957e-11 7 1 0.5 7
2.01e+07 1.32564e-09 2.04638e-07 2.48989e-11 7 1 0.5 7
2.02e+07 1.95604e-09 2.04364e-07 3.21518e-11 8 1 0.5 8
2.03e+07 1.16642e-09 2.08924e-07 1.72948e-11 9 1 0.5 9
2.04e+07 1.24954e-09 2.16227e-07 1.12699e-10 10 1 0.5 10
2.05e+07 1.97278e-09 2.10541e-07 2.94887e-11 9 1 0.5 9
2.06e+07 1.4846e-09 2.0627e-07 2.45484e-11 8 1 0.5 8
2.07e+07 9.71519e-10 2.04542e-07 2.1269e-11 6 1 0.5 6
2.08e+07 1.58181e-09 2.07662e-07 2.33669e-11 9 1 0.5 9
2.09e+07 1.50352e-09 2.15727e-07 1.87089e-11 11 1 0.5 11
2.1e+07 1.36752e-09 2.12706e-07 2.31577e-11 8 1 0.5 8
2.11e+07 2.0194e-09 1.97048e-07 6.49141e-11 4 1 0.5 4
2.12e+07 1.29394e-09 2.11148e-07 2.4906e-11 7 1 0.5 7
2.13e+07 1.36992e-09 2.10127e-07 1.31066e-11 14 1 0.5 14
2.14e+07 1.47115e-09 2.08946e-07 2.45724e-11 8 1 0.5 8
2.15e+07 1.73863e-09 2.04599e-07 1.62996e-11 14 1 0.5 14
2.16e+07 1.91409e-09 2.03559e-07 3.13616e-11 8 1 0.5 8
2.17e+07 1.46702e-09 2.18162e-07 1.68772e-11 12 1 0.5 12
2.18e+07 9.88906e-10 2.17908e-07 1.23902e-11 11 1 0.5 11
2.19e+07 1.60005e-09 1.96856e-07 1.56759e-11 13 1 0.5 13
2.2e+07 1.42381e-09 2.04553e-07 2.33857e-11 8 1 0.5 8
2.21e+07 1.47087e-09 2.05909e-07 1.76425e-11 11 1 0.5 11
2.22e+07 1.54259e-09 2.00611e-07 2.21781e-11 9 1 0.5 9
2.23e+07 1.94126e-09 2.10239e-07 5.23808e-11 5 1 0.5 5
2.24e+07 1.43273e-09 2.15502e-07 1.78106e-11 11 1 0.5 11
2.25e+07 1.98807e-09 2.09187e-07 3.80721e-11 7 1 0.5 7
2.26e+07 1.85094e-09 1.97456e-07 3.38665e-11 7 1 0.5 7
2.27e+07 1.99701e-09 2.09674e-07 4.48584e-11 6 1 0.5 6
2.28e+07 1.46349e-09 2.08364e-07 2.78919e-11 7 1 0.5 7
2.29e+07 1.44791e-09 2.03867e-07 3.16727e-11 6 1 0.5 6
2.3e+07 1.44025e-09 2.09894e-07 2.76054e-11 7 1 0.5 7
2.31e+07 1.06427e-09 2.08901e-07 1.57747e-11 9 1 0.5 9
2.32e+07 1.11928e-09 2.03389e-07 1.82865e-11 8 1 0.5 8
2.33e+07 1.53031e-09 2.02819e-07 2.21894e-11 9 1 0.5 9
2.34e+07 1.22548e-09 2.11798e-07 2.06741e-11 8 1 0.5 8
2.35e+07 1.67249e-09 2.14206e-07 5.72927e-11 4 1 0.5 4
2.36e+07 1.53711e-09 2.03019e-07 2.0067e-11 10 1 0.5 10
2.37e+07 1.68872e-09 2.03332e-07 2.20803e-11 10 1 0.5 10
2.38e+07 1.90414e-09 2.06035e-07 2.51677e-11 10 1 0.5 10
2.39e+07 1.26046e-09 2.11213e-07 2.12201e-11 8 1 0.5 8
2.4e+07 1.73497e-09 1.88982e-07 2.38283e-11 9 1 0.5 9
2.41e+07 1.34882e-09 1.99396e-07 1.73564e-11 10 1 0.5 10
2.42e+07 1.51451e-09 2.00889e-07 3.93577e-11 5 1 0.5 5
2.43e+07 2.06189e-09 2.06423e-07 2.3867e-11 12 1 0.5 12
2.44e+07 1.28297e-09 2.12359e-07 1.92742e-11 9 1 0.5 9
2.45e+07 1.50341e-09 2.09114e-07 2.00857e-11 10 1 0.5 10
2.46e+07 1.32974e-09 2.05059e-07 2.92079e-11 6 1 0.5 6
2.47e+07 1.83665e-09 2.00758e-07 2.97624e-11 8 1 0.5 8
2.48e+07 1.14298e-09 2.06886e-07 1.26027e-11 12 1 0.5 12
2.49e+07 1.22629e-09 2.02195e-07 1.9949e-11 8 1 0.5 8
2.5e+07 1.53979e-09 2.10231e-07 2.95602e-11 7 1 0.5 7
2.51e+07 1.49637e-09 2.05013e-07 2.81613e-11 7 1 0.5 7
2.52e+07 1.28172e-09 2.03006e-07 1.85869e-11 9 1 0.5 9
2.53e+07 1.35849e-09 2.06535e-07 1.99714e-11 9 1 0.5 9
2.54e+07 1.6761e-09 2.09128e-07 5.63405e-11 4 1 0.5 4
2.55e+07 1.66337e-09 2.12389e-07 2.25045e-11 10 1 0.5 10
2.56e+07 1.88085e-09 2.01053e-07 2.43873e-11 10 1 0.5 10
2.57e+07 1.46446e-09 2.11609e-07 3.29878e-11 6 1 0.5 6
2.58e+07 1.21007e-09 2.09106e-07 2.31076e-11 7 1 0.5 7
2.59e+07 1.3099e-09 2.10972e-07 3.53396e-11 5 1 0.5 5
2.6e+07 1.56456e-09 1.93441e-07 1.6385e-11 12 1 0.5 12
2.61e+07 1.68962e-09 2.09455e-07 5.68692e-11 4 1 0.5 4
2.62e+07 1.34488e-09 2.06983e-07 2.97589e-11 6 1 0.5 6
2.63e+07 9.27539e-10 2.0951e-07 2.0688e-11 6 1 0.5 6
2.64e+07 1.03491e-09 2.12808e-07 2.0026e-11 7 1 0.5 7
2.65e+07 1.7233e-09 1.97109e-07 1.69038e-11 13 1 0.5 13
2.66e+07 1.23301e-09 2.10411e-07 1.37793e-11 12 1 0.5 12
2.67e+07 1.88317e-09 2.01364e-07 4.08639e-11 6 1 0.5 6
2.68e+07 1.7858e-09 2.10416e-07 3.43342e-11 7 1 0.5 7
2.69e+07 1.43472e-09 2.06635e-07 2.7163e-11 7 1 0.5 7
2.7e+07 1.26993e-09 2.04415e-07 1.38747e-11 12 1 0.5 12
2.71e+07 1.34753e-09 2.003e-07 1.74007e-11 10 1 0.5 10
2.72e+07 1.37725e-09 2.16601e-07 2.70558e-11 7 1 0.5 7
2.73e+07 1.41732e-09 2.00508e-07 2.03626e-11 9 1 0.5 9
2.74e+07 1.49405e-09 2.13631e-07 5.10189e-11 4 1 0.5 4
2.75e+07 1.47767e-09 2.04552e-07 2.42739e-11 8 1 0.5 8
2.76e+07 1.24464e-09 2.14777e-07 1.41366e-11 12 1 0.5 12
2.77e+07 1.0155e-09 2.15518e-07 1.54242e-11 9 1 0.5 9
2.78e+07 1.65249e-09 1.97028e-07 3.0166e-11 7 1 0.5 7
2.79e+07 1.1836e-09 2.10813e-07 2.27453e-11 7 1 0.5 7
2.8e+07 1.59881e-09 2.07034e-07 2.65223e-11 8 1 0.5 8
2.81e+07 1.72604e-09 1.99343e-07 3.18033e-11 7 1 0.5 7
2.82e+07 1.52762e-09 2.0593e-07 2.24155e-11 9 1 0.5 9
2.83e+07 1.79136e-09 2.06409e-07 3.39249e-11 7 1 0.5 7
2.84e+07 1.49408e-09 2.06082e-07 2.19344e-11 9 1 0.5 9
2.85e+07 1.25496e-09 1.9768e-07 1.7825e-11 9 1 0.5 9
2.86e+07 1.23026e-09 2.10967e-07 1.50329e-11 11 1 0.5 11
2.87e+07 1.72572e-09 1.97382e-07 4.42768e-11 5 1 0.5 5
2.88e+07 1.2402e-09 2.09979e-07 1.38375e-11 12 1 0.5 12
2.89e+07 1.59682e-09 2.05497e-07 2.63348e-11 8 1 0.5 8
2.9e+07 1.25181e-09 2.15622e-07 2.44933e-11 7 1 0.5 7
2.91e+07 1.77265e-09 2.21342e-07 2.75541e-11 9 1 0.5 9
2.92e+07 1.57419e-09 2.00779e-07 4.09021e-11 5 1 0.5 5
2.93e+07 1.37258e-09 2.15703e-07 2.68751e-11 7 1 0.5 7
2.94e+07 1.92997e-09 1.98702e-07 4.14542e-11 6 1 0.5 6
2.95e+07 1.5275e-09 2.13986e-07 2.97353e-11 7 1 0.5 7
2.96e+07 1.63203e-09 2.06797e-07 2.40329e-11 9 1 0.5 9
2.97e+07 1.32385e-09 2.09084e-07 2.52876e-11 7 1 0.5 7
2.98e+07 1.67039e-09 1.99671e-07 3.0812e-11 7 1 0.5 7
2.99e+07 9.40983e-10 2.18564e-07 9.99556e-12 13 1 0.5 13
3e+07 1.41294e-09 2.07776e-07 2.08724e-11 9 1 0.5 9
3.01e+07 2.13147e-09 1.98326e-07 4.57488e-11 6 1 0.5 6
3.02e+07 1.38458e-09 2.05187e-07 2.2794e-11 8 1 0.5 8
3.03e+07 1.98185e-09 2.03685e-07 3.28598e-11 8 1 0.5 8
3.04e+07 1.09861e-09 2.01322e-07 1.58212e-11 9 1 0.5 9
3.05e+07 1.46605e-09 2.01519e-07 3.17829e-11 6 1 0.5 6
3.06e+07 1.95327e-09 2.13728e-07 2.95441e-11 9 1 0.5 9
3.07e+07 1.20971e-09 2.11621e-07 1.48172e-11 11 1 0.5 11
3.08e+07 1.22319e-09 2.06797e-07 2.02515e-11 8 1 0.5 8
3.09e+07 1.63506e-09 1.98809e-07 1.61431e-11 13 1 0.5 13
3.1e+07 1.46387e-09 2.09927e-07 3.93673e-11 5 1 0.5 5
3.11e+07 1.39394e-09 2.03366e-07 2.27891e-11 8 1 0.5 8
3.12e+07 1.11823e-09 2.00359e-07 1.20245e-11 12 1 0.5 12
3.13e+07 1.52508e-09 2.04712e-07 2.22745e-11 9 1 0.5 9
3.14e+07 1.34113e-09 2.05582e-07 1.76734e-11 10 1 0.5 10
3.15e+07 1.36831e-09 2.1237e-07 2.64915e-11 7 1 0.5 7
3.16e+07 1.66463e-09 2.08756e-07 2.22178e-11 10 1 0.5 10
3.17e+07 1.23702e-09 2.07428e-07 1.49161e-11 11 1 0.5 11
3.18e+07 2.25119e-09 2.16843e-07 4.80867e-11 7 1 0.5 7
3.19e+07 1.52946e-09 2.08434e-07 5.1234e-11 4 1 0.5 4
3.2e+07 1.98892e-09 2.14315e-07 5.58089e-11 7 1 0.5 7
3.21e+07 1.81782e-09 2.09143e-07 3.47867e-11 7 1 0.5 7
3.22e+07 1.16818e-09 2.03378e-07 1.38685e-11 11 1 0.5 11
3.23e+07 1.31009e-09 2.11497e-07 2.20819e-11 8 1 0.5 8
3.24e+07 1.74671e-09 2.11741e-07 3.94077e-11 6 1 0.5 6
3.25e+07 1.43858e-09 2.10848e-07 2.76717e-11 7 1 0.5 7
3.26e+07 1.78499e-09 2.01688e-07 2.57857e-11 9 1 0.5 9
3.27e+07 1.65738e-09 2.08549e-07 2.76563e-11 8 1 0.5 8
3.28e+07 2.13645e-09 1.93034e-07 3.88572e-11 8 1 0.5 8
3.29e+07 1.6762e-09 2.21166e-07 2.34182e-11 10 1 0.5 10
3.3e+07 1.14834e-09 2.1055e-07 2.20435e-11 7 1 0.5 7
3.31e+07 1.32081e-09 2.04011e-07 1.73006e-11 10 1 0.5 10
3.32e+07 1.55179e-09 2.07054e-07 3.43735e-11 6 1 0.5 6
3.33e+07 1.72455e-09 2.14643e-07 4.78572e-11 5 1 0.5 5
3.34e+07 1.48771e-09 1.98836e-07 2.12388e-11 9 1 0.5 9
3.35e+07 1.23774e-09 2.02126e-07 2.01306e-11 8 1 0.5 8
3.36e+07 1.95021e-09 2.01394e-07 2.30122e-11 11 1 0.5 11
3.37e+07 1.76858e-09 2.02768e-07 3.85699e-11 6 1 0.5 6
3.38e+07 1.15704e-09 2.11694e-07 1.29904e-11 12 1 0.5 12
3.39e+07 1.45901e-09 2.04506e-07 1.59517e-11 12 1 0.5 12
3.4e+07 1.36393e-09 2.07519e-07 3.0244e-11 6 1 0.5 6
3.41e+07 1.94582e-09 1.95486e-07 3.0895e-11 8 1 0.5 8
3.42e+07 1.56943e-09 1.98739e-07 1.83149e-11 11 1 0.5 11
3.43e+07 1.46641e-09 2.2048e-07 2.92246e-11 7 1 0.5 7
3.44e+07 1.48497e-09 2.06245e-07 3.9387e-11 5 1 0.5 5
3.45e+07 1.4487e-09 1.88379e-07 1.62172e-11 11 1 0.5 11
3.46e+07 1.78092e-09 2.08794e-07 2.37795e-11 10 1 0.5 10
3.47e+07 1.67735e-09 2.10799e-07 2.25605e-11 10 1 0.5 10
3.48e+07 1.63707e-09 2.14513e-07 2.02857e-11 11 1 0.5 11
3.49e+07 1.33398e-09 2.0798e-07 1.97173e-11 9 1 0.5 9
3.5e+07 1.58193e-09 2.03489e-07 2.06916e-11 10 1 0.5 10
3.51e+07 1.52956e-09 2.08787e-07 1.85495e-11 11 1 0.5 11
3.52e+07 1.68347e-09 2.21973e-07 2.14494e-11 11 1 0.5 11
3.53e+07 1.8e-09 2.1032e-07 2.41735e-11 10 1 0.5 10
3.54e+07 1.72963e-09 2.07499e-07 2.08827e-11 11 1 0.5 11
3.55e+07 1.48958e-09 1.9871e-07 3.83785e-11 5 1 0.5 5
3.56e+07 1.44451e-09 2.04132e-07 1.35118e-11 14 1 0.5 14
3.57e+07 1.72261e-09 2.0732e-07 3.27286e-11 7 1 0.5 7
3.58e+07 1.3125e-09 1.99649e-07 1.40799e-11 12 1 0.5 12
3.59e+07 1.36581e-09 2.12336e-07 1.67791e-11 11 1 0.5 11
3.6e+07 9.65752e-10 2.02848e-07 1.39855e-11 9 1 0.5 9
3.61e+07 1.25324e-09 2.00117e-07 2.02271e-11 8 1 0.5 8
3.62e+07 1.68796e-09 2.14402e-07 2.87904e-11 8 1 0.5 8
3.63e+07 2.07854e-09 2.00286e-07 4.4947e-11 6 1 0.5 6
3.64e+07 1.77887e-09 2.02713e-07 2.57988e-11 9 1 0.5 9
3.65e+07 2.15282e-09 2.19637e-07 2.99452e-11 10 1 0.5 10
3.66e+07 1.6194e-09 2.08103e-07 4.32826e-11 5 1 0.5 5
3.67e+07 1.32678e-09 2.05507e-07 4.39038e-11 4 1 0.5 4
3.68e+07 1.37064e-09 2.09215e-07 1.83133e-11 10 1 0.5 10
3.69e+07 1.13807e-09 2.1145e-07 2.19189e-11 7 1 0.5 7
3.7e+07 1.47808e-09 2.13541e-07 2.51153e-11 8 1 0.5 8
3.71e+07 1.44893e-09 2.07767e-07 3.86473e-11 5 1 0.5 5
3.72e+07 1.49485e-09 2.06635e-07 1.79805e-11 11 1 0.5 11
3.73e+07 1.26984e-09 2.05294e-07 2.39065e-11 7 1 0.5 7
3.74e+07 1.53673e-09 1.99244e-07 3.30302e-11 6 1 0.5 6
3.75e+07 1.21292e-09 1.96936e-07 2.58052e-11 6 1 0.5 6
3.76e+07 1.43553e-09 2.06861e-07 2.72016e-11 7 1 0.5 7
3.77e+07 1.42014e-09 1.95759e-07 1.80176e-11 10 1 0.5 10
3.78e+07 1.70321e-09 2.13638e-07 2.897e-11 8 1 0.5 8
3.79e+07 1.47722e-09 1.96851e-07 3.14478e-11 6 1 0.5 6
3.8e+07 1.60096e-09 2.03247e-07 2.99365e-11 7 1 0.5 7
3.81e+07 1.33192e-09 2.09557e-07 2.22891e-11 8 1 0.5 8
3.82e+07 1.57124e-09 2.16809e-07 3.09102e-11 7 1 0.5 7
3.83e+07 1.5834e-09 2.12982e-07 2.68575e-11 8 1 0.5 8
3.84e+07 1.86401e-09 2.03038e-07 3.07645e-11 8 1 0.5 8
3.85e+07 1.66516e-09 2.0585e-07 3.14552e-11 7 1 0.5 7
3.86e+07 1.92435e-09 2.05964e-07 3.18316e-11 8 1 0.5 8
3.87e+07 1.44473e-09 2.08794e-07 1.9276e-11 10 1 0.5 10
3.88e+07 1.26122e-09 2.09562e-07 1.29673e-11 13 1 0.5 13
3.89e+07 1.5127e-09 2.07547e-07 3.3565e-11 6 1 0.5 6
3.9e+07 1.06757e-09 2.09914e-07 1.29893e-11 11 1 0.5 11
3.91e+07 1.77285e-09 2.07926e-07 2.95231e-11 8 1 0.5 8
3.92e+07 1.62626e-09 2.1137e-07 3.13621e-11 7 1 0.5 7
3.93e+07 1.57837e-09 2.06579e-07 4.19351e-11 5 1 0.5 5
3.94e+07 1.94557e-09 2.13519e-07 3.78605e-11 7 1 0.5 7
3.95e+07 1.44599e-09 1.99647e-07 2.33058e-11 8 1 0.5 8
3.96e+07 1.56377e-09 2.10117e-07 2.62415e-11 8 1 0.5 8
3.97e+07 1.21634e-09 2.02493e-07 1.43925e-11 11 1 0.5 11
3.98e+07 1.72578e-09 2.00461e-07 2.48085e-11 9 1 0.5 9
3.99e+07 2.19036e-09 2.04812e-07 3.60889e-11 8 1 0.5 8
4e+07 1.69302e-09 2.15536e-07 1.92996e-11 12 1 0.5 12
4.01e+07 1.12431e-09 2.05882e-07 1.48259e-11 10 1 0.5 10
4.02e+07 1.39862e-09 1.94788e-07 1.76756e-11 10 1 0.5 10
4.03e+07 1.96303e-09 2.08126e-07 3.74394e-11 7 1 0.5 7
4.04e+07 1.75728e-09 2.09735e-07 2.94627e-11 8 1 0.5 8
4.05e+07 1.19917e-09 2.10177e-07 2.29909e-11 7 1 0.5 7
4.06e+07 1.08438e-09 2.07137e-07 1.43663e-11 10 1 0.5 10
4.07e+07 1.55455e-09 2.08134e-07 2.97006e-11 7 1 0.5 7
4.08e+07 1.79862e-09 2.06546e-07 4.78285e-11 5 1 0.5 5
4.09e+07 1.39202e-09 2.01051e-07 2.00402e-11 9 1 0.5 9
4.1e+07 1.61239e-09 2.22597e-07 3.23952e-11 7 1 0.5 7
4.11e+07 1.54839e-09 2.07293e-07 4.12445e-11 5 1 0.5 5
4.12e+07 2.02113e-09 2.13785e-07 3.05822e-11 9 1 0.5 9
4.13e+07 1.41054e-09 2.04926e-07 2.06125e-11 9 1 0.5 9
4.14e+07 1.58345e-09 2.05853e-07 2.08994e-11 10 1 0.5 10
4.15e+07 1.7016e-09 2.16501e-07 2.33755e-11 10 1 0.5 10
4.16e+07 1.19351e-09 2.08061e-07 2.27008e-11 7 1 0.5 7
4.17e+07 1.54451e-09 2.00609e-07 1.951e-11 11 1 0.5 11
4.18e+07 2.15362e-09 2.02527e-07 2.81006e-11 10 1 0.5 10
4.19e+07 1.41268e-09 2.09593e-07 2.10119e-11 9 1 0.5 9
4.2e+07 1.11841e-09 2.06191e-07 2.11173e-11 7 1 0.5 7
4.21e+07 1.37822e-09 2.02324e-07 1.49405e-11 12 1 0.5 12
4.22e+07 1.05937e-09 2.24839e-07 1.66423e-11 9 1 0.5 9
4.23e+07 1.49967e-09 2.04168e-07 2.81328e-11 7 1 0.5 7
4.24e+07 1.73414e-09 1.99628e-07 4.5464e-11 5 1 0.5 5
4.25e+07 1.96e-09 2.07415e-07 2.00138e-11 13 1 0.5 13
4.26e+07 1.42157e-09 2.04563e-07 2.07455e-11 9 1 0.5 9
4.27e+07 1.28104e-09 2.10876e-07 1.43422e-11 12 1 0.5 12
4.28e+07 1.6743e-09 2.09885e-07 2.80806e-11 8 1 0.5 8
4.29e+07 1.51232e-09 2.175e-07 2.31671e-11 9 1 0.5 9
4.3e+07 1.92831e-09 2.05304e-07 6.57999e-10 8 1 0.5 8
4.31e+07 1.63595e-09 2.06565e-07 2.40697e-11 9 1 0.5 9
4.32e+07 1.90349e-09 2.07487e-07 5.08226e-11 5 1 0.5 5
4.33e+07 1.57259e-09 2.11419e-07 3.55735e-11 6 1 0.5 6
4.34e+07 1.56405e-09 2.16979e-07 1.79194e-11 12 1 0.5 12
4.35e+07 1.53815e-09 1.98094e-07 3.95424e-11 5 1 0.5 5
4.36e+07 1.17535e-09 2.1296e-07 3.19251e-11 5 1 0.5 5
4.37e+07 1.78148e-09 2.08593e-07 2.37692e-11 10 1 0.5 10
4.38e+07 1.2943e-09 1.9963e-07 1.6668e-11 10 1 0.5 10
4.39e+07 1.27404e-09 2.08826e-07 1.5445e-11 11 1 0.5 11
4.4e+07 1.7066e-09 2.03149e-07 5.60836e-11 4 1 0.5 4
4.41e+07 1.16476e-09 2.08578e-07 3.37236e-11 5 1 0.5 5
4.42e+07 1.55399e-09 2.16155e-07 1.77502e-11 12 1 0.5 12
4.43e+07 1.42174e-09 2.09145e-07 2.71725e-11 7 1 0.5 7
4.44e+07 1.36954e-09 1.99372e-07 1.46772e-11 12 1 0.5 12
4.45e+07 1.63552e-09 2.13391e-07 1.84953e-11 12 1 0.5 12
4.46e+07 1.74854e-09 2.12156e-07 2.95818e-11 8 1 0.5 8
4.47e+07 1.6878e-09 2.0676e-07 4.48957e-11 5 1 0.5 5
4.48e+07 1.54902e-09 2.19765e-07 1.79272e-11 12 1 0.5 12
4.49e+07 1.86664e-09 2.07519e-07 3.55083e-11 7 1 0.5 7
4.5e+07 1.68806e-09 2.11804e-07 1.62603e-11 14 1 0.5 14
4.51e+07 1.2744e-09 2.1048e-07 2.85652e-11 6 1 0.5 6
4.52e+07 1.95535e-09 2.02559e-07 2.83538e-11 9 1 0.5 9
4.53e+07 1.35164e-09 1.92485e-07 1.5381e-11 11 1 0.5 11
4.54e+07 1.14604e-09 2.08954e-07 2.18681e-11 7 1 0.5 7
4.55e+07 1.39257e-09 2.0627e-07 1.84014e-11 10 1 0.5 10
4.56e+07 1.07596e-09 2.04454e-07 1.76485e-11 8 1 0.5 8
4.57e+07 1.41935e-09 2.08088e-07 3.15471e-11 6 1 0.5 6
4.58e+07 1.58222e-09 2.00508e-07 2.04584e-11 10 1 0.5 10
4.59e+07 1.1354e-09 2.14512e-07 1.7187e-11 9 1 0.5 9
4.6e+07 1.7742e-09 2.01278e-07 3.29428e-11 7 1 0.5 7
4.61e+07 1.84249e-09 2.16047e-07 4.22516e-11 6 1 0.5 6
4.62e+07 1.47363e-09 2.06702e-07 2.1684e-11 9 1 0.5 9
4.63e+07 1.3609e-09 2.05629e-07 2.24405e-11 8 1 0.5 8
4.64e+07 1.96346e-09 2.06103e-07 5.21628e-11 5 1 0.5 5
4.65e+07 1.39087e-09 1.9888e-07 1.48777e-11 12 1 0.5 12
4.66e+07 1.82745e-09 2.12327e-07 4.96699e-11 5 1 0.5 5
4.67e+07 1.59749e-09 2.25187e-07 1.73978e-11 13 1 0.5 13
4.68e+07 1.92495e-09 2.1128e-07 2.35829e-11 11 1 0.5 11
4.69e+07 1.16749e-09 2.06544e-07 1.29085e-11 13 1 0.5 13
4.7e+07 1.1533e-09 2.10767e-07 3.10686e-11 5 1 0.5 5
4.71e+07 1.06592e-09 2.08241e-07 1.28879e-11 11 1 0.5 11
4.72e+07 1.66432e-09 2.03777e-07 4.37649e-11 5 1 0.5 5
4.73e+07 1.00951e-09 1.96817e-07 2.57632e-11 5 1 0.5 5
4.74e+07 1.5289e-09 2.01995e-07 1.98808e-11 10 1 0.5 10
4.75e+07 1.35529e-09 2.0134e-07 5.90145e-11 3 1 0.5 3
4.76e+07 1.80881e-09 2.06924e-07 4.00856e-11 6 1 0.5 6
4.77e+07 1.68729e-09 2.02697e-07 4.41895e-11 5 1 0.5 5
4.78e+07 1.38002e-09 1.97346e-07 4.42582e-11 4 1 0.5 4
4.79e+07 1.45004e-09 2.05106e-07 1.90785e-11 10 1 0.5 10
4.8e+07 1.16111e-09 2.09471e-07 1.29285e-11 12 1 0.5 12
4.81e+07 1.14459e-09 2.18913e-07 1.58417e-11 10 1 0.5 10
4.82e+07 1.29684e-09 2.1033e-07 3.49013e-11 5 1 0.5 5
4.83e+07 1.6463e-09 2.04968e-07 3.61913e-11 6 1 0.5 6
4.84e+07 1.41569e-09 2.05822e-07 3.11962e-11 6 1 0.5 6
4.85e+07 1.49347e-09 1.98471e-07 2.39639e-11 8 1 0.5 8
4.86e+07 1.75309e-09 2.03604e-07 1.91112e-11 12 1 0.5 12
4.87e+07 1.4975e-09 2.06188e-07 3.30551e-11 6 1 0.5 6
4.88e+07 1.42687e-09 2.05841e-07 2.09249e-11 9 1 0.5 9
4.89e+07 1.43246e-09 2.12993e-07 2.15789e-11 9 1 0.5 9
4.9e+07 1.63616e-09 2.08268e-07 3.64205e-11 6 1 0.5 6
4.91e+07 1.70151e-09 2.00914e-07 3.68331e-11 6 1 0.5 6
4.92e+07 1.30691e-09 2.02929e-07 2.13255e-11 8 1 0.5 8
4.93e+07 1.21501e-09 2.14931e-07 2.07355e-11 8 1 0.5 8
4.94e+07 8.60253e-10 2.10041e-07 1.27988e-11 9 1 0.5 9
4.95e+07 1.15982e-09 2.05991e-07 1.53017e-11 10 1 0.5 10
4.96e+07 1.48522e-09 1.93794e-07 3.12381e-11 6 1 0.5 6
4.97e+07 1.62945e-09 2.10288e-07 3.65469e-11 6 1 0.5 6
4.98e+07 1.54173e-09 2.02419e-07 2.87317e-11 7 1 0.5 7
4.99e+07 1.49016e-09 2.08958e-07 2.48924e-11 8 1 0.5 8
5e+07 2.04361e-09 2.09774e-07 1.82403e-11 15 1 0.5 15
5.01e+07 1.33889e-09 2.12336e-07 1.50733e-11 12 1 0.5 12
5.02e+07 1.46637e-09 2.08292e-07 2.17068e-11 9 1 0.5 9
5.03e+07 1.03741e-09 2.07991e-07 1.37868e-11 10 1 0.5 10
5.04e+07 1.74246e-09 1.99589e-07 3.21382e-11 7 1 0.5 7
5.05e+07 1.83819e-09 2.03675e-07 3.0125e-11 8 1 0.5 8
5.06e+07 1.54516e-09 2.14569e-07 2.68966e-10 6 1 0.5 6
5.07e+07 1.93249e-09 2.00419e-07 2.27162e-11 11 1 0.5 11
5.08e+07 1.50906e-09 2.0072e-07 1.50072e-11 13 1 0.5 13
5.09e+07 1.21907e-09 1.98774e-07 5.25027e-11 3 1 0.5 3
5.1e+07 1.25975e-09 2.13102e-07 1.13707e-11 15 1 0.5 15
5.11e+07 1.88157e-09 1.9824e-07 2.41304e-11 10 1 0.5 10
5.12e+07 1.47738e-09 1.97124e-07 2.09496e-11 9 1 0.5 9
5.13e+07 1.41301e-09 2.10845e-07 1.46017e-11 13 1 0.5 13
5.14e+07 1.47371e-09 2.13739e-07 4.01999e-11 5 1 0.5 5
5.15e+07 1.72995e-09 2.05542e-07 2.07319e-11 11 1 0.5 11
5.16e+07 1.33405e-09 2.03733e-07 2.49709e-11 7 1 0.5 7
5.17e+07 1.5415e-09 1.98426e-07 3.96809e-11 5 1 0.5 5
5.18e+07 1.20459e-09 2.11558e-07 2.03022e-11 8 1 0.5 8
5.19e+07 1.68923e-09 2.20236e-07 3.93087e-11 6 1 0.5 6
5.2e+07 2.03376e-09 2.06349e-07 6.77841e-11 4 1 0.5 4
5.21e+07 1.84105e-09 2.00013e-07 4.77496e-11 5 1 0.5 5
5.22e+07 1.14681e-09 2.0299e-07 2.4974e-11 6 1 0.5 6
5.23e+07 1.00935e-09 2.02953e-07 1.64579e-11 8 1 0.5 8
5.24e+07 1.48604e-09 2.0324e-07 3.89654e-11 5 1 0.5 5
5.25e+07 1.88173e-09 2.0054e-07 2.70689e-11 9 1 0.5 9
5.26e+07 9.73722e-10 2.01821e-07 1.8072e-11 7 1 0.5 7
5.27e+07 1.41719e-09 2.16943e-07 2.78789e-11 7 1 0.5 7
5.28e+07 1.75206e-09 2.11755e-07 1.96977e-11 12 1 0.5 12
5.29e+07 1.79192e-09 2.06468e-07 1.69209e-11 14 1 0.5 14
5.3e+07 1.31563e-09 2.13893e-07 2.23737e-11 8 1 0.5 8
5.31e+07 1.49436e-09 2.03026e-07 3.91528e-11 5 1 0.5 5
5.32e+07 1.31048e-09 2.01204e-07 2.42899e-11 7 1 0.5 7
5.33e+07 1.44998e-09 1.98157e-07 1.8572e-11 10 1 0.5 10
5.34e+07 1.99054e-09 2.05787e-07 2.38899e-11 11 1 0.5 11
5.35e+07 1.28255e-09 2.04765e-07 2.10742e-11 8 1 0.5 8
5.36e+07 1.37906e-09 1.98304e-07 1.60598e-11 11 1 0.5 11
5.37e+07 1.66024e-09 2.09102e-07 2.01635e-11 11 1 0.5 11
5.38e+07 1.31378e-09 2.0334e-07 1.7164e-11 10 1 0.5 10
5.39e+07 1.05845e-09 2.07744e-07 1.562e-11 9 1 0.5 9
5.4e+07 1.4841e-09 2.051e-07 2.79386e-11 7 1 0.5 7
5.41e+07 1.51687e-09 1.97335e-07 1.93689e-11 10 1 0.5 10
5.42e+07 1.63223e-09 2.01133e-07 2.11586e-11 10 1 0.5 10
5.43e+07 1.35946e-09 2.07619e-07 2.58279e-11 7 1 0.5 7
5.44e+07 1.45583e-09 2.07822e-07 2.42127e-11 8 1 0.5 8
5.45e+07 1.89693e-09 2.01604e-07 8.30173e-11 3 1 0.5 3
5.46e+07 1.68033e-09 2.02316e-07 4.39413e-11 5 1 0.5 5
5.47e+07 1.26133e-09 2.029e-07 1.82829e-11 9 1 0.5 9
5.48e+07 1.40814e-09 1.95932e-07 2.5575e-11 7 1 0.5 7
5.49e+07 1.50838e-09 2.06525e-07 1.81362e-11 11 1 0.5 11
5.5e+07 1.55406e-09 2.13676e-07 3.5288e-11 6 1 0.5 6
5.51e+07 1.35362e-09 2.03632e-07 3.55256e-11 5 1 0.5 5
5.52e+07 1.5094e-09 2.06712e-07 2.2213e-11 9 1 0.5 9
5.53e+07 1.23754e-09 2.0666e-07 2.34171e-11 7 1 0.5 7
5.54e+07 1.49565e-09 2.01337e-07 2.77527e-11 7 1 0.5 7
5.55e+07 1.7544e-09 2.04695e-07 2.88579e-11 8 1 0.5 8
5.56e+07 1.47841e-09 2.08593e-07 1.79142e-11 11 1 0.5 11
5.57e+07 1.53723e-09 1.94684e-07 3.24528e-11 6 1 0.5 6
5.58e+07 1.19998e-09 1.99104e-07 2.57466e-11 6 1 0.5 6
5.59e+07 1.6818e-09 2.10534e-07 2.25981e-11 10 1 0.5 10
5.6e+07 1.66159e-09 2.02989e-07 2.71459e-11 8 1 0.5 8
5.61e+07 1.40474e-09 2.0932e-07 2.68637e-11 7 1 0.5 7
5.62e+07 1.73775e-09 2.00633e-07 2.81386e-11 8 1 0.5 8
5.63e+07 1.61822e-09 2.10659e-07 2.17507e-11 10 1 0.5 10
5.64e+07 1.54193e-09 2.05704e-07 2.2607e-11 9 1 0.5 9
5.65e+07 1.14628e-09 2.08856e-07 1.91221e-11 8 1 0.5 8
5.66e+07 1.68191e-09 2.05021e-07 2.46037e-11 9 1 0.5 9
5.67e+07 1.11886e-09 2.0953e-07 2.99969e-11 5 1 0.5 5
5.68e+07 1.757e-09 2.08064e-07 3.34798e-11 7 1 0.5 7
5.69e+07 1.70552e-09 2.04373e-07 2.03471e-11 11 1 0.5 11
5.7e+07 1.62279e-09 1.95669e-07 2.28877e-11 9 1 0.5 9
5.71e+07 1.16983e-09 2.05558e-07 1.28346e-11 12 1 0.5 12
5.72e+07 1.82499e-09 2.07164e-07 3.46646e-11 7 1 0.5 7
5.73e+07 1.2681e-09 2.04776e-07 1.66569e-11 10 1 0.5 10
5.74e+07 1.75024e-09 2.17001e-07 2.67811e-11 9 1 0.5 9
5.75e+07 1.50084e-09 2.01819e-07 2.43982e-11 8 1 0.5 8
5.76e+07 1.8053e-09 2.03245e-07 2.36027e-11 10 1 0.5 10
5.77e+07 1.30398e-09 2.02197e-07 2.4262e-11 7 1 0.5 7
5.78e+07 1.13768e-09 2.08932e-07 2.1706e-11 7 1 0.5 7
5.79e+07 1.75937e-09 2.13445e-07 1.99046e-11 12 1 0.5 12
5.8e+07 1.41453e-09 2.12383e-07 3.19491e-11 6 1 0.5 6
5.81e+07 1.35374e-09 2.18018e-07 2.33749e-11 8 1 0.5 8
5.82e+07 1.70374e-09 1.96703e-07 1.97291e-11 11 1 0.5 11
5.83e+07 1.44771e-09 2.0528e-07 2.3846e-11 8 1 0.5 8
5.84e+07 1.45972e-09 2.02738e-07 2.72299e-11 7 1 0.5 7
5.85e+07 1.90264e-09 1.93431e-07 4.0019e-11 6 1 0.5 6
5.86e+07 1.98586e-09 2.16569e-07 2.27367e-11 12 1 0.5 12
5.87e+07 1.17107e-09 2.22541e-07 1.26243e-11 13 1 0.5 13
5.88e+07 1.55443e-09 2.00336e-07 2.87368e-11 7 1 0.5 7
5.89e+07 1.78931e-09 2.02833e-07 3.90349e-11 6 1 0.5 6
5.9e+07 1.30879e-09 2.17886e-07 2.00668e-11 9 1 0.5 9
5.91e+07 2.17309e-09 2.0821e-07 4.84602e-11 6 1 0.5 6
5.92e+07 1.24792e-09 2.01613e-07 2.02565e-11 8 1 0.5 8
5.93e+07 1.50173e-09 2.09879e-07 2.51734e-11 8 1 0.5 8
5.94e+07 1.27258e-09 2.0957e-07 1.30847e-11 13 1 0.5 13
5.95e+07 1.63774e-09 1.98868e-07 3.01119e-11 7 1 0.5 7
5.96e+07 1.19738e-09 2.10964e-07 1.60971e-11 10 1 0.5 10
5.97e+07 1.76531e-09 2.12466e-07 2.99014e-11 8 1 0.5 8
5.98e+07 1.63563e-09 2.08894e-07 3.12526e-11 7 1 0.5 7
5.99e+07 1.40953e-09 2.02326e-07 4.60977e-11 4 1 0.5 4
6e+07 1.40419e-09 2.08669e-07 2.08126e-11 9 1 0.5 9
6.01e+07 1.92861e-09 2.00211e-07 5.00784e-11 5 1 0.5 5
6.02e+07 1.09318e-09 2.19574e-07 1.8968e-11 8 1 0.5 8
6.03e+07 1.2023e-09 2.11342e-07 5.75133e-10 10 1 0.5 10
6.04e+07 1.58897e-09 2.10089e-07 3.0493e-11 7 1 0.5 7
6.05e+07 1.37792e-09 2.04993e-07 2.26672e-11 8 1 0.5 8
6.06e+07 1.3254e-09 2.03456e-07 2.1672e-11 8 1 0.5 8
6.07e+07 1.60727e-09 2.10247e-07 2.69878e-11 8 1 0.5 8
6.08e+07 1.0915e-09 2.05202e-07 1.19571e-11 12 1 0.5 12
6.09e+07 1.45885e-09 2.04862e-07 3.2035e-11 6 1 0.5 6
6.1e+07 1.11385e-09 2.03324e-07 1.61189e-11 11 1 0.5 11
6.11e+07 1.4877e-09 1.99672e-07 2.39832e-11 8 1 0.5 8
6.12e+07 1.36403e-09 2.15981e-07 2.07718e-11 9 1 0.5 9
6.13e+07 1.21845e-09 1.96268e-07 1.10502e-11 14 1 0.5 14
6.14e+07 1.92417e-09 2.03135e-07 2.79615e-11 9 1 0.5 9
6.15e+07 1.81262e-09 2.19715e-07 5.06183e-11 5 1 0.5 5
6.16e+07 1.31228e-09 2.11915e-07 1.77089e-11 10 1 0.5 10
6.17e+07 1.39123e-09 1.98688e-07 1.98453e-11 9 1 0.5 9
6.18e+07 1.57369e-09 2.01393e-07 2.55456e-11 8 1 0.5 8
6.19e+07 1.84519e-09 2.08519e-07 4.94455e-11 5 1 0.5 5
6.2e+07 1.75139e-09 1.97957e-07 2.8074e-11 8 1 0.5 8
6.21e+07 1.59217e-09 2.00807e-07 3.44379e-11 6 1 0.5 6
6.22e+07 1.25771e-09 2.04222e-07 1.37308e-11 12 1 0.5 12
6.23e+07 1.37413e-09 2.10997e-07 1.4207e-11 13 1 0.5 13
6.24e+07 1.54394e-09 2.07575e-07 2.93453e-11 7 1 0.5 7
6.25e+07 1.9965e-09 2.06133e-07 4.41432e-11 6 1 0.5 6
6.26e+07 1.67862e-09 2.05636e-07 3.70004e-11 6 1 0.5 6
6.27e+07 1.30846e-09 2.044e-07 2.45525e-11 7 1 0.5 7
6.28e+07 1.61342e-09 2.12624e-07 1.98525e-11 11 1 0.5 11
6.29e+07 1.50025e-09 2.10909e-07 3.37107e-11 6 1 0.5 6
6.3e+07 1.917e-09 2.05026e-07 3.15866e-11 8 1 0.5 8
6.31e+07 1.24464e-09 2.08211e-07 2.07183e-11 8 1 0.5 8
6.32e+07 1.68315e-09 2.05584e-07 2.46749e-11 9 1 0.5 9
6.33e+07 1.43789e-09 2.17427e-07 1.98075e-11 10 1 0.5 10
6.34e+07 1.42439e-09 2.13463e-07 2.41924e-11 8 1 0.5 8
6.35e+07 1.82453e-09 2.11216e-07 2.23426e-11 11 1 0.5 11
6.36e+07 1.9193e-09 1.92314e-07 3.44137e-11 7 1 0.5 7
6.37e+07 1.11975e-09 2.03898e-07 1.833e-11 8 1 0.5 8
6.38e+07 1.7719e-09 2.03178e-07 2.89779e-11 8 1 0.5 8
6.39e+07 1.76176e-09 2.08072e-07 2.13181e-11 11 1 0.5 11
6.4e+07 1.33043e-09 2.06589e-07 1.59946e-11 11 1 0.5 11
6.41e+07 1.32963e-09 2.10588e-07 2.98215e-11 6 1 0.5 6
6.42e+07 1.49936e-09 2.07837e-07 1.99353e-11 10 1 0.5 10
6.43e+07 1.591e-09 2.08165e-07 1.92519e-11 11 1 0.5 11
6.44e+07 1.11193e-09 2.0222e-07 1.60693e-11 9 1 0.5 9
6.45e+07 1.35951e-09 2.05187e-07 2.98795e-11 6 1 0.5 6
6.46e+07 1.67351e-09 2.03243e-07 2.73682e-11 8 1 0.5 8
6.47e+07 1.52834e-09 2.09671e-07 2.56014e-11 8 1 0.5 8
6.48e+07 1.80655e-09 2.22469e-07 3.63035e-11 7 1 0.5 7
6.49e+07 1.29456e-09 2.12249e-07 1.3445e-11 13 1 0.5 13
6.5e+07 1.72209e-09 2.07751e-07 3.2772e-11 7 1 0.5 7
6.51e+07 1.94545e-09 2.08426e-07 5.21377e-11 5 1 0.5 5
6.52e+07 1.5362e-09 1.98298e-07 1.96908e-11 10 1 0.5 10
6.53e+07 1.79172e-09 2.05183e-07 2.95297e-11 8 1 0.5 8
6.54e+07 1.33549e-09 2.05006e-07 2.512e-11 7 1 0.5 7
6.55e+07 1.60139e-09 2.02433e-07 2.61019e-11 8 1 0.5 8
6.56e+07 1.86905e-09 2.03812e-07 4.09405e-11 6 1 0.5 6
6.57e+07 1.84572e-09 2.12494e-07 5.02021e-11 5 1 0.5 5
6.58e+07 1.21216e-09 2.10518e-07 2.32705e-11 7 1 0.5 7
6.59e+07 1.92008e-09 2.00948e-07 6.26379e-11 4 1 0.5 4
6.6e+07 1.76574e-09 2.13528e-07 6.03685e-11 4 1 0.5 4
6.61e+07 1.10253e-09 2.0606e-07 8.07258e-12 18 1 0.5 18
6.62e+07 1.67341e-09 2.07984e-07 3.72152e-11 6 1 0.5 6
6.63e+07 1.46335e-09 1.969e-07 2.07317e-11 9 1 0.5 9
6.64e+07 1.41483e-09 2.00856e-07 1.66423e-11 11 1 0.5 11
6.65e+07 1.18213e-09 2.12013e-07 3.89422e-11 8 1 0.5 8
6.66e+07 1.49136e-09 1.98496e-07 1.365e-11 14 1 0.5 14
6.67e+07 1.33207e-09 1.98931e-07 2.44745e-11 7 1 0.5 7
6.68e+07 1.77531e-09 2.01532e-07 3.85331e-11 6 1 0.5 6
6.69e+07 1.03876e-09 1.98976e-07 2.22631e-11 6 1 0.5 6
6.7e+07 1.2856e-09 2.03297e-07 3.36868e-11 5 1 0.5 5
6.71e+07 1.43268e-09 2.08867e-07 2.39202e-11 8 1 0.5 8
6.72e+07 1.50918e-09 2.07244e-07 1.66745e-11 12 1 0.5 12
6.73e+07 1.52301e-09 2.01926e-07 2.20073e-11 9 1 0.5 9
6.74e+07 1.58726e-09 2.06812e-07 3.00993e-11 7 1 0.5 7
6.75e+07 2.41473e-09 2.14669e-07 4.13139e-11 8 1 0.5 8
6.76e+07 1.39893e-09 2.13247e-07 2.71466e-11 7 1 0.5 7
6.77e+07 1.53978e-09 2.10203e-07 3.45128e-11 6 1 0.5 6
6.78e+07 1.5148e-09 2.0765e-07 2.23738e-11 9 1 0.5 9
6.79e+07 1.80488e-09 2.06473e-07 3.41907e-11 7 1 0.5 7
6.8e+07 1.56475e-09 2.14234e-07 2.36881e-11 9 1 0.5 9
6.81e+07 1.43764e-09 2.06279e-07 3.17378e-11 6 1 0.5 6
6.82e+07 1.65119e-09 2.11862e-07 4.47654e-11 5 1 0.5 5
6.83e+07 1.20927e-09 2.08217e-07 1.78844e-11 9 1 0.5 9
6.84e+07 1.35073e-09 2.05202e-07 1.77745e-11 10 1 0.5 10
6.85e+07 1.21046e-09 2.06993e-07 2.29317e-11 7 1 0.5 7
6.86e+07 1.41476e-09 2.09684e-07 2.10501e-11 9 1 0.5 9
6.87e+07 1.62227e-09 2.11562e-07 1.82437e-11 12 1 0.5 12
6.88e+07 1.64914e-09 2.13336e-07 3.74135e-11 6 1 0.5 6
6.89e+07 1.07033e-09 2.01052e-07 1.53969e-11 9 1 0.5 9
6.9e+07 1.49081e-09 2.01492e-07 1.75819e-11 11 1 0.5 11
6.91e+07 1.81309e-09 2.0984e-07 4.06258e-11 6 1 0.5 6
6.92e+07 1.32985e-09 2.04279e-07 2.49441e-11 7 1 0.5 7
6.93e+07 1.54229e-09 2.13819e-07 3.00061e-11 7 1 0.5 7
6.94e+07 1.46928e-09 2.10153e-07 3.95473e-11 5 1 0.5 5
6.95e+07 1.65375e-09 2.11188e-07 3.72204e-11 6 1 0.5 6
6.96e+07 1.97991e-09 2.04051e-07 4.34264e-11 6 1 0.5 6
6.97e+07 1.61557e-09 2.12743e-07 3.65668e-11 6 1 0.5 6
6.98e+07 1.46313e-09 2.0537e-07 3.2192e-11 6 1 0.5 6
6.99e+07 1.60448e-09 2.08458e-07 3.06038e-11 7 1 0.5 7
7e+07 1.13127e-09 2.14192e-07 2.201e-11 7 1 0.5 7
7.01e+07 1.44957e-09 2.17063e-07 2.21669e-11 9 1 0.5 9
7.02e+07 1.42048e-09 2.01006e-07 3.69156e-11 5 1 0.5 5
7.03e+07 1.22684e-09 2.04853e-07 1.61182e-11 10 1 0.5 10
7.04e+07 1.58859e-09 2.02572e-07 2.59064e-11 8 1 0.5 8
7.05e+07 1.41024e-09 2.02407e-07 2.6269e-11 7 1 0.5 7
7.06e+07 1.89888e-09 1.97028e-07 3.46902e-11 7 1 0.5 7
7.07e+07 1.58699e-09 2.14909e-07 2.71108e-11 8 1 0.5 8
7.08e+07 1.43153e-09 2.13146e-07 2.1577e-11 9 1 0.5 9
7.09e+07 1.42486e-09 2.01063e-07 1.41867e-11 13 1 0.5 13
7.1e+07 1.95502e-09 2.04421e-07 3.21421e-11 8 1 0.5 8
7.11e+07 1.0199e-09 2.18492e-07 1.76236e-11 8 1 0.5 8
7.12e+07 1.31936e-09 2.10935e-07 2.53769e-11 7 1 0.5 7
7.13e+07 1.45994e-09 2.02991e-07 3.183e-11 6 1 0.5 6
7.14e+07 2.14236e-09 1.98667e-07 6.9354e-11 4 1 0.5 4
7.15e+07 1.78123e-09 2.13113e-07 3.0245e-11 8 1 0.5 8
7.16e+07 1.71337e-09 1.98797e-07 4.42025e-11 5 1 0.5 5
7.17e+07 2.13439e-09 2.10861e-07 5.77908e-11 5 1 0.5 5
7.18e+07 1.4889e-09 2.12384e-07 2.23817e-11 9 1 0.5 9
7.19e+07 2.08154e-09 2.08994e-07 3.48342e-11 8 1 0.5 8
7.2e+07 1.18828e-09 2.19166e-07 1.64631e-11 10 1 0.5 10
7.21e+07 1.6842e-09 2.09668e-07 3.22793e-11 7 1 0.5 7
7.22e+07 1.34197e-09 2.00293e-07 2.47884e-11 7 1 0.5 7
7.23e+07 1.45138e-09 2.10105e-07 4.89032e-11 4 1 0.5 4
7.24e+07 1.87711e-09 2.00091e-07 1.86334e-11 13 1 0.5 13
7.25e+07 1.35802e-09 2.04959e-07 2.55411e-11 7 1 0.5 7
7.26e+07 1.21407e-09 2.1781e-07 3.35751e-11 5 1 0.5 5
7.27e+07 1.53231e-09 1.98915e-07 2.46324e-11 8 1 0.5 8
7.28e+07 9.30236e-10 2.09674e-07 2.4932e-11 5 1 0.5 5
7.29e+07 1.72946e-09 2.02987e-07 2.51056e-11 9 1 0.5 9
7.3e+07 1.34807e-09 2.09899e-07 1.64108e-11 11 1 0.5 11
7.31e+07 1.47482e-09 2.10691e-07 2.47956e-11 8 1 0.5 8
7.32e+07 1.56463e-09 2.00269e-07 2.52873e-11 8 1 0.5 8
7.33e+07 2.00709e-09 1.93599e-07 3.61833e-11 7 1 0.5 7
7.34e+07 1.61865e-09 1.98642e-07 1.73053e-11 12 1 0.5 12
7.35e+07 1.11041e-09 2.06585e-07 9.77876e-12 15 1 0.5 15
7.36e+07 1.58767e-09 2.15995e-07 3.63651e-11 6 1 0.5 6
7.37e+07 1.60212e-09 2.06392e-07 1.92572e-11 11 1 0.5 11
7.38e+07 1.71327e-09 2.06205e-07 4.56775e-11 5 1 0.5 5
7.39e+07 1.63375e-09 2.17948e-07 2.25587e-11 10 1 0.5 10
7.4e+07 1.51773e-09 1.9923e-07 1.95243e-11 10 1 0.5 10
7.41e+07 1.47194e-09 2.12635e-07 2.49268e-11 8 1 0.5 8
7.42e+07 1.91853e-09 2.03688e-07 1.56814e-11 16 1 0.5 16
7.43e+07 1.31464e-09 2.03391e-07 1.14406e-11 15 1 0.5 15
7.44e+07 1.35994e-09 2.02028e-07 1.76794e-11 10 1 0.5 10
7.45e+07 1.0522e-09 2.07195e-07 1.16133e-11 12 1 0.5 12
7.46e+07 1.7177e-09 2.16347e-07 3.9414e-11 6 1 0.5 6
7.47e+07 8.99044e-10 2.06527e-07 1.18784e-11 10 1 0.5 10
7.48e+07 1.92886e-09 2.08001e-07 4.29403e-11 6 1 0.5 6
7.49e+07 1.73875e-09 2.11131e-07 3.91378e-11 6 1 0.5 6
7.5e+07 1.44652e-09 2.04333e-07 1.58043e-11 12 1 0.5 12
7.51e+07 1.65389e-09 2.12734e-07 3.20601e-11 7 1 0.5 7
7.52e+07 1.69261e-09 2.15249e-07 2.3145e-11 10 1 0.5 10
7.53e+07 1.27175e-09 2.09569e-07 2.12796e-11 8 1 0.5 8
7.54e+07 1.81845e-09 2.08686e-07 2.02131e-11 12 1 0.5 12
7.55e+07 1.78701e-09 2.05832e-07 3.37677e-11 7 1 0.5 7
7.56e+07 1.8021e-09 2.07828e-07 2.1788e-11 11 1 0.5 11
7.57e+07 8.53105e-10 2.07079e-07 1.12939e-11 10 1 0.5 10
7.58e+07 1.60405e-09 1.97065e-07 2.56042e-11 8 1 0.5 8
7.59e+07 1.64184e-09 2.14387e-07 2.2377e-11 10 1 0.5 10
7.6e+07 1.76705e-09 2.08739e-07 3.94236e-11 6 1 0.5 6
7.61e+07 1.49973e-09 2.05759e-07 2.19906e-11 9 1 0.5 9
7.62e+07 1.27413e-09 2.11043e-07 1.3173e-11 13 1 0.5 13
7.63e+07 1.14501e-09 2.04997e-07 1.67258e-11 9 1 0.5 9
7.64e+07 1.85851e-09 1.94966e-07 2.61541e-11 9 1 0.5 9
7.65e+07 1.09114e-09 2.07274e-07 1.80911e-11 8 1 0.5 8
7.66e+07 1.77887e-09 2.08342e-07 2.46838e-11 10 1 0.5 10
7.67e+07 1.33732e-09 2.30884e-07 2.41704e-11 8 1 0.5 8
7.68e+07 1.54378e-09 2.0696e-07 1.85938e-11 11 1 0.5 11
7.69e+07 1.65601e-09 2.20665e-07 6.49303e-11 4 1 0.5 4
7.7e+07 1.22645e-09 2.05051e-07 1.46554e-11 11 1 0.5 11
7.71e+07 1.47105e-09 2.11397e-07 3.31112e-11 6 1 0.5 6
7.72e+07 1.82832e-09 2.18488e-07 3.16673e-11 8 1 0.5 8
7.73e+07 1.01503e-09 2.01771e-07 1.31725e-11 10 1 0.5 10
7.74e+07 1.85097e-09 2.00657e-07 6.02919e-11 4 1 0.5 4
7.75e+07 1.41909e-09 2.01715e-07 2.63642e-11 7 1 0.5 7
7.76e+07 1.78233e-09 2.12941e-07 4.85445e-11 5 1 0.5 5
7.77e+07 1.37372e-09 2.06909e-07 1.65366e-11 11 1 0.5 11
7.78e+07 1.66273e-09 2.07512e-07 2.45532e-11 9 1 0.5 9
7.79e+07 1.62475e-09 2.06361e-07 5.40294e-11 4 1 0.5 4
7.8e+07 1.41394e-09 2.05228e-07 2.66249e-11 7 1 0.5 7
7.81e+07 1.49127e-09 2.14615e-07 3.39715e-11 6 1 0.5 6
7.82e+07 1.8751e-09 2.02004e-07 4.07886e-11 6 1 0.5 6
7.83e+07 1.43782e-09 2.04392e-07 2.09698e-11 9 1 0.5 9
7.84e+07 1.69926e-09 2.06081e-07 3.2131e-11 7 1 0.5 7
7.85e+07 1.47122e-09 2.09028e-07 3.28225e-11 6 1 0.5 6
7.86e+07 1.77705e-09 2.00924e-07 1.91739e-11 12 1 0.5 12
7.87e+07 1.44439e-09 2.04945e-07 3.1726e-11 6 1 0.5 6
7.88e+07 1.43716e-09 2.09362e-07 2.74909e-11 7 1 0.5 7
7.89e+07 1.48344e-09 2.09986e-07 2.8447e-11 7 1 0.5 7
7.9e+07 1.97698e-09 2.00569e-07 5.14169e-11 5 1 0.5 5
7.91e+07 1.60755e-09 1.95236e-07 2.03614e-11 10 1 0.5 10
7.92e+07 1.61182e-09 2.23606e-07 2.52474e-11 9 1 0.5 9
7.93e+07 1.81139e-09 2.12156e-07 2.72289e-11 9 1 0.5 9
7.94e+07 1.26609e-09 2.12965e-07 1.90626e-11 9 1 0.5 9
7.95e+07 2.09607e-09 2.03049e-07 3.42933e-11 8 1 0.5 8
7.96e+07 1.73262e-09 2.18166e-07 2.66216e-11 9 1 0.5 9
7.97e+07 1.43014e-09 2.07392e-07 2.71535e-11 7 1 0.5 7
7.98e+07 1.51126e-09 2.14819e-07 3.44556e-11 6 1 0.5 6
7.99e+07 1.38772e-09 2.04652e-07 2.02568e-11 9 1 0.5 9
8e+07 2.01132e-09 2.10015e-07 2.69935e-11 10 1 0.5 10
8.01e+07 1.62012e-09 2.04159e-07 2.65844e-11 8 1 0.5 8
8.02e+07 1.20854e-09 2.18068e-07 2.08626e-11 8 1 0.5 8
8.03e+07 1.24074e-09 2.03416e-07 1.35033e-11 12 1 0.5 12
8.04e+07 1.4321e-09 2.13011e-07 2.15748e-11 9 1 0.5 9
8.05e+07 1.75879e-09 1.9746e-07 2.24808e-11 10 1 0.5 10
8.06e+07 1.08815e-09 2.16014e-07 1.86376e-11 8 1 0.5 8
8.07e+07 1.53693e-09 2.01293e-07 2.21548e-11 9 1 0.5 9
8.08e+07 1.54204e-09 2.07094e-07 2.27283e-11 9 1 0.5 9
8.09e+07 1.89935e-09 2.13907e-07 6.50797e-11 4 1 0.5 4
8.1e+07 1.36075e-09 2.03188e-07 3.56531e-11 5 1 0.5 5
8.11e+07 1.20296e-09 2.13659e-07 1.4846e-11 11 1 0.5 11
8.12e+07 1.04404e-09 2.09727e-07 1.55221e-11 9 1 0.5 9
8.13e+07 1.87334e-09 2.06764e-07 2.48275e-11 10 1 0.5 10
8.14e+07 1.04497e-09 2.02795e-07 1.13414e-11 12 1 0.5 12
8.15e+07 1.23009e-09 2.08161e-07 2.04714e-11 8 1 0.5 8
8.16e+07 1.51463e-09 2.04092e-07 1.65353e-11 12 1 0.5 12
8.17e+07 2.02778e-09 2.18593e-07 4.02136e-11 7 1 0.5 7
8.18e+07 1.18058e-09 2.0451e-07 1.93744e-11 8 1 0.5 8
8.19e+07 1.52914e-09 2.03395e-07 1.53652e-11 13 1 0.5 13
8.2e+07 1.55637e-09 2.17356e-07 2.3832e-11 9 1 0.5 9
8.21e+07 1.42844e-09 2.08427e-07 2.38095e-11 8 1 0.5 8
8.22e+07 1.18481e-09 2.14927e-07 2.3118e-11 7 1 0.5 7
8.23e+07 1.17924e-09 2.0622e-07 2.22727e-11 7 1 0.5 7
8.24e+07 1.38001e-09 2.10984e-07 3.72447e-11 5 1 0.5 5
8.25e+07 1.36021e-09 2.09153e-07 2.5992e-11 7 1 0.5 7
8.26e+07 1.31113e-09 2.14264e-07 3.58076e-11 5 1 0.5 5
8.27e+07 1.34894e-09 2.02863e-07 1.95541e-11 9 1 0.5 9
8.28e+07 1.39827e-09 2.03609e-07 2.61659e-11 7 1 0.5 7
8.29e+07 1.72512e-09 1.9273e-07 3.09654e-11 7 1 0.5 7
8.3e+07 1.40924e-09 2.09702e-07 1.88652e-11 10 1 0.5 10
8.31e+07 1.59878e-09 2.15581e-07 2.73808e-11 8 1 0.5 8
8.32e+07 1.89833e-09 2.1233e-07 2.56916e-11 10 1 0.5 10
8.33e+07 8.5456e-10 2.07392e-07 1.89038e-11 6 1 0.5 6
8.34e+07 1.47005e-09 2.12226e-07 2.48569e-11 8 1 0.5 8
8.35e+07 1.19799e-09 2.09097e-07 1.59931e-11 10 1 0.5 10
8.36e+07 1.73706e-09 2.03464e-07 5.71633e-11 4 1 0.5 4
8.37e+07 1.34191e-09 2.21115e-07 2.0818e-11 9 1 0.5 9
8.38e+07 1.71807e-09 2.13628e-07 2.12236e-11 11 1 0.5 11
8.39e+07 1.18335e-09 2.03833e-07 1.93698e-11 8 1 0.5 8
8.4e+07 1.593e-09 2.11621e-07 2.68847e-11 8 1 0.5 8
8.41e+07 1.8162e-09 2.02311e-07 3.95456e-11 6 1 0.5 6
8.42e+07 1.44102e-09 2.05484e-07 2.71639e-11 7 1 0.5 7
8.43e+07 1.70971e-09 1.99262e-07 2.75348e-11 8 1 0.5 8
8.44e+07 1.61559e-09 2.01561e-07 2.62459e-11 8 1 0.5 8
8.45e+07 1.41372e-09 2.08149e-07 1.4462e-11 13 1 0.5 13
8.46e+07 1.32587e-09 1.9759e-07 2.42325e-11 7 1 0.5 7
8.47e+07 1.57311e-09 2.01692e-07 3.41402e-11 6 1 0.5 6
8.48e+07 1.69673e-09 2.15768e-07 2.90866e-11 8 1 0.5 8
8.49e+07 1.3043e-09 1.96187e-07 1.84195e-11 9 1 0.5 9
8.5e+07 1.66084e-09 2.00698e-07 1.65195e-11 13 1 0.5 13
8.51e+07 1.505e-09 2.11101e-07 2.5344e-11 8 1 0.5 8
8.52e+07 1.70673e-09 2.13745e-07 3.87873e-11 6 1 0.5 6
8.53e+07 1.24405e-09 2.09221e-07 1.38411e-11 12 1 0.5 12
8.54e+07 1.93159e-09 2.04328e-07 4.2404e-11 6 1 0.5 6
8.55e+07 1.53687e-09 2.10243e-07 2.58002e-11 8 1 0.5 8
8.56e+07 1.25333e-09 2.07568e-07 1.18742e-11 14 1 0.5 14
8.57e+07 1.07837e-09 2.17024e-07 1.64723e-11 9 1 0.5 9
8.58e+07 1.65753e-09 2.03969e-07 3.1086e-11 7 1 0.5 7
8.59e+07 1.18859e-09 2.00246e-07 1.91883e-11 8 1 0.5 8
8.6e+07 1.5669e-09 2.08261e-07 1.89663e-11 11 1 0.5 11
8.61e+07 1.79396e-09 2.12483e-07 2.42871e-11 10 1 0.5 10
8.62e+07 1.28044e-09 2.03037e-07 2.09007e-11 8 1 0.5 8
8.63e+07 1.69052e-09 2.04951e-07 4.4661e-11 5 1 0.5 5
8.64e+07 1.57684e-09 2.03429e-07 2.29204e-11 9 1 0.5 9
8.65e+07 1.60817e-09 2.02488e-07 2.62185e-11 8 1 0.5 8
8.66e+07 1.08199e-09 2.10367e-07 1.81488e-11 8 1 0.5 8
8.67e+07 1.5434e-09 2.22175e-07 2.16342e-11 10 1 0.5 10
8.68e+07 1.85883e-09 2.16257e-07 5.12695e-11 5 1 0.5 5
8.69e+07 1.46989e-09 2.03363e-07 2.40357e-11 8 1 0.5 8
8.7e+07 1.47538e-09 1.96042e-07 2.34474e-11 8 1 0.5 8
8.71e+07 1.4385e-09 2.13056e-07 2.43963e-11 8 1 0.5 8
8.72e+07 1.38897e-09 2.00379e-07 2.99704e-11 6 1 0.5 6
8.73e+07 1.84577e-09 2.04393e-07 4.86908e-11 5 1 0.5 5
8.74e+07 1.49032e-09 2.03468e-07 3.25557e-11 6 1 0.5 6
8.75e+07 1.59015e-09 2.05874e-07 3.50705e-11 6 1 0.5 6
8.76e+07 2.31238e-09 2.01617e-07 1.01518e-10 3 1 0.5 3
8.77e+07 1.47421e-09 2.0384e-07 3.22477e-11 6 1 0.5 6
8.78e+07 1.50565e-09 2.09822e-07 2.24192e-11 9 1 0.5 9
8.79e+07 1.65033e-09 2.11437e-07 3.18368e-11 7 1 0.5 7
8.8e+07 1.58361e-09 2.09369e-07 1.76401e-11 12 1 0.5 12
8.81e+07 1.48848e-09 2.09526e-07 1.65873e-11 12 1 0.5 12
8.82e+07 1.41547e-09 2.04345e-07 2.32297e-11 8 1 0.5 8
8.83e+07 1.80945e-09 1.9712e-07 2.89052e-11 8 1 0.5 8
8.84e+07 1.35916e-09 2.09305e-07 2.59869e-11 7 1 0.5 7
8.85e+07 1.95808e-09 2.08145e-07 2.60916e-11 10 1 0.5 10
8.86e+07 7.9371e-10 2.07776e-07 1.75792e-11 6 1 0.5 6
8.87e+07 1.54792e-09 2.09698e-07 2.96576e-11 7 1 0.5 7
8.88e+07 1.70399e-09 2.01516e-07 2.01065e-11 11 1 0.5 11
8.89e+07 1.10437e-09 2.1419e-07 1.87901e-11 8 1 0.5 8
8.9e+07 1.63335e-09 2.08095e-07 2.72068e-11 8 1 0.5 8
8.91e+07 1.51344e-09 2.08929e-07 2.24601e-11 9 1 0.5 9
8.92e+07 1.46733e-09 2.08882e-07 2.80202e-11 7 1 0.5 7
8.93e+07 1.68948e-09 2.08365e-07 3.23977e-11 7 1 0.5 7
8.94e+07 1.32989e-09 2.08071e-07 1.96634e-11 9 1 0.5 9
8.95e+07 1.34456e-09 2.12002e-07 3.64201e-11 5 1 0.5 5
8.96e+07 1.79518e-09 2.10761e-07 6.07558e-11 4 1 0.5 4
8.97e+07 1.81589e-09 2.11818e-07 2.72625e-11 9 1 0.5 9
8.98e+07 1.40527e-09 2.16904e-07 2.417e-11 8 1 0.5 8
8.99e+07 1.64401e-09 2.08304e-07 2.19042e-11 10 1 0.5 10
9e+07 1.21196e-09 2.056e-07 1.77474e-11 9 1 0.5 9
9.01e+07 1.33458e-09 2.10908e-07 2.99691e-11 6 1 0.5 6
9.02e+07 1.55977e-09 2.04317e-07 3.41926e-11 6 1 0.5 6
9.03e+07 1.9459e-09 2.09167e-07 3.72567e-11 7 1 0.5 7
9.04e+07 1.80969e-09 2.09626e-07 4.8689e-11 5 1 0.5 5
9.05e+07 1.18448e-09 2.15914e-07 2.02859e-11 8 1 0.5 8
9.06e+07 1.39993e-09 2.05756e-07 2.6413e-11 7 1 0.5 7
9.07e+07 1.43834e-09 2.1029e-07 2.41436e-11 8 1 0.5 8
9.08e+07 1.11225e-09 2.12037e-07 1.0713e-11 14 1 0.5 14
9.09e+07 1.35828e-09 1.99911e-07 3.51396e-11 5 1 0.5 5
9.1e+07 1.57396e-09 2.05306e-07 2.96621e-11 7 1 0.5 7
9.11e+07 1.6584e-09 2.06949e-07 2.4437e-11 9 1 0.5 9
9.12e+07 1.4216e-09 2.03978e-07 3.73707e-11 5 1 0.5 5
9.13e+07 1.84441e-09 1.98387e-07 3.95552e-11 6 1 0.5 6
9.14e+07 1.53281e-09 2.02198e-07 1.66129e-11 12 1 0.5 12
9.15e+07 1.31136e-09 2.02049e-07 2.13259e-11 8 1 0.5 8
9.16e+07 1.59496e-09 2.05749e-07 2.10436e-11 10 1 0.5 10
9.17e+07 1.62233e-09 2.11584e-07 2.73782e-11 8 1 0.5 8
9.18e+07 1.60105e-09 2.14205e-07 2.42372e-11 9 1 0.5 9
9.19e+07 1.12856e-09 2.08277e-07 2.14784e-11 7 1 0.5 7
9.2e+07 1.61322e-09 2.12372e-07 2.73038e-11 8 1 0.5 8
9.21e+07 1.5752e-09 2.03838e-07 4.14147e-11 5 1 0.5 5
9.22e+07 1.67192e-09 2.04378e-07 1.82778e-11 12 1 0.5 12
9.23e+07 2.20651e-09 2.09652e-07 3.28922e-11 9 1 0.5 9
9.24e+07 1.28782e-09 2.05127e-07 2.11904e-11 8 1 0.5 8
9.25e+07 1.5849e-09 2.04725e-07 3.48012e-11 6 1 0.5 6
9.26e+07 1.35589e-09 2.14025e-07 1.67613e-11 11 1 0.5 11
9.27e+07 1.47223e-09 2.19056e-07 3.40838e-11 6 1 0.5 6
9.28e+07 1.55035e-09 2.04882e-07 4.09203e-11 5 1 0.5 5
9.29e+07 1.13985e-09 2.13764e-07 1.54817e-11 10 1 0.5 10
9.3e+07 1.18693e-09 2.13143e-07 2.68604e-11 6 1 0.5 6
9.31e+07 1.00322e-09 2.12647e-07 9.68295e-12 14 1 0.5 14
9.32e+07 1.35937e-09 1.94481e-07 2.4544e-11 7 1 0.5 7
9.33e+07 1.25012e-09 2.02157e-07 3.26087e-11 5 1 0.5 5
9.34e+07 2.05272e-09 2.03054e-07 2.98298e-11 9 1 0.5 9
9.35e+07 1.60615e-09 2.13507e-07 2.42522e-11 9 1 0.5 9
9.36e+07 1.76004e-09 2.10818e-07 2.96291e-11 8 1 0.5 8
9.37e+07 1.39246e-09 2.09898e-07 2.33361e-11 8 1 0.5 8
9.38e+07 1.29933e-09 2.19518e-07 2.57903e-11 7 1 0.5 7
9.39e+07 1.19532e-09 2.05554e-07 1.75001e-11 9 1 0.5 9
9.4e+07 1.48039e-09 2.07045e-07 1.40027e-11 14 1 0.5 14
9.41e+07 1.24433e-09 2.14359e-07 1.69559e-11 10 1 0.5 10
9.42e+07 1.33357e-09 2.15618e-07 3.04728e-11 6 1 0.5 6
9.43e+07 1.83334e-09 1.97889e-07 3.35998e-11 7 1 0.5 7
9.44e+07 1.32886e-09 1.99677e-07 2.85889e-11 6 1 0.5 6
9.45e+07 1.3376e-09 2.15495e-07 2.28833e-11 8 1 0.5 8
9.46e+07 1.7472e-09 2.03717e-07 1.90551e-11 12 1 0.5 12
9.47e+07 1.65382e-09 2.06197e-07 1.82052e-11 12 1 0.5 12
9.48e+07 2.07979e-09 1.9731e-07 4.44526e-11 6 1 0.5 6
9.49e+07 8.10237e-10 1.99454e-07 1.30266e-11 8 1 0.5 8
9.5e+07 1.16241e-09 2.11314e-07 1.95712e-11 8 1 0.5 8
9.51e+07 1.92873e-09 2.04287e-07 6.37405e-11 4 1 0.5 4
9.52e+07 1.27414e-09 2.12579e-07 2.15604e-11 8 1 0.5 8
9.53e+07 1.00248e-09 2.05374e-07 1.64977e-11 8 1 0.5 8
9.54e+07 1.61306e-09 2.05262e-07 1.93059e-11 11 1 0.5 11
9.55e+07 1.447e-09 2.09952e-07 3.23912e-11 6 1 0.5 6
9.56e+07 1.60087e-09 2.12848e-07 1.36998e-11 16 1 0.5 16
9.57e+07 1.40821e-09 2.07539e-07 2.67502e-11 7 1 0.5 7
9.58e+07 1.10169e-09 2.08224e-07 2.09609e-11 7 1 0.5 7
9.59e+07 1.33401e-09 2.08855e-07 2.22656e-11 8 1 0.5 8
9.6e+07 1.2097e-09 2.10855e-07 3.2607e-11 5 1 0.5 5
9.61e+07 1.23724e-09 2.06138e-07 1.8156e-11 9 1 0.5 9
9.62e+07 1.12942e-09 2.08596e-07 1.50471e-11 10 1 0.5 10
9.63e+07 1.14793e-09 2.07058e-07 1.382e-11 11 1 0.5 11
9.64e+07 1.59809e-09 2.18627e-07 3.165e-11 7 1 0.5 7
9.65e+07 1.20245e-09 2.14258e-07 2.73257e-11 6 1 0.5 6
9.66e+07 1.42426e-09 2.11489e-07 3.2063e-11 6 1 0.5 6
9.67e+07 2.01412e-09 2.12306e-07 4.55831e-11 6 1 0.5 6
9.68e+07 1.95204e-09 1.99643e-07 4.20863e-11 6 1 0.5 6
9.69e+07 1.36443e-09 2.1348e-07 5.70084e-11 6 1 0.5 6
9.7e+07 1.582e-09 2.05506e-07 2.60901e-11 8 1 0.5 8
9.71e+07 1.52959e-09 1.98923e-07 2.81201e-11 7 1 0.5 7
9.72e+07 1.78571e-09 1.96121e-07 4.56003e-11 5 1 0.5 5
9.73e+07 1.30605e-09 2.0378e-07 2.85449e-11 6 1 0.5 6
9.74e+07 1.49056e-09 2.04087e-07 1.50164e-11 13 1 0.5 13
9.75e+07 1.38802e-09 2.07212e-07 3.69347e-11 5 1 0.5 5
9.76e+07 1.89371e-09 2.02835e-07 4.97394e-11 5 1 0.5 5
9.77e+07 1.54437e-09 2.04197e-07 4.06545e-11 5 1 0.5 5
9.78e+07 1.62782e-09 1.98463e-07 3.4893e-11 6 1 0.5 6
9.79e+07 1.4994e-09 2.10438e-07 1.82956e-11 11 1 0.5 11
9.8e+07 1.47166e-09 2.08416e-07 1.78203e-11 11 1 0.5 11
9.81e+07 1.44023e-09 2.11752e-07 1.2128e-11 16 1 0.5 16
9.82e+07 2.29533e-09 2.09561e-07 3.85175e-11 8 1 0.5 8
9.83e+07 1.5683e-09 2.02671e-07 1.45906e-11 14 1 0.5 14
9.84e+07 1.86961e-09 2.08317e-07 5.00779e-11 5 1 0.5 5
9.85e+07 1.36142e-09 2.18714e-07 3.78e-11 5 1 0.5 5
9.86e+07 1.65577e-09 2.01681e-07 3.59435e-11 6 1 0.5 6
9.87e+07 1.52661e-09 2.00483e-07 1.79351e-11 11 1 0.5 11
9.88e+07 1.54857e-09 2.06973e-07 1.86526e-11 11 1 0.5 11
9.89e+07 1.28681e-09 2.13001e-07 2.18097e-11 8 1 0.5 8
9.9e+07 1.39068e-09 2.01002e-07 2.0017e-11 9 1 0.5 9
9.91e+07 1.48694e-09 2.15219e-07 2.54232e-11 8 1 0.5 8
9.92e+07 1.12022e-09 2.11334e-07 1.50779e-11 10 1 0.5 10
9.93e+07 1.34117e-09 2.04699e-07 1.4671e-11 12 1 0.5 12
9.94e+07 1.69596e-09 2.0742e-07 3.76394e-11 6 1 0.5 6
9.95e+07 1.66425e-09 2.07051e-07 1.83798e-11 12 1 0.5 12
9.96e+07 2.084e-09 2.19181e-07 5.81587e-11 5 1 0.5 5
9.97e+07 1.61065e-09 2.09872e-07 1.79762e-11 12 1 0.5 12
9.98e+07 1.60224e-09 2.05749e-07 2.34987e-11 9 1 0.5 9
9.99e+07 1.7104e-09 2.08908e-07 2.85838e-11 8 1 0.5 8
1e+08 1.49189e-09 2.10033e-07 2.2231e-11 9 1 0.5 9
