0 1.50659e-09 2.07143e-07 1.91083e-11 11 1 0.5 11
100000 1.33181e-09 2.1876e-07 2.62384e-11 11 1 0.5 11
200000 1.63376e-09 2.08941e-07 4.38073e-11 5 1 0.5 5
300000 1.28004e-09 2.07604e-07 1.30645e-11 13 1 0.5 13
400000 1.71356e-09 2.06478e-07 5.70367e-11 4 1 0.5 4
500000 1.44783e-09 2.08868e-07 1.60932e-11 12 1 0.5 12
600000 1.93896e-09 2.05379e-07 5.1364e-11 5 1 0.5 5
700000 1.67712e-09 2.09033e-07 2.0364e-11 11 1 0.5 11
800000 1.43884e-09 2.06938e-07 3.18439e-11 6 1 0.5 6
900000 1.62671e-09 2.11762e-07 3.66864e-11 6 1 0.5 6
1e+06 1.35199e-09 2.13408e-07 3.68139e-11 5 1 0.5 5
1.1e+06 1.19852e-09 2.173e-07 1.83316e-11 9 1 0.5 9
1.2e+06 1.40076e-09 2.07081e-07 2.32279e-11 8 1 0.5 8
1.3e+06 1.38812e-09 2.02165e-07 2.58312e-11 7 1 0.5 7
1.4e+06 1.60006e-09 2.14119e-07 2.72558e-11 8 1 0.5 8
1.5e+06 1.2264e-09 1.93804e-07 3.0956e-11 5 1 0.5 5
1.6e+06 1.11584e-09 2.12471e-07 1.67631e-11 9 1 0.5 9
1.7e+06 1.80502e-09 2.06617e-07 2.3905e-11 10 1 0.5 10
1.8e+06 1.36636e-09 1.99931e-07 2.94288e-11 6 1 0.5 6
1.9e+06 1.19035e-09 2.17515e-07 2.05062e-11 8 1 0.5 8
2e+06 2.25171e-09 1.93898e-07 7.15914e-11 4 1 0.5 4
2.1e+06 1.28457e-09 2.04831e-07 1.05363e-11 16 1 0.5 16
2.2e+06 1.27355e-09 2.11878e-07 2.86954e-11 6 1 0.5 6
2.3e+06 1.5463e-09 1.97785e-07 2.83023e-11 7 1 0.5 7
2.4e+06 1.71515e-09 2.01484e-07 2.78627e-11 8 1 0.5 8
2.5e+06 1.10571e-09 2.17881e-07 1.69439e-11 9 1 0.5 9
2.6e+06 1.44167e-09 2.05652e-07 2.11275e-11 9 1 0.5 9
2.7e+06 1.29094e-09 2.11474e-07 2.48778e-11 7 1 0.5 7
2.8e+06 1.16202e-09 2.05239e-07 1.91219e-11 8 1 0.5 8
2.9e+06 1.39425e-09 2.11264e-07 3.13577e-11 6 1 0.5 6
3e+06 1.39077e-09 2.16467e-07 1.90894e-11 10 1 0.5 10
3.1e+06 1.50401e-09 2.06003e-07 2.84129e-11 7 1 0.5 7
3.2e+06 1.34884e-09 2.20043e-07 1.70441e-11 11 1 0.5 11
3.3e+06 1.58041e-09 2.08012e-07 3.00917e-11 7 1 0.5 7
3.4e+06 1.45001e-09 2.04444e-07 3.81905e-11 5 1 0.5 5
3.5e+06 1.31969e-09 2.18354e-07 1.82356e-11 10 1 0.5 10
3.6e+06 1.52096e-09 2.12297e-07 3.4356e-11 6 1 0.5 6
3.7e+06 1.53336e-09 2.13359e-07 2.08142e-11 10 1 0.5 10
3.8e+06 1.03514e-09 1.98732e-07 1.20667e-11 11 1 0.5 11
3.9e+06 1.76594e-09 2.06198e-07 3.90214e-11 6 1 0.5 6
4e+06 1.06103e-09 2.12966e-07 1.7969e-11 8 1 0.5 8
4.1e+06 1.48888e-09 2.04514e-07 2.79664e-11 7 1 0.5 7
4.2e+06 1.76057e-09 2.09204e-07 3.93469e-11 6 1 0.5 6
4.3e+06 1.80328e-09 2.0477e-07 4.76295e-11 5 1 0.5 5
4.4e+06 1.33738e-09 2.07676e-07 2.5412e-11 7 1 0.5 7
4.5e+06 1.99872e-09 2.0964e-07 4.47831e-11 6 1 0.5 6
4.6e+06 1.5807e-09 2.02413e-07 2.05899e-11 10 1 0.5 10
4.7e+06 1.201e-09 1.969e-07 2.55469e-11 6 1 0.5 6
4.8e+06 1.2534e-09 1.99732e-07 1.24117e-11 13 1 0.5 13
4.9e+06 1.7862e-09 2.04261e-07 1.95225e-11 12 1 0.5 12
5e+06 1.48975e-09 2.05866e-07 1.96595e-11 10 1 0.5 10
5.1e+06 2.41518e-09 2.10087e-07 4.64729e-11 7 1 0.5 7
5.2e+06 1.45055e-09 2.03862e-07 1.72626e-11 11 1 0.5 11
5.3e+06 1.18071e-09 2.12435e-07 1.06296e-11 15 1 0.5 15
5.4e+06 1.43264e-09 2.09015e-07 1.913e-11 10 1 0.5 10
5.5e+06 1.98517e-09 2.01917e-07 6.50291e-11 4 1 0.5 4
5.6e+06 1.3176e-09 2.01153e-07 2.85086e-11 6 1 0.5 6
5.7e+06 1.59874e-09 2.15775e-07 3.13351e-11 7 1 0.5 7
5.8e+06 1.54048e-09 2.09452e-07 2.57845e-11 8 1 0.5 8
5.9e+06 1.70275e-09 2.1761e-07 2.61076e-11 9 1 0.5 9
6e+06 1.20555e-09 2.11585e-07 2.03205e-11 8 1 0.5 8
6.1e+06 1.56596e-09 2.10664e-07 2.33943e-11 9 1 0.5 9
6.2e+06 1.35215e-09 2.01102e-07 1.7515e-11 10 1 0.5 10
6.3e+06 1.08061e-09 2.11473e-07 1.4551e-11 10 1 0.5 10
6.4e+06 1.52385e-09 2.09319e-07 2.54922e-11 8 1 0.5 8
6.5e+06 1.41229e-09 2.00001e-07 2.60635e-11 7 1 0.5 7
6.6e+06 1.6615e-09 2.1069e-07 3.73264e-11 6 1 0.5 6
6.7e+06 1.68327e-09 2.05998e-07 2.78203e-11 8 1 0.5 8
6.8e+06 1.9901e-09 2.01027e-07 1.84096e-11 14 1 0.5 14
6.9e+06 9.64421e-10 1.98888e-07 1.76963e-11 7 1 0.5 7
7e+06 1.5237e-09 2.11389e-07 2.28222e-11 9 1 0.5 9
7.1e+06 1.20574e-09 2.12635e-07 2.04032e-11 8 1 0.5 8
7.2e+06 9.74601e-10 2.18637e-07 1.2243e-11 11 1 0.5 11
7.3e+06 1.88567e-09 1.92688e-07 3.95417e-11 6 1 0.5 6
7.4e+06 1.34625e-09 2.0093e-07 1.58379e-11 11 1 0.5 11
7.5e+06 1.32121e-09 2.08936e-07 2.20577e-11 8 1 0.5 8
7.6e+06 1.5193e-09 2.05857e-07 2.86871e-11 7 1 0.5 7
7.7e+06 1.25587e-09 2.01433e-07 2.32944e-11 7 1 0.5 7
7.8e+06 1.19088e-09 2.02652e-07 2.59043e-11 6 1 0.5 6
7.9e+06 1.02018e-09 2.10559e-07 1.36886e-11 10 1 0.5 10
8e+06 1.54409e-09 2.10627e-07 2.59592e-11 8 1 0.5 8
8.1e+06 1.74652e-09 1.98487e-07 5.63767e-11 4 1 0.5 4
8.2e+06 1.5077e-09 2.10072e-07 2.89237e-11 7 1 0.5 7
8.3e+06 1.39078e-09 1.97128e-07 1.97178e-11 9 1 0.5 9
8.4e+06 1.27439e-09 2.11395e-07 1.90764e-11 9 1 0.5 9
8.5e+06 1.572e-09 2.15446e-07 4.31715e-11 5 1 0.5 5
8.6e+06 1.69982e-09 2.10608e-07 3.26953e-11 7 1 0.5 7
8.7e+06 1.5975e-09 2.11561e-07 3.08265e-11 7 1 0.5 7
8.8e+06 2.05098e-09 2.02975e-07 4.48113e-11 6 1 0.5 6
8.9e+06 1.45347e-09 2.05246e-07 1.59359e-11 12 1 0.5 12
9e+06 1.37552e-09 1.96393e-07 1.45701e-11 12 1 0.5 12
9.1e+06 1.90762e-09 2.13092e-07 3.70586e-11 7 1 0.5 7
9.2e+06 1.61234e-09 1.97672e-07 5.18412e-11 4 1 0.5 4
9.3e+06 1.40507e-09 2.10789e-07 2.3627e-11 8 1 0.5 8
9.4e+06 1.39858e-09 2.17168e-07 1.74911e-11 11 1 0.5 11
9.5e+06 1.08852e-09 2.14458e-07 1.64722e-11 9 1 0.5 9
9.6e+06 1.24137e-09 2.06115e-07 1.63883e-11 10 1 0.5 10
9.7e+06 1.78024e-09 2.04717e-07 2.34056e-11 10 1 0.5 10
9.8e+06 1.79844e-09 2.08876e-07 2.18297e-11 11 1 0.5 11
9.9e+06 1.255e-09 2.16242e-07 1.72061e-11 10 1 0.5 10
1e+07 1.57233e-09 2.05442e-07 4.15933e-11 5 1 0.5 5
1.01e+07 1.69657e-09 2.09386e-07 2.26994e-11 10 1 0.5 10
1.02e+07 1.48537e-09 2.02752e-07 1.48875e-11 13 1 0.5 13
1.03e+07 1.39087e-09 2.07758e-07 2.31224e-11 8 1 0.5 8
1.04e+07 1.20179e-09 2.08856e-07 2.00512e-11 8 1 0.5 8
1.05e+07 9.61349e-10 2.02552e-07 2.08856e-11 6 1 0.5 6
1.06e+07 1.52162e-09 2.1275e-07 2.94851e-11 7 1 0.5 7
1.07e+07 1.33558e-09 2.15794e-07 3.05386e-11 6 1 0.5 6
1.08e+07 1.46893e-09 2.03096e-07 2.1319e-11 9 1 0.5 9
1.09e+07 1.41204e-09 2.0735e-07 2.68042e-11 7 1 0.5 7
1.1e+07 1.43546e-09 2.01094e-07 1.54888e-11 12 1 0.5 12
1.11e+07 1.36911e-09 2.07075e-07 1.51133e-11 12 1 0.5 12
1.12e+07 1.04911e-09 2.10937e-07 2.01611e-11 7 1 0.5 7
1.13e+07 1.44057e-09 2.0555e-07 4.77075e-11 4 1 0.5 4
1.14e+07 1.61466e-09 2.2375e-07 2.27647e-11 10 1 0.5 10
1.15e+07 1.44292e-09 2.13698e-07 1.63299e-11 12 1 0.5 12
1.16e+07 2.05126e-09 2.01632e-07 4.45852e-11 6 1 0.5 6
1.17e+07 2.03162e-09 2.00083e-07 3.75779e-11 7 1 0.5 7
1.18e+07 1.59514e-09 2.08115e-07 2.65694e-11 8 1 0.5 8
1.19e+07 1.08588e-09 2.06199e-07 2.8745e-11 5 1 0.5 5
1.2e+07 2.21608e-09 2.03128e-07 7.34604e-11 4 1 0.5 4
1.21e+07 1.39302e-09 2.03894e-07 2.02755e-11 9 1 0.5 9
1.22e+07 1.67472e-09 2.05593e-07 2.76356e-11 8 1 0.5 8
1.23e+07 2.11548e-09 2.07671e-07 5.65764e-11 5 1 0.5 5
1.24e+07 1.66499e-09 2.11926e-07 4.51531e-11 5 1 0.5 5
1.25e+07 1.75846e-09 2.0319e-07 2.29831e-11 10 1 0.5 10
1.26e+07 1.45754e-09 2.09547e-07 2.79019e-11 7 1 0.5 7
1.27e+07 1.4703e-09 2.04922e-07 4.85835e-11 4 1 0.5 4
1.28e+07 1.14136e-09 2.11812e-07 1.92513e-11 8 1 0.5 8
1.29e+07 1.40884e-09 2.03731e-07 1.67572e-11 11 1 0.5 11
1.3e+07 1.27487e-09 2.0557e-07 2.40268e-11 7 1 0.5 7
1.31e+07 1.43521e-09 2.03109e-07 1.3372e-11 14 1 0.5 14
1.32e+07 1.37497e-09 2.07563e-07 1.82574e-11 10 1 0.5 10
1.33e+07 1.71311e-09 1.97773e-07 3.66333e-11 6 1 0.5 6
1.34e+07 1.47121e-09 2.06572e-07 3.9068e-11 5 1 0.5 5
1.35e+07 1.21209e-09 2.12418e-07 2.73589e-11 6 1 0.5 6
1.36e+07 1.41213e-09 2.10975e-07 1.72621e-11 11 1 0.5 11
1.37e+07 1.69283e-09 2.02923e-07 3.69297e-11 6 1 0.5 6
1.38e+07 1.23692e-09 2.12073e-07 1.66989e-11 10 1 0.5 10
1.39e+07 2.04247e-09 1.96926e-07 2.89795e-11 9 1 0.5 9
1.4e+07 1.42058e-09 2.04398e-07 1.03397e-11 18 1 0.5 18
1.41e+07 1.48063e-09 2.05492e-07 3.25942e-11 6 1 0.5 6
1.42e+07 1.33559e-09 2.00188e-07 1.72387e-11 10 1 0.5 10
1.43e+07 1.30672e-09 2.05639e-07 2.46359e-11 7 1 0.5 7
1.44e+07 1.42124e-09 2.00777e-07 1.83896e-11 10 1 0.5 10
1.45e+07 1.11358e-09 2.16325e-07 1.38757e-11 11 1 0.5 11
1.46e+07 1.13721e-09 2.05375e-07 1.49675e-11 10 1 0.5 10
1.47e+07 1.31899e-09 2.00841e-07 2.13504e-11 8 1 0.5 8
1.48e+07 1.40414e-09 2.18619e-07 2.43017e-11 8 1 0.5 8
1.49e+07 1.44331e-09 2.02421e-07 2.3514e-11 8 1 0.5 8
1.5e+07 1.26376e-09 2.05252e-07 2.37877e-11 7 1 0.5 7
1.51e+07 1.44449e-09 2.0843e-07 2.13929e-11 9 1 0.5 9
1.52e+07 1.83035e-09 2.11113e-07 2.74084e-11 9 1 0.5 9
1.53e+07 1.0472e-09 2.0795e-07 2.79004e-11 5 1 0.5 5
1.54e+07 1.96185e-09 1.99962e-07 3.62623e-11 7 1 0.5 7
1.55e+07 1.87817e-09 2.10425e-07 3.1582e-11 8 1 0.5 8
1.56e+07 1.189e-09 2.13065e-07 2.01511e-11 8 1 0.5 8
1.57e+07 1.56614e-09 1.97593e-07 2.00205e-11 10 1 0.5 10
1.58e+07 1.40418e-09 2.21147e-07 2.45253e-11 8 1 0.5 8
1.59e+07 1.52478e-09 2.05127e-07 4.02782e-11 5 1 0.5 5
1.6e+07 1.57659e-09 2.10256e-07 5.31901e-11 4 1 0.5 4
1.61e+07 1.64695e-09 2.07097e-07 2.7331e-11 8 1 0.5 8
1.62e+07 1.12991e-09 2.08938e-07 1.88539e-11 8 1 0.5 8
1.63e+07 1.61546e-09 2.01658e-07 3.00244e-11 7 1 0.5 7
1.64e+07 8.60364e-10 2.13971e-07 1.1687e-11 10 1 0.5 10
1.65e+07 1.36282e-09 2.11582e-07 2.04188e-11 9 1 0.5 9
1.66e+07 1.64061e-09 2.00656e-07 3.03761e-11 7 1 0.5 7
1.67e+07 1.63219e-09 2.11756e-07 2.44875e-11 9 1 0.5 9
1.68e+07 1.39836e-09 2.05089e-07 2.63162e-11 7 1 0.5 7
1.69e+07 1.56626e-09 2.01026e-07 2.90343e-11 7 1 0.5 7
1.7e+07 1.30713e-09 2.08048e-07 2.90361e-11 6 1 0.5 6
1.71e+07 1.31668e-09 2.15697e-07 3.61501e-11 5 1 0.5 5
1.72e+07 1.2336e-09 2.05732e-07 1.80745e-11 9 1 0.5 9
1.73e+07 1.28447e-09 2.1114e-07 1.92095e-11 9 1 0.5 9
1.74e+07 1.61005e-09 2.08986e-07 2.15053e-11 10 1 0.5 10
1.75e+07 1.60001e-09 2.03651e-07 2.32783e-11 9 1 0.5 9
1.76e+07 1.79689e-09 2.10269e-07 4.03252e-11 6 1 0.5 6
1.77e+07 1.66712e-09 2.035e-07 2.72901e-11 8 1 0.5 8
1.78e+07 1.30486e-09 2.10416e-07 2.92446e-11 6 1 0.5 6
1.79e+07 1.64953e-09 2.11438e-07 4.46494e-11 5 1 0.5 5
1.8e+07 1.5772e-09 2.10915e-07 2.3585e-11 9 1 0.5 9
1.81e+07 1.73144e-09 2.12237e-07 2.60296e-11 9 1 0.5 9
1.82e+07 1.22623e-09 2.02694e-07 1.45211e-11 11 1 0.5 11
1.83e+07 1.51313e-09 2.06044e-07 4.01085e-11 5 1 0.5 5
1.84e+07 1.29679e-09 1.99481e-07 3.94577e-11 9 1 0.5 9
1.85e+07 1.09337e-09 2.07499e-07 2.07452e-11 7 1 0.5 7
1.86e+07 1.09337e-09 2.13451e-07 1.14021e-11 13 1 0.5 13
1.87e+07 1.51317e-09 2.14873e-07 2.58409e-11 8 1 0.5 8
1.88e+07 1.14709e-09 2.04528e-07 1.67263e-11 9 1 0.5 9
1.89e+07 1.83078e-09 1.95081e-07 1.44681e-11 16 1 0.5 16
1.9e+07 2.04388e-09 2.09311e-07 4.57462e-11 6 1 0.5 6
1.91e+07 1.6002e-09 2.09927e-07 2.3842e-11 9 1 0.5 9
1.92e+07 1.29087e-09 2.07374e-07 1.5564e-11 11 1 0.5 11
1.93e+07 1.81018e-09 2.00967e-07 2.60783e-11 9 1 0.5 9
1.94e+07 1.1129e-09 2.11358e-07 2.50117e-11 6 1 0.5 6
1.95e+07 9.89901e-10 2.12411e-07 1.48631e-11 9 1 0.5 9
1.96e+07 1.19104e-09 1.98183e-07 1.90739e-11 8 1 0.5 8
1.97e+07 1.4578e-09 2.0284e-07 3.17645e-11 6 1 0.5 6
1.98e+07 1.59077e-09 1.99733e-07 2.98145e-11 9 1 0.5 9
1.99e+07 1.52347e-09 2.06912e-07 3.37242e-11 6 1 0.5 6
2e+07 1.50029e-09 2.0236e-07 2.79495e-11 7 1 0.5 7
2.01e+07 1.30684e-09 2.03375e-07 2.44258e-11 7 1 0.5 7
2.02e+07 1.58006e-09 2.11906e-07 2.37154e-11 9 1 0.5 9
2.03e+07 1.18315e-09 2.00363e-07 1.27244e-11 12 1 0.5 12
2.04e+07 1.24755e-09 2.07776e-07 2.37072e-11 7 1 0.5 7
2.05e+07 1.93605e-09 2.11784e-07 4.37182e-11 6 1 0.5 6
2.06e+07 1.23985e-09 2.1342e-07 1.86977e-11 9 1 0.5 9
2.07e+07 1.28941e-09 2.21332e-07 2.00163e-11 9 1 0.5 9
2.08e+07 1.25529e-09 2.08947e-07 1.52239e-11 11 1 0.5 11
2.09e+07 1.37303e-09 2.13518e-07 1.69421e-11 11 1 0.5 11
2.1e+07 1.26658e-09 2.14919e-07 2.16179e-11 8 1 0.5 8
2.11e+07 1.19083e-09 2.08359e-07 1.98306e-11 8 1 0.5 8
2.12e+07 1.92462e-09 2.00405e-07 3.56315e-11 7 1 0.5 7
2.13e+07 1.61569e-09 1.97627e-07 2.58479e-11 8 1 0.5 8
2.14e+07 1.53839e-09 1.97853e-07 1.78893e-11 11 1 0.5 11
2.15e+07 1.7519e-09 2.06988e-07 3.32463e-11 7 1 0.5 7
2.16e+07 1.48132e-09 2.11561e-07 5.01931e-11 4 1 0.5 4
2.17e+07 1.30777e-09 2.06103e-07 2.16001e-11 8 1 0.5 8
2.18e+07 1.15131e-09 2.08491e-07 9.57353e-12 16 1 0.5 16
2.19e+07 1.70842e-09 2.11414e-07 2.30327e-11 10 1 0.5 10
2.2e+07 1.52397e-09 2.08427e-07 2.54088e-11 8 1 0.5 8
2.21e+07 1.50272e-09 2.06706e-07 2.84642e-11 7 1 0.5 7
2.22e+07 2.04699e-09 2.13598e-07 5.59574e-11 5 1 0.5 5
2.23e+07 1.88133e-09 1.92051e-07 3.93494e-11 6 1 0.5 6
2.24e+07 1.94591e-09 2.03996e-07 5.12772e-11 5 1 0.5 5
2.25e+07 1.31815e-09 2.01507e-07 2.44615e-11 7 1 0.5 7
2.26e+07 1.90627e-09 2.13447e-07 7.96811e-11 7 1 0.5 7
2.27e+07 1.3423e-09 2.0559e-07 1.47333e-11 12 1 0.5 12
2.28e+07 1.23722e-09 1.99744e-07 4.0357e-11 7 1 0.5 7
2.29e+07 1.61905e-09 2.00766e-07 2.99875e-11 7 1 0.5 7
2.3e+07 1.65781e-09 2.08354e-07 3.16141e-11 7 1 0.5 7
2.31e+07 1.23752e-09 2.02667e-07 2.01689e-11 8 1 0.5 8
2.32e+07 2.13276e-09 2.00657e-07 2.76263e-11 10 1 0.5 10
2.33e+07 1.61974e-09 2.07077e-07 3.07356e-11 7 1 0.5 7
2.34e+07 1.25887e-09 2.00358e-07 1.80686e-11 9 1 0.5 9
2.35e+07 1.44939e-09 2.01965e-07 3.14741e-11 6 1 0.5 6
2.36e+07 1.07969e-09 1.9921e-07 1.15574e-11 12 1 0.5 12
2.37e+07 1.4469e-09 2.05802e-07 2.38799e-11 8 1 0.5 8
2.38e+07 1.35642e-09 2.04716e-07 2.97579e-11 6 1 0.5 6
2.39e+07 1.53544e-09 2.07563e-07 5.12672e-11 4 1 0.5 4
2.4e+07 1.12933e-09 2.04027e-07 1.84965e-11 8 1 0.5 8
2.41e+07 1.34636e-09 2.06066e-07 2.96883e-11 6 1 0.5 6
2.42e+07 1.21181e-09 2.10507e-07 2.32628e-11 7 1 0.5 7
2.43e+07 1.03554e-09 1.97272e-07 1.46772e-11 9 1 0.5 9
2.44e+07 1.64895e-09 2.14288e-07 3.21481e-11 7 1 0.5 7
2.45e+07 1.50255e-09 2.16164e-07 2.29047e-11 9 1 0.5 9
2.46e+07 1.2389e-09 2.03872e-07 3.25281e-11 5 1 0.5 5
2.47e+07 1.40362e-09 2.08434e-07 2.33949e-11 8 1 0.5 8
2.48e+07 1.61883e-09 2.03364e-07 2.64821e-11 8 1 0.5 8
2.49e+07 1.45006e-09 1.97353e-07 1.32117e-11 14 1 0.5 14
2.5e+07 1.73661e-09 2.0292e-07 1.74243e-11 13 1 0.5 13
2.51e+07 2.05274e-09 2.02002e-07 5.37034e-11 5 1 0.5 5
2.52e+07 1.34958e-09 2.0175e-07 4.40244e-11 4 1 0.5 4
2.53e+07 2.28668e-09 1.99136e-07 3.68671e-11 8 1 0.5 8
2.54e+07 1.50088e-09 2.09666e-07 3.35684e-11 6 1 0.5 6
2.55e+07 1.62686e-09 2.05821e-07 1.78819e-11 12 1 0.5 12
2.56e+07 1.3175e-09 2.17572e-07 1.81537e-11 10 1 0.5 10
2.57e+07 1.49743e-09 2.11227e-07 2.24137e-11 9 1 0.5 9
2.58e+07 1.43182e-09 2.07715e-07 2.7219e-11 7 1 0.5 7
2.59e+07 1.60187e-09 2.09864e-07 6.74014e-11 4 1 0.5 4
2.6e+07 1.18182e-09 2.03169e-07 1.92954e-11 8 1 0.5 8
2.61e+07 1.74248e-09 2.10809e-07 3.91751e-11 6 1 0.5 6
2.62e+07 1.1762e-09 2.11177e-07 2.6423e-11 6 1 0.5 6
2.63e+07 1.99654e-09 2.07914e-07 2.65833e-11 10 1 0.5 10
2.64e+07 1.81803e-09 2.05687e-07 3.43383e-11 7 1 0.5 7
2.65e+07 1.70961e-09 1.99957e-07 2.00513e-11 11 1 0.5 11
2.66e+07 1.99228e-09 2.11364e-07 3.36295e-11 8 1 0.5 8
2.67e+07 1.35498e-09 2.1065e-07 4.57231e-11 4 1 0.5 4
2.68e+07 1.71913e-09 1.98505e-07 3.15716e-11 7 1 0.5 7
2.69e+07 1.52787e-09 2.07429e-07 2.90224e-11 7 1 0.5 7
2.7e+07 1.27863e-09 2.02534e-07 2.78094e-11 6 1 0.5 6
2.71e+07 1.7289e-09 2.00871e-07 2.23938e-11 10 1 0.5 10
2.72e+07 1.22369e-09 2.0337e-07 4.01397e-11 4 1 0.5 4
2.73e+07 1.39529e-09 2.01667e-07 2.26626e-11 8 1 0.5 8
2.74e+07 2.15146e-09 2.17388e-07 4.30115e-11 8 1 0.5 8
2.75e+07 1.34479e-09 2.08071e-07 3.58939e-11 5 1 0.5 5
2.76e+07 1.59777e-09 2.05422e-07 2.63429e-11 8 1 0.5 8
2.77e+07 1.30962e-09 2.05239e-07 1.72344e-11 10 1 0.5 10
2.78e+07 2.03308e-09 2.04987e-07 4.47619e-11 6 1 0.5 6
2.79e+07 1.5597e-09 2.14326e-07 1.76963e-11 12 1 0.5 12
2.8e+07 1.87022e-09 2.06704e-07 2.06353e-11 12 1 0.5 12
2.81e+07 1.36686e-09 2.03465e-07 2.23534e-11 8 1 0.5 8
2.82e+07 1.41272e-09 2.09309e-07 3.15436e-11 6 1 0.5 6
2.83e+07 1.50574e-09 2.09105e-07 2.51677e-11 8 1 0.5 8
2.84e+07 1.29858e-09 2.02522e-07 2.8244e-11 6 1 0.5 6
2.85e+07 1.70914e-09 1.98479e-07 3.66493e-11 6 1 0.5 6
2.86e+07 2.1945e-09 2.13643e-07 4.99475e-11 6 1 0.5 6
2.87e+07 1.82182e-09 2.01536e-07 1.97053e-11 12 1 0.5 12
2.88e+07 1.105e-09 2.09198e-07 1.13425e-11 13 1 0.5 13
2.89e+07 1.85772e-09 2.06202e-07 4.10642e-11 6 1 0.5 6
2.9e+07 1.60142e-09 2.09684e-07 3.58332e-11 6 1 0.5 6
2.91e+07 1.76039e-09 2.08907e-07 2.6139e-11 9 1 0.5 9
2.92e+07 1.62251e-09 1.97975e-07 3.4712e-11 6 1 0.5 6
2.93e+07 1.40347e-09 2.08191e-07 1.69778e-11 11 1 0.5 11
2.94e+07 1.06803e-09 2.05906e-07 2.0141e-11 7 1 0.5 7
2.95e+07 1.31916e-09 2.16122e-07 1.38981e-11 13 1 0.5 13
2.96e+07 1.85567e-09 2.06506e-07 3.07439e-11 8 1 0.5 8
2.97e+07 2.29121e-09 2.07202e-07 7.67257e-11 4 1 0.5 4
2.98e+07 1.35266e-09 2.08372e-07 2.25369e-11 8 1 0.5 8
2.99e+07 1.27711e-09 2.19637e-07 3.55638e-11 5 1 0.5 5
3e+07 1.43816e-09 2.04972e-07 2.70566e-11 7 1 0.5 7
3.01e+07 1.24922e-09 2.11765e-07 2.81327e-11 6 1 0.5 6
3.02e+07 1.40996e-09 1.97861e-07 1.80368e-11 10 1 0.5 10
3.03e+07 1.55847e-09 2.07598e-07 3.45934e-11 6 1 0.5 6
3.04e+07 9.04581e-10 2.11099e-07 9.34822e-12 13 1 0.5 13
3.05e+07 1.22781e-09 2.05356e-07 2.31175e-11 7 1 0.5 7
3.06e+07 1.18932e-09 2.03789e-07 2.59833e-11 6 1 0.5 6
3.07e+07 1.80696e-09 1.99537e-07 4.67712e-11 5 1 0.5 5
3.08e+07 1.16061e-09 2.08369e-07 1.93264e-11 8 1 0.5 8
3.09e+07 1.89975e-09 2.06574e-07 4.20592e-11 6 1 0.5 6
3.1e+07 1.2649e-09 2.13999e-07 2.15162e-11 8 1 0.5 8
3.11e+07 1.5116e-09 2.05075e-07 1.4192e-11 14 1 0.5 14
3.12e+07 1.44411e-09 2.01396e-07 2.34341e-11 8 1 0.5 8
3.13e+07 1.37041e-09 2.08606e-07 2.03055e-11 9 1 0.5 9
3.14e+07 1.07603e-09 2.03975e-07 1.40848e-11 10 1 0.5 10
3.15e+07 2.05727e-09 2.00049e-07 2.04246e-11 13 1 0.5 13
3.16e+07 1.08369e-09 2.06446e-07 1.79111e-11 8 1 0.5 8
3.17e+07 1.33943e-09 1.95069e-07 2.83002e-11 6 1 0.5 6
3.18e+07 1.46192e-09 2.07728e-07 2.15946e-11 9 1 0.5 9
3.19e+07 1.38394e-09 2.04745e-07 2.60094e-11 7 1 0.5 7
3.2e+07 1.48453e-09 1.98077e-07 1.18657e-11 16 1 0.5 16
3.21e+07 1.43036e-09 1.99276e-07 2.6324e-11 7 1 0.5 7
3.22e+07 9.70064e-10 2.10953e-07 1.18464e-11 11 1 0.5 11
3.23e+07 1.75124e-09 2.06049e-07 4.64708e-11 5 1 0.5 5
3.24e+07 1.72208e-09 2.01457e-07 3.19919e-11 7 1 0.5 7
3.25e+07 1.44482e-09 2.12774e-07 2.79923e-11 7 1 0.5 7
3.26e+07 1.05682e-09 1.99106e-07 2.26632e-11 6 1 0.5 6
3.27e+07 1.21937e-09 2.03387e-07 2.66018e-11 6 1 0.5 6
3.28e+07 1.72947e-09 2.07873e-07 1.91619e-11 12 1 0.5 12
3.29e+07 1.50456e-09 2.08594e-07 1.54195e-11 13 1 0.5 13
3.3e+07 1.76695e-09 2.06358e-07 3.34535e-11 7 1 0.5 7
3.31e+07 8.33732e-10 2.15172e-07 1.89833e-11 6 1 0.5 6
3.32e+07 1.19447e-09 2.0858e-07 3.99584e-11 4 1 0.5 4
3.33e+07 1.55917e-09 2.07665e-07 4.15924e-11 5 1 0.5 5
3.34e+07 1.12706e-09 2.11705e-07 1.90017e-11 8 1 0.5 8
3.35e+07 1.59237e-09 2.05489e-07 3.00316e-11 7 1 0.5 7
3.36e+07 1.15055e-09 1.94697e-07 2.42571e-11 6 1 0.5 6
3.37e+07 1.51665e-09 2.14908e-07 4.15585e-11 5 1 0.5 5
3.38e+07 1.63537e-09 2.00059e-07 2.34669e-11 9 1 0.5 9
3.39e+07 1.71403e-09 2.06449e-07 2.2681e-11 10 1 0.5 10
3.4e+07 1.53851e-09 2.04184e-07 2.24261e-11 9 1 0.5 9
3.41e+07 2.29896e-09 2.06893e-07 3.81915e-11 8 1 0.5 8
3.42e+07 1.36742e-09 2.03153e-07 3.58241e-11 5 1 0.5 5
3.43e+07 1.47999e-09 2.16495e-07 4.0784e-11 5 1 0.5 5
3.44e+07 1.15636e-09 2.02284e-07 1.88141e-11 8 1 0.5 8
3.45e+07 1.33256e-09 2.00773e-07 2.89762e-11 6 1 0.5 6
3.46e+07 1.4777e-09 2.09933e-07 3.97424e-11 5 1 0.5 5
3.47e+07 1.32439e-09 2.05328e-07 1.45217e-11 12 1 0.5 12
3.48e+07 1.93045e-09 2.08851e-07 2.34362e-11 11 1 0.5 11
3.49e+07 1.10711e-09 2.06481e-07 2.09261e-11 7 1 0.5 7
3.5e+07 1.65947e-09 2.13224e-07 2.81792e-11 8 1 0.5 8
3.51e+07 1.82785e-09 1.95452e-07 1.93052e-11 12 1 0.5 12
3.52e+07 1.71944e-09 2.09574e-07 5.55183e-11 6 1 0.5 6
3.53e+07 1.53905e-09 2.14069e-07 1.90359e-11 11 1 0.5 11
3.54e+07 1.71889e-09 2.0328e-07 2.49797e-11 9 1 0.5 9
3.55e+07 1.6584e-09 2.03993e-07 4.36442e-11 5 1 0.5 5
3.56e+07 1.73132e-09 2.17021e-07 3.98268e-11 6 1 0.5 6
3.57e+07 1.3361e-09 2.11648e-07 1.38464e-11 13 1 0.5 13
3.58e+07 1.53846e-09 2.08188e-07 2.27691e-11 9 1 0.5 9
3.59e+07 2.02868e-09 2.07257e-07 5.41485e-11 5 1 0.5 5
3.6e+07 1.48116e-09 1.97942e-07 3.80453e-11 5 1 0.5 5
3.61e+07 1.61998e-09 2.05388e-07 4.2854e-11 5 1 0.5 5
3.62e+07 1.50127e-09 2.07177e-07 1.8095e-11 11 1 0.5 11
3.63e+07 1.44508e-09 2.13471e-07 2.45458e-11 8 1 0.5 8
3.64e+07 1.82952e-09 2.04844e-07 2.67547e-11 9 1 0.5 9
3.65e+07 1.7849e-09 2.05044e-07 4.71898e-11 5 1 0.5 5
3.66e+07 1.03956e-09 2.03933e-07 1.36041e-11 10 1 0.5 10
3.67e+07 1.82876e-09 2.0402e-07 4.00839e-11 6 1 0.5 6
3.68e+07 1.54309e-09 2.06093e-07 2.26576e-11 9 1 0.5 9
3.69e+07 1.3733e-09 2.13729e-07 1.86601e-11 10 1 0.5 10
3.7e+07 1.41794e-09 2.13488e-07 2.13986e-11 9 1 0.5 9
3.71e+07 2.28742e-09 2.04738e-07 3.01102e-11 10 1 0.5 10
3.72e+07 1.07523e-09 2.09924e-07 1.02745e-11 14 1 0.5 14
3.73e+07 1.64104e-09 2.04848e-07 3.60583e-11 6 1 0.5 6
3.74e+07 1.38904e-09 2.16607e-07 3.18623e-11 6 1 0.5 6
3.75e+07 1.65295e-09 1.94061e-07 2.31664e-11 9 1 0.5 9
3.76e+07 1.37603e-09 2.14471e-07 1.87486e-11 10 1 0.5 10
3.77e+07 9.77135e-10 2.05161e-07 1.60664e-11 8 1 0.5 8
3.78e+07 2.11132e-09 2.04648e-07 3.97571e-11 7 1 0.5 7
3.79e+07 1.36146e-09 2.11858e-07 1.83709e-11 10 1 0.5 10
3.8e+07 1.40899e-09 2.07044e-07 1.55528e-11 12 1 0.5 12
3.81e+07 1.25119e-09 2.05447e-07 2.75152e-11 6 1 0.5 6
3.82e+07 1.32287e-09 1.97988e-07 2.11766e-11 8 1 0.5 8
3.83e+07 1.1917e-09 2.06358e-07 2.25208e-11 7 1 0.5 7
3.84e+07 1.72757e-09 2.09654e-07 3.86698e-11 6 1 0.5 6
3.85e+07 1.09466e-09 2.02577e-07 1.18719e-11 12 1 0.5 12
3.86e+07 1.59576e-09 2.13613e-07 2.71315e-11 8 1 0.5 8
3.87e+07 1.64585e-09 2.06703e-07 4.37621e-11 5 1 0.5 5
3.88e+07 1.43611e-09 2.12495e-07 3.24527e-11 6 1 0.5 6
3.89e+07 1.61963e-09 2.01289e-07 1.49891e-11 14 1 0.5 14
3.9e+07 1.77889e-09 2.15853e-07 3.05117e-11 8 1 0.5 8
3.91e+07 1.99654e-09 2.18294e-07 2.76263e-11 10 1 0.5 10
3.92e+07 1.648e-09 2.14439e-07 3.75403e-11 6 1 0.5 6
3.93e+07 1.91265e-09 2.07252e-07 3.6352e-11 7 1 0.5 7
3.94e+07 1.62201e-09 1.92705e-07 1.45123e-11 14 1 0.5 14
3.95e+07 1.41812e-09 2.03054e-07 2.05756e-11 9 1 0.5 9
3.96e+07 1.24108e-09 2.10485e-07 1.85132e-11 9 1 0.5 9
3.97e+07 1.55514e-09 1.9761e-07 2.84452e-11 7 1 0.5 7
3.98e+07 1.20992e-09 2.16624e-07 1.18542e-11 14 1 0.5 14
3.99e+07 1.35011e-09 2.08228e-07 2.57085e-11 7 1 0.5 7
4e+07 1.31617e-09 2.0027e-07 1.88873e-11 9 1 0.5 9
4.01e+07 1.36616e-09 2.05557e-07 2.57535e-11 7 1 0.5 7
4.02e+07 1.3051e-09 2.0927e-07 1.93829e-11 9 1 0.5 9
4.03e+07 1.30494e-09 2.15276e-07 2.97778e-11 6 1 0.5 6
4.04e+07 1.43636e-09 2.10189e-07 4.13939e-11 5 1 0.5 5
4.05e+07 1.06927e-09 2.13035e-07 3.63434e-11 4 1 0.5 4
4.06e+07 1.69584e-09 2.14461e-07 4.64308e-11 5 1 0.5 5
4.07e+07 1.3637e-09 2.16479e-07 1.55895e-11 12 1 0.5 12
4.08e+07 1.61276e-09 2.0784e-07 2.68365e-11 8 1 0.5 8
4.09e+07 1.50304e-09 2.04336e-07 2.82144e-11 7 1 0.5 7
4.1e+07 1.06073e-09 2.08973e-07 1.28604e-11 11 1 0.5 11
4.11e+07 2.16321e-09 2.09378e-07 5.824e-11 5 1 0.5 5
4.12e+07 1.6746e-09 2.07241e-07 2.78072e-11 8 1 0.5 8
4.13e+07 1.40807e-09 1.9874e-07 3.01911e-11 6 1 0.5 6
4.14e+07 1.9459e-09 2.03035e-07 3.63967e-11 7 1 0.5 7
4.15e+07 1.4232e-09 2.1314e-07 3.87272e-11 5 1 0.5 5
4.16e+07 1.36228e-09 1.96835e-07 2.89869e-11 6 1 0.5 6
4.17e+07 1.44483e-09 2.15193e-07 2.19433e-11 9 1 0.5 9
4.18e+07 9.06041e-10 2.03975e-07 1.07753e-11 11 1 0.5 11
4.19e+07 1.17049e-09 2.0583e-07 1.40267e-11 11 1 0.5 11
4.2e+07 1.21596e-09 2.02421e-07 1.58266e-11 10 1 0.5 10
4.21e+07 1.32155e-09 2.02626e-07 1.43413e-11 12 1 0.5 12
4.22e+07 1.53599e-09 2.14351e-07 2.61819e-11 8 1 0.5 8
4.23e+07 1.38388e-09 2.06886e-07 2.0373e-11 9 1 0.5 9
4.24e+07 1.75469e-09 2.1804e-07 3.03361e-11 8 1 0.5 8
4.25e+07 1.77554e-09 2.02324e-07 3.86565e-11 6 1 0.5 6
4.26e+07 1.41327e-09 2.14334e-07 1.47946e-11 13 1 0.5 13
4.27e+07 1.55004e-09 2.08237e-07 4.14367e-11 5 1 0.5 5
4.28e+07 1.41251e-09 1.99956e-07 1.82181e-11 10 1 0.5 10
4.29e+07 1.70971e-09 2.11139e-07 2.58479e-11 9 1 0.5 9
4.3e+07 1.23243e-09 2.17763e-07 1.02714e-10 8 1 0.5 8
4.31e+07 1.27719e-09 1.988e-07 2.05078e-11 8 1 0.5 8
4.32e+07 1.25134e-09 2.23189e-07 1.59882e-11 11 1 0.5 11
4.33e+07 1.41009e-09 2.13897e-07 1.47374e-11 13 1 0.5 13
4.34e+07 1.21838e-09 2.09221e-07 3.26422e-11 5 1 0.5 5
4.35e+07 1.48203e-09 2.04529e-07 2.78387e-11 7 1 0.5 7
4.36e+07 2.37789e-09 2.02597e-07 6.24438e-11 5 1 0.5 5
4.37e+07 1.21628e-09 2.0433e-07 1.99485e-11 8 1 0.5 8
4.38e+07 1.82927e-09 2.07443e-07 3.04119e-11 8 1 0.5 8
4.39e+07 2.02125e-09 2.14211e-07 2.75544e-11 10 1 0.5 10
4.4e+07 1.41335e-09 2.18685e-07 1.77743e-11 11 1 0.5 11
4.41e+07 1.40429e-09 2.06013e-07 3.09662e-11 6 1 0.5 6
4.42e+07 1.36155e-09 2.04351e-07 2.98293e-11 6 1 0.5 6
4.43e+07 1.47663e-09 2.07663e-07 3.93755e-11 5 1 0.5 5
4.44e+07 1.43108e-09 1.95849e-07 2.5985e-11 7 1 0.5 7
4.45e+07 1.38121e-09 2.06928e-07 3.05607e-11 6 1 0.5 6
4.46e+07 1.46552e-09 2.02686e-07 3.19146e-11 6 1 0.5 6
4.47e+07 1.71125e-09 2.11901e-07 2.10041e-11 11 1 0.5 11
4.48e+07 1.25176e-09 2.06901e-07 1.84229e-11 9 1 0.5 9
4.49e+07 1.34945e-09 2.09456e-07 2.00578e-11 9 1 0.5 9
4.5e+07 1.44785e-09 2.194e-07 2.87404e-11 7 1 0.5 7
4.51e+07 1.2856e-09 2.08167e-07 1.42478e-11 12 1 0.5 12
4.52e+07 1.72017e-09 2.03297e-07 3.2184e-11 7 1 0.5 7
4.53e+07 1.2392e-09 2.11648e-07 2.78938e-11 6 1 0.5 6
4.54e+07 1.09648e-09 2.10331e-07 1.83901e-11 8 1 0.5 8
4.55e+07 1.66591e-09 2.07273e-07 3.69477e-11 6 1 0.5 6
4.56e+07 1.64778e-09 1.96972e-07 3.51175e-11 6 1 0.5 6
4.57e+07 1.53538e-09 2.06767e-07 2.54397e-11 8 1 0.5 8
4.58e+07 1.02984e-09 2.07628e-07 1.05073e-11 13 1 0.5 13
4.59e+07 1.38655e-09 2.06129e-07 1.83132e-11 10 1 0.5 10
4.6e+07 1.4859e-09 2.07327e-07 1.97745e-11 10 1 0.5 10
4.61e+07 1.50992e-09 2.02014e-07 2.18248e-11 9 1 0.5 9
4.62e+07 1.72095e-09 2.07102e-07 2.53774e-11 9 1 0.5 9
4.63e+07 1.47615e-09 2.17154e-07 3.39395e-11 6 1 0.5 6
4.64e+07 1.39091e-09 2.05799e-07 1.66736e-11 11 1 0.5 11
4.65e+07 1.29838e-09 2.12652e-07 2.51317e-11 7 1 0.5 7
4.66e+07 1.72838e-09 2.11001e-07 2.58639e-11 9 1 0.5 9
4.67e+07 1.21136e-09 2.04989e-07 1.99176e-11 8 1 0.5 8
4.68e+07 1.57972e-09 2.12398e-07 3.57048e-11 6 1 0.5 6
4.69e+07 1.55518e-09 1.98553e-07 2.85514e-11 7 1 0.5 7
4.7e+07 1.07217e-09 2.10263e-07 1.79765e-11 8 1 0.5 8
4.71e+07 1.59602e-09 2.00283e-07 2.95035e-11 7 1 0.5 7
4.72e+07 1.39715e-09 2.13613e-07 1.58054e-11 12 1 0.5 12
4.73e+07 1.91143e-09 2.10217e-07 2.33237e-11 11 1 0.5 11
4.74e+07 1.7224e-09 1.95891e-07 3.65607e-11 6 1 0.5 6
4.75e+07 1.6334e-09 2.11922e-07 2.45208e-11 9 1 0.5 9
4.76e+07 1.37996e-09 2.16068e-07 1.57522e-11 12 1 0.5 12
4.77e+07 1.30996e-09 2.09996e-07 1.75514e-11 10 1 0.5 10
4.78e+07 1.8336e-09 2.12467e-07 1.90769e-11 13 1 0.5 13
4.79e+07 1.44459e-09 2.04277e-07 4.76097e-11 4 1 0.5 4
4.8e+07 1.4359e-09 2.04961e-07 2.70127e-11 7 1 0.5 7
4.81e+07 1.55656e-09 2.13644e-07 2.35124e-11 9 1 0.5 9
4.82e+07 1.26931e-09 2.12812e-07 1.91004e-11 9 1 0.5 9
4.83e+07 1.40291e-09 2.11262e-07 3.15532e-11 6 1 0.5 6
4.84e+07 1.49783e-09 2.14305e-07 1.27339e-11 16 1 0.5 16
4.85e+07 1.49743e-09 2.03514e-07 3.27177e-11 6 1 0.5 6
4.86e+07 1.25225e-09 2.03317e-07 1.63566e-11 10 1 0.5 10
4.87e+07 1.36195e-09 2.10583e-07 3.05497e-11 6 1 0.5 6
4.88e+07 1.1967e-09 2.03513e-07 1.42153e-11 11 1 0.5 11
4.89e+07 1.65992e-09 2.1353e-07 3.86013e-11 10 1 0.5 10
4.9e+07 1.56712e-09 2.02451e-07 3.41092e-11 6 1 0.5 6
4.91e+07 1.46572e-09 2.02391e-07 2.38778e-11 8 1 0.5 8
4.92e+07 1.36656e-09 2.09273e-07 2.61256e-11 7 1 0.5 7
4.93e+07 1.23059e-09 2.22485e-07 2.46823e-11 7 1 0.5 7
4.94e+07 1.58906e-09 2.07925e-07 4.24373e-11 5 1 0.5 5
4.95e+07 1.57469e-09 2.10695e-07 2.11665e-11 10 1 0.5 10
4.96e+07 1.64562e-09 2.03251e-07 3.59389e-11 6 1 0.5 6
4.97e+07 1.8712e-09 2.04439e-07 2.45803e-11 10 1 0.5 10
4.98e+07 1.68146e-09 1.99287e-07 2.70804e-11 8 1 0.5 8
4.99e+07 1.49941e-09 2.11966e-07 7.80114e-11 6 1 0.5 6
5e+07 1.50592e-09 2.17095e-07 1.4787e-11 14 1 0.5 14
5.01e+07 1.4756e-09 2.02458e-07 2.40455e-11 8 1 0.5 8
5.02e+07 1.67784e-09 1.91908e-07 4.21118e-11 5 1 0.5 5
5.03e+07 1.79378e-09 1.99545e-07 3.30845e-11 7 1 0.5 7
5.04e+07 1.601e-09 1.97284e-07 2.92507e-11 7 1 0.5 7
5.05e+07 1.15704e-09 2.03479e-07 2.16244e-11 7 1 0.5 7
5.06e+07 1.66731e-09 2.10726e-07 2.49206e-11 9 1 0.5 9
5.07e+07 1.06945e-09 2.17516e-07 1.84171e-11 8 1 0.5 8
5.08e+07 1.96027e-09 2.1355e-07 2.66541e-11 10 1 0.5 10
5.09e+07 1.75729e-09 2.02902e-07 3.8342e-11 6 1 0.5 6
5.1e+07 1.77132e-09 2.00081e-07 4.59392e-11 5 1 0.5 5
5.11e+07 1.53157e-09 2.1055e-07 3.43724e-11 6 1 0.5 6
5.12e+07 1.14935e-09 2.12354e-07 1.19385e-11 13 1 0.5 13
5.13e+07 1.6435e-09 1.9784e-07 3.00968e-11 7 1 0.5 7
5.14e+07 1.21297e-09 2.12507e-07 1.64011e-11 10 1 0.5 10
5.15e+07 1.64003e-09 2.08875e-07 3.13346e-11 7 1 0.5 7
5.16e+07 1.26805e-09 2.08022e-07 1.68628e-11 10 1 0.5 10
5.17e+07 1.46343e-09 1.98558e-07 2.08682e-11 9 1 0.5 9
5.18e+07 1.58497e-09 2.0948e-07 2.65352e-11 8 1 0.5 8
5.19e+07 1.31522e-09 2.14588e-07 2.99377e-11 6 1 0.5 6
5.2e+07 1.69638e-09 2.06481e-07 3.21251e-11 7 1 0.5 7
5.21e+07 1.63274e-09 2.09421e-07 2.18451e-11 10 1 0.5 10
5.22e+07 1.06731e-09 2.16363e-07 1.83029e-11 8 1 0.5 8
5.23e+07 1.80894e-09 2.08071e-07 4.02629e-11 6 1 0.5 6
5.24e+07 1.61439e-09 2.09725e-07 3.09411e-11 7 1 0.5 7
5.25e+07 1.18155e-09 2.00848e-07 1.018e-11 15 1 0.5 15
5.26e+07 1.47406e-09 2.1331e-07 1.81786e-11 11 1 0.5 11
5.27e+07 1.61223e-09 2.13838e-07 1.152e-11 19 1 0.5 19
5.28e+07 1.73454e-09 1.98929e-07 3.19091e-11 7 1 0.5 7
5.29e+07 1.74104e-09 2.13122e-07 2.36238e-11 10 1 0.5 10
5.3e+07 1.21067e-09 2.06981e-07 2.00575e-11 8 1 0.5 8
5.31e+07 1.52848e-09 2.10854e-07 1.46673e-11 14 1 0.5 14
5.32e+07 1.60954e-09 2.12728e-07 1.98122e-11 11 1 0.5 11
5.33e+07 1.35539e-09 2.04785e-07 1.48317e-11 12 1 0.5 12
5.34e+07 1.77059e-09 1.997e-07 1.75462e-11 13 1 0.5 13
5.35e+07 1.49462e-09 1.99993e-07 2.14343e-11 9 1 0.5 9
5.36e+07 1.45038e-09 2.07194e-07 1.28088e-11 15 1 0.5 15
5.37e+07 1.75139e-09 2.07266e-07 3.32716e-11 7 1 0.5 7
5.38e+07 1.6432e-09 1.99686e-07 2.65026e-11 8 1 0.5 8
5.39e+07 1.47574e-09 2.02506e-07 2.13695e-11 9 1 0.5 9
5.4e+07 1.38111e-09 2.12498e-07 2.07644e-11 9 1 0.5 9
5.41e+07 1.24389e-09 2.03699e-07 2.03536e-11 8 1 0.5 8
5.42e+07 1.53967e-09 2.08516e-07 2.28155e-11 9 1 0.5 9
5.43e+07 1.20279e-09 2.10766e-07 2.69816e-11 6 1 0.5 6
5.44e+07 1.80291e-09 2.09565e-07 3.02123e-11 8 1 0.5 8
5.45e+07 1.79306e-09 2.02882e-07 4.70152e-11 5 1 0.5 5
5.46e+07 1.62101e-09 2.12695e-07 2.44039e-11 9 1 0.5 9
5.47e+07 1.4064e-09 2.12061e-07 2.11118e-11 9 1 0.5 9
5.48e+07 2.21039e-09 2.14481e-07 3.01761e-11 10 1 0.5 10
5.49e+07 1.75049e-09 2.07021e-07 1.65632e-11 14 1 0.5 14
5.5e+07 1.44695e-09 2.06783e-07 1.91596e-11 10 1 0.5 10
5.51e+07 1.24762e-09 2.04072e-07 1.63432e-11 10 1 0.5 10
5.52e+07 1.3023e-09 2.13551e-07 2.52917e-11 7 1 0.5 7
5.53e+07 1.26926e-09 2.10931e-07 2.13462e-11 8 1 0.5 8
5.54e+07 1.31621e-09 2.0584e-07 1.92967e-11 9 1 0.5 9
5.55e+07 1.55105e-09 1.94261e-07 3.92767e-11 5 1 0.5 5
5.56e+07 1.94855e-09 2.0496e-07 5.15377e-11 5 1 0.5 5
5.57e+07 1.54334e-09 2.08278e-07 2.05563e-11 10 1 0.5 10
5.58e+07 1.26969e-09 2.15365e-07 3.48099e-11 5 1 0.5 5
5.59e+07 1.14806e-09 1.98124e-07 2.45338e-11 6 1 0.5 6
5.6e+07 1.74904e-09 2.12955e-07 3.39429e-11 7 1 0.5 7
5.61e+07 1.74785e-09 2.15229e-07 2.9908e-11 8 1 0.5 8
5.62e+07 1.79191e-09 2.05661e-07 1.96901e-11 12 1 0.5 12
5.63e+07 1.95913e-09 2.09232e-07 3.28037e-11 8 1 0.5 8
5.64e+07 1.62201e-09 2.03809e-07 2.65798e-11 8 1 0.5 8
5.65e+07 1.5803e-09 2.05243e-07 5.23146e-11 4 1 0.5 4
5.66e+07 1.22401e-09 2.01799e-07 3.18799e-11 5 1 0.5 5
5.67e+07 1.99505e-09 2.08301e-07 2.41736e-11 11 1 0.5 11
5.68e+07 1.61594e-09 2.06676e-07 2.37841e-11 9 1 0.5 9
5.69e+07 1.45682e-09 2.11839e-07 2.45969e-11 8 1 0.5 8
5.7e+07 1.83132e-09 2.02297e-07 2.65202e-11 9 1 0.5 9
5.71e+07 1.38284e-09 2.0377e-07 1.64487e-11 11 1 0.5 11
5.72e+07 1.91946e-09 1.99859e-07 3.10027e-11 8 1 0.5 8
5.73e+07 1.31618e-09 2.08217e-07 1.45904e-11 12 1 0.5 12
5.74e+07 2.11919e-09 2.02795e-07 3.077e-11 9 1 0.5 9
5.75e+07 1.84356e-09 2.08747e-07 3.52298e-11 7 1 0.5 7
5.76e+07 1.17369e-09 2.06159e-07 1.19115e-11 13 1 0.5 13
5.77e+07 1.71297e-09 2.00239e-07 3.16715e-11 7 1 0.5 7
5.78e+07 1.70233e-09 2.04881e-07 3.20423e-11 7 1 0.5 7
5.79e+07 1.41704e-09 2.13616e-07 2.75372e-11 7 1 0.5 7
5.8e+07 1.31864e-09 2.1192e-07 2.9721e-11 6 1 0.5 6
5.81e+07 1.15272e-09 1.98588e-07 2.11391e-11 7 1 0.5 7
5.82e+07 1.0987e-09 2.22334e-07 1.92542e-11 8 1 0.5 8
5.83e+07 1.63821e-09 2.22633e-07 1.64146e-11 14 1 0.5 14
5.84e+07 1.41776e-09 1.98047e-07 2.27066e-11 8 1 0.5 8
5.85e+07 1.83677e-09 2.05609e-07 3.03252e-11 8 1 0.5 8
5.86e+07 1.71377e-09 2.0277e-07 2.48562e-11 9 1 0.5 9
5.87e+07 1.99253e-09 2.13857e-07 2.71255e-11 10 1 0.5 10
5.88e+07 1.55338e-09 2.04177e-07 2.91462e-11 7 1 0.5 7
5.89e+07 1.43442e-09 2.01106e-07 6.55584e-11 4 1 0.5 4
5.9e+07 1.85664e-09 2.10489e-07 6.27939e-11 4 1 0.5 4
5.91e+07 1.3958e-09 2.10059e-07 3.12516e-11 6 1 0.5 6
5.92e+07 1.25248e-09 2.03625e-07 2.73525e-11 6 1 0.5 6
5.93e+07 1.46025e-09 2.05608e-07 2.40834e-11 8 1 0.5 8
5.94e+07 1.0317e-09 2.04055e-07 1.35074e-11 10 1 0.5 10
5.95e+07 1.53882e-09 2.12058e-07 2.97435e-11 7 1 0.5 7
5.96e+07 1.3367e-09 2.03039e-07 1.93893e-11 9 1 0.5 9
5.97e+07 1.46283e-09 2.10807e-07 2.18596e-11 9 1 0.5 9
5.98e+07 1.57897e-09 2.02503e-07 3.43755e-11 6 1 0.5 6
5.99e+07 1.85692e-09 2.01247e-07 3.45417e-11 7 1 0.5 7
6e+07 1.11366e-09 2.0415e-07 2.08643e-11 7 1 0.5 7
6.01e+07 1.83328e-09 2.00753e-07 5.97322e-11 4 1 0.5 4
6.02e+07 1.49177e-09 1.95046e-07 3.78841e-11 5 1 0.5 5
6.03e+07 1.65478e-09 2.05018e-07 2.72452e-11 8 1 0.5 8
6.04e+07 1.18216e-09 2.06637e-07 1.95581e-11 8 1 0.5 8
6.05e+07 1.68677e-09 2.11767e-07 1.89621e-11 12 1 0.5 12
6.06e+07 1.59215e-09 2.09675e-07 1.93756e-11 11 1 0.5 11
6.07e+07 1.86053e-09 2.09506e-07 2.07463e-11 12 1 0.5 12
6.08e+07 1.47698e-09 2.14729e-07 6.77128e-11 3 1 0.5 3
6.09e+07 1.51857e-09 2.08248e-07 3.37853e-11 6 1 0.5 6
6.1e+07 1.78263e-09 2.16249e-07 2.2258e-11 11 1 0.5 11
6.11e+07 1.16004e-09 2.18162e-07 2.29021e-11 7 1 0.5 7
6.12e+07 1.26633e-09 2.04122e-07 2.7709e-11 6 1 0.5 6
6.13e+07 1.76224e-09 2.11018e-07 4.76501e-11 5 1 0.5 5
6.14e+07 1.19798e-09 2.03298e-07 1.73884e-11 9 1 0.5 9
6.15e+07 1.28394e-09 2.08884e-07 1.71302e-11 10 1 0.5 10
6.16e+07 8.51809e-10 2.0949e-07 1.8992e-11 6 1 0.5 6
6.17e+07 1.50775e-09 2.0877e-07 5.05647e-11 4 1 0.5 4
6.18e+07 1.39805e-09 2.04178e-07 2.62188e-11 7 1 0.5 7
6.19e+07 1.20276e-09 2.04373e-07 2.63371e-11 6 1 0.5 6
6.2e+07 1.28217e-09 2.04238e-07 2.10256e-11 8 1 0.5 8
6.21e+07 1.27419e-09 2.07331e-07 2.4175e-11 7 1 0.5 7
6.22e+07 1.63189e-09 2.00475e-07 1.75723e-11 12 1 0.5 12
6.23e+07 1.2672e-09 1.90452e-07 2.62769e-11 6 1 0.5 6
6.24e+07 1.64591e-09 2.09088e-07 3.67523e-11 6 1 0.5 6
6.25e+07 1.41584e-09 2.01859e-07 2.30147e-11 8 1 0.5 8
6.26e+07 1.49125e-09 2.01178e-07 3.22895e-11 6 1 0.5 6
6.27e+07 1.21505e-09 2.08377e-07 1.7981e-11 9 1 0.5 9
6.28e+07 1.59475e-09 2.06024e-07 2.34136e-11 9 1 0.5 9
6.29e+07 2.06164e-09 1.9993e-07 3.33216e-11 8 1 0.5 8
6.3e+07 1.37711e-09 2.05288e-07 2.26792e-11 8 1 0.5 8
6.31e+07 1.27322e-09 2.16979e-07 2.9232e-11 6 1 0.5 6
6.32e+07 1.63127e-09 1.97868e-07 2.32082e-11 9 1 0.5 9
6.33e+07 1.76093e-09 2.18138e-07 2.21178e-11 11 1 0.5 11
6.34e+07 1.23853e-09 2.06049e-07 2.04482e-11 8 1 0.5 8
6.35e+07 1.55336e-09 2.16302e-07 1.93719e-11 11 1 0.5 11
6.36e+07 1.45078e-09 2.02875e-07 2.36774e-11 8 1 0.5 8
6.37e+07 1.50183e-09 2.08136e-07 2.50106e-11 8 1 0.5 8
6.38e+07 1.62323e-09 2.09485e-07 3.10833e-11 7 1 0.5 7
6.39e+07 1.37558e-09 2.10448e-07 2.6415e-11 7 1 0.5 7
6.4e+07 1.7766e-09 2.07046e-07 8.02433e-11 3 1 0.5 3
6.41e+07 1.23997e-09 2.01588e-07 3.22714e-11 5 1 0.5 5
6.42e+07 2.03013e-09 2.0951e-07 3.40349e-11 8 1 0.5 8
6.43e+07 2.05432e-09 2.07911e-07 3.42357e-11 8 1 0.5 8
6.44e+07 1.0939e-09 2.07148e-07 1.20725e-11 12 1 0.5 12
6.45e+07 1.48882e-09 2.10699e-07 3.3426e-11 6 1 0.5 6
6.46e+07 1.12571e-09 2.17449e-07 1.72241e-11 9 1 0.5 9
6.47e+07 1.49572e-09 2.10184e-07 4.02684e-11 5 1 0.5 5
6.48e+07 1.112e-09 2.14775e-07 1.51588e-11 10 1 0.5 10
6.49e+07 1.83093e-09 2.03761e-07 4.8179e-11 5 1 0.5 5
6.5e+07 1.00549e-09 2.09769e-07 1.9236e-11 7 1 0.5 7
6.51e+07 1.35634e-09 2.12358e-07 2.03801e-11 9 1 0.5 9
6.52e+07 1.90186e-09 2.095e-07 2.54689e-11 10 1 0.5 10
6.53e+07 1.42688e-09 2.11571e-07 3.86024e-11 5 1 0.5 5
6.54e+07 1.38904e-09 1.99644e-07 1.37532e-11 13 1 0.5 13
6.55e+07 1.60573e-09 2.03267e-07 1.90717e-11 11 1 0.5 11
6.56e+07 1.56779e-09 2.08121e-07 2.08707e-11 10 1 0.5 10
6.57e+07 1.53471e-09 2.09576e-07 1.71072e-11 12 1 0.5 12
6.58e+07 1.44712e-09 1.98701e-07 2.32382e-11 8 1 0.5 8
6.59e+07 1.47068e-09 2.1049e-07 1.79475e-11 11 1 0.5 11
6.6e+07 1.70982e-09 2.10088e-07 2.29378e-11 10 1 0.5 10
6.61e+07 1.20503e-09 1.96584e-07 1.53313e-11 10 1 0.5 10
6.62e+07 1.44614e-09 2.0964e-07 3.23342e-11 6 1 0.5 6
6.63e+07 1.81944e-09 2.05947e-07 2.67188e-11 9 1 0.5 9
6.64e+07 9.21178e-10 2.13419e-07 1.13517e-11 11 1 0.5 11
6.65e+07 1.37749e-09 2.03853e-07 2.00455e-11 9 1 0.5 9
6.66e+07 1.91586e-09 2.11256e-07 3.69663e-11 7 1 0.5 7
6.67e+07 1.17012e-09 2.18554e-07 2.02328e-11 8 1 0.5 8
6.68e+07 1.76659e-09 2.01498e-07 3.83375e-11 6 1 0.5 6
6.69e+07 1.70331e-09 2.01559e-07 1.84211e-11 12 1 0.5 12
6.7e+07 1.78748e-09 2.16981e-07 1.89072e-11 13 1 0.5 13
6.71e+07 1.69707e-09 2.06221e-07 2.49402e-11 9 1 0.5 9
6.72e+07 1.59165e-09 2.07626e-07 2.11498e-11 10 1 0.5 10
6.73e+07 1.62733e-09 2.07981e-07 2.40711e-11 9 1 0.5 9
6.74e+07 1.52565e-09 2.10207e-07 1.70461e-11 12 1 0.5 12
6.75e+07 1.50657e-09 2.0361e-07 3.95634e-11 5 1 0.5 5
6.76e+07 1.96068e-09 2.11462e-07 4.42254e-11 6 1 0.5 6
6.77e+07 2.11146e-09 2.07772e-07 4.69969e-11 6 1 0.5 6
6.78e+07 1.59679e-09 2.07733e-07 2.65587e-11 8 1 0.5 8
6.79e+07 1.60535e-09 2.03494e-07 4.21573e-11 5 1 0.5 5
6.8e+07 1.21945e-09 2.06032e-07 2.30186e-11 7 1 0.5 7
6.81e+07 1.61892e-09 2.08886e-07 2.40279e-11 9 1 0.5 9
6.82e+07 1.25834e-09 2.03202e-07 2.05516e-11 8 1 0.5 8
6.83e+07 1.93112e-09 2.09749e-07 2.58866e-11 10 1 0.5 10
6.84e+07 1.59514e-09 2.06886e-07 3.53168e-11 6 1 0.5 6
6.85e+07 1.43572e-09 2.07861e-07 2.12169e-11 9 1 0.5 9
6.86e+07 1.43761e-09 2.04829e-07 1.88946e-11 10 1 0.5 10
6.87e+07 1.67653e-09 2.04695e-07 2.20351e-11 10 1 0.5 10
6.88e+07 1.43514e-09 2.06314e-07 3.80667e-11 5 1 0.5 5
6.89e+07 1.64951e-09 2.10476e-07 2.77243e-11 8 1 0.5 8
6.9e+07 1.37391e-09 2.05909e-07 2.01508e-11 9 1 0.5 9
6.91e+07 1.37333e-09 2.09125e-07 1.83431e-11 10 1 0.5 10
6.92e+07 1.20441e-09 2.10684e-07 2.70098e-11 6 1 0.5 6
6.93e+07 1.71249e-09 2.06495e-07 3.24337e-11 7 1 0.5 7
6.94e+07 2.0013e-09 2.1487e-07 3.42247e-11 8 1 0.5 8
6.95e+07 1.76468e-09 2.08238e-07 3.92961e-11 6 1 0.5 6
6.96e+07 1.14486e-09 2.16871e-07 1.57282e-11 10 1 0.5 10
6.97e+07 1.48408e-09 2.05939e-07 1.959e-11 10 1 0.5 10
6.98e+07 1.37186e-09 2.06243e-07 1.64724e-11 11 1 0.5 11
6.99e+07 1.31475e-09 2.07614e-07 2.91584e-11 6 1 0.5 6
7e+07 1.60871e-09 2.0531e-07 2.35545e-11 9 1 0.5 9
7.01e+07 1.56508e-09 2.00492e-07 3.3807e-11 6 1 0.5 6
7.02e+07 1.49026e-09 2.02955e-07 3.24902e-11 6 1 0.5 6
7.03e+07 1.27759e-09 2.15581e-07 1.58838e-11 11 1 0.5 11
7.04e+07 1.38236e-09 2.06162e-07 1.21592e-11 15 1 0.5 15
7.05e+07 1.60278e-09 2.03084e-07 5.21374e-10 11 1 0.5 11
7.06e+07 1.89877e-09 2.0738e-07 3.15662e-11 8 1 0.5 8
7.07e+07 1.30672e-09 2.0544e-07 2.87415e-11 6 1 0.5 6
7.08e+07 1.92193e-09 2.01299e-07 2.49459e-11 10 1 0.5 10
7.09e+07 1.66209e-09 1.9953e-07 2.67924e-11 8 1 0.5 8
7.1e+07 1.59513e-09 2.09143e-07 3.56191e-11 6 1 0.5 6
7.11e+07 1.88177e-09 2.1017e-07 1.80216e-11 14 1 0.5 14
7.12e+07 1.43893e-09 2.09665e-07 3.21751e-11 6 1 0.5 6
7.13e+07 1.74481e-09 2.15125e-07 4.14214e-11 6 1 0.5 6
7.14e+07 2.4593e-09 2.00435e-07 4.56196e-11 7 1 0.5 7
7.15e+07 9.45781e-10 2.07555e-07 1.56913e-11 8 1 0.5 8
7.16e+07 1.86897e-09 2.12947e-07 4.23754e-11 6 1 0.5 6
7.17e+07 1.11199e-09 2.03155e-07 2.07536e-11 7 1 0.5 7
7.18e+07 1.63601e-09 2.08825e-07 2.49816e-11 9 1 0.5 9
7.19e+07 1.21883e-09 1.96798e-07 1.94145e-11 8 1 0.5 8
7.2e+07 1.89032e-09 2.2107e-07 3.78071e-11 7 1 0.5 7
7.21e+07 1.46385e-09 2.03309e-07 2.12624e-11 9 1 0.5 9
7.22e+07 1.29215e-09 2.13621e-07 1.95034e-11 9 1 0.5 9
7.23e+07 1.16809e-09 2.06939e-07 2.21216e-11 7 1 0.5 7
7.24e+07 2.04635e-09 2.05714e-07 3.00413e-11 9 1 0.5 9
7.25e+07 1.32802e-09 2.07892e-07 1.25987e-11 14 1 0.5 14
7.26e+07 1.83913e-09 2.13638e-07 6.29301e-11 4 1 0.5 4
7.27e+07 2.03861e-09 2.05484e-07 2.99008e-11 9 1 0.5 9
7.28e+07 1.19263e-09 1.98395e-07 2.55173e-11 6 1 0.5 6
7.29e+07 1.78898e-09 2.09397e-07 8.0597e-11 3 1 0.5 3
7.3e+07 1.65112e-09 2.08002e-07 4.41199e-11 5 1 0.5 5
7.31e+07 1.11785e-09 2.09358e-07 2.13604e-11 7 1 0.5 7
7.32e+07 1.76452e-09 2.12394e-07 4.79576e-11 5 1 0.5 5
7.33e+07 1.93343e-09 2.17593e-07 3.81905e-11 7 1 0.5 7
7.34e+07 1.55185e-09 2.17078e-07 2.67194e-11 8 1 0.5 8
7.35e+07 9.14184e-10 2.09073e-07 1.21954e-11 10 1 0.5 10
7.36e+07 1.55778e-09 1.9904e-07 2.00265e-11 10 1 0.5 10
7.37e+07 1.29904e-09 1.9749e-07 2.36151e-11 10 1 0.5 10
7.38e+07 2.06177e-09 2.0452e-07 9.13665e-11 3 1 0.5 3
7.39e+07 1.48644e-09 2.11401e-07 4.01992e-11 5 1 0.5 5
7.4e+07 1.97236e-09 2.05068e-07 2.59774e-11 10 1 0.5 10
7.41e+07 9.83329e-10 2.13503e-07 1.90737e-11 7 1 0.5 7
7.42e+07 1.63693e-09 2.11536e-07 3.15885e-11 7 1 0.5 7
7.43e+07 2.05856e-09 2.07609e-07 5.5027e-11 5 1 0.5 5
7.44e+07 2.03823e-09 2.02926e-07 3.8119e-11 7 1 0.5 7
7.45e+07 1.92693e-09 2.10443e-07 3.24085e-11 8 1 0.5 8
7.46e+07 1.86287e-09 2.07345e-07 4.13578e-11 6 1 0.5 6
7.47e+07 1.28503e-09 2.01495e-07 1.38833e-11 12 1 0.5 12
7.48e+07 1.4652e-09 2.00675e-07 2.71152e-11 7 1 0.5 7
7.49e+07 1.72561e-09 2.02354e-07 2.24797e-11 10 1 0.5 10
7.5e+07 1.49254e-09 2.11983e-07 2.88365e-11 7 1 0.5 7
7.51e+07 1.65011e-09 2.07534e-07 3.66314e-11 6 1 0.5 6
7.52e+07 1.62297e-09 2.09221e-07 1.97182e-11 11 1 0.5 11
7.53e+07 1.74483e-09 2.00543e-07 3.77223e-11 6 1 0.5 6
7.54e+07 1.43386e-09 2.06713e-07 2.37459e-11 8 1 0.5 8
7.55e+07 1.9995e-09 1.9816e-07 5.152e-11 5 1 0.5 5
7.56e+07 1.60495e-09 2.02664e-07 2.99441e-11 7 1 0.5 7
7.57e+07 1.94383e-09 2.02032e-07 2.53031e-11 10 1 0.5 10
7.58e+07 1.58894e-09 1.89707e-07 3.28865e-11 6 1 0.5 6
7.59e+07 1.27583e-09 2.12717e-07 2.46993e-11 7 1 0.5 7
7.6e+07 1.92822e-09 2.16107e-07 2.64645e-11 10 1 0.5 10
7.61e+07 1.54363e-09 2.05709e-07 2.54742e-11 8 1 0.5 8
7.62e+07 1.72328e-09 2.08021e-07 2.08469e-11 11 1 0.5 11
7.63e+07 1.63299e-09 2.04423e-07 3.58221e-11 6 1 0.5 6
7.64e+07 1.2388e-09 2.03036e-07 2.69913e-11 6 1 0.5 6
7.65e+07 1.61422e-09 2.13657e-07 3.66599e-11 6 1 0.5 6
7.66e+07 1.78784e-09 2.11279e-07 4.02725e-11 6 1 0.5 6
7.67e+07 1.41225e-09 2.04154e-07 1.85123e-11 10 1 0.5 10
7.68e+07 1.5341e-09 2.1144e-07 2.06764e-11 10 1 0.5 10
7.69e+07 2.46707e-09 2.08773e-07 8.31973e-11 4 1 0.5 4
7.7e+07 1.72151e-09 2.00211e-07 3.18269e-11 7 1 0.5 7
7.71e+07 1.21449e-09 2.14908e-07 1.84148e-11 9 1 0.5 9
7.72e+07 1.91228e-09 1.99119e-07 4.11387e-11 6 1 0.5 6
7.73e+07 9.5864e-10 2.06713e-07 1.81271e-11 7 1 0.5 7
7.74e+07 1.99866e-09 2.24693e-07 3.14605e-11 9 1 0.5 9
7.75e+07 1.18671e-09 2.12453e-07 2.6787e-11 6 1 0.5 6
7.76e+07 1.84702e-09 2.05151e-07 4.88656e-11 5 1 0.5 5
7.77e+07 1.50553e-09 2.09755e-07 2.88476e-11 7 1 0.5 7
7.78e+07 2.04283e-09 2.04538e-07 2.9855e-11 9 1 0.5 9
7.79e+07 1.32237e-09 2.07444e-07 1.34894e-11 13 1 0.5 13
7.8e+07 1.07853e-09 2.08291e-07 1.43509e-11 10 1 0.5 10
7.81e+07 1.32425e-09 2.15927e-07 3.63898e-11 5 1 0.5 5
7.82e+07 1.45943e-09 2.09709e-07 2.44459e-11 8 1 0.5 8
7.83e+07 1.99094e-09 1.99894e-07 4.47311e-10 8 1 0.5 8
7.84e+07 1.55366e-09 2.04501e-07 2.55227e-11 8 1 0.5 8
7.85e+07 1.30875e-09 2.03659e-07 1.42585e-11 12 1 0.5 12
7.86e+07 1.65057e-09 2.05591e-07 2.7235e-11 8 1 0.5 8
7.87e+07 1.51793e-09 2.12101e-07 2.05081e-11 10 1 0.5 10
7.88e+07 1.67146e-09 2.04592e-07 5.52232e-11 4 1 0.5 4
7.89e+07 1.47043e-09 2.11082e-07 3.30581e-11 6 1 0.5 6
7.9e+07 1.91001e-09 2.05886e-07 8.49887e-11 3 1 0.5 3
7.91e+07 1.61138e-09 1.97188e-07 4.1291e-11 5 1 0.5 5
7.92e+07 1.1228e-09 2.10052e-07 1.67168e-11 9 1 0.5 9
7.93e+07 1.69655e-09 2.08486e-07 2.83109e-11 8 1 0.5 8
7.94e+07 1.72353e-09 1.99786e-07 2.47109e-11 9 1 0.5 9
7.95e+07 1.10229e-09 2.14646e-07 1.87861e-11 8 1 0.5 8
7.96e+07 1.94933e-09 2.02787e-07 3.18477e-11 8 1 0.5 8
7.97e+07 1.25838e-09 2.08359e-07 1.52277e-11 11 1 0.5 11
7.98e+07 1.7479e-09 2.08998e-07 4.69024e-11 5 1 0.5 5
7.99e+07 1.70259e-09 2.04445e-07 3.19939e-11 7 1 0.5 7
8e+07 1.44168e-09 2.09959e-07 9.79347e-11 2 1 0.5 2
8.01e+07 1.5073e-09 2.00575e-07 2.78872e-11 7 1 0.5 7
8.02e+07 1.2277e-09 2.16861e-07 1.40506e-11 12 1 0.5 12
8.03e+07 1.34356e-09 2.13519e-07 3.65979e-11 5 1 0.5 5
8.04e+07 1.48759e-09 2.07847e-07 1.41137e-11 14 1 0.5 14
8.05e+07 1.63998e-09 2.14805e-07 2.03437e-11 11 1 0.5 11
8.06e+07 1.63668e-09 2.07608e-07 3.11213e-11 7 1 0.5 7
8.07e+07 1.65189e-09 2.10158e-07 4.45003e-11 5 1 0.5 5
8.08e+07 1.17536e-09 2.14181e-07 2.00014e-11 8 1 0.5 8
8.09e+07 1.50657e-09 2.10199e-07 2.89157e-11 7 1 0.5 7
8.1e+07 1.12648e-09 2.17891e-07 1.19408e-11 13 1 0.5 13
8.11e+07 1.70772e-09 2.13446e-07 3.8767e-11 6 1 0.5 6
8.12e+07 1.72264e-09 2.075e-07 4.59584e-11 5 1 0.5 5
8.13e+07 1.25442e-09 2.09873e-07 1.67974e-11 10 1 0.5 10
8.14e+07 1.54649e-09 2.15777e-07 3.53878e-11 6 1 0.5 6
8.15e+07 1.396e-09 2.12223e-07 2.09677e-11 9 1 0.5 9
8.16e+07 1.18865e-09 2.09245e-07 3.18441e-11 5 1 0.5 5
8.17e+07 1.36072e-09 2.04787e-07 3.58715e-11 5 1 0.5 5
8.18e+07 1.73602e-09 2.13322e-07 4.73397e-11 5 1 0.5 5
8.19e+07 1.69405e-09 2.14288e-07 2.09768e-11 11 1 0.5 11
8.2e+07 1.63584e-09 2.10057e-07 1.82708e-11 12 1 0.5 12
8.21e+07 1.73312e-09 1.94376e-07 2.18828e-11 10 1 0.5 10
8.22e+07 1.23869e-09 2.06738e-07 2.73728e-11 6 1 0.5 6
8.23e+07 1.64805e-09 1.91512e-07 1.86916e-11 11 1 0.5 11
8.24e+07 1.31487e-09 2.06842e-07 2.86765e-10 6 1 0.5 6
8.25e+07 1.52792e-09 2.00714e-07 2.19751e-11 9 1 0.5 9
8.26e+07 1.20412e-09 2.07897e-07 2.28893e-11 7 1 0.5 7
8.27e+07 1.96952e-09 2.1119e-07 1.35238e-10 2 1 0.5 2
8.28e+07 1.177e-09 1.99418e-07 1.26116e-11 12 1 0.5 12
8.29e+07 1.83261e-09 1.95871e-07 2.91329e-11 8 1 0.5 8
8.3e+07 1.3276e-09 2.09656e-07 1.2679e-11 14 1 0.5 14
8.31e+07 1.13642e-09 2.07804e-07 1.88821e-11 8 1 0.5 8
8.32e+07 1.76817e-09 2.06528e-07 3.34984e-11 7 1 0.5 7
8.33e+07 1.25725e-09 2.11183e-07 1.6918e-11 10 1 0.5 10
8.34e+07 1.42852e-09 2.0501e-07 2.35043e-11 8 1 0.5 8
8.35e+07 1.64751e-09 2.04948e-07 2.71176e-11 8 1 0.5 8
8.36e+07 1.36047e-09 2.06526e-07 1.99998e-11 9 1 0.5 9
8.37e+07 1.22488e-09 2.20287e-07 1.70405e-11 10 1 0.5 10
8.38e+07 1.72809e-09 2.01833e-07 1.7266e-11 13 1 0.5 13
8.39e+07 1.20732e-09 2.12189e-07 1.63052e-11 10 1 0.5 10
8.4e+07 1.57341e-09 1.99368e-07 2.53408e-11 8 1 0.5 8
8.41e+07 1.48888e-09 2.04736e-07 2.17459e-11 9 1 0.5 9
8.42e+07 1.13919e-09 2.01239e-07 2.11065e-11 7 1 0.5 7
8.43e+07 1.41226e-09 1.98187e-07 2.58789e-11 7 1 0.5 7
8.44e+07 9.51571e-10 2.06004e-07 6.96603e-12 18 1 0.5 18
8.45e+07 1.23969e-09 2.00809e-07 1.14447e-11 14 1 0.5 14
8.46e+07 1.45409e-09 1.99798e-07 2.68172e-11 7 1 0.5 7
8.47e+07 9.12938e-10 2.15151e-07 1.24567e-11 10 1 0.5 10
8.48e+07 1.76719e-09 2.12907e-07 3.42911e-11 7 1 0.5 7
8.49e+07 1.93229e-09 2.12057e-07 4.3677e-11 6 1 0.5 6
8.5e+07 1.01741e-09 2.13365e-07 1.25376e-11 11 1 0.5 11
8.51e+07 1.45954e-09 2.08072e-07 2.77858e-11 7 1 0.5 7
8.52e+07 1.66157e-09 2.16036e-07 1.89747e-11 12 1 0.5 12
8.53e+07 1.54678e-09 2.03141e-07 3.37535e-11 6 1 0.5 6
8.54e+07 1.25691e-09 2.12569e-07 1.70008e-11 10 1 0.5 10
8.55e+07 1.56832e-09 2.01331e-07 2.03429e-11 10 1 0.5 10
8.56e+07 2.01625e-09 2.04368e-07 2.94454e-11 9 1 0.5 9
8.57e+07 2.20998e-09 2.05809e-07 7.35792e-11 4 1 0.5 4
8.58e+07 1.54e-09 1.96334e-07 3.27249e-11 6 1 0.5 6
8.59e+07 1.64296e-09 2.1566e-07 3.21929e-11 7 1 0.5 7
8.6e+07 1.40408e-09 2.08902e-07 2.34438e-11 8 1 0.5 8
8.61e+07 1.51897e-09 2.02517e-07 2.4761e-11 8 1 0.5 8
8.62e+07 1.15665e-09 1.99357e-07 2.12752e-11 7 1 0.5 7
8.63e+07 1.34919e-09 1.99483e-07 4.36259e-11 4 1 0.5 4
8.64e+07 1.30713e-09 2.21014e-07 1.65736e-11 11 1 0.5 11
8.65e+07 1.29217e-09 2.1174e-07 2.9102e-11 6 1 0.5 6
8.66e+07 1.71398e-09 1.95175e-07 2.1709e-11 10 1 0.5 10
8.67e+07 1.66183e-09 2.09903e-07 5.6019e-11 4 1 0.5 4
8.68e+07 1.35157e-09 2.10325e-07 3.02864e-11 6 1 0.5 6
8.69e+07 1.88348e-09 2.02717e-07 2.45792e-11 10 1 0.5 10
8.7e+07 1.7338e-09 2.04408e-07 3.80456e-11 6 1 0.5 6
8.71e+07 1.72373e-09 2.03856e-07 3.23203e-11 7 1 0.5 7
8.72e+07 1.36082e-09 2.00309e-07 1.75735e-11 10 1 0.5 10
8.73e+07 1.76366e-09 2.13817e-07 4.7542e-11 9 1 0.5 9
8.74e+07 1.55459e-09 2.12359e-07 2.10252e-11 10 1 0.5 10
8.75e+07 1.55341e-09 2.18391e-07 3.07342e-11 7 1 0.5 7
8.76e+07 1.42953e-09 2.09114e-07 2.38895e-11 8 1 0.5 8
8.77e+07 2.23235e-09 2.1469e-07 6.90937e-11 5 1 0.5 5
8.78e+07 1.25419e-09 2.12856e-07 1.5434e-11 11 1 0.5 11
8.79e+07 1.73564e-09 1.99369e-07 2.79661e-11 8 1 0.5 8
8.8e+07 1.09693e-09 2.05784e-07 2.89931e-11 5 1 0.5 5
8.81e+07 1.43097e-09 1.99485e-07 2.30483e-11 8 1 0.5 8
8.82e+07 1.53783e-09 2.11525e-07 2.96652e-11 7 1 0.5 7
8.83e+07 1.46743e-09 2.14449e-07 1.6654e-11 12 1 0.5 12
8.84e+07 1.19804e-09 2.09643e-07 2.29232e-11 7 1 0.5 7
8.85e+07 1.3501e-09 2.02051e-07 1.34922e-11 13 1 0.5 13
8.86e+07 1.23228e-09 2.14756e-07 1.51323e-11 12 1 0.5 12
8.87e+07 1.77294e-09 2.05743e-07 2.60128e-11 9 1 0.5 9
8.88e+07 1.27039e-09 2.11194e-07 3.42957e-11 5 1 0.5 5
8.89e+07 1.48575e-09 2.08276e-07 2.47548e-11 8 1 0.5 8
8.9e+07 1.76754e-09 2.09786e-07 3.95902e-11 6 1 0.5 6
8.91e+07 1.59651e-09 2.0888e-07 2.66691e-11 8 1 0.5 8
8.92e+07 1.26271e-09 2.06995e-07 2.39257e-11 7 1 0.5 7
8.93e+07 1.36073e-09 2.08866e-07 3.64308e-11 5 1 0.5 5
8.94e+07 1.5687e-09 2.08251e-07 1.74002e-11 12 1 0.5 12
8.95e+07 1.78166e-09 2.15616e-07 3.05329e-11 8 1 0.5 8
8.96e+07 2.02183e-09 2.03433e-07 2.94215e-11 9 1 0.5 9
8.97e+07 1.4015e-09 2.07743e-07 2.66427e-11 7 1 0.5 7
8.98e+07 1.10662e-09 2.0304e-07 2.0644e-11 7 1 0.5 7
8.99e+07 8.4459e-10 2.13962e-07 1.27495e-11 9 1 0.5 9
9e+07 1.96492e-09 2.22621e-07 2.76146e-11 10 1 0.5 10
9.01e+07 1.70204e-09 2.082e-07 2.52018e-11 9 1 0.5 9
9.02e+07 1.40078e-09 2.05085e-07 2.04819e-11 9 1 0.5 9
9.03e+07 1.90003e-09 2.15025e-07 3.72721e-11 7 1 0.5 7
9.04e+07 1.61901e-09 2.05502e-07 2.37234e-11 9 1 0.5 9
9.05e+07 1.40765e-09 2.07754e-07 3.12463e-11 6 1 0.5 6
9.06e+07 1.94782e-09 2.07092e-07 5.19387e-11 5 1 0.5 5
9.07e+07 1.31527e-09 2.04359e-07 9.87192e-10 5 1 0.5 5
9.08e+07 1.31023e-09 2.08786e-07 1.9424e-11 9 1 0.5 9
9.09e+07 1.16938e-09 2.12782e-07 2.26361e-11 7 1 0.5 7
9.1e+07 1.39867e-09 2.05473e-07 1.84263e-11 10 1 0.5 10
9.11e+07 1.24912e-09 2.11171e-07 2.40415e-11 7 1 0.5 7
9.12e+07 1.61447e-09 2.02401e-07 2.63128e-11 8 1 0.5 8
9.13e+07 1.36473e-09 2.04376e-07 1.79027e-11 10 1 0.5 10
9.14e+07 1.60894e-09 2.05206e-07 7.43254e-11 7 1 0.5 7
9.15e+07 1.60127e-09 2.03488e-07 2.09453e-11 10 1 0.5 10
9.16e+07 1.16668e-09 2.03813e-07 2.18331e-11 7 1 0.5 7
9.17e+07 1.41551e-09 2.08175e-07 2.98472e-11 8 1 0.5 8
9.18e+07 1.85092e-09 2.11188e-07 5.01001e-11 5 1 0.5 5
9.19e+07 1.67544e-09 2.12751e-07 1.74448e-11 13 1 0.5 13
9.2e+07 1.55193e-09 2.06435e-07 5.16011e-11 4 1 0.5 4
9.21e+07 1.20796e-09 2.12831e-07 2.04558e-11 8 1 0.5 8
9.22e+07 1.74681e-09 2.12103e-07 2.36129e-11 10 1 0.5 10
9.23e+07 1.78281e-09 2.07105e-07 5.95065e-11 4 1 0.5 4
9.24e+07 1.36033e-09 2.06526e-07 1.49849e-11 12 1 0.5 12
9.25e+07 1.63299e-09 2.06094e-07 3.08729e-11 7 1 0.5 7
9.26e+07 8.65097e-10 2.0748e-07 1.14703e-11 10 1 0.5 10
9.27e+07 1.95484e-09 2.20322e-07 4.55515e-11 6 1 0.5 6
9.28e+07 1.63011e-09 2.03795e-07 4.28616e-11 5 1 0.5 5
9.29e+07 1.38737e-09 2.12318e-07 2.0845e-11 9 1 0.5 9
9.3e+07 1.17706e-09 1.96893e-07 1.87541e-11 8 1 0.5 8
9.31e+07 1.35436e-09 2.12911e-07 3.0643e-11 6 1 0.5 6
9.32e+07 1.69631e-09 2.06596e-07 3.75298e-11 6 1 0.5 6
9.33e+07 1.2136e-09 1.96478e-07 1.18645e-11 13 1 0.5 13
9.34e+07 1.17278e-09 2.0613e-07 2.58503e-11 6 1 0.5 6
9.35e+07 8.57576e-10 2.04579e-07 2.25388e-11 5 1 0.5 5
9.36e+07 9.17157e-10 2.11468e-07 2.06057e-11 6 1 0.5 6
9.37e+07 1.46752e-09 2.09997e-07 2.81414e-11 7 1 0.5 7
9.38e+07 1.51842e-09 2.0755e-07 2.24174e-11 9 1 0.5 9
9.39e+07 1.50541e-09 2.06389e-07 2.49285e-11 8 1 0.5 8
9.4e+07 1.85959e-09 2.12997e-07 6.34866e-11 4 1 0.5 4
9.41e+07 1.90289e-09 1.97675e-07 3.48525e-11 7 1 0.5 7
9.42e+07 1.25259e-09 2.07207e-07 1.66055e-11 10 1 0.5 10
9.43e+07 1.0574e-09 2.02833e-07 2.30053e-11 6 1 0.5 6
9.44e+07 1.73826e-09 2.08469e-07 3.87376e-11 6 1 0.5 6
9.45e+07 1.49929e-09 2.06129e-07 1.98058e-11 10 1 0.5 10
9.46e+07 1.57958e-09 2.07713e-07 3.00418e-11 7 1 0.5 7
9.47e+07 1.47355e-09 2.10849e-07 1.98138e-11 10 1 0.5 10
9.48e+07 1.55049e-09 2.15805e-07 4.26327e-11 5 1 0.5 5
9.49e+07 1.53168e-09 2.13353e-07 2.60143e-11 8 1 0.5 8
9.5e+07 1.46388e-09 2.1906e-07 2.53806e-11 8 1 0.5 8
9.51e+07 1.2977e-09 2.17095e-07 1.98389e-11 9 1 0.5 9
9.52e+07 1.18267e-09 2.08194e-07 1.31059e-11 12 1 0.5 12
9.53e+07 1.1076e-09 2.0344e-07 1.80987e-11 8 1 0.5 8
9.54e+07 1.07597e-09 2.00355e-07 1.54364e-11 9 1 0.5 9
9.55e+07 1.52878e-09 2.14e-07 1.64175e-11 13 1 0.5 13
9.56e+07 1.53402e-09 2.06668e-07 6.04982e-10 6 1 0.5 6
9.57e+07 1.22378e-09 2.00695e-07 1.75865e-11 9 1 0.5 9
9.58e+07 2.00951e-09 2.04553e-07 2.64167e-11 10 1 0.5 10
9.59e+07 1.33983e-09 2.07845e-07 4.4734e-11 4 1 0.5 4
9.6e+07 1.68157e-09 2.04965e-07 1.84249e-11 12 1 0.5 12
9.61e+07 1.75656e-09 2.09232e-07 3.3619e-11 7 1 0.5 7
9.62e+07 2.04991e-09 2.02092e-07 3.34101e-11 8 1 0.5 8
9.63e+07 1.58921e-09 2.1136e-07 6.48332e-10 5 1 0.5 5
9.64e+07 1.22078e-09 2.15838e-07 9.81822e-12 17 1 0.5 17
9.65e+07 2.02298e-09 2.06683e-07 6.75068e-11 4 1 0.5 4
9.66e+07 1.36376e-09 2.08499e-07 2.27335e-11 8 1 0.5 8
9.67e+07 1.50932e-09 2.11274e-07 3.39619e-11 6 1 0.5 6
9.68e+07 1.76821e-09 2.22373e-07 4.14773e-11 6 1 0.5 6
9.69e+07 1.79158e-09 2.02726e-07 4.69478e-11 5 1 0.5 5
9.7e+07 1.33805e-09 2.06821e-07 2.95889e-11 6 1 0.5 6
9.71e+07 1.4298e-09 2.0617e-07 2.70216e-11 7 1 0.5 7
9.72e+07 1.5154e-09 1.97796e-07 3.23852e-11 6 1 0.5 6
9.73e+07 1.30113e-09 2.16307e-07 1.2735e-11 14 1 0.5 14
9.74e+07 1.29585e-09 2.0486e-07 2.84382e-11 6 1 0.5 6
9.75e+07 1.44803e-09 2.11726e-07 1.62684e-11 12 1 0.5 12
9.76e+07 1.40765e-09 1.96973e-07 1.99456e-11 9 1 0.5 9
9.77e+07 1.57578e-09 2.10102e-07 2.11342e-11 10 1 0.5 10
9.78e+07 1.71803e-09 2.13947e-07 3.34605e-11 7 1 0.5 7
9.79e+07 1.35217e-09 2.16341e-07 3.09819e-11 6 1 0.5 6
9.8e+07 1.41098e-09 2.06644e-07 1.8672e-11 10 1 0.5 10
9.81e+07 1.04184e-09 2.11222e-07 1.75293e-11 8 1 0.5 8
9.82e+07 1.30388e-09 2.08213e-07 2.48232e-11 7 1 0.5 7
9.83e+07 1.36299e-09 2.1426e-07 1.6864e-11 11 1 0.5 11
9.84e+07 1.40084e-09 2.11022e-07 3.14783e-11 6 1 0.5 6
9.85e+07 1.40762e-09 2.04997e-07 2.05753e-11 9 1 0.5 9
9.86e+07 1.46628e-09 2.07598e-07 2.78647e-11 7 1 0.5 7
9.87e+07 1.35313e-09 2.10699e-07 3.03705e-11 6 1 0.5 6
9.88e+07 1.79289e-09 2.06324e-07 2.96778e-11 8 1 0.5 8
9.89e+07 1.06963e-09 2.04747e-07 2.81566e-11 5 1 0.5 5
9.9e+07 1.31936e-09 2.09341e-07 1.96006e-11 9 1 0.5 9
9.91e+07 1.44709e-09 1.9889e-07 2.32547e-11 8 1 0.5 8
9.92e+07 1.81914e-09 2.14282e-07 2.4794e-11 10 1 0.5 10
