0 1.50659e-09 2.07143e-07 1.91083e-11 11 1 0.5 11
100000 1.17913e-09 2.0868e-07 2.62426e-11 6 1 0.5 6
200000 1.89101e-09 2.1868e-07 4.37916e-11 6 1 0.5 6
300000 1.62646e-09 1.95881e-07 2.58425e-11 8 1 0.5 8
400000 1.28959e-09 1.98995e-07 2.76664e-11 6 1 0.5 6
500000 1.48427e-09 2.04934e-07 2.16947e-11 9 1 0.5 9
600000 1.85914e-09 2.06904e-07 3.08482e-11 8 1 0.5 8
700000 1.54173e-09 2.0225e-07 2.87131e-11 7 1 0.5 7
800000 1.15775e-09 2.09102e-07 2.21044e-11 7 1 0.5 7
900000 1.37673e-09 2.04692e-07 3.02028e-11 6 1 0.5 6
1e+06 1.09956e-09 2.00728e-07 1.778e-11 8 1 0.5 8
1.1e+06 1.36943e-09 1.96578e-07 2.91108e-11 6 1 0.5 6
1.2e+06 1.26484e-09 2.0786e-07 2.40448e-11 7 1 0.5 7
1.3e+06 1.20266e-09 2.0935e-07 1.78622e-11 9 1 0.5 9
1.4e+06 1.57923e-09 2.15648e-07 3.09362e-11 7 1 0.5 7
1.5e+06 1.38748e-09 1.97992e-07 2.22151e-11 8 1 0.5 8
1.6e+06 1.31616e-09 2.14922e-07 1.28885e-10 7 1 0.5 7
1.7e+06 1.76234e-09 2.05843e-07 2.11457e-11 11 1 0.5 11
1.8e+06 1.60132e-09 2.05009e-07 1.75459e-11 12 1 0.5 12
1.9e+06 1.80951e-09 2.06154e-07 4.80489e-11 5 1 0.5 5
2e+06 1.29408e-09 2.00213e-07 3.35086e-11 5 1 0.5 5
2.1e+06 1.48385e-09 2.17995e-07 1.86169e-11 11 1 0.5 11
2.2e+06 2.02272e-09 2.10836e-07 2.47446e-11 11 1 0.5 11
2.3e+06 1.5974e-09 2.09767e-07 1.6446e-11 13 1 0.5 13
2.4e+06 1.66646e-09 2.04621e-07 2.1896e-11 10 1 0.5 10
2.5e+06 1.0909e-09 1.99155e-07 1.27392e-11 11 1 0.5 11
2.6e+06 1.82937e-09 2.09357e-07 3.06341e-11 8 1 0.5 8
2.7e+06 1.35439e-09 2.14567e-07 2.64068e-11 7 1 0.5 7
2.8e+06 1.29968e-09 2.04065e-07 2.43559e-11 7 1 0.5 7
2.9e+06 1.01149e-09 2.02728e-07 2.19939e-11 6 1 0.5 6
3e+06 1.93906e-09 2.08011e-07 5.18835e-11 5 1 0.5 5
3.1e+06 1.76419e-09 2.03704e-07 2.31038e-11 10 1 0.5 10
3.2e+06 1.5437e-09 2.11617e-07 2.60487e-11 8 1 0.5 8
3.3e+06 1.19872e-09 2.1311e-07 2.32343e-11 7 1 0.5 7
3.4e+06 1.35822e-09 2.17612e-07 3.75598e-11 5 1 0.5 5
3.5e+06 1.10111e-09 2.02376e-07 2.87272e-11 5 1 0.5 5
3.6e+06 1.92979e-09 2.07024e-07 2.84634e-11 9 1 0.5 9
3.7e+06 1.71686e-09 2.10111e-07 4.6256e-11 5 1 0.5 5
3.8e+06 9.25978e-10 2.06009e-07 2.44769e-11 5 1 0.5 5
3.9e+06 1.63214e-09 2.00889e-07 1.92142e-11 11 1 0.5 11
4e+06 1.12704e-09 2.00522e-07 2.08228e-11 7 1 0.5 7
4.1e+06 1.80505e-09 2.08891e-07 2.19115e-11 11 1 0.5 11
4.2e+06 1.69091e-09 2.13693e-07 2.55553e-11 9 1 0.5 9
4.3e+06 1.19799e-09 2.03028e-07 1.73706e-11 9 1 0.5 9
4.4e+06 1.76924e-09 2.04715e-07 3.88741e-11 6 1 0.5 6
4.5e+06 1.63672e-09 2.03368e-07 2.67767e-11 8 1 0.5 8
4.6e+06 1.71457e-09 2.07433e-07 2.28058e-11 10 1 0.5 10
4.7e+06 1.20186e-09 2.03655e-07 1.96603e-11 8 1 0.5 8
4.8e+06 1.51829e-09 2.10743e-07 2.92011e-11 7 1 0.5 7
4.9e+06 1.8701e-09 2.04582e-07 7.07571e-11 7 1 0.5 7
5e+06 1.58216e-09 2.1222e-07 2.37748e-11 9 1 0.5 9
5.1e+06 1.07802e-09 2.06829e-07 2.04014e-11 7 1 0.5 7
5.2e+06 1.41201e-09 2.12803e-07 3.83727e-11 5 1 0.5 5
5.3e+06 1.34118e-09 2.07551e-07 2.22758e-11 8 1 0.5 8
5.4e+06 1.09785e-09 2.00086e-07 2.02473e-11 7 1 0.5 7
5.5e+06 1.95589e-09 2.10465e-07 3.7632e-11 7 1 0.5 7
5.6e+06 1.53912e-09 2.00712e-07 2.8494e-11 7 1 0.5 7
5.7e+06 1.95712e-09 2.04763e-07 5.17273e-11 5 1 0.5 5
5.8e+06 1.38367e-09 2.09569e-07 1.85125e-11 10 1 0.5 10
5.9e+06 1.21517e-09 2.11759e-07 2.73617e-11 6 1 0.5 6
6e+06 1.99918e-09 2.14636e-07 3.41587e-11 8 1 0.5 8
6.1e+06 1.07331e-09 1.97949e-07 2.29143e-11 6 1 0.5 6
6.2e+06 1.3483e-09 2.02692e-07 2.5138e-11 7 1 0.5 7
6.3e+06 1.63322e-09 2.02082e-07 2.65871e-11 8 1 0.5 8
6.4e+06 1.45966e-09 2.11434e-07 2.46079e-11 8 1 0.5 8
6.5e+06 1.28158e-09 2.01044e-07 2.77137e-11 6 1 0.5 6
6.6e+06 1.65077e-09 2.07002e-07 3.65721e-11 6 1 0.5 6
6.7e+06 2.12343e-09 1.98014e-07 3.89706e-11 7 1 0.5 7
6.8e+06 1.61152e-09 2.02161e-07 7.0529e-11 3 1 0.5 3
6.9e+06 1.59411e-09 2.088e-07 2.66208e-11 8 1 0.5 8
7e+06 1.46728e-09 2.03613e-07 2.74636e-11 7 1 0.5 7
7.1e+06 1.65298e-09 2.09864e-07 3.91266e-10 7 1 0.5 7
7.2e+06 1.49962e-09 2.09258e-07 2.00457e-11 10 1 0.5 10
7.3e+06 1.71001e-09 2.00161e-07 3.69098e-11 6 1 0.5 6
7.4e+06 1.14494e-09 2.0841e-07 2.54525e-11 6 1 0.5 6
7.5e+06 1.30325e-09 2.00765e-07 1.05451e-10 12 1 0.5 12
7.6e+06 1.3829e-09 2.1205e-07 2.33621e-11 8 1 0.5 8
7.7e+06 2.07609e-09 1.99388e-07 2.9745e-11 9 1 0.5 9
7.8e+06 1.26898e-09 2.06296e-07 2.09724e-11 8 1 0.5 8
7.9e+06 2.13442e-09 2.01848e-07 4.64458e-11 6 1 0.5 6
8e+06 1.58895e-09 2.01784e-07 2.58334e-11 8 1 0.5 8
8.1e+06 1.78675e-09 2.06629e-07 2.96101e-11 8 1 0.5 8
8.2e+06 2.06168e-09 2.07714e-07 3.43336e-11 8 1 0.5 8
8.3e+06 1.17442e-09 2.0105e-07 2.17458e-11 7 1 0.5 7
8.4e+06 1.62238e-09 2.12027e-07 2.43641e-11 9 1 0.5 9
8.5e+06 1.20838e-09 2.1117e-07 2.0337e-11 8 1 0.5 8
8.6e+06 1.28658e-09 2.05754e-07 1.69636e-11 10 1 0.5 10
8.7e+06 1.7097e-09 2.01748e-07 5.58831e-11 4 1 0.5 4
8.8e+06 1.68847e-09 2.07537e-07 1.72409e-11 13 1 0.5 13
8.9e+06 1.46882e-09 2.04643e-07 2.41363e-11 8 1 0.5 8
9e+06 1.51318e-09 2.14929e-07 1.87744e-11 11 1 0.5 11
9.1e+06 1.58091e-09 2.09858e-07 3.53944e-11 6 1 0.5 6
9.2e+06 1.34181e-09 2.03837e-07 1.95233e-11 9 1 0.5 9
9.3e+06 1.46674e-09 2.04061e-07 3.85774e-11 5 1 0.5 5
9.4e+06 1.44833e-09 2.18086e-07 1.99997e-11 10 1 0.5 10
9.5e+06 1.69476e-09 2.06689e-07 2.03975e-11 11 1 0.5 11
9.6e+06 9.12553e-10 1.96615e-07 1.65933e-11 7 1 0.5 7
9.7e+06 1.66037e-09 2.08194e-07 2.76692e-11 8 1 0.5 8
9.8e+06 1.48044e-09 2.00583e-07 3.19802e-11 6 1 0.5 6
9.9e+06 1.92936e-09 2.05942e-07 2.31664e-11 11 1 0.5 11
1e+07 1.1794e-09 2.0625e-07 1.55759e-11 10 1 0.5 10
1.01e+07 1.48557e-09 2.05202e-07 2.17359e-11 9 1 0.5 9
1.02e+07 1.63798e-09 2.07234e-07 5.46544e-11 4 1 0.5 4
1.03e+07 1.80163e-09 1.9989e-07 7.82663e-11 3 1 0.5 3
1.04e+07 1.90504e-09 2.03124e-07 3.56401e-11 7 1 0.5 7
1.05e+07 1.30412e-09 2.0609e-07 1.22873e-11 14 1 0.5 14
1.06e+07 1.13805e-09 2.07804e-07 3.03166e-11 5 1 0.5 5
1.07e+07 1.72935e-09 2.09019e-07 6.16049e-11 4 1 0.5 4
1.08e+07 1.27051e-09 2.07655e-07 3.38465e-11 5 1 0.5 5
1.09e+07 2.01147e-09 2.18046e-07 1.34657e-10 7 1 0.5 7
1.1e+07 1.75257e-09 2.08524e-07 3.91663e-11 6 1 0.5 6
1.11e+07 1.56232e-09 2.01919e-07 4.07712e-11 5 1 0.5 5
1.12e+07 1.87473e-09 2.0141e-07 4.06868e-11 6 1 0.5 6
1.13e+07 1.33624e-09 2.0411e-07 1.94624e-11 9 1 0.5 9
1.14e+07 1.70034e-09 1.94964e-07 4.32054e-11 5 1 0.5 5
1.15e+07 1.60209e-09 2.10276e-07 2.39016e-11 9 1 0.5 9
1.16e+07 1.40199e-09 2.07775e-07 3.11224e-11 6 1 0.5 6
1.17e+07 1.9883e-09 2.12112e-07 2.98968e-11 9 1 0.5 9
1.18e+07 1.26025e-09 2.07553e-07 1.85941e-11 9 1 0.5 9
1.19e+07 1.36368e-09 2.0621e-07 2.00232e-11 9 1 0.5 9
1.2e+07 1.39157e-09 2.07231e-07 2.3088e-11 8 1 0.5 8
1.21e+07 1.76946e-09 2.1346e-07 3.00827e-11 8 1 0.5 8
1.22e+07 1.16987e-09 2.05358e-07 1.28253e-11 12 1 0.5 12
1.23e+07 1.81439e-09 2.09587e-07 2.43006e-11 10 1 0.5 10
1.24e+07 1.5084e-09 2.13035e-07 1.4592e-11 14 1 0.5 14
1.25e+07 1.66477e-09 2.04413e-07 1.82018e-11 12 1 0.5 12
1.26e+07 1.71146e-09 2.09049e-07 4.95954e-11 6 1 0.5 6
1.27e+07 1.27824e-09 2.10513e-07 2.86554e-11 6 1 0.5 6
1.28e+07 1.01217e-09 2.12464e-07 1.36776e-11 10 1 0.5 10
1.29e+07 1.20256e-09 2.0579e-07 2.26777e-11 7 1 0.5 7
1.3e+07 1.28858e-09 2.10389e-07 1.72896e-11 10 1 0.5 10
1.31e+07 9.2824e-10 2.10682e-07 8.89296e-12 14 1 0.5 14
1.32e+07 1.94128e-09 2.02502e-07 5.08606e-11 5 1 0.5 5
1.33e+07 1.78e-09 2.16936e-07 4.91999e-11 5 1 0.5 5
1.34e+07 1.60712e-09 2.10357e-07 2.15766e-11 10 1 0.5 10
1.35e+07 1.14443e-09 2.06682e-07 1.37581e-11 11 1 0.5 11
1.36e+07 1.22291e-09 2.03546e-07 1.82889e-11 9 1 0.5 9
1.37e+07 1.34845e-09 2.13467e-07 2.03446e-11 9 1 0.5 9
1.38e+07 1.44402e-09 2.18806e-07 2.86025e-11 7 1 0.5 7
1.39e+07 9.14167e-10 2.2068e-07 2.55089e-11 5 1 0.5 5
1.4e+07 1.59248e-09 2.05444e-07 2.09864e-11 10 1 0.5 10
1.41e+07 1.3334e-09 2.12198e-07 3.6142e-11 5 1 0.5 5
1.42e+07 1.35728e-09 2.05508e-07 1.3745e-11 13 1 0.5 13
1.43e+07 1.54284e-09 2.12036e-07 3.48554e-11 6 1 0.5 6
1.44e+07 1.46233e-09 2.00292e-07 3.15513e-11 6 1 0.5 6
1.45e+07 1.36776e-09 1.97896e-07 2.92258e-11 6 1 0.5 6
1.46e+07 1.61481e-09 2.0362e-07 2.11337e-11 10 1 0.5 10
1.47e+07 1.24506e-09 2.13833e-07 1.2075e-11 14 1 0.5 14
1.48e+07 2.08361e-09 2.10627e-07 4.68755e-11 6 1 0.5 6
1.49e+07 1.30961e-09 2.11988e-07 1.26157e-11 14 1 0.5 14
1.5e+07 1.12784e-09 2.00602e-07 2.43336e-11 6 1 0.5 6
1.51e+07 1.82129e-09 2.04054e-07 3.41862e-11 7 1 0.5 7
1.52e+07 1.73216e-09 2.10116e-07 4.66724e-11 5 1 0.5 5
1.53e+07 1.76539e-09 1.96512e-07 2.49907e-11 9 1 0.5 9
1.54e+07 1.41158e-09 2.04506e-07 3.09494e-11 6 1 0.5 6
1.55e+07 1.89269e-09 2.06787e-07 4.19357e-11 6 1 0.5 6
1.56e+07 1.09712e-09 2.10546e-07 1.47229e-11 10 1 0.5 10
1.57e+07 1.12467e-09 2.1798e-07 2.59007e-11 6 1 0.5 6
1.58e+07 1.38793e-09 2.21199e-07 1.76128e-11 11 1 0.5 11
1.59e+07 1.04342e-09 2.0318e-07 1.36153e-11 10 1 0.5 10
1.6e+07 1.15985e-09 2.07215e-07 2.19877e-11 7 1 0.5 7
1.61e+07 1.26583e-09 2.01646e-07 3.29557e-11 5 1 0.5 5
1.62e+07 1.31676e-09 2.0704e-07 1.93929e-11 9 1 0.5 9
1.63e+07 1.30256e-09 2.13855e-07 1.60903e-11 11 1 0.5 11
1.64e+07 1.43355e-09 2.10827e-07 2.75723e-11 7 1 0.5 7
1.65e+07 1.4499e-09 2.03355e-07 2.711e-11 7 1 0.5 7
1.66e+07 1.04016e-09 2.13813e-07 2.35841e-11 6 1 0.5 6
1.67e+07 1.67427e-09 2.2085e-07 3.34351e-11 7 1 0.5 7
1.68e+07 1.29371e-09 2.01099e-07 2.39681e-11 7 1 0.5 7
1.69e+07 1.76729e-09 2.06066e-07 2.92234e-11 8 1 0.5 8
1.7e+07 1.50268e-09 2.04642e-07 1.97384e-11 10 1 0.5 10
1.71e+07 1.17884e-09 2.10703e-07 2.64359e-11 6 1 0.5 6
1.72e+07 1.53404e-09 2.09427e-07 2.28097e-11 9 1 0.5 9
1.73e+07 1.63113e-09 2.02594e-07 2.66054e-11 8 1 0.5 8
1.74e+07 1.2834e-09 2.05105e-07 3.38626e-11 5 1 0.5 5
1.75e+07 1.49186e-09 2.09127e-07 2.85171e-11 7 1 0.5 7
1.76e+07 1.8341e-09 2.01668e-07 3.41128e-11 7 1 0.5 7
1.77e+07 1.3462e-09 2.12013e-07 2.27366e-11 8 1 0.5 8
1.78e+07 1.39655e-09 2.0213e-07 1.29621e-11 14 1 0.5 14
1.79e+07 1.71559e-09 2.1312e-07 2.91257e-11 8 1 0.5 8
1.8e+07 1.27355e-09 2.07909e-07 1.53857e-11 11 1 0.5 11
1.81e+07 1.96817e-09 2.1099e-07 4.76665e-11 6 1 0.5 6
1.82e+07 1.6815e-09 2.08428e-07 2.80479e-11 8 1 0.5 8
1.83e+07 1.50091e-09 2.06507e-07 1.98557e-11 10 1 0.5 10
1.84e+07 1.91023e-09 2.13269e-07 3.24662e-11 8 1 0.5 8
1.85e+07 1.12874e-09 2.11641e-07 1.90256e-11 8 1 0.5 8
1.86e+07 1.6907e-09 2.04009e-07 3.70387e-11 6 1 0.5 6
1.87e+07 9.48098e-10 2.07258e-07 1.79642e-11 7 1 0.5 7
1.88e+07 1.19499e-09 2.17569e-07 2.05905e-11 8 1 0.5 8
1.89e+07 1.44526e-09 1.97633e-07 3.70723e-11 5 1 0.5 5
1.9e+07 1.79567e-09 2.09886e-07 4.02397e-11 6 1 0.5 6
1.91e+07 1.92698e-09 2.04918e-07 2.81949e-11 9 1 0.5 9
1.92e+07 1.65339e-09 2.02224e-07 5.41251e-11 4 1 0.5 4
1.93e+07 1.03836e-09 2.03832e-07 1.50967e-11 9 1 0.5 9
1.94e+07 1.54625e-09 1.97851e-07 2.47542e-11 8 1 0.5 8
1.95e+07 1.72985e-09 2.04251e-07 2.84037e-11 8 1 0.5 8
1.96e+07 1.32016e-09 2.02313e-07 1.90951e-11 9 1 0.5 9
1.97e+07 1.09564e-09 2.14685e-07 2.49272e-11 6 1 0.5 6
1.98e+07 1.34817e-09 2.12473e-07 2.2809e-11 8 1 0.5 8
1.99e+07 1.59073e-09 2.07687e-07 3.0252e-11 7 1 0.5 7
2e+07 1.45305e-09 2.03198e-07 3.80886e-11 5 1 0.5 5
2.01e+07 1.01331e-09 2.25829e-07 1.19715e-11 12 1 0.5 12
2.02e+07 1.64171e-09 2.07731e-07 3.64707e-11 6 1 0.5 6
2.03e+07 1.47404e-09 2.02791e-07 1.74709e-11 11 1 0.5 11
2.04e+07 1.79372e-09 2.11077e-07 6.07779e-11 4 1 0.5 4
2.05e+07 1.06655e-09 2.10621e-07 4.8005e-11 3 1 0.5 3
2.06e+07 1.63479e-09 2.11554e-07 3.68412e-11 6 1 0.5 6
2.07e+07 1.84889e-09 2.08597e-07 2.46726e-11 10 1 0.5 10
2.08e+07 1.58548e-09 2.05574e-07 2.61545e-11 8 1 0.5 8
2.09e+07 1.4393e-09 2.1278e-07 2.55179e-11 8 1 0.5 8
2.1e+07 1.53534e-09 2.10406e-07 2.06134e-11 10 1 0.5 10
2.11e+07 1.69949e-09 1.95895e-07 2.70095e-11 8 1 0.5 8
2.12e+07 9.26835e-10 2.07711e-07 1.36715e-11 9 1 0.5 9
2.13e+07 1.72736e-09 2.13387e-07 2.6079e-11 9 1 0.5 9
2.14e+07 1.26066e-09 2.17531e-07 1.57825e-11 11 1 0.5 11
2.15e+07 1.01955e-09 2.01202e-07 2.20398e-11 6 1 0.5 6
2.16e+07 1.6694e-09 2.07772e-07 4.45732e-11 5 1 0.5 5
2.17e+07 1.24199e-09 2.07749e-07 1.83374e-11 9 1 0.5 9
2.18e+07 1.86156e-09 2.09727e-07 3.12193e-11 8 1 0.5 8
2.19e+07 1.36546e-09 2.08355e-07 2.27496e-11 8 1 0.5 8
2.2e+07 1.66611e-09 2.23335e-07 2.93521e-11 8 1 0.5 8
2.21e+07 1.36554e-09 2.07579e-07 1.20755e-11 15 1 0.5 15
2.22e+07 1.49464e-09 2.08219e-07 2.21209e-11 9 1 0.5 9
2.23e+07 2.15276e-09 1.99034e-07 3.96709e-11 7 1 0.5 7
2.24e+07 1.85028e-09 2.01269e-07 1.84504e-11 13 1 0.5 13
2.25e+07 2.07402e-09 2.09704e-07 3.48004e-11 8 1 0.5 8
2.26e+07 1.50889e-09 2.15446e-07 3.44806e-11 6 1 0.5 6
2.27e+07 2.06231e-09 2.11595e-07 8.28248e-11 7 1 0.5 7
2.28e+07 2.04554e-09 2.10999e-07 3.06345e-11 9 1 0.5 9
2.29e+07 1.43358e-09 2.08163e-07 2.72987e-11 7 1 0.5 7
2.3e+07 1.56824e-09 2.08636e-07 2.32509e-11 9 1 0.5 9
2.31e+07 1.09799e-09 2.0858e-07 1.21834e-11 12 1 0.5 12
2.32e+07 1.42341e-09 2.11367e-07 3.20294e-11 6 1 0.5 6
2.33e+07 1.50448e-09 2.07002e-07 6.70229e-11 3 1 0.5 3
2.34e+07 1.69411e-09 2.06025e-07 3.20263e-11 7 1 0.5 7
2.35e+07 2.1382e-09 2.05735e-07 3.13994e-11 9 1 0.5 9
2.36e+07 1.97929e-09 2.05044e-07 1.85946e-11 14 1 0.5 14
2.37e+07 1.30152e-09 2.05506e-07 1.55818e-11 11 1 0.5 11
2.38e+07 1.7447e-09 2.10348e-07 4.70538e-11 5 1 0.5 5
2.39e+07 1.74312e-09 2.0523e-07 3.28582e-11 7 1 0.5 7
2.4e+07 1.80334e-09 2.08436e-07 4.01928e-11 6 1 0.5 6
2.41e+07 1.53365e-09 2.08464e-07 5.13815e-11 4 1 0.5 4
2.42e+07 1.50605e-09 2.12149e-07 4.08467e-11 5 1 0.5 5
2.43e+07 1.4885e-09 2.02809e-07 1.61694e-11 12 1 0.5 12
2.44e+07 1.39541e-09 2.11878e-07 1.88318e-11 10 1 0.5 10
2.45e+07 1.26529e-09 2.10249e-07 2.1225e-11 8 1 0.5 8
2.46e+07 1.19865e-09 2.08224e-07 3.19903e-11 5 1 0.5 5
2.47e+07 1.06017e-09 2.02196e-07 1.53179e-11 9 1 0.5 9
2.48e+07 1.84565e-09 2.14634e-07 2.80019e-11 9 1 0.5 9
2.49e+07 1.50667e-09 2.18411e-07 2.08328e-11 10 1 0.5 10
2.5e+07 1.50159e-09 2.08002e-07 3.33745e-11 6 1 0.5 6
2.51e+07 1.04753e-09 2.11954e-07 2.35891e-11 6 1 0.5 6
2.52e+07 1.85978e-09 2.06528e-07 3.08147e-11 8 1 0.5 8
2.53e+07 1.60858e-09 2.01264e-07 2.08615e-11 10 1 0.5 10
2.54e+07 1.80246e-09 2.01091e-07 2.59791e-11 9 1 0.5 9
2.55e+07 1.66187e-09 2.04646e-07 2.42744e-11 9 1 0.5 9
2.56e+07 1.06085e-09 2.19352e-07 1.47032e-11 10 1 0.5 10
2.57e+07 1.32246e-09 2.02419e-07 3.45416e-11 5 1 0.5 5
2.58e+07 1.10916e-09 2.13175e-07 1.6706e-11 9 1 0.5 9
2.59e+07 1.61865e-09 2.07164e-07 2.14723e-11 10 1 0.5 10
2.6e+07 1.70879e-09 2.0156e-07 3.17564e-11 7 1 0.5 7
2.61e+07 1.51776e-09 2.04821e-07 1.99508e-11 10 1 0.5 10
2.62e+07 1.94468e-09 2.07865e-07 3.70507e-11 7 1 0.5 7
2.63e+07 2.14362e-09 2.01852e-07 3.99371e-11 7 1 0.5 7
2.64e+07 1.54417e-09 2.05447e-07 2.03478e-11 10 1 0.5 10
2.65e+07 1.52657e-09 2.05584e-07 6.76527e-11 3 1 0.5 3
2.66e+07 1.528e-09 2.00557e-07 2.19629e-11 9 1 0.5 9
2.67e+07 1.41495e-09 2.01734e-07 2.62888e-11 7 1 0.5 7
2.68e+07 1.65642e-09 2.03422e-07 3.62001e-11 6 1 0.5 6
2.69e+07 1.37267e-09 2.01541e-07 2.97507e-11 6 1 0.5 6
2.7e+07 1.70321e-09 2.05416e-07 2.04006e-11 11 1 0.5 11
2.71e+07 1.03653e-09 2.01243e-07 1.22015e-11 11 1 0.5 11
2.72e+07 1.17251e-09 2.08788e-07 2.23609e-11 7 1 0.5 7
2.73e+07 1.26521e-09 2.01555e-07 2.74123e-11 6 1 0.5 6
2.74e+07 1.54519e-09 1.92422e-07 2.15091e-11 9 1 0.5 9
2.75e+07 1.49497e-09 2.0684e-07 4.52396e-11 5 1 0.5 5
2.76e+07 1.69602e-09 2.003e-07 2.74241e-11 8 1 0.5 8
2.77e+07 2.11809e-09 2.04801e-07 5.60302e-11 5 1 0.5 5
2.78e+07 1.48383e-09 2.02086e-07 1.37717e-11 14 1 0.5 14
2.79e+07 8.89042e-10 2.04383e-07 1.45711e-11 8 1 0.5 8
2.8e+07 1.15041e-09 2.11428e-07 2.21557e-11 7 1 0.5 7
2.81e+07 1.29116e-09 2.17628e-07 1.97769e-11 9 1 0.5 9
2.82e+07 1.44797e-09 1.99087e-07 1.86137e-11 10 1 0.5 10
2.83e+07 1.97535e-09 2.06802e-07 8.82471e-11 3 1 0.5 3
2.84e+07 1.65313e-09 2.07078e-07 3.66354e-11 6 1 0.5 6
2.85e+07 1.63792e-09 2.0403e-07 2.14711e-11 10 1 0.5 10
2.86e+07 1.64262e-09 2.08138e-07 4.39136e-11 5 1 0.5 5
2.87e+07 1.62466e-09 2.00203e-07 3.50625e-11 6 1 0.5 6
2.88e+07 1.59675e-09 1.93512e-07 3.35594e-11 6 1 0.5 6
2.89e+07 1.70995e-09 2.09467e-07 3.27508e-11 7 1 0.5 7
2.9e+07 1.43377e-09 2.07684e-07 3.82282e-11 5 1 0.5 5
2.91e+07 1.19319e-09 2.08744e-07 1.22287e-11 13 1 0.5 13
2.92e+07 1.48091e-09 2.07012e-07 3.27894e-11 6 1 0.5 6
2.93e+07 1.72788e-09 2.09148e-07 2.89036e-11 8 1 0.5 8
2.94e+07 1.11507e-09 2.11829e-07 1.67118e-11 9 1 0.5 9
2.95e+07 1.00905e-09 2.13187e-07 1.36718e-11 10 1 0.5 10
2.96e+07 1.4567e-09 2.16804e-07 5.03163e-11 4 1 0.5 4
2.97e+07 8.92496e-10 2.10767e-07 1.71318e-11 7 1 0.5 7
2.98e+07 1.30875e-09 2.09865e-07 2.92717e-11 6 1 0.5 6
2.99e+07 1.44581e-09 2.01694e-07 1.87751e-11 10 1 0.5 10
3e+07 1.43164e-09 2.11821e-07 1.93183e-11 10 1 0.5 10
3.01e+07 1.17674e-09 2.06287e-07 2.59534e-11 6 1 0.5 6
3.02e+07 8.15366e-10 2.11079e-07 1.56656e-11 7 1 0.5 7
3.03e+07 1.14225e-09 2.10708e-07 2.5612e-11 6 1 0.5 6
3.04e+07 1.6392e-09 2.20209e-07 3.26552e-11 7 1 0.5 7
3.05e+07 1.14806e-09 2.16042e-07 1.57245e-11 10 1 0.5 10
3.06e+07 1.13435e-09 2.00769e-07 2.09785e-11 7 1 0.5 7
3.07e+07 1.34788e-09 2.1228e-07 2.02468e-11 9 1 0.5 9
3.08e+07 1.37344e-09 2.00597e-07 2.96588e-11 6 1 0.5 6
3.09e+07 1.34328e-09 2.16563e-07 2.04983e-11 9 1 0.5 9
3.1e+07 1.66169e-09 2.01977e-07 4.33932e-11 5 1 0.5 5
3.11e+07 1.09319e-09 2.04724e-07 1.59502e-11 9 1 0.5 9
3.12e+07 1.38564e-09 2.03882e-07 2.01668e-11 9 1 0.5 9
3.13e+07 1.43316e-09 2.0931e-07 2.12949e-11 9 1 0.5 9
3.14e+07 1.07718e-09 2.14352e-07 1.466e-11 10 1 0.5 10
3.15e+07 2.06894e-09 2.05666e-07 4.56759e-11 6 1 0.5 6
3.16e+07 1.44358e-09 2.06852e-07 1.91199e-11 10 1 0.5 10
3.17e+07 1.76883e-09 1.96193e-07 2.04442e-11 11 1 0.5 11
3.18e+07 2.00097e-09 2.11496e-07 3.8654e-11 7 1 0.5 7
3.19e+07 1.559e-09 2.03639e-07 1.69915e-11 12 1 0.5 12
3.2e+07 2.21365e-09 2.14633e-07 5.05721e-11 6 1 0.5 6
3.21e+07 1.58417e-09 2.09983e-07 2.65719e-11 8 1 0.5 8
3.22e+07 1.64912e-09 2.06765e-07 3.12591e-11 7 1 0.5 7
3.23e+07 1.17358e-09 2.02834e-07 1.91357e-11 8 1 0.5 8
3.24e+07 1.48092e-09 2.04333e-07 2.4307e-11 8 1 0.5 8
3.25e+07 1.65579e-09 2.21086e-07 1.64995e-11 14 1 0.5 14
3.26e+07 1.50714e-09 2.09775e-07 3.3723e-11 6 1 0.5 6
3.27e+07 1.6153e-09 2.13206e-07 2.74238e-11 8 1 0.5 8
3.28e+07 1.63511e-09 2.03698e-07 3.57693e-11 6 1 0.5 6
3.29e+07 1.25989e-09 2.05908e-07 1.66204e-11 10 1 0.5 10
3.3e+07 1.4157e-09 2.09311e-07 2.36749e-11 8 1 0.5 8
3.31e+07 2.0409e-09 2.09509e-07 3.03944e-11 9 1 0.5 9
3.32e+07 1.91361e-09 2.06247e-07 4.23157e-11 6 1 0.5 6
3.33e+07 1.3647e-09 2.11259e-07 2.29857e-11 8 1 0.5 8
3.34e+07 1.49987e-09 2.03432e-07 2.80571e-11 7 1 0.5 7
3.35e+07 1.27657e-09 2.18202e-07 1.76284e-11 10 1 0.5 10
3.36e+07 1.64051e-09 2.01973e-07 4.28354e-11 5 1 0.5 5
3.37e+07 1.71199e-09 2.11452e-07 2.56609e-11 9 1 0.5 9
3.38e+07 1.14265e-09 1.99663e-07 1.84026e-11 8 1 0.5 8
3.39e+07 1.6176e-09 2.10216e-07 3.62697e-11 6 1 0.5 6
3.4e+07 1.87189e-09 1.9716e-07 2.39041e-11 10 1 0.5 10
3.41e+07 1.21799e-09 2.00505e-07 1.57361e-11 10 1 0.5 10
3.42e+07 1.60899e-09 2.05344e-07 4.25541e-11 5 1 0.5 5
3.43e+07 1.47349e-09 2.07228e-07 3.26509e-11 6 1 0.5 6
3.44e+07 1.97945e-09 2.0436e-07 2.16506e-11 12 1 0.5 12
3.45e+07 1.51375e-09 2.0689e-07 4.0254e-11 5 1 0.5 5
3.46e+07 1.55821e-09 2.15269e-07 3.55911e-11 6 1 0.5 6
3.47e+07 1.31274e-09 2.05566e-07 1.72971e-11 10 1 0.5 10
3.48e+07 1.5696e-09 2.07722e-07 1.89603e-11 11 1 0.5 11
3.49e+07 1.59756e-09 2.07864e-07 3.55018e-11 6 1 0.5 6
3.5e+07 1.30435e-09 2.24039e-07 2.63136e-11 7 1 0.5 7
3.51e+07 1.59716e-09 2.00949e-07 2.30259e-11 9 1 0.5 9
3.52e+07 1.62358e-09 2.04308e-07 4.27729e-11 5 1 0.5 5
3.53e+07 1.72674e-09 2.06352e-07 2.85806e-11 8 1 0.5 8
3.54e+07 1.77427e-09 2.0574e-07 2.6032e-11 9 1 0.5 9
3.55e+07 1.65189e-09 1.99645e-07 2.12909e-11 10 1 0.5 10
3.56e+07 1.66097e-09 2.14633e-07 2.0592e-11 11 1 0.5 11
3.57e+07 2.07496e-09 2.0329e-07 4.53943e-11 6 1 0.5 6
3.58e+07 1.63328e-09 2.01025e-07 3.02828e-11 7 1 0.5 7
3.59e+07 1.03631e-09 2.04863e-07 9.71437e-12 14 1 0.5 14
3.6e+07 1.55056e-09 2.11427e-07 2.99011e-11 7 1 0.5 7
3.61e+07 1.16337e-09 2.09509e-07 1.41363e-11 11 1 0.5 11
3.62e+07 1.2234e-09 2.11933e-07 2.75658e-11 6 1 0.5 6
3.63e+07 1.51604e-09 2.07654e-07 1.43738e-11 14 1 0.5 14
3.64e+07 1.58612e-09 2.08328e-07 2.11321e-11 10 1 0.5 10
3.65e+07 1.93925e-09 2.14276e-07 4.4198e-11 6 1 0.5 6
3.66e+07 1.45125e-09 2.05605e-07 2.12646e-11 9 1 0.5 9
3.67e+07 1.01593e-09 2.16808e-07 2.32871e-11 6 1 0.5 6
3.68e+07 1.35674e-09 2.01444e-07 4.42075e-11 4 1 0.5 4
3.69e+07 1.59812e-09 2.04957e-07 3.00796e-11 7 1 0.5 7
3.7e+07 7.03108e-10 2.07833e-07 1.86955e-11 5 1 0.5 5
3.71e+07 9.5315e-10 2.11517e-07 1.2833e-11 10 1 0.5 10
3.72e+07 1.38757e-09 2.02212e-07 2.00656e-11 9 1 0.5 9
3.73e+07 1.44633e-09 2.01153e-07 1.561e-11 12 1 0.5 12
3.74e+07 2.00946e-09 2.15959e-07 4.60956e-11 6 1 0.5 6
3.75e+07 1.37379e-09 2.03976e-07 2.57421e-11 7 1 0.5 7
3.76e+07 1.5186e-09 2.05051e-07 2.8586e-11 7 1 0.5 7
3.77e+07 1.55963e-09 2.04867e-07 2.5657e-11 8 1 0.5 8
3.78e+07 1.25012e-09 2.02045e-07 2.71351e-11 6 1 0.5 6
3.79e+07 1.3042e-09 2.07464e-07 2.89069e-11 6 1 0.5 6
3.8e+07 1.6004e-09 2.01531e-07 2.97285e-11 7 1 0.5 7
3.81e+07 1.27922e-09 2.06477e-07 1.87981e-11 9 1 0.5 9
3.82e+07 1.52411e-09 2.15968e-07 2.08878e-11 10 1 0.5 10
3.83e+07 1.40208e-09 2.15902e-07 1.74541e-11 11 1 0.5 11
3.84e+07 1.7999e-09 2.09194e-07 2.18737e-11 11 1 0.5 11
3.85e+07 1.84792e-09 2.12707e-07 2.78374e-11 9 1 0.5 9
3.86e+07 1.81963e-09 2.07733e-07 4.86101e-11 5 1 0.5 5
3.87e+07 1.41673e-09 1.97281e-07 2.5869e-11 7 1 0.5 7
3.88e+07 9.98209e-10 2.16923e-07 1.14216e-11 12 1 0.5 12
3.89e+07 1.78165e-09 2.07035e-07 3.94962e-11 6 1 0.5 6
3.9e+07 2.09797e-09 2.03808e-07 4.59933e-11 6 1 0.5 6
3.91e+07 1.88447e-09 2.07468e-07 3.58426e-11 7 1 0.5 7
3.92e+07 1.76504e-09 2.08702e-07 3.93731e-11 6 1 0.5 6
3.93e+07 1.46748e-09 2.11717e-07 2.47664e-11 8 1 0.5 8
3.94e+07 1.645e-09 2.13289e-07 2.02924e-11 11 1 0.5 11
3.95e+07 1.74145e-09 2.05046e-07 2.29225e-11 10 1 0.5 10
3.96e+07 1.3428e-09 2.14138e-07 3.05181e-11 6 1 0.5 6
3.97e+07 1.23607e-09 1.92775e-07 2.2158e-11 7 1 0.5 7
3.98e+07 1.52201e-09 2.11919e-07 2.571e-11 8 1 0.5 8
3.99e+07 1.47009e-09 2.14465e-07 3.34678e-11 6 1 0.5 6
4e+07 1.22054e-09 2.04183e-07 2.28774e-11 7 1 0.5 7
4.01e+07 1.01497e-09 2.05942e-07 1.21643e-11 11 1 0.5 11
4.02e+07 1.43841e-09 2.10236e-07 3.87227e-11 5 1 0.5 5
4.03e+07 1.30832e-09 2.07887e-07 2.90452e-11 6 1 0.5 6
4.04e+07 1.1317e-09 2.07306e-07 1.87682e-11 8 1 0.5 8
4.05e+07 1.60814e-09 2.02353e-07 2.99679e-11 7 1 0.5 7
4.06e+07 1.45413e-09 2.14329e-07 2.8336e-11 7 1 0.5 7
4.07e+07 1.26026e-09 2.11774e-07 1.21297e-11 14 1 0.5 14
4.08e+07 1.66407e-09 2.09584e-07 2.22795e-11 10 1 0.5 10
4.09e+07 1.71947e-09 2.07257e-07 2.53704e-11 9 1 0.5 9
4.1e+07 1.32816e-09 2.12526e-07 2.24735e-11 8 1 0.5 8
4.11e+07 2.08505e-09 2.0674e-07 3.45969e-11 8 1 0.5 8
4.12e+07 1.48873e-09 2.114e-07 4.02614e-11 5 1 0.5 5
4.13e+07 2.04403e-09 2.02959e-07 4.46555e-11 6 1 0.5 6
4.14e+07 1.31721e-09 2.08726e-07 1.7565e-11 10 1 0.5 10
4.15e+07 1.21929e-09 2.11923e-07 1.64511e-11 10 1 0.5 10
4.16e+07 1.46897e-09 2.08482e-07 2.17611e-11 9 1 0.5 9
4.17e+07 1.16224e-09 2.06253e-07 2.1953e-11 7 1 0.5 7
4.18e+07 9.1164e-10 2.12203e-07 7.68386e-12 16 1 0.5 16
4.19e+07 1.8878e-09 1.9687e-07 3.01364e-11 8 1 0.5 8
4.2e+07 1.20055e-09 1.93835e-07 1.67927e-11 9 1 0.5 9
4.21e+07 1.78052e-09 1.97769e-07 2.53309e-11 9 1 0.5 9
4.22e+07 1.38654e-09 2.07033e-07 1.53037e-11 12 1 0.5 12
4.23e+07 1.36851e-09 2.13215e-07 1.42659e-11 13 1 0.5 13
4.24e+07 1.56327e-09 2.08374e-07 2.98045e-11 7 1 0.5 7
4.25e+07 1.29368e-09 2.04637e-07 2.4296e-11 7 1 0.5 7
4.26e+07 1.8348e-09 2.15643e-07 4.20115e-11 6 1 0.5 6
4.27e+07 1.6206e-09 2.13335e-07 1.46485e-11 15 1 0.5 15
4.28e+07 1.36489e-09 2.0557e-07 2.25014e-11 8 1 0.5 8
4.29e+07 1.51347e-09 2.13452e-07 5.16532e-11 4 1 0.5 4
4.3e+07 1.49216e-09 2.0144e-07 2.15195e-11 9 1 0.5 9
4.31e+07 1.46333e-09 2.01965e-07 1.58549e-11 12 1 0.5 12
4.32e+07 1.67209e-09 2.12276e-07 7.60792e-11 3 1 0.5 3
4.33e+07 1.48982e-09 2.01187e-07 2.41592e-11 8 1 0.5 8
4.34e+07 1.58605e-09 2.02399e-07 3.01442e-11 7 1 0.5 7
4.35e+07 1.88273e-09 2.08057e-07 2.78748e-11 9 1 0.5 9
4.36e+07 1.79857e-09 2.19617e-07 3.91182e-11 9 1 0.5 9
4.37e+07 1.57191e-09 2.05014e-07 2.58743e-11 8 1 0.5 8
4.38e+07 2.06346e-09 2.10269e-07 5.57157e-11 5 1 0.5 5
4.39e+07 1.5088e-09 2.09107e-07 2.88404e-11 7 1 0.5 7
4.4e+07 1.45013e-09 2.00633e-07 3.13281e-11 6 1 0.5 6
4.41e+07 1.67334e-09 2.06347e-07 3.69833e-11 6 1 0.5 6
4.42e+07 1.35137e-09 1.97287e-07 1.91692e-11 9 1 0.5 9
4.43e+07 1.20898e-09 2.10097e-07 1.62008e-11 10 1 0.5 10
4.44e+07 1.5736e-09 2.05868e-07 2.30876e-11 9 1 0.5 9
4.45e+07 1.5509e-09 2.06805e-07 2.05425e-11 10 1 0.5 10
4.46e+07 1.56053e-09 2.0693e-07 2.95898e-11 7 1 0.5 7
4.47e+07 1.68321e-09 2.16627e-07 3.86571e-11 6 1 0.5 6
4.48e+07 1.2668e-09 2.02315e-07 3.30664e-11 5 1 0.5 5
4.49e+07 1.41467e-09 2.02839e-07 3.08197e-11 6 1 0.5 6
4.5e+07 1.2562e-09 2.12195e-07 1.88592e-11 9 1 0.5 9
4.51e+07 1.22753e-09 2.13585e-07 2.78291e-11 6 1 0.5 6
4.52e+07 1.04745e-09 2.04466e-07 1.71804e-11 8 1 0.5 8
4.53e+07 1.77331e-09 1.96638e-07 3.23337e-11 7 1 0.5 7
4.54e+07 1.84325e-09 2.04712e-07 2.69428e-11 9 1 0.5 9
4.55e+07 2.02424e-09 2.00315e-07 8.82284e-11 3 1 0.5 3
4.56e+07 1.14793e-09 2.05505e-07 3.0316e-11 5 1 0.5 5
4.57e+07 1.30457e-09 2.06129e-07 1.14721e-11 15 1 0.5 15
4.58e+07 1.68836e-09 2.04917e-07 1.58464e-11 14 1 0.5 14
4.59e+07 1.42422e-09 2.06553e-07 3.78097e-11 5 1 0.5 5
4.6e+07 1.41563e-09 2.04231e-07 2.06323e-11 9 1 0.5 9
4.61e+07 1.4353e-09 2.0515e-07 1.88871e-11 10 1 0.5 10
4.62e+07 1.09436e-09 1.98709e-07 1.56007e-11 9 1 0.5 9
4.63e+07 2.10316e-09 1.99865e-07 7.94249e-11 4 1 0.5 4
4.64e+07 1.20767e-09 2.14505e-07 1.26457e-11 13 1 0.5 13
4.65e+07 1.617e-09 2.18822e-07 2.03543e-11 11 1 0.5 11
4.66e+07 1.4579e-09 2.12922e-07 2.82625e-11 7 1 0.5 7
4.67e+07 1.5709e-09 2.08189e-07 2.61713e-11 8 1 0.5 8
4.68e+07 1.35839e-09 1.95502e-07 2.15351e-11 8 1 0.5 8
4.69e+07 1.26346e-09 2.10281e-07 1.69448e-11 10 1 0.5 10
4.7e+07 1.58344e-09 2.01757e-07 2.28689e-11 9 1 0.5 9
4.71e+07 1.24387e-09 2.13097e-07 2.41119e-11 7 1 0.5 7
4.72e+07 1.89948e-09 2.19376e-07 2.63806e-11 10 1 0.5 10
4.73e+07 1.32391e-09 2.07526e-07 1.59726e-11 11 1 0.5 11
4.74e+07 1.80482e-09 2.1352e-07 4.09979e-11 6 1 0.5 6
4.75e+07 1.43813e-09 2.05291e-07 1.7208e-11 11 1 0.5 11
4.76e+07 1.42979e-09 2.10902e-07 3.21179e-11 6 1 0.5 6
4.77e+07 1.68374e-09 1.98464e-07 3.60993e-11 6 1 0.5 6
4.78e+07 1.34137e-09 2.01829e-07 2.17972e-11 8 1 0.5 8
4.79e+07 1.40582e-09 2.01541e-07 4.58362e-11 4 1 0.5 4
4.8e+07 1.3136e-09 2.06996e-07 1.15898e-11 15 1 0.5 15
4.81e+07 1.50418e-09 2.06055e-07 2.48532e-11 8 1 0.5 8
4.82e+07 1.58619e-09 2.12175e-07 5.39019e-11 4 1 0.5 4
4.83e+07 1.44235e-09 2.12645e-07 2.44245e-11 8 1 0.5 8
4.84e+07 1.77708e-09 2.09679e-07 3.40713e-11 7 1 0.5 7
4.85e+07 9.49035e-10 2.03338e-07 1.54948e-11 8 1 0.5 8
4.86e+07 1.26895e-09 2.14996e-07 1.33128e-11 13 1 0.5 13
4.87e+07 1.58549e-09 2.09065e-07 2.65027e-11 8 1 0.5 8
4.88e+07 1.44926e-09 2.02766e-07 1.57394e-11 12 1 0.5 12
4.89e+07 1.44503e-09 2.08484e-07 3.86469e-11 5 1 0.5 5
4.9e+07 1.01241e-09 2.17318e-07 9.94095e-12 14 1 0.5 14
4.91e+07 1.52973e-09 2.02785e-07 1.81325e-11 11 1 0.5 11
4.92e+07 1.64313e-09 2.0228e-07 1.64432e-11 13 1 0.5 13
4.93e+07 1.4312e-09 2.06952e-07 2.37232e-11 8 1 0.5 8
4.94e+07 1.51614e-09 2.11455e-07 2.92371e-11 7 1 0.5 7
4.95e+07 1.94873e-09 2.11058e-07 2.91839e-11 9 1 0.5 9
4.96e+07 1.81634e-09 2.24316e-07 3.67431e-11 7 1 0.5 7
4.97e+07 1.32408e-09 2.0178e-07 2.15111e-11 8 1 0.5 8
4.98e+07 1.29976e-09 2.14407e-07 2.21446e-11 8 1 0.5 8
4.99e+07 1.48758e-09 2.12388e-07 2.87835e-11 7 1 0.5 7
5e+07 2.28319e-09 2.09542e-07 3.06068e-11 10 1 0.5 10
5.01e+07 1.52508e-09 2.06335e-07 2.52269e-11 8 1 0.5 8
5.02e+07 1.55621e-09 2.0854e-07 2.30636e-11 9 1 0.5 9
5.03e+07 1.67091e-09 2.02571e-07 2.17826e-11 10 1 0.5 10
5.04e+07 1.52451e-09 2.06843e-07 5.24736e-11 6 1 0.5 6
5.05e+07 1.41884e-09 2.09531e-07 3.80918e-11 5 1 0.5 5
5.06e+07 9.28191e-10 2.12056e-07 1.04305e-11 12 1 0.5 12
5.07e+07 1.50503e-09 2.06194e-07 4.99828e-11 4 1 0.5 4
5.08e+07 1.49119e-09 2.02841e-07 4.88877e-11 4 1 0.5 4
5.09e+07 1.50104e-09 2.05819e-07 3.30873e-11 6 1 0.5 6
5.1e+07 1.59322e-09 2.05724e-07 1.61542e-11 13 1 0.5 13
5.11e+07 1.61121e-09 2.05908e-07 3.55424e-11 6 1 0.5 6
5.12e+07 1.42066e-09 2.05198e-07 2.33913e-11 8 1 0.5 8
5.13e+07 9.34401e-10 2.0848e-07 1.55562e-11 8 1 0.5 8
5.14e+07 1.80039e-09 2.03791e-07 2.62208e-11 9 1 0.5 9
5.15e+07 1.39704e-09 2.11713e-07 2.69559e-11 7 1 0.5 7
5.16e+07 2.0247e-09 1.88421e-07 2.77781e-11 9 1 0.5 9
5.17e+07 2.10248e-09 2.10548e-07 7.12248e-11 4 1 0.5 4
5.18e+07 1.23612e-09 1.93993e-07 2.2267e-11 7 1 0.5 7
5.19e+07 1.83753e-09 2.13635e-07 4.17639e-11 6 1 0.5 6
5.2e+07 1.76437e-09 2.18078e-07 2.71029e-11 9 1 0.5 9
5.21e+07 1.0624e-09 2.1399e-07 2.065e-11 7 1 0.5 7
5.22e+07 1.33878e-09 2.11912e-07 3.01764e-11 6 1 0.5 6
5.23e+07 1.46695e-09 2.03309e-07 4.81732e-11 4 1 0.5 4
5.24e+07 1.23374e-09 2.12048e-07 1.51363e-11 11 1 0.5 11
5.25e+07 1.08668e-09 2.13011e-07 1.33756e-11 11 1 0.5 11
5.26e+07 1.46513e-09 2.19671e-07 2.54586e-11 8 1 0.5 8
5.27e+07 1.53577e-09 2.12811e-07 5.2297e-11 4 1 0.5 4
5.28e+07 1.8565e-09 2.02146e-07 6.08245e-11 4 1 0.5 4
5.29e+07 1.09899e-09 2.13305e-07 1.86373e-11 8 1 0.5 8
5.3e+07 1.41576e-09 2.06655e-07 2.08257e-11 9 1 0.5 9
5.31e+07 1.20834e-09 2.02933e-07 1.04954e-11 15 1 0.5 15
5.32e+07 1.83555e-09 2.08726e-07 3.5073e-11 7 1 0.5 7
5.33e+07 1.73874e-09 2.02825e-07 2.26925e-11 10 1 0.5 10
5.34e+07 1.57461e-09 2.07601e-07 2.09206e-11 10 1 0.5 10
5.35e+07 1.43883e-09 2.0673e-07 1.26842e-11 15 1 0.5 15
5.36e+07 1.454e-09 2.05937e-07 3.32734e-11 6 1 0.5 6
5.37e+07 1.78028e-09 1.98041e-07 2.53544e-11 9 1 0.5 9
5.38e+07 1.20434e-09 2.01366e-07 2.23293e-11 7 1 0.5 7
5.39e+07 1.41215e-09 2.04995e-07 3.102e-11 6 1 0.5 6
5.4e+07 1.31539e-09 2.10004e-07 4.42773e-11 4 1 0.5 4
5.41e+07 1.86927e-09 2.13741e-07 3.63963e-11 7 1 0.5 7
5.42e+07 1.50299e-09 2.08448e-07 2.86576e-11 7 1 0.5 7
5.43e+07 1.86329e-09 2.0027e-07 2.18871e-11 11 1 0.5 11
5.44e+07 1.38648e-09 2.05316e-07 3.04905e-11 6 1 0.5 6
5.45e+07 1.97753e-09 2.03936e-07 3.24537e-11 8 1 0.5 8
5.46e+07 1.2766e-09 2.13769e-07 2.16976e-11 8 1 0.5 8
5.47e+07 1.66481e-09 2.03599e-07 2.42203e-11 9 1 0.5 9
5.48e+07 1.47368e-09 2.1913e-07 2.04284e-11 10 1 0.5 10
5.49e+07 1.41669e-09 2.10933e-07 1.90527e-11 10 1 0.5 10
5.5e+07 1.27547e-09 2.07875e-07 2.12064e-11 8 1 0.5 8
5.51e+07 1.35582e-09 2.01654e-07 2.20179e-11 8 1 0.5 8
5.52e+07 1.54366e-09 2.13249e-07 1.74443e-11 12 1 0.5 12
5.53e+07 1.36558e-09 2.10764e-07 3.68227e-11 5 1 0.5 5
5.54e+07 2.09613e-09 2.10128e-07 5.65762e-11 5 1 0.5 5
5.55e+07 1.2438e-09 2.08089e-07 2.06947e-11 8 1 0.5 8
5.56e+07 1.11378e-09 2.12854e-07 1.50759e-11 10 1 0.5 10
5.57e+07 1.25442e-09 1.96086e-07 2.66027e-11 6 1 0.5 6
5.58e+07 1.17121e-09 2.03266e-07 1.69967e-11 9 1 0.5 9
5.59e+07 1.55501e-09 2.0083e-07 3.36325e-11 6 1 0.5 6
5.6e+07 1.35662e-09 2.04267e-07 2.54473e-11 7 1 0.5 7
5.61e+07 1.77013e-09 2.15939e-07 6.10607e-11 4 1 0.5 4
5.62e+07 1.13605e-09 2.07857e-07 2.15872e-11 7 1 0.5 7
5.63e+07 1.90123e-09 2.13618e-07 2.34943e-11 11 1 0.5 11
5.64e+07 2.17468e-09 1.99078e-07 4.68211e-11 6 1 0.5 6
5.65e+07 1.53125e-09 2.00296e-07 3.9704e-11 5 1 0.5 5
5.66e+07 1.61441e-09 2.09336e-07 5.429e-11 4 1 0.5 4
5.67e+07 1.1789e-09 2.09827e-07 1.97398e-11 8 1 0.5 8
5.68e+07 1.41487e-09 1.95564e-07 2.24396e-11 8 1 0.5 8
5.69e+07 1.81713e-09 2.12983e-07 2.74233e-11 9 1 0.5 9
5.7e+07 1.61386e-09 2.03316e-07 2.34506e-11 9 1 0.5 9
5.71e+07 1.57836e-09 2.19194e-07 2.43323e-11 9 1 0.5 9
5.72e+07 1.04163e-09 2.01135e-07 3.38405e-11 4 1 0.5 4
5.73e+07 1.11156e-09 2.04813e-07 2.08776e-11 7 1 0.5 7
5.74e+07 1.45391e-09 1.99611e-07 3.75855e-11 5 1 0.5 5
5.75e+07 1.13113e-09 2.19001e-07 1.7405e-11 9 1 0.5 9
5.76e+07 1.91812e-09 2.05636e-07 3.16788e-11 8 1 0.5 8
5.77e+07 1.24337e-09 2.09212e-07 2.07752e-11 8 1 0.5 8
5.78e+07 1.30462e-09 2.09048e-07 1.45072e-11 12 1 0.5 12
5.79e+07 1.26168e-09 2.09556e-07 2.4138e-11 7 1 0.5 7
5.8e+07 1.40401e-09 2.02999e-07 3.67669e-11 5 1 0.5 5
5.81e+07 1.29344e-09 2.18705e-07 1.98897e-11 9 1 0.5 9
5.82e+07 1.18014e-09 2.02586e-07 1.92247e-11 8 1 0.5 8
5.83e+07 1.22011e-09 2.19287e-07 2.41913e-11 7 1 0.5 7
5.84e+07 1.32224e-09 2.10484e-07 1.4783e-11 12 1 0.5 12
5.85e+07 1.59731e-09 2.04671e-07 2.626e-11 8 1 0.5 8
5.86e+07 1.4743e-09 1.95707e-07 2.33991e-11 8 1 0.5 8
5.87e+07 2.24119e-09 2.12703e-07 5.08416e-11 6 1 0.5 6
5.88e+07 1.47471e-09 2.1242e-07 1.81268e-11 11 1 0.5 11
5.89e+07 1.28745e-09 1.99915e-07 2.07631e-11 8 1 0.5 8
5.9e+07 1.88902e-09 2.00021e-07 3.05279e-11 8 1 0.5 8
5.91e+07 1.66914e-09 2.08895e-07 3.18964e-11 7 1 0.5 7
5.92e+07 1.45973e-09 2.13264e-07 3.97462e-11 5 1 0.5 5
5.93e+07 1.06314e-09 2.10954e-07 1.58796e-11 9 1 0.5 9
5.94e+07 1.61382e-09 2.06911e-07 3.57363e-11 6 1 0.5 6
5.95e+07 1.60095e-09 2.04671e-07 2.632e-11 8 1 0.5 8
5.96e+07 1.45832e-09 1.98393e-07 1.86964e-11 10 1 0.5 10
5.97e+07 1.26912e-09 2.09756e-07 1.30582e-11 13 1 0.5 13
5.98e+07 1.24351e-09 2.06943e-07 1.49671e-11 11 1 0.5 11
5.99e+07 8.39787e-10 2.09566e-07 1.40344e-11 8 1 0.5 8
6e+07 1.37072e-09 2.0241e-07 2.23259e-11 8 1 0.5 8
6.01e+07 1.58269e-09 2.06669e-07 3.50106e-11 6 1 0.5 6
6.02e+07 1.77242e-09 2.01982e-07 3.29993e-11 7 1 0.5 7
6.03e+07 1.48242e-09 2.15631e-07 2.53842e-11 8 1 0.5 8
6.04e+07 9.19821e-10 2.08709e-07 1.02079e-11 12 1 0.5 12
6.05e+07 1.52927e-09 2.13116e-07 2.96742e-11 7 1 0.5 7
6.06e+07 1.25082e-09 2.08169e-07 1.51252e-11 11 1 0.5 11
6.07e+07 2.40434e-09 2.0699e-07 3.19305e-11 10 1 0.5 10
6.08e+07 1.59244e-09 2.09425e-07 2.66554e-11 8 1 0.5 8
6.09e+07 1.36328e-09 2.04851e-07 2.99245e-11 6 1 0.5 6
6.1e+07 1.28393e-09 2.05502e-07 2.41919e-11 7 1 0.5 7
6.11e+07 1.30326e-09 2.02957e-07 1.70012e-11 10 1 0.5 10
6.12e+07 1.04987e-09 2.0498e-07 1.72539e-11 8 1 0.5 8
6.13e+07 1.25436e-09 2.04486e-07 1.82924e-11 9 1 0.5 9
6.14e+07 1.73893e-09 2.09533e-07 2.32813e-11 10 1 0.5 10
6.15e+07 1.42264e-09 2.05189e-07 1.55936e-11 12 1 0.5 12
6.16e+07 1.87519e-09 2.08321e-07 8.41935e-11 3 1 0.5 3
6.17e+07 1.09716e-09 2.07835e-07 1.823e-11 8 1 0.5 8
6.18e+07 1.48571e-09 2.16676e-07 5.13029e-11 4 1 0.5 4
6.19e+07 1.5712e-09 2.10014e-07 3.01417e-11 7 1 0.5 7
6.2e+07 1.65682e-09 2.12332e-07 2.80409e-11 8 1 0.5 8
6.21e+07 1.48429e-09 2.02875e-07 3.23494e-11 6 1 0.5 6
6.22e+07 1.29251e-09 2.02564e-07 4.2282e-11 4 1 0.5 4
6.23e+07 1.55492e-09 2.09222e-07 3.47262e-11 6 1 0.5 6
6.24e+07 1.44697e-09 2.13959e-07 1.9681e-11 10 1 0.5 10
6.25e+07 1.34083e-09 2.09277e-07 1.79179e-11 10 1 0.5 10
6.26e+07 1.44299e-09 1.95245e-07 2.28583e-11 8 1 0.5 8
6.27e+07 1.13999e-09 2.05888e-07 3.01491e-11 5 1 0.5 5
6.28e+07 2.23349e-09 2.08727e-07 5.07572e-11 6 1 0.5 6
6.29e+07 2.04552e-09 2.05267e-07 5.41897e-11 5 1 0.5 5
6.3e+07 1.63182e-09 2.01295e-07 2.64835e-11 8 1 0.5 8
6.31e+07 1.95735e-09 2.03374e-07 2.85304e-11 9 1 0.5 9
6.32e+07 1.97556e-09 2.04702e-07 7.7785e-11 6 1 0.5 6
6.33e+07 1.56218e-09 2.07772e-07 3.46991e-11 6 1 0.5 6
6.34e+07 1.3711e-09 2.1088e-07 2.30613e-11 8 1 0.5 8
6.35e+07 1.15171e-09 2.02167e-07 3.00297e-11 5 1 0.5 5
6.36e+07 1.40038e-09 2.10909e-07 2.0931e-11 9 1 0.5 9
6.37e+07 1.43425e-09 2.18037e-07 2.83289e-11 7 1 0.5 7
6.38e+07 1.53371e-09 2.20387e-07 3.56876e-11 6 1 0.5 6
6.39e+07 1.76686e-09 1.96156e-07 2.24686e-11 10 1 0.5 10
6.4e+07 1.68876e-09 2.07346e-07 1.17787e-11 19 1 0.5 19
6.41e+07 1.56608e-09 2.05464e-07 2.58223e-11 8 1 0.5 8
6.42e+07 1.81682e-09 2.19481e-07 3.15807e-11 8 1 0.5 8
6.43e+07 1.79978e-09 2.2059e-07 2.51e-11 10 1 0.5 10
6.44e+07 1.13432e-09 2.17507e-07 1.95373e-11 8 1 0.5 8
6.45e+07 1.54649e-09 1.96603e-07 3.28985e-11 6 1 0.5 6
6.46e+07 1.40072e-09 2.07819e-07 3.73604e-11 5 1 0.5 5
6.47e+07 1.37786e-09 2.16674e-07 1.57629e-11 12 1 0.5 12
6.48e+07 1.16605e-09 2.22453e-07 2.04474e-11 8 1 0.5 8
6.49e+07 2.02915e-09 2.06216e-07 2.6846e-11 10 1 0.5 10
6.5e+07 1.90241e-09 2.06125e-07 3.14766e-11 8 1 0.5 8
6.51e+07 1.57137e-09 2.19648e-07 4.38206e-11 5 1 0.5 5
6.52e+07 1.6616e-09 2.07867e-07 2.77752e-11 8 1 0.5 8
6.53e+07 1.476e-09 2.00116e-07 2.72568e-11 7 1 0.5 7
6.54e+07 1.93211e-09 2.05585e-07 3.64921e-11 7 1 0.5 7
6.55e+07 1.27279e-09 2.09376e-07 2.12817e-11 8 1 0.5 8
6.56e+07 1.61791e-09 2.07035e-07 3.58442e-11 6 1 0.5 6
6.57e+07 1.49759e-09 2.04846e-07 3.95127e-11 5 1 0.5 5
6.58e+07 1.72622e-09 2.08843e-07 2.88426e-11 8 1 0.5 8
6.59e+07 1.37397e-09 2.04795e-07 2.58263e-11 7 1 0.5 7
6.6e+07 1.96798e-09 2.17396e-07 2.71403e-11 10 1 0.5 10
6.61e+07 1.51031e-09 2.07492e-07 1.67027e-11 12 1 0.5 12
6.62e+07 1.49488e-09 2.09385e-07 4.01251e-11 5 1 0.5 5
6.63e+07 1.79646e-09 2.06367e-07 4.7738e-11 5 1 0.5 5
6.64e+07 1.12544e-09 2.06263e-07 1.23796e-11 12 1 0.5 12
6.65e+07 1.82253e-09 1.98969e-07 2.93273e-11 8 1 0.5 8
6.66e+07 1.60058e-09 2.00759e-07 2.07168e-11 10 1 0.5 10
6.67e+07 1.55349e-09 2.05467e-07 5.14633e-11 4 1 0.5 4
6.68e+07 1.25731e-09 1.98344e-07 2.30426e-11 7 1 0.5 7
6.69e+07 1.43308e-09 2.05184e-07 3.15048e-11 6 1 0.5 6
6.7e+07 1.39925e-09 2.04565e-07 2.29818e-11 8 1 0.5 8
6.71e+07 1.5191e-09 2.16887e-07 1.22694e-11 17 1 0.5 17
6.72e+07 1.27613e-09 1.98281e-07 3.27931e-11 5 1 0.5 5
6.73e+07 1.60309e-09 1.95959e-07 1.85054e-11 11 1 0.5 11
6.74e+07 1.86411e-09 1.94494e-07 2.14047e-11 11 1 0.5 11
6.75e+07 1.18335e-09 1.97063e-07 1.25634e-11 12 1 0.5 12
6.76e+07 1.68031e-09 2.05989e-07 1.58352e-11 14 1 0.5 14
6.77e+07 1.35091e-09 2.12635e-07 2.61513e-11 7 1 0.5 7
6.78e+07 1.52564e-09 2.08687e-07 2.0351e-11 10 1 0.5 10
6.79e+07 1.16416e-09 2.04537e-07 2.18463e-11 7 1 0.5 7
6.8e+07 1.29427e-09 2.26977e-07 3.08022e-11 6 1 0.5 6
6.81e+07 1.48658e-09 2.03088e-07 1.61659e-11 12 1 0.5 12
6.82e+07 1.27886e-09 2.10393e-07 2.14652e-11 8 1 0.5 8
6.83e+07 1.35881e-09 2.11496e-07 2.03521e-11 9 1 0.5 9
6.84e+07 1.43137e-09 2.09795e-07 2.39816e-11 8 1 0.5 8
6.85e+07 1.33373e-09 2.13863e-07 3.02802e-11 6 1 0.5 6
6.86e+07 1.73467e-09 2.12513e-07 3.36074e-11 7 1 0.5 7
6.87e+07 1.33704e-09 2.17144e-07 3.69073e-11 5 1 0.5 5
6.88e+07 1.18076e-09 2.07423e-07 1.30467e-11 12 1 0.5 12
6.89e+07 1.68517e-09 2.17627e-07 3.88441e-11 6 1 0.5 6
6.9e+07 1.58367e-09 2.11958e-07 2.37744e-11 9 1 0.5 9
6.91e+07 1.16669e-09 2.12192e-07 1.31233e-11 12 1 0.5 12
6.92e+07 1.43869e-09 2.16493e-07 3.29937e-11 6 1 0.5 6
6.93e+07 1.38763e-09 2.07162e-07 2.632e-11 7 1 0.5 7
6.94e+07 1.04412e-09 2.26715e-07 1.85815e-11 8 1 0.5 8
6.95e+07 1.65382e-09 2.0594e-07 3.12504e-11 7 1 0.5 7
6.96e+07 1.85397e-09 2.01968e-07 6.07027e-11 4 1 0.5 4
6.97e+07 7.8523e-10 2.05286e-07 7.36969e-12 14 1 0.5 14
6.98e+07 1.62866e-09 2.10955e-07 3.13599e-11 7 1 0.5 7
6.99e+07 1.6117e-09 1.99888e-07 4.17385e-11 5 1 0.5 5
7e+07 1.68232e-09 2.02409e-07 3.66264e-11 6 1 0.5 6
7.01e+07 1.53512e-09 2.11576e-07 3.45846e-11 6 1 0.5 6
7.02e+07 1.45733e-09 2.07244e-07 3.87959e-11 5 1 0.5 5
7.03e+07 1.78754e-09 2.06527e-07 3.38673e-11 7 1 0.5 7
7.04e+07 1.5169e-09 2.05694e-07 2.50299e-11 8 1 0.5 8
7.05e+07 1.2614e-09 2.17019e-07 2.16954e-11 8 1 0.5 8
7.06e+07 1.37503e-09 2.1143e-07 1.68359e-11 11 1 0.5 11
7.07e+07 1.72169e-09 2.01279e-07 4.48506e-11 5 1 0.5 5
7.08e+07 1.40984e-09 2.113e-07 1.72551e-11 11 1 0.5 11
7.09e+07 1.44321e-09 2.12932e-07 3.92453e-11 5 1 0.5 5
7.1e+07 2.0225e-09 2.13349e-07 5.52304e-11 5 1 0.5 5
7.11e+07 1.33277e-09 2.14845e-07 1.5144e-11 12 1 0.5 12
7.12e+07 1.58008e-09 2.01415e-07 2.5652e-11 8 1 0.5 8
7.13e+07 1.7622e-09 2.07219e-07 3.90893e-11 6 1 0.5 6
7.14e+07 1.18628e-09 2.05666e-07 3.13533e-11 5 1 0.5 5
7.15e+07 1.28572e-09 2.04016e-07 1.87175e-11 9 1 0.5 9
7.16e+07 1.63814e-09 2.07242e-07 1.97552e-11 11 1 0.5 11
7.17e+07 1.64118e-09 2.07809e-07 2.18255e-11 10 1 0.5 10
7.18e+07 1.43839e-09 2.13474e-07 3.26226e-11 6 1 0.5 6
7.19e+07 2.34358e-09 2.07721e-07 8.47865e-11 4 1 0.5 4
7.2e+07 1.59863e-09 2.07469e-07 3.0378e-11 7 1 0.5 7
7.21e+07 1.53971e-09 1.95474e-07 2.79254e-11 7 1 0.5 7
7.22e+07 1.13537e-09 1.95196e-07 1.7967e-11 8 1 0.5 8
7.23e+07 1.11972e-09 2.04502e-07 1.33492e-11 11 1 0.5 11
7.24e+07 1.26124e-09 1.89019e-07 1.73054e-11 9 1 0.5 9
7.25e+07 1.51332e-09 2.12982e-07 5.15585e-11 4 1 0.5 4
7.26e+07 1.81933e-09 2.09188e-07 3.04457e-11 8 1 0.5 8
7.27e+07 1.38018e-09 1.96908e-07 2.51618e-11 7 1 0.5 7
7.28e+07 1.30126e-09 2.04135e-07 3.42094e-11 5 1 0.5 5
7.29e+07 1.09697e-09 2.05556e-07 2.06612e-11 7 1 0.5 7
7.3e+07 1.46847e-09 2.08552e-07 2.44911e-11 8 1 0.5 8
7.31e+07 1.38684e-09 2.10556e-07 4.67901e-11 4 1 0.5 4
7.32e+07 1.28503e-09 2.03678e-07 1.52768e-11 11 1 0.5 11
7.33e+07 1.10202e-09 2.08326e-07 1.83449e-11 8 1 0.5 8
7.34e+07 1.11855e-09 2.07582e-07 2.47858e-11 6 1 0.5 6
7.35e+07 1.32086e-09 2.01949e-07 2.86675e-11 6 1 0.5 6
7.36e+07 1.70063e-09 2.02796e-07 3.1755e-11 7 1 0.5 7
7.37e+07 1.7584e-09 1.93151e-07 2.45611e-11 9 1 0.5 9
7.38e+07 1.05088e-09 2.19479e-07 2.43263e-11 6 1 0.5 6
7.39e+07 1.3898e-09 2.01637e-07 2.581e-11 7 1 0.5 7
7.4e+07 1.04606e-09 2.08161e-07 1.3911e-11 10 1 0.5 10
7.41e+07 1.30023e-09 2.04591e-07 2.44153e-11 7 1 0.5 7
7.42e+07 1.66628e-09 2.13466e-07 2.83207e-11 8 1 0.5 8
7.43e+07 1.8451e-09 2.14918e-07 2.29076e-11 11 1 0.5 11
7.44e+07 1.46313e-09 2.09604e-07 3.27179e-11 6 1 0.5 6
7.45e+07 1.39431e-09 2.0317e-07 1.82075e-11 10 1 0.5 10
7.46e+07 1.3857e-09 2.03753e-07 1.81353e-11 10 1 0.5 10
7.47e+07 1.38517e-09 2.05731e-07 2.28511e-11 8 1 0.5 8
7.48e+07 1.0617e-09 2.02027e-07 1.97261e-11 7 1 0.5 7
7.49e+07 1.49167e-09 2.05214e-07 4.93506e-11 4 1 0.5 4
7.5e+07 1.88335e-09 2.06242e-07 5.0043e-11 5 1 0.5 5
7.51e+07 1.68815e-09 2.01895e-07 1.82803e-11 12 1 0.5 12
7.52e+07 1.62156e-09 2.10268e-07 2.17641e-11 10 1 0.5 10
7.53e+07 1.66491e-09 2.03582e-07 3.6409e-11 6 1 0.5 6
7.54e+07 1.81354e-09 2.17514e-07 2.50121e-11 10 1 0.5 10
7.55e+07 1.62541e-09 2.09431e-07 5.46829e-11 4 1 0.5 4
7.56e+07 1.54193e-09 2.02116e-07 2.5098e-11 8 1 0.5 8
7.57e+07 9.50934e-10 2.11099e-07 2.56251e-11 5 1 0.5 5
7.58e+07 1.43411e-09 2.05533e-07 3.79264e-11 5 1 0.5 5
7.59e+07 1.87974e-09 1.98735e-07 4.03731e-11 6 1 0.5 6
7.6e+07 1.71077e-09 2.11306e-07 3.85289e-11 6 1 0.5 6
7.61e+07 8.68284e-10 2.12593e-07 1.95856e-11 6 1 0.5 6
7.62e+07 1.73286e-09 2.03451e-07 3.78855e-11 6 1 0.5 6
7.63e+07 1.56417e-09 2.0609e-07 2.2968e-11 9 1 0.5 9
7.64e+07 1.73047e-09 2.13826e-07 1.80914e-11 13 1 0.5 13
7.65e+07 2.40455e-09 2.0783e-07 3.20351e-11 10 1 0.5 10
7.66e+07 1.19436e-09 2.00054e-07 2.20311e-11 7 1 0.5 7
7.67e+07 1.28633e-09 2.12727e-07 3.49271e-11 5 1 0.5 5
7.68e+07 1.68037e-09 2.04458e-07 2.20657e-11 10 1 0.5 10
7.69e+07 1.54547e-09 2.0225e-07 5.0567e-11 4 1 0.5 4
7.7e+07 1.72212e-09 2.08889e-07 3.84362e-11 6 1 0.5 6
7.71e+07 1.85769e-09 1.99346e-07 2.65975e-11 9 1 0.5 9
7.72e+07 1.39834e-09 2.09875e-07 2.3433e-11 8 1 0.5 8
7.73e+07 1.68766e-09 2.07111e-07 4.49516e-11 5 1 0.5 5
7.74e+07 1.19972e-09 2.04025e-07 1.57112e-11 10 1 0.5 10
7.75e+07 1.44268e-09 2.00396e-07 1.69405e-11 11 1 0.5 11
7.76e+07 1.54814e-09 2.07883e-07 2.57606e-11 8 1 0.5 8
7.77e+07 1.09086e-09 2.123e-07 1.84302e-11 8 1 0.5 8
7.78e+07 1.44235e-09 2.01488e-07 2.67748e-11 7 1 0.5 7
7.79e+07 1.21377e-09 2.03056e-07 5.31474e-11 3 1 0.5 3
7.8e+07 1.83451e-09 1.96945e-07 5.00579e-11 6 1 0.5 6
7.81e+07 1.35122e-09 2.05149e-07 2.22395e-11 8 1 0.5 8
7.82e+07 1.49769e-09 2.06556e-07 3.31056e-11 6 1 0.5 6
7.83e+07 1.80963e-09 2.02766e-07 3.94709e-11 6 1 0.5 6
7.84e+07 1.3727e-09 2.0113e-07 2.97041e-11 6 1 0.5 6
7.85e+07 1.24024e-09 2.17465e-07 1.89832e-11 9 1 0.5 9
7.86e+07 1.55181e-09 1.99199e-07 1.81411e-11 11 1 0.5 11
7.87e+07 1.4701e-09 2.10284e-07 2.82214e-11 7 1 0.5 7
7.88e+07 1.87894e-09 2.09621e-07 4.20772e-11 6 1 0.5 6
7.89e+07 1.48241e-09 2.08502e-07 8.05857e-11 8 1 0.5 8
7.9e+07 1.74867e-09 2.03296e-07 2.86093e-11 8 1 0.5 8
7.91e+07 1.35455e-09 2.11286e-07 1.65755e-11 11 1 0.5 11
7.92e+07 1.6329e-09 2.08122e-07 2.72021e-11 8 1 0.5 8
7.93e+07 1.55832e-09 2.00223e-07 2.87964e-11 7 1 0.5 7
7.94e+07 1.53112e-09 2.07329e-07 1.84666e-11 11 1 0.5 11
7.95e+07 1.49348e-09 2.00652e-07 2.76387e-11 7 1 0.5 7
7.96e+07 1.8612e-09 2.02006e-07 3.03086e-11 8 1 0.5 8
7.97e+07 1.44433e-09 2.06494e-07 2.73311e-11 7 1 0.5 7
7.98e+07 1.47437e-09 2.10085e-07 2.82827e-11 7 1 0.5 7
7.99e+07 1.45713e-09 2.0523e-07 3.84948e-11 5 1 0.5 5
8e+07 1.07578e-09 2.05087e-07 2.36097e-11 6 1 0.5 6
8.01e+07 1.10117e-09 2.13182e-07 1.86659e-11 8 1 0.5 8
8.02e+07 1.64468e-09 2.12954e-07 2.7899e-11 8 1 0.5 8
8.03e+07 1.53063e-09 2.04243e-07 2.23159e-11 9 1 0.5 9
8.04e+07 1.53095e-09 2.12044e-07 2.29873e-11 9 1 0.5 9
8.05e+07 1.82074e-09 2.02469e-07 4.76706e-11 5 1 0.5 5
8.06e+07 1.50617e-09 2.23851e-07 1.76872e-11 12 1 0.5 12
8.07e+07 1.42503e-09 2.08913e-07 1.58417e-11 12 1 0.5 12
8.08e+07 1.34748e-09 2.06068e-07 1.97738e-11 9 1 0.5 9
8.09e+07 1.15512e-09 2.07536e-07 1.91744e-11 8 1 0.5 8
8.1e+07 1.6447e-09 2.15305e-07 2.2492e-11 10 1 0.5 10
8.11e+07 1.49445e-09 2.05913e-07 3.95902e-11 5 1 0.5 5
8.12e+07 1.38372e-09 2.12153e-07 3.12227e-11 6 1 0.5 6
8.13e+07 1.4449e-09 2.07836e-07 1.92087e-11 10 1 0.5 10
8.14e+07 1.59573e-09 2.0418e-07 1.74291e-11 12 1 0.5 12
8.15e+07 1.22163e-09 2.02819e-07 1.92746e-10 15 1 0.5 15
8.16e+07 1.76914e-09 2.10274e-07 3.9699e-11 6 1 0.5 6
8.17e+07 1.44294e-09 2.23292e-07 2.53997e-11 8 1 0.5 8
8.18e+07 2.14593e-09 1.96641e-07 5.4998e-11 5 1 0.5 5
8.19e+07 1.29625e-09 2.04413e-07 1.70042e-11 10 1 0.5 10
8.2e+07 1.01169e-09 2.09184e-07 1.12494e-11 12 1 0.5 12
8.21e+07 1.39014e-09 2.05762e-07 2.62279e-11 7 1 0.5 7
8.22e+07 1.41213e-09 2.16193e-07 2.15236e-11 9 1 0.5 9
8.23e+07 1.04821e-09 2.02032e-07 3.41737e-11 4 1 0.5 4
8.24e+07 1.42128e-09 2.18225e-07 6.59703e-11 3 1 0.5 3
8.25e+07 1.54107e-09 1.98713e-07 3.97144e-11 5 1 0.5 5
8.26e+07 1.40859e-09 2.06246e-07 3.10891e-11 6 1 0.5 6
8.27e+07 1.38496e-09 2.09192e-07 2.05671e-11 9 1 0.5 9
8.28e+07 1.54493e-09 2.11193e-07 4.17598e-11 5 1 0.5 5
8.29e+07 1.48219e-09 2.08824e-07 3.30465e-11 6 1 0.5 6
8.3e+07 1.32665e-09 2.01106e-07 1.56573e-11 11 1 0.5 11
8.31e+07 1.86115e-09 2.0705e-07 3.08988e-11 8 1 0.5 8
8.32e+07 1.48128e-09 2.0938e-07 3.30926e-11 6 1 0.5 6
8.33e+07 1.25722e-09 2.11261e-07 2.11691e-11 8 1 0.5 8
8.34e+07 1.43096e-09 2.12695e-07 1.38236e-11 14 1 0.5 14
8.35e+07 1.03824e-09 2.19293e-07 2.40162e-11 6 1 0.5 6
8.36e+07 1.60003e-09 2.00766e-07 2.30209e-11 9 1 0.5 9
8.37e+07 1.28854e-09 2.11293e-07 1.44488e-11 12 1 0.5 12
8.38e+07 1.13368e-09 2.07762e-07 1.50566e-11 10 1 0.5 10
8.39e+07 1.24664e-09 2.04037e-07 1.81483e-11 9 1 0.5 9
8.4e+07 1.12868e-09 1.98026e-07 2.06512e-11 7 1 0.5 7
8.41e+07 2.03948e-09 2.02151e-07 6.32079e-11 5 1 0.5 5
8.42e+07 1.0824e-09 2.01846e-07 2.00979e-11 7 1 0.5 7
8.43e+07 2.09703e-09 2.14733e-07 2.60315e-11 11 1 0.5 11
8.44e+07 1.26828e-09 2.07565e-07 2.10619e-11 8 1 0.5 8
8.45e+07 1.0675e-09 2.13725e-07 1.1143e-11 13 1 0.5 13
8.46e+07 1.70625e-09 2.05579e-07 3.22041e-11 7 1 0.5 7
8.47e+07 1.79818e-09 2.0109e-07 3.89659e-11 6 1 0.5 6
8.48e+07 1.71993e-09 2.01252e-07 3.19263e-11 7 1 0.5 7
8.49e+07 1.66645e-09 2.08684e-07 5.59193e-11 4 1 0.5 4
8.5e+07 1.57441e-09 2.01369e-07 3.41258e-11 6 1 0.5 6
8.51e+07 1.94695e-09 2.15332e-07 4.45478e-11 6 1 0.5 6
8.52e+07 1.28503e-09 2.07576e-07 2.4404e-11 7 1 0.5 7
8.53e+07 1.65933e-09 2.11618e-07 3.2033e-11 7 1 0.5 7
8.54e+07 1.30672e-09 2.08883e-07 3.49785e-11 5 1 0.5 5
8.55e+07 1.53053e-09 1.98538e-07 4.93561e-11 4 1 0.5 4
8.56e+07 1.87889e-09 2.10772e-07 3.16351e-11 8 1 0.5 8
8.57e+07 1.36693e-09 2.07572e-07 2.59659e-11 7 1 0.5 7
8.58e+07 1.50081e-09 2.09757e-07 2.51464e-11 8 1 0.5 8
8.59e+07 1.52802e-09 2.08863e-07 2.55185e-11 8 1 0.5 8
8.6e+07 1.28982e-09 1.95053e-07 1.6314e-11 10 1 0.5 10
8.61e+07 1.17281e-09 2.18404e-07 1.47266e-11 11 1 0.5 11
8.62e+07 1.44225e-09 2.16578e-07 2.83363e-11 7 1 0.5 7
8.63e+07 1.31132e-09 2.16263e-07 1.79821e-11 10 1 0.5 10
8.64e+07 1.40162e-09 2.20891e-07 3.2656e-11 6 1 0.5 6
8.65e+07 1.5317e-09 2.13124e-07 1.88787e-11 11 1 0.5 11
8.66e+07 1.49194e-09 2.16347e-07 2.27576e-11 9 1 0.5 9
8.67e+07 1.63293e-09 2.06926e-07 2.1643e-11 10 1 0.5 10
8.68e+07 1.05916e-09 2.14896e-07 1.60525e-11 9 1 0.5 9
8.69e+07 1.22718e-09 2.16119e-07 2.40531e-11 7 1 0.5 7
8.7e+07 2.21179e-09 2.01424e-07 4.80642e-11 6 1 0.5 6
8.71e+07 1.42373e-09 2.16459e-07 1.77606e-11 11 1 0.5 11
8.72e+07 1.43812e-09 2.02242e-07 1.87145e-11 10 1 0.5 10
8.73e+07 1.35507e-09 2.08575e-07 1.50429e-11 12 1 0.5 12
8.74e+07 1.25335e-09 2.09659e-07 2.80051e-11 6 1 0.5 6
8.75e+07 1.33257e-09 2.03888e-07 2.49579e-11 7 1 0.5 7
8.76e+07 1.69448e-09 2.14447e-07 2.89069e-11 8 1 0.5 8
8.77e+07 1.20751e-09 2.00146e-07 1.19756e-11 13 1 0.5 13
8.78e+07 1.79799e-09 2.1272e-07 3.04865e-11 8 1 0.5 8
8.79e+07 1.63101e-09 2.07607e-07 3.62147e-11 6 1 0.5 6
8.8e+07 1.37845e-09 2.05719e-07 1.81761e-11 10 1 0.5 10
8.81e+07 1.32077e-09 2.0911e-07 2.20648e-11 8 1 0.5 8
8.82e+07 1.51541e-09 2.09109e-07 1.44468e-11 14 1 0.5 14
8.83e+07 1.35619e-09 1.97784e-07 2.48078e-11 7 1 0.5 7
8.84e+07 1.44011e-09 1.9896e-07 3.09082e-11 6 1 0.5 6
8.85e+07 1.77598e-09 1.97815e-07 3.79927e-11 6 1 0.5 6
8.86e+07 1.16005e-09 2.15504e-07 3.18041e-11 5 1 0.5 5
8.87e+07 1.34974e-09 2.24568e-07 2.38607e-11 8 1 0.5 8
8.88e+07 1.20541e-09 2.06664e-07 1.59454e-11 10 1 0.5 10
8.89e+07 1.33388e-09 2.09644e-07 1.48666e-11 12 1 0.5 12
8.9e+07 1.71469e-09 2.04412e-07 1.87493e-11 12 1 0.5 12
8.91e+07 1.93266e-09 2.18596e-07 2.67677e-11 10 1 0.5 10
8.92e+07 1.7155e-09 2.00156e-07 1.5809e-11 14 1 0.5 14
8.93e+07 1.86204e-09 1.98651e-07 3.42309e-11 7 1 0.5 7
8.94e+07 1.57085e-09 2.04341e-07 2.94943e-11 7 1 0.5 7
8.95e+07 1.81957e-09 2.13537e-07 3.53963e-11 7 1 0.5 7
8.96e+07 1.10692e-09 1.96724e-07 1.56578e-11 9 1 0.5 9
8.97e+07 1.31224e-09 2.10278e-07 1.76007e-11 10 1 0.5 10
8.98e+07 1.7635e-09 2.10155e-07 2.15071e-11 11 1 0.5 11
8.99e+07 1.39899e-09 2.0821e-07 1.55104e-11 12 1 0.5 12
9e+07 2.08646e-09 2.10973e-07 5.64915e-11 5 1 0.5 5
9.01e+07 1.47084e-09 1.98683e-07 3.78883e-11 5 1 0.5 5
9.02e+07 1.29498e-09 2.17178e-07 1.78168e-11 10 1 0.5 10
9.03e+07 1.30297e-09 2.10704e-07 1.75039e-11 10 1 0.5 10
9.04e+07 1.43563e-09 1.97252e-07 3.67686e-11 5 1 0.5 5
9.05e+07 2.32541e-09 2.04958e-07 4.18738e-11 9 1 0.5 9
9.06e+07 1.70359e-09 1.94575e-07 1.95617e-11 11 1 0.5 11
9.07e+07 1.27857e-09 2.09479e-07 2.8552e-11 6 1 0.5 6
9.08e+07 1.6419e-09 2.08457e-07 3.65753e-11 6 1 0.5 6
9.09e+07 1.80673e-09 2.07659e-07 2.00046e-11 12 1 0.5 12
9.1e+07 1.44267e-09 2.10646e-07 2.77298e-11 7 1 0.5 7
9.11e+07 1.20602e-09 2.05877e-07 2.65607e-11 6 1 0.5 6
9.12e+07 1.09064e-09 2.10837e-07 1.46517e-11 10 1 0.5 10
9.13e+07 1.38894e-09 2.20185e-07 3.8775e-11 5 1 0.5 5
9.14e+07 1.08509e-09 2.05778e-07 1.78888e-11 8 1 0.5 8
9.15e+07 1.75795e-09 2.13963e-07 7.04662e-11 7 1 0.5 7
9.16e+07 1.3001e-09 2.19468e-07 2.25634e-11 8 1 0.5 8
9.17e+07 2.01313e-09 2.06676e-07 2.05007e-11 13 1 0.5 13
9.18e+07 1.2626e-09 2.1163e-07 2.84211e-11 6 1 0.5 6
9.19e+07 1.40032e-09 2.15591e-07 1.36721e-11 14 1 0.5 14
9.2e+07 1.11132e-09 2.1028e-07 1.86362e-11 8 1 0.5 8
9.21e+07 1.17429e-09 2.04991e-07 1.28558e-11 12 1 0.5 12
9.22e+07 1.32614e-09 2.0308e-07 2.16529e-11 8 1 0.5 8
9.23e+07 2.42628e-09 2.0823e-07 4.63624e-11 7 1 0.5 7
9.24e+07 1.13741e-09 2.05448e-07 1.87305e-11 8 1 0.5 8
9.25e+07 1.60291e-09 1.94279e-07 2.53052e-11 8 1 0.5 8
9.26e+07 2.01825e-09 2.18709e-07 2.14918e-11 13 1 0.5 13
9.27e+07 1.23085e-09 2.05675e-07 2.02921e-11 8 1 0.5 8
9.28e+07 1.44999e-09 2.01989e-07 2.09535e-11 9 1 0.5 9
9.29e+07 1.58331e-09 2.05095e-07 2.6071e-11 8 1 0.5 8
9.3e+07 1.83907e-09 2.07791e-07 6.15642e-11 4 1 0.5 4
9.31e+07 1.38187e-09 2.11239e-07 2.66195e-11 7 1 0.5 7
9.32e+07 1.42807e-09 2.08938e-07 2.11893e-11 9 1 0.5 9
9.33e+07 1.23538e-09 2.04766e-07 2.32084e-11 7 1 0.5 7
9.34e+07 1.13142e-09 1.95598e-07 1.19417e-11 12 1 0.5 12
9.35e+07 1.55686e-09 2.04403e-07 4.10177e-11 5 1 0.5 5
9.36e+07 1.89233e-09 2.03584e-07 3.10062e-11 8 1 0.5 8
9.37e+07 1.79906e-09 2.06851e-07 3.19837e-11 8 1 0.5 8
9.38e+07 1.48759e-09 2.08171e-07 2.47758e-11 8 1 0.5 8
9.39e+07 1.35246e-09 1.99355e-07 3.49126e-11 5 1 0.5 5
9.4e+07 1.41564e-09 2.03598e-07 3.09311e-11 6 1 0.5 6
9.41e+07 1.30952e-09 2.17336e-07 1.84184e-11 10 1 0.5 10
9.42e+07 1.41144e-09 2.105e-07 3.16559e-11 6 1 0.5 6
9.43e+07 1.13847e-09 2.03021e-07 3.72767e-11 4 1 0.5 4
9.44e+07 1.86275e-09 2.11549e-07 2.09305e-11 12 1 0.5 12
9.45e+07 1.16169e-09 2.11562e-07 3.13887e-11 5 1 0.5 5
9.46e+07 1.3547e-09 2.11194e-07 3.04556e-11 6 1 0.5 6
9.47e+07 1.42992e-09 2.10559e-07 1.74532e-11 11 1 0.5 11
9.48e+07 1.36361e-09 2.03107e-07 1.04574e-11 17 1 0.5 17
9.49e+07 1.62015e-09 2.09778e-07 1.10211e-10 2 1 0.5 2
9.5e+07 1.47748e-09 2.09704e-07 1.52046e-11 13 1 0.5 13
9.51e+07 1.63524e-09 2.07559e-07 3.63026e-11 6 1 0.5 6
9.52e+07 1.43865e-09 2.03246e-07 3.1394e-11 6 1 0.5 6
9.53e+07 1.28287e-09 2.12271e-07 2.4795e-11 7 1 0.5 7
9.54e+07 1.85715e-09 2.05255e-07 3.06221e-11 8 1 0.5 8
9.55e+07 1.40087e-09 2.05992e-07 2.64545e-11 7 1 0.5 7
9.56e+07 1.4281e-09 2.07582e-07 2.37282e-11 8 1 0.5 8
9.57e+07 1.95454e-09 1.99891e-07 3.61164e-11 7 1 0.5 7
9.58e+07 1.57084e-09 2.08153e-07 2.61666e-11 8 1 0.5 8
9.59e+07 1.65273e-09 2.05303e-07 2.42011e-11 9 1 0.5 9
9.6e+07 1.74016e-09 2.07922e-07 2.57416e-11 9 1 0.5 9
9.61e+07 1.7629e-09 2.04525e-07 3.31439e-11 7 1 0.5 7
9.62e+07 2.09413e-09 2.03051e-07 3.42616e-11 8 1 0.5 8
9.63e+07 1.02482e-09 2.15183e-07 1.39885e-11 10 1 0.5 10
9.64e+07 1.47365e-09 2.17236e-07 2.9026e-11 7 1 0.5 7
9.65e+07 2.12165e-09 2.0559e-07 2.54511e-11 11 1 0.5 11
9.66e+07 2.03687e-09 2.00591e-07 3.30037e-11 8 1 0.5 8
9.67e+07 1.47974e-09 2.0638e-07 2.44779e-11 8 1 0.5 8
9.68e+07 1.549e-09 2.00392e-07 3.34448e-11 6 1 0.5 6
9.69e+07 1.79348e-09 2.09371e-07 1.84436e-11 13 1 0.5 13
9.7e+07 1.34371e-09 2.14032e-07 1.21718e-11 15 1 0.5 15
9.71e+07 1.87719e-09 1.98589e-07 3.01664e-11 8 1 0.5 8
9.72e+07 1.20691e-09 1.99772e-07 1.72918e-11 9 1 0.5 9
9.73e+07 1.29397e-09 2.04488e-07 1.69791e-11 10 1 0.5 10
9.74e+07 1.59249e-09 2.0259e-07 4.16718e-11 5 1 0.5 5
9.75e+07 1.21607e-09 2.06408e-07 2.01035e-11 8 1 0.5 8
9.76e+07 2.29707e-09 1.96865e-07 3.26041e-11 9 1 0.5 9
9.77e+07 1.03219e-09 2.04034e-07 1.50182e-11 9 1 0.5 9
9.78e+07 1.44432e-09 2.08909e-07 1.92787e-11 10 1 0.5 10
9.79e+07 1.45468e-09 2.03307e-07 3.81474e-11 5 1 0.5 5
9.8e+07 1.8018e-09 1.98363e-07 5.81505e-11 4 1 0.5 4
9.81e+07 1.60543e-09 2.00709e-07 2.59942e-11 8 1 0.5 8
9.82e+07 1.69445e-09 1.99842e-07 2.18582e-11 10 1 0.5 10
9.83e+07 2.14558e-09 2.07661e-07 5.7387e-11 5 1 0.5 5
9.84e+07 1.22808e-09 2.13666e-07 1.85364e-11 9 1 0.5 9
9.85e+07 1.68957e-09 2.04135e-07 3.70302e-11 6 1 0.5 6
9.86e+07 1.15854e-09 2.01047e-07 1.66691e-11 9 1 0.5 9
9.87e+07 1.5699e-09 2.0745e-07 1.89445e-11 11 1 0.5 11
9.88e+07 9.66421e-10 2.22079e-07 2.71093e-11 5 1 0.5 5
9.89e+07 1.56501e-09 2.23651e-07 2.75937e-11 8 1 0.5 8
9.9e+07 1.78833e-09 2.0665e-07 4.75716e-11 5 1 0.5 5
9.91e+07 1.75701e-09 2.05703e-07 1.93084e-11 12 1 0.5 12
9.92e+07 1.48128e-09 2.05708e-07 2.4441e-11 8 1 0.5 8
9.93e+07 1.44023e-09 2.02257e-07 2.08335e-11 9 1 0.5 9
9.94e+07 1.77142e-09 2.02961e-07 1.9264e-11 12 1 0.5 12
9.95e+07 1.36691e-09 2.06219e-07 3.01615e-11 6 1 0.5 6
9.96e+07 1.43051e-09 2.07108e-07 1.57948e-11 12 1 0.5 12
9.97e+07 1.52197e-09 2.08067e-07 4.06549e-11 5 1 0.5 5
9.98e+07 1.91684e-09 2.04446e-07 6.33823e-11 4 1 0.5 4
9.99e+07 1.7682e-09 2.05848e-07 2.59532e-11 9 1 0.5 9
1e+08 1.91595e-09 2.17402e-07 3.78167e-11 7 1 0.5 7
