0 1.50659e-09 2.07143e-07 1.91083e-11 11 1 0.5 11
100000 1.80556e-09 2.07716e-07 2.66925e-11 9 1 0.5 9
200000 1.64174e-09 2.04117e-07 3.5973e-11 6 1 0.5 6
300000 1.49446e-09 2.02307e-07 2.43401e-11 8 1 0.5 8
400000 1.74798e-09 2.07533e-07 2.32272e-11 10 1 0.5 10
500000 1.4337e-09 2.01485e-07 1.86023e-11 10 1 0.5 10
600000 1.2696e-09 2.15568e-07 1.57811e-11 11 1 0.5 11
700000 1.01718e-09 2.02958e-07 2.21377e-11 6 1 0.5 6
800000 1.53892e-09 2.13549e-07 2.61545e-11 8 1 0.5 8
900000 1.47251e-09 2.05399e-07 3.2403e-11 6 1 0.5 6
1e+06 1.61473e-09 2.13254e-07 1.56359e-11 14 1 0.5 14
1.1e+06 1.34416e-09 2.05018e-07 2.95216e-11 6 1 0.5 6
1.2e+06 1.42079e-09 2.16535e-07 5.99807e-10 9 1 0.5 9
1.3e+06 1.29814e-09 1.97402e-07 2.76773e-11 6 1 0.5 6
1.4e+06 1.77873e-09 2.06849e-07 2.62081e-11 9 1 0.5 9
1.5e+06 1.78792e-09 2.0343e-07 5.88462e-11 4 1 0.5 4
1.6e+06 1.72539e-09 2.12762e-07 3.90717e-11 6 1 0.5 6
1.7e+06 1.59125e-09 2.25278e-07 2.82214e-11 8 1 0.5 8
1.8e+06 1.81726e-09 2.03372e-07 3.40209e-11 7 1 0.5 7
1.9e+06 2.13863e-09 2.10193e-07 1.68647e-10 6 1 0.5 6
2e+06 1.49536e-09 2.06318e-07 2.82825e-11 7 1 0.5 7
2.1e+06 1.32134e-09 2.08428e-07 2.51773e-11 7 1 0.5 7
2.2e+06 1.77162e-09 2.0621e-07 2.93112e-11 8 1 0.5 8
2.3e+06 1.38749e-09 2.17991e-07 2.73963e-11 7 1 0.5 7
2.4e+06 1.011e-09 2.04043e-07 1.01752e-11 13 1 0.5 13
2.5e+06 1.45899e-09 2.07703e-07 3.23859e-11 6 1 0.5 6
2.6e+06 1.39525e-09 2.23775e-07 1.63765e-11 12 1 0.5 12
2.7e+06 1.37798e-09 2.05177e-07 1.39376e-11 13 1 0.5 13
2.8e+06 1.2537e-09 2.0888e-07 2.09224e-11 8 1 0.5 8
2.9e+06 1.7345e-09 1.9911e-07 2.48033e-11 9 1 0.5 9
3e+06 1.60752e-09 2.034e-07 4.21993e-11 5 1 0.5 5
3.1e+06 1.38739e-09 2.08395e-07 1.31881e-11 14 1 0.5 14
3.2e+06 1.86437e-09 2.02838e-07 2.434e-11 10 1 0.5 10
3.3e+06 1.52866e-09 2.13872e-07 2.07895e-11 10 1 0.5 10
3.4e+06 1.88261e-09 2.03438e-07 4.94889e-11 5 1 0.5 5
3.5e+06 1.74246e-09 2.0306e-07 2.84814e-11 8 1 0.5 8
3.6e+06 1.40811e-09 2.08446e-07 1.56256e-11 12 1 0.5 12
3.7e+06 1.4443e-09 2.09187e-07 2.761e-11 7 1 0.5 7
3.8e+06 1.63853e-09 2.10195e-07 2.75098e-11 8 1 0.5 8
3.9e+06 1.79574e-09 1.99923e-07 3.31697e-11 7 1 0.5 7
4e+06 1.40141e-09 1.97591e-07 1.99052e-11 9 1 0.5 9
4.1e+06 1.55808e-09 2.02186e-07 4.07017e-11 5 1 0.5 5
4.2e+06 1.46922e-09 2.02167e-07 1.73718e-11 11 1 0.5 11
4.3e+06 1.33186e-09 2.00399e-07 4.32154e-11 4 1 0.5 4
4.4e+06 1.64829e-09 2.07989e-07 3.13885e-11 7 1 0.5 7
4.5e+06 1.33571e-09 2.03884e-07 2.50166e-11 7 1 0.5 7
4.6e+06 1.52677e-09 2.14674e-07 2.60549e-11 8 1 0.5 8
4.7e+06 1.65929e-09 2.09127e-07 2.21772e-11 10 1 0.5 10
4.8e+06 2.00825e-09 2.07689e-07 1.56857e-11 17 1 0.5 17
4.9e+06 1.92598e-09 2.14204e-07 5.27379e-11 5 1 0.5 5
5e+06 1.5779e-09 2.09434e-07 3.52705e-11 6 1 0.5 6
5.1e+06 1.25297e-09 2.09251e-07 1.67389e-11 10 1 0.5 10
5.2e+06 1.59439e-09 2.05924e-07 2.33987e-11 9 1 0.5 9
5.3e+06 1.41654e-09 2.13928e-07 2.75593e-11 7 1 0.5 7
5.4e+06 1.48568e-09 2.05161e-07 3.26647e-11 6 1 0.5 6
5.5e+06 1.08083e-09 1.97467e-07 1.97295e-11 7 1 0.5 7
5.6e+06 1.70941e-09 2.11081e-07 2.09174e-11 11 1 0.5 11
5.7e+06 1.60434e-09 2.18208e-07 2.21721e-11 10 1 0.5 10
5.8e+06 1.42073e-09 2.09179e-07 2.71565e-11 7 1 0.5 7
5.9e+06 1.29217e-09 2.20367e-07 1.63452e-11 11 1 0.5 11
6e+06 1.28225e-09 2.05305e-07 1.8759e-11 9 1 0.5 9
6.1e+06 1.39729e-09 2.06811e-07 1.54098e-11 12 1 0.5 12
6.2e+06 1.64817e-09 2.07267e-07 1.98785e-11 11 1 0.5 11
6.3e+06 1.77998e-09 2.1492e-07 2.70296e-11 9 1 0.5 9
6.4e+06 1.28299e-09 2.02552e-07 2.39026e-11 7 1 0.5 7
6.5e+06 2.19835e-09 2.14875e-07 3.7617e-11 8 1 0.5 8
6.6e+06 1.31369e-09 2.02359e-07 2.85562e-11 6 1 0.5 6
6.7e+06 6.93695e-10 2.1439e-07 7.25406e-12 13 1 0.5 13
6.8e+06 1.52085e-09 2.01616e-07 1.51774e-11 13 1 0.5 13
6.9e+06 1.39423e-09 2.1152e-07 1.56504e-11 12 1 0.5 12
7e+06 1.37327e-09 2.10734e-07 2.05111e-11 9 1 0.5 9
7.1e+06 1.46654e-09 2.07045e-07 2.432e-11 8 1 0.5 8
7.2e+06 2.06424e-09 2.03284e-07 3.86616e-11 7 1 0.5 7
7.3e+06 1.26568e-09 2.03539e-07 2.36684e-11 7 1 0.5 7
7.4e+06 1.57431e-09 2.0868e-07 5.27989e-11 4 1 0.5 4
7.5e+06 1.65734e-09 2.1e-07 3.18015e-11 7 1 0.5 7
7.6e+06 1.24624e-09 2.06435e-07 2.75088e-11 6 1 0.5 6
7.7e+06 1.6272e-09 1.94435e-07 2.05456e-11 10 1 0.5 10
7.8e+06 9.12881e-10 2.05135e-07 1.33344e-11 9 1 0.5 9
7.9e+06 1.38093e-09 1.95862e-07 1.59279e-11 11 1 0.5 11
8e+06 1.56583e-09 2.0193e-07 1.69543e-11 12 1 0.5 12
8.1e+06 1.51738e-09 1.96566e-07 1.60879e-11 12 1 0.5 12
8.2e+06 1.37261e-09 2.06701e-07 1.65101e-11 11 1 0.5 11
8.3e+06 1.43217e-09 2.13921e-07 2.1649e-11 9 1 0.5 9
8.4e+06 1.15658e-09 2.12383e-07 1.95503e-11 8 1 0.5 8
8.5e+06 1.85187e-09 2.04712e-07 4.07017e-11 6 1 0.5 6
8.6e+06 1.86995e-09 1.99098e-07 2.67479e-11 9 1 0.5 9
8.7e+06 1.37252e-09 2.00554e-07 2.21954e-11 8 1 0.5 8
8.8e+06 1.84423e-09 2.049e-07 2.42672e-11 10 1 0.5 10
8.9e+06 1.31999e-09 2.13301e-07 2.2399e-11 8 1 0.5 8
9e+06 1.46565e-09 2.14476e-07 2.85769e-11 7 1 0.5 7
9.1e+06 1.57241e-09 2.04441e-07 3.44877e-11 6 1 0.5 6
9.2e+06 1.92929e-09 1.91936e-07 4.03405e-11 6 1 0.5 6
9.3e+06 1.3619e-09 2.08635e-07 2.59739e-11 7 1 0.5 7
9.4e+06 1.50513e-09 2.0132e-07 3.26096e-11 6 1 0.5 6
9.5e+06 1.55156e-09 2.02365e-07 2.24595e-11 9 1 0.5 9
9.6e+06 1.40096e-09 2.06518e-07 1.32232e-11 14 1 0.5 14
9.7e+06 1.56982e-09 2.05817e-07 3.46121e-11 6 1 0.5 6
9.8e+06 1.57451e-09 2.04873e-07 2.30134e-11 9 1 0.5 9
9.9e+06 1.18553e-09 2.00466e-07 8.99733e-12 17 1 0.5 17
1e+07 1.35712e-09 2.01023e-07 2.93531e-11 6 1 0.5 6
1.01e+07 8.46902e-10 2.14513e-07 1.64813e-11 7 1 0.5 7
1.02e+07 1.12583e-09 2.0794e-07 2.49817e-11 6 1 0.5 6
1.03e+07 1.47977e-09 2.0734e-07 2.80948e-11 7 1 0.5 7
1.04e+07 1.1398e-09 2.05221e-07 2.50336e-11 6 1 0.5 6
1.05e+07 1.53515e-09 2.12394e-07 3.46908e-11 6 1 0.5 6
1.06e+07 1.74433e-09 2.06879e-07 2.31212e-11 10 1 0.5 10
1.07e+07 1.17502e-09 2.07612e-07 3.1284e-11 5 1 0.5 5
1.08e+07 1.21145e-09 2.05174e-07 1.77112e-11 9 1 0.5 9
1.09e+07 1.19336e-09 2.14247e-07 1.80494e-11 9 1 0.5 9
1.1e+07 1.16143e-09 2.1816e-07 1.14421e-11 14 1 0.5 14
1.11e+07 1.32128e-09 2.13741e-07 5.91901e-11 11 1 0.5 11
1.12e+07 1.46443e-09 2.12199e-07 1.979e-11 10 1 0.5 10
1.13e+07 1.26815e-09 2.16284e-07 2.17535e-11 8 1 0.5 8
1.14e+07 7.33635e-10 2.07324e-07 1.38945e-11 7 1 0.5 7
1.15e+07 1.70325e-09 2.11484e-07 3.83841e-11 6 1 0.5 6
1.16e+07 1.68813e-09 2.10861e-07 2.27112e-11 10 1 0.5 10
1.17e+07 1.41459e-09 2.05289e-07 3.11087e-11 6 1 0.5 6
1.18e+07 1.45309e-09 2.10982e-07 2.79662e-11 7 1 0.5 7
1.19e+07 1.74123e-09 2.01119e-07 2.82484e-11 8 1 0.5 8
1.2e+07 1.92792e-09 2.11068e-07 3.9145e-11 7 1 0.5 7
1.21e+07 1.21531e-09 2.15672e-07 2.77633e-11 6 1 0.5 6
1.22e+07 1.73016e-09 2.16824e-07 3.40562e-11 7 1 0.5 7
1.23e+07 1.39756e-09 2.0554e-07 2.30394e-11 8 1 0.5 8
1.24e+07 1.72281e-09 2.0405e-07 4.53622e-11 5 1 0.5 5
1.25e+07 1.93555e-09 2.02381e-07 5.45124e-11 7 1 0.5 7
1.26e+07 1.41716e-09 2.12688e-07 4.82029e-11 4 1 0.5 4
1.27e+07 1.75543e-09 2.0723e-07 3.89399e-11 6 1 0.5 6
1.28e+07 1.56748e-09 2.08131e-07 2.98577e-11 7 1 0.5 7
1.29e+07 1.33601e-09 2.06525e-07 1.76688e-11 10 1 0.5 10
1.3e+07 1.53971e-09 2.09956e-07 2.9528e-11 7 1 0.5 7
1.31e+07 2.01154e-09 2.16583e-07 3.46181e-11 8 1 0.5 8
1.32e+07 1.6731e-09 2.02465e-07 4.37758e-11 5 1 0.5 5
1.33e+07 1.50832e-09 2.04717e-07 3.31092e-11 6 1 0.5 6
1.34e+07 1.3329e-09 2.09714e-07 1.78408e-11 10 1 0.5 10
1.35e+07 1.65677e-09 2.06291e-07 7.36932e-11 3 1 0.5 3
1.36e+07 1.62445e-09 2.00487e-07 2.62808e-11 8 1 0.5 8
1.37e+07 1.32003e-09 2.03831e-07 4.33996e-11 4 1 0.5 4
1.38e+07 1.78164e-09 2.07621e-07 2.96363e-11 8 1 0.5 8
1.39e+07 1.76189e-09 2.14597e-07 9.13617e-11 10 1 0.5 10
1.4e+07 9.34743e-10 2.10284e-07 1.13858e-11 11 1 0.5 11
1.41e+07 1.88786e-09 2.04764e-07 2.76034e-11 9 1 0.5 9
1.42e+07 1.28743e-09 2.15883e-07 2.20531e-11 8 1 0.5 8
1.43e+07 1.07355e-09 2.17582e-07 1.64318e-11 9 1 0.5 9
1.44e+07 1.4317e-09 2.08482e-07 1.36148e-11 14 1 0.5 14
1.45e+07 1.40459e-09 2.05169e-07 3.08736e-11 6 1 0.5 6
1.46e+07 1.56329e-09 2.11429e-07 3.01481e-11 7 1 0.5 7
1.47e+07 1.77664e-09 2.09787e-07 2.97948e-11 8 1 0.5 8
1.48e+07 1.71734e-09 2.04933e-07 2.51157e-11 9 1 0.5 9
1.49e+07 1.41017e-09 2.07654e-07 2.08217e-11 9 1 0.5 9
1.5e+07 1.40923e-09 2.03811e-07 1.84483e-11 10 1 0.5 10
1.51e+07 1.60692e-09 1.98804e-07 2.06882e-11 10 1 0.5 10
1.52e+07 1.45369e-09 2.06734e-07 3.21496e-11 6 1 0.5 6
1.53e+07 1.64736e-09 2.08631e-07 2.44284e-11 9 1 0.5 9
1.54e+07 1.66649e-09 2.23591e-07 3.92461e-11 6 1 0.5 6
1.55e+07 1.41679e-09 1.99229e-07 2.27961e-11 8 1 0.5 8
1.56e+07 1.82505e-09 2.11447e-07 2.46147e-11 10 1 0.5 10
1.57e+07 1.62437e-09 1.9881e-07 3.4866e-11 6 1 0.5 6
1.58e+07 1.38092e-09 2.15721e-07 2.10099e-11 9 1 0.5 9
1.59e+07 1.16643e-09 2.06618e-07 1.54257e-11 10 1 0.5 10
1.6e+07 1.82368e-09 2.08542e-07 4.06656e-11 6 1 0.5 6
1.61e+07 1.81432e-09 2.09313e-07 2.02146e-11 12 1 0.5 12
1.62e+07 1.22488e-09 2.10409e-07 2.35062e-11 7 1 0.5 7
1.63e+07 2.07058e-09 2.08684e-07 3.46094e-11 8 1 0.5 8
1.64e+07 1.46963e-09 2.09696e-07 1.96759e-11 10 1 0.5 10
1.65e+07 1.9799e-09 2.13065e-07 9.05652e-11 3 1 0.5 3
1.66e+07 1.58396e-09 2.04216e-07 3.47127e-11 6 1 0.5 6
1.67e+07 1.51464e-09 2.07535e-07 2.23601e-11 9 1 0.5 9
1.68e+07 1.40992e-09 1.97251e-07 1.99997e-11 9 1 0.5 9
1.69e+07 1.10281e-09 2.07273e-07 1.46185e-11 10 1 0.5 10
1.7e+07 1.28123e-09 2.14659e-07 2.49828e-11 7 1 0.5 7
1.71e+07 1.26957e-09 2.0789e-07 2.11093e-11 8 1 0.5 8
1.72e+07 1.58765e-09 2.07865e-07 3.02356e-11 7 1 0.5 7
1.73e+07 1.78786e-09 2.06025e-07 2.62608e-11 9 1 0.5 9
1.74e+07 1.2755e-09 2.09187e-07 2.43698e-11 7 1 0.5 7
1.75e+07 1.61649e-09 2.11353e-07 2.72557e-11 8 1 0.5 8
1.76e+07 1.48127e-09 2.08093e-07 2.82035e-11 7 1 0.5 7
1.77e+07 1.35549e-09 2.14712e-07 2.05453e-11 9 1 0.5 9
1.78e+07 1.87292e-09 2.04615e-07 3.52367e-11 7 1 0.5 7
1.79e+07 1.50705e-09 2.06693e-07 1.81317e-11 11 1 0.5 11
1.8e+07 1.50333e-09 2.13746e-07 2.92365e-11 7 1 0.5 7
1.81e+07 1.08433e-09 2.11546e-07 2.08879e-11 7 1 0.5 7
1.82e+07 1.37734e-09 2.13975e-07 3.12885e-11 6 1 0.5 6
1.83e+07 1.42812e-09 2.11854e-07 1.9273e-11 10 1 0.5 10
1.84e+07 1.54399e-09 2.10867e-07 1.29608e-11 16 1 0.5 16
1.85e+07 1.85704e-09 2.06241e-07 3.51536e-11 7 1 0.5 7
1.86e+07 1.58078e-09 2.16005e-07 2.40881e-11 9 1 0.5 9
1.87e+07 9.30001e-10 2.09764e-07 1.55575e-11 8 1 0.5 8
1.88e+07 1.36405e-09 2.08972e-07 2.60481e-11 7 1 0.5 7
1.89e+07 1.68539e-09 2.07815e-07 2.49178e-11 9 1 0.5 9
1.9e+07 1.60913e-09 2.00249e-07 2.97431e-11 7 1 0.5 7
1.91e+07 1.08133e-09 1.98578e-07 1.73386e-11 8 1 0.5 8
1.92e+07 1.71316e-09 2.13577e-07 2.91335e-11 8 1 0.5 8
1.93e+07 1.44261e-09 2.06286e-07 2.38527e-11 8 1 0.5 8
1.94e+07 1.35406e-09 2.09712e-07 2.59285e-11 7 1 0.5 7
1.95e+07 1.3003e-09 2.14785e-07 1.77341e-11 10 1 0.5 10
1.96e+07 1.62384e-09 2.08204e-07 2.70588e-11 8 1 0.5 8
1.97e+07 1.4395e-09 2.14263e-07 2.81777e-11 7 1 0.5 7
1.98e+07 1.26469e-09 2.19101e-07 1.94741e-11 9 1 0.5 9
1.99e+07 1.91305e-09 2.06226e-07 4.22998e-11 6 1 0.5 6
2e+07 1.21363e-09 2.04595e-07 1.99251e-11 8 1 0.5 8
2.01e+07 1.44326e-09 1.98036e-07 2.31156e-11 8 1 0.5 8
2.02e+07 1.92684e-09 2.00707e-07 2.49525e-11 10 1 0.5 10
2.03e+07 1.24177e-09 2.04884e-07 2.04111e-11 8 1 0.5 8
2.04e+07 1.98918e-09 2.11547e-07 2.68484e-11 10 1 0.5 10
2.05e+07 1.61502e-09 2.12479e-07 3.65184e-11 6 1 0.5 6
2.06e+07 1.57731e-09 1.93318e-07 2.4804e-11 8 1 0.5 8
2.07e+07 1.26768e-09 2.01782e-07 3.30215e-11 5 1 0.5 5
2.08e+07 1.77198e-09 2.05928e-07 3.91154e-11 6 1 0.5 6
2.09e+07 1.615e-09 2.08698e-07 1.95825e-11 11 1 0.5 11
2.1e+07 1.23695e-09 2.13719e-07 2.80577e-11 6 1 0.5 6
2.11e+07 2.13246e-09 2.13439e-07 2.41423e-11 12 1 0.5 12
2.12e+07 1.83969e-09 2.05642e-07 2.42759e-11 10 1 0.5 10
2.13e+07 1.66172e-09 2.02093e-07 3.61309e-11 6 1 0.5 6
2.14e+07 1.53697e-09 2.02631e-07 3.34725e-11 6 1 0.5 6
2.15e+07 1.48712e-09 2.01955e-07 1.75696e-11 11 1 0.5 11
2.16e+07 1.09306e-09 2.16186e-07 1.66463e-11 9 1 0.5 9
2.17e+07 1.41348e-09 2.10898e-07 2.11267e-11 9 1 0.5 9
2.18e+07 1.87381e-09 2.00116e-07 4.86256e-11 5 1 0.5 5
2.19e+07 1.79028e-09 2.13344e-07 3.04254e-11 8 1 0.5 8
2.2e+07 1.8154e-09 1.97888e-07 2.90885e-11 8 1 0.5 8
2.21e+07 1.88533e-09 2.09988e-07 3.16517e-11 8 1 0.5 8
2.22e+07 1.50206e-09 2.11831e-07 2.53632e-11 8 1 0.5 8
2.23e+07 1.58747e-09 2.02369e-07 2.29816e-11 9 1 0.5 9
2.24e+07 1.53751e-09 2.15296e-07 3.5119e-11 6 1 0.5 6
2.25e+07 1.45666e-09 2.15798e-07 2.85392e-11 7 1 0.5 7
2.26e+07 1.24155e-09 2.10365e-07 2.38235e-11 7 1 0.5 7
2.27e+07 1.85098e-09 2.03974e-07 2.69799e-11 9 1 0.5 9
2.28e+07 1.64112e-09 2.01219e-07 2.66273e-11 8 1 0.5 8
2.29e+07 1.36872e-09 2.12779e-07 3.71855e-11 5 1 0.5 5
2.3e+07 1.14843e-09 2.03982e-07 2.51047e-11 6 1 0.5 6
2.31e+07 1.58634e-09 2.06956e-07 2.10256e-11 10 1 0.5 10
2.32e+07 1.38216e-09 2.00786e-07 3.58829e-11 5 1 0.5 5
2.33e+07 1.52069e-09 2.10222e-07 2.04021e-11 10 1 0.5 10
2.34e+07 1.48832e-09 2.02942e-07 1.61757e-11 12 1 0.5 12
2.35e+07 1.48271e-09 1.93249e-07 1.86271e-11 10 1 0.5 10
2.36e+07 1.23989e-09 2.0968e-07 3.47216e-11 6 1 0.5 6
2.37e+07 1.44933e-09 2.12138e-07 2.4497e-11 8 1 0.5 8
2.38e+07 1.44268e-09 2.16367e-07 2.20051e-11 9 1 0.5 9
2.39e+07 1.36998e-09 2.0694e-07 2.27035e-11 8 1 0.5 8
2.4e+07 1.49867e-09 2.10143e-07 2.51468e-11 8 1 0.5 8
2.41e+07 1.52295e-09 2.08578e-07 3.39256e-11 6 1 0.5 6
2.42e+07 1.66215e-09 2.10852e-07 1.86209e-11 12 1 0.5 12
2.43e+07 1.20436e-09 1.99257e-07 1.54841e-11 10 1 0.5 10
2.44e+07 1.53719e-09 2.07195e-07 2.55111e-11 8 1 0.5 8
2.45e+07 1.15916e-09 2.04596e-07 2.1757e-11 7 1 0.5 7
2.46e+07 1.31296e-09 2.05893e-07 1.73215e-11 10 1 0.5 10
2.47e+07 1.60975e-09 1.95822e-07 4.01035e-11 6 1 0.5 6
2.48e+07 1.42145e-09 2.11331e-07 1.73996e-11 11 1 0.5 11
2.49e+07 1.57708e-09 2.01272e-07 2.2734e-11 9 1 0.5 9
2.5e+07 1.42166e-09 2.0481e-07 1.86829e-11 10 1 0.5 10
2.51e+07 1.7664e-09 2.05039e-07 2.58468e-11 9 1 0.5 9
2.52e+07 1.4084e-09 2.00558e-07 3.04129e-11 6 1 0.5 6
2.53e+07 1.27406e-09 2.14413e-07 1.57696e-11 11 1 0.5 11
2.54e+07 1.36169e-09 2.06908e-07 2.25627e-11 8 1 0.5 8
2.55e+07 1.33776e-09 2.07062e-07 1.97048e-11 9 1 0.5 9
2.56e+07 1.15673e-09 2.16288e-07 1.76253e-11 9 1 0.5 9
2.57e+07 1.33264e-09 1.99097e-07 4.3022e-11 4 1 0.5 4
2.58e+07 1.90384e-09 2.06679e-07 3.61051e-11 7 1 0.5 7
2.59e+07 1.61044e-09 2.02947e-07 1.91043e-11 11 1 0.5 11
2.6e+07 1.76464e-09 2.0861e-07 2.13965e-11 11 1 0.5 11
2.61e+07 1.76081e-09 2.02466e-07 2.55114e-11 9 1 0.5 9
2.62e+07 1.47429e-09 2.11555e-07 4.99515e-11 4 1 0.5 4
2.63e+07 1.40117e-09 2.07212e-07 2.32464e-11 8 1 0.5 8
2.64e+07 1.21602e-09 1.96989e-07 2.21647e-11 7 1 0.5 7
2.65e+07 1.54056e-09 2.08547e-07 2.28314e-11 9 1 0.5 9
2.66e+07 1.54401e-09 2.04932e-07 1.69112e-11 12 1 0.5 12
2.67e+07 1.88431e-09 1.9873e-07 2.42142e-11 10 1 0.5 10
2.68e+07 1.2574e-09 2.0949e-07 2.40499e-11 7 1 0.5 7
2.69e+07 1.82931e-09 2.02267e-07 3.41021e-11 7 1 0.5 7
2.7e+07 1.62938e-09 2.0678e-07 3.60649e-11 6 1 0.5 6
2.71e+07 1.98182e-09 1.93337e-07 4.16807e-11 6 1 0.5 6
2.72e+07 1.55497e-09 1.95508e-07 1.97144e-11 10 1 0.5 10
2.73e+07 1.52736e-09 2.14806e-07 2.60778e-11 8 1 0.5 8
2.74e+07 1.59409e-09 2.00553e-07 4.13863e-11 5 1 0.5 5
2.75e+07 2.08706e-09 1.98839e-07 4.48782e-11 6 1 0.5 6
2.76e+07 1.68029e-09 2.05145e-07 2.01043e-11 11 1 0.5 11
2.77e+07 1.95683e-09 2.10173e-07 2.18788e-11 12 1 0.5 12
2.78e+07 9.22614e-10 2.03672e-07 6.69251e-12 18 1 0.5 18
2.79e+07 1.9895e-09 2.06753e-07 3.77505e-11 7 1 0.5 7
2.8e+07 1.0232e-09 2.08492e-07 2.27428e-11 6 1 0.5 6
2.81e+07 1.54722e-09 2.05325e-07 2.26598e-11 9 1 0.5 9
2.82e+07 1.79542e-09 2.10172e-07 2.18991e-11 11 1 0.5 11
2.83e+07 1.39771e-09 2.01603e-07 1.81421e-11 10 1 0.5 10
2.84e+07 1.56738e-09 1.99377e-07 2.88692e-11 7 1 0.5 7
2.85e+07 1.53743e-09 2.11738e-07 3.46581e-11 6 1 0.5 6
2.86e+07 1.96893e-09 1.98428e-07 3.61765e-11 7 1 0.5 7
2.87e+07 1.57701e-09 2.03669e-07 2.95342e-11 7 1 0.5 7
2.88e+07 7.91658e-10 2.08939e-07 1.05527e-11 10 1 0.5 10
2.89e+07 1.73325e-09 2.10129e-07 1.93676e-11 12 1 0.5 12
2.9e+07 1.48351e-09 1.98725e-07 3.18155e-11 6 1 0.5 6
2.91e+07 1.49105e-09 2.03211e-07 3.90931e-11 5 1 0.5 5
2.92e+07 1.44286e-09 2.07106e-07 3.83881e-11 5 1 0.5 5
2.93e+07 1.32534e-09 2.10548e-07 2.97205e-11 6 1 0.5 6
2.94e+07 1.62306e-09 2.07127e-07 1.95642e-11 11 1 0.5 11
2.95e+07 1.75507e-09 2.09687e-07 3.92945e-11 6 1 0.5 6
2.96e+07 1.87903e-09 2.05694e-07 4.98228e-11 5 1 0.5 5
2.97e+07 1.29539e-09 2.02808e-07 1.5349e-11 11 1 0.5 11
2.98e+07 1.35293e-09 2.14735e-07 2.05081e-11 9 1 0.5 9
2.99e+07 1.45586e-09 2.00144e-07 1.56517e-11 12 1 0.5 12
3e+07 1.2025e-09 2.10343e-07 2.69325e-11 6 1 0.5 6
3.01e+07 1.60655e-09 2.04742e-07 2.64196e-11 8 1 0.5 8
3.02e+07 9.94259e-10 2.0388e-07 1.62689e-11 8 1 0.5 8
3.03e+07 1.31936e-09 2.08194e-07 1.95162e-11 9 1 0.5 9
3.04e+07 1.8842e-09 2.12175e-07 2.54849e-11 10 1 0.5 10
3.05e+07 1.44151e-09 2.02064e-07 2.08366e-11 9 1 0.5 9
3.06e+07 7.99534e-10 2.10403e-07 1.07164e-11 10 1 0.5 10
3.07e+07 1.39358e-09 2.11036e-07 1.87482e-11 10 1 0.5 10
3.08e+07 1.59402e-09 2.03562e-07 4.18684e-11 5 1 0.5 5
3.09e+07 1.61482e-09 2.09958e-07 2.1648e-11 10 1 0.5 10
3.1e+07 1.25893e-09 2.12914e-07 1.21682e-11 14 1 0.5 14
3.11e+07 1.64181e-09 2.04831e-07 3.60731e-11 6 1 0.5 6
3.12e+07 1.34106e-09 2.0312e-07 1.24935e-11 14 1 0.5 14
3.13e+07 1.32191e-09 1.99406e-07 2.4332e-11 7 1 0.5 7
3.14e+07 1.93584e-09 2.09262e-07 2.87954e-11 9 1 0.5 9
3.15e+07 1.96325e-09 2.11321e-07 3.31314e-11 8 1 0.5 8
3.16e+07 1.51309e-09 2.11154e-07 5.12008e-11 4 1 0.5 4
3.17e+07 1.31032e-09 2.07609e-07 1.93393e-11 9 1 0.5 9
3.18e+07 1.08233e-09 2.11371e-07 1.21353e-11 12 1 0.5 12
3.19e+07 2.05118e-09 2.17646e-07 3.54418e-11 8 1 0.5 8
3.2e+07 1.95795e-09 2.01395e-07 3.18172e-11 8 1 0.5 8
3.21e+07 1.61172e-09 2.1267e-07 2.42613e-11 9 1 0.5 9
3.22e+07 1.84589e-09 2.05897e-07 4.07534e-11 6 1 0.5 6
3.23e+07 1.83383e-09 2.07515e-07 6.13228e-11 4 1 0.5 4
3.24e+07 1.58729e-09 2.00055e-07 2.27739e-11 9 1 0.5 9
3.25e+07 1.73295e-09 2.08728e-07 2.31307e-11 10 1 0.5 10
3.26e+07 1.98791e-09 2.06982e-07 2.93203e-11 9 1 0.5 9
3.27e+07 1.45555e-09 2.00558e-07 2.69236e-11 7 1 0.5 7
3.28e+07 1.72515e-09 2.03701e-07 3.23279e-11 7 1 0.5 7
3.29e+07 2.01398e-09 2.19843e-07 3.50743e-11 8 1 0.5 8
3.3e+07 1.9072e-09 2.11145e-07 2.33528e-11 11 1 0.5 11
3.31e+07 1.16054e-09 2.08681e-07 1.03023e-11 15 1 0.5 15
3.32e+07 1.32958e-09 2.1718e-07 2.61703e-11 7 1 0.5 7
3.33e+07 1.33642e-09 2.10213e-07 2.56372e-11 7 1 0.5 7
3.34e+07 1.63752e-09 2.09395e-07 2.19072e-11 10 1 0.5 10
3.35e+07 1.59824e-09 2.11831e-07 2.69948e-11 8 1 0.5 8
3.36e+07 1.46926e-09 2.14584e-07 1.66832e-11 12 1 0.5 12
3.37e+07 1.31097e-09 2.04968e-07 1.43545e-11 12 1 0.5 12
3.38e+07 1.63931e-09 2.1003e-07 2.44366e-11 9 1 0.5 9
3.39e+07 1.7147e-09 1.98357e-07 2.75181e-11 8 1 0.5 8
3.4e+07 1.35356e-09 2.10812e-07 2.60256e-11 7 1 0.5 7
3.41e+07 1.68013e-09 2.08479e-07 4.49818e-11 5 1 0.5 5
3.42e+07 1.18817e-09 2.06833e-07 1.42934e-11 11 1 0.5 11
3.43e+07 1.31505e-09 2.03598e-07 1.91152e-11 9 1 0.5 9
3.44e+07 1.71259e-09 2.0767e-07 3.80467e-11 6 1 0.5 6
3.45e+07 1.76243e-09 2.07714e-07 2.93254e-11 8 1 0.5 8
3.46e+07 1.80998e-09 2.04841e-07 3.97945e-11 6 1 0.5 6
3.47e+07 1.56703e-09 2.01944e-07 2.91519e-11 7 1 0.5 7
3.48e+07 1.21645e-09 2.11315e-07 2.04844e-11 8 1 0.5 8
3.49e+07 1.73482e-09 2.06765e-07 3.8412e-11 6 1 0.5 6
3.5e+07 1.87848e-09 2.01258e-07 6.32833e-11 5 1 0.5 5
3.51e+07 1.52213e-09 2.07809e-07 1.83911e-11 11 1 0.5 11
3.52e+07 1.28523e-09 2.11379e-07 1.9238e-11 9 1 0.5 9
3.53e+07 1.55268e-09 2.11369e-07 2.09221e-11 10 1 0.5 10
3.54e+07 1.62032e-09 2.20974e-07 2.83009e-11 8 1 0.5 8
3.55e+07 1.37187e-09 2.11378e-07 1.67939e-11 11 1 0.5 11
3.56e+07 1.71908e-09 2.06017e-07 2.52454e-11 9 1 0.5 9
3.57e+07 1.25557e-09 2.05597e-07 2.76277e-11 6 1 0.5 6
3.58e+07 1.69311e-09 2.10581e-07 2.27547e-11 10 1 0.5 10
3.59e+07 1.45046e-09 2.09862e-07 1.94305e-11 10 1 0.5 10
3.6e+07 1.62011e-09 2.15366e-07 3.70272e-11 6 1 0.5 6
3.61e+07 1.85428e-09 2.02737e-07 2.01509e-11 12 1 0.5 12
3.62e+07 1.45783e-09 1.97781e-07 2.07249e-11 9 1 0.5 9
3.63e+07 1.39091e-09 2.03653e-07 2.27645e-11 8 1 0.5 8
3.64e+07 1.9029e-09 1.96591e-07 4.05305e-11 6 1 0.5 6
3.65e+07 1.03713e-09 1.98152e-07 1.32718e-11 10 1 0.5 10
3.66e+07 1.47158e-09 2.07674e-07 2.79739e-11 7 1 0.5 7
3.67e+07 1.9172e-09 2.09168e-07 3.7793e-11 7 1 0.5 7
3.68e+07 1.51631e-09 2.14001e-07 1.87491e-11 11 1 0.5 11
3.69e+07 1.69608e-09 2.061e-07 3.20728e-11 7 1 0.5 7
3.7e+07 1.41029e-09 2.18192e-07 1.94802e-11 10 1 0.5 10
3.71e+07 1.96898e-09 2.02087e-07 2.13483e-11 12 1 0.5 12
3.72e+07 1.53448e-09 2.04212e-07 3.36215e-11 6 1 0.5 6
3.73e+07 1.49317e-09 2.03566e-07 2.17112e-11 9 1 0.5 9
3.74e+07 1.49935e-09 2.07143e-07 2.48756e-11 8 1 0.5 8
3.75e+07 1.63774e-09 2.00184e-07 3.02671e-11 7 1 0.5 7
3.76e+07 1.58059e-09 2.03548e-07 2.06786e-11 10 1 0.5 10
3.77e+07 1.56699e-09 2.13676e-07 4.2753e-11 5 1 0.5 5
3.78e+07 1.29904e-09 2.05758e-07 2.14272e-11 8 1 0.5 8
3.79e+07 1.18923e-09 2.08469e-07 1.43949e-11 11 1 0.5 11
3.8e+07 1.50025e-09 2.07159e-07 3.99334e-11 5 1 0.5 5
3.81e+07 1.81305e-09 2.04952e-07 3.41478e-11 7 1 0.5 7
3.82e+07 1.72591e-09 2.14458e-07 2.9447e-11 8 1 0.5 8
3.83e+07 1.67512e-09 2.1493e-07 3.27386e-11 7 1 0.5 7
3.84e+07 1.48469e-09 2.10526e-07 1.81215e-11 11 1 0.5 11
3.85e+07 1.66584e-09 2.02991e-07 5.46985e-11 4 1 0.5 4
3.86e+07 1.25048e-09 1.9871e-07 1.33638e-11 12 1 0.5 12
3.87e+07 1.66773e-09 2.03844e-07 2.73363e-11 8 1 0.5 8
3.88e+07 1.93185e-09 2.05431e-07 2.32885e-11 11 1 0.5 11
3.89e+07 1.55936e-09 2.10615e-07 2.09534e-11 10 1 0.5 10
3.9e+07 1.5065e-09 2.05956e-07 3.32257e-11 6 1 0.5 6
3.91e+07 1.26363e-09 2.07725e-07 1.86562e-11 9 1 0.5 9
3.92e+07 1.53006e-09 2.10647e-07 1.71236e-11 12 1 0.5 12
3.93e+07 1.66675e-09 2.03882e-07 2.73241e-11 8 1 0.5 8
3.94e+07 1.08712e-09 2.02287e-07 1.76844e-11 8 1 0.5 8
3.95e+07 1.54112e-09 2.17235e-07 1.92843e-11 11 1 0.5 11
3.96e+07 1.65588e-09 2.09077e-07 2.21272e-11 10 1 0.5 10
3.97e+07 1.78798e-09 2.05011e-07 2.94484e-11 8 1 0.5 8
3.98e+07 1.77481e-09 2.05821e-07 4.70601e-11 5 1 0.5 5
3.99e+07 1.39515e-09 2.01482e-07 2.58942e-11 7 1 0.5 7
4e+07 1.4323e-09 2.10254e-07 1.74623e-11 11 1 0.5 11
4.01e+07 1.57192e-09 2.08585e-07 5.26991e-11 4 1 0.5 4
4.02e+07 1.51263e-09 1.99424e-07 3.25325e-11 6 1 0.5 6
4.03e+07 1.27489e-09 2.02263e-07 1.38144e-11 12 1 0.5 12
4.04e+07 1.27308e-09 1.98007e-07 1.81063e-11 9 1 0.5 9
4.05e+07 1.22022e-09 2.03072e-07 1.76968e-11 9 1 0.5 9
4.06e+07 1.65513e-09 2.09103e-07 3.16519e-11 7 1 0.5 7
4.07e+07 1.59109e-09 2.17011e-07 4.39512e-11 5 1 0.5 5
4.08e+07 1.83902e-09 2.05736e-07 3.47436e-11 7 1 0.5 7
4.09e+07 1.36593e-09 2.099e-07 1.66288e-11 11 1 0.5 11
4.1e+07 1.68897e-09 2.13025e-07 3.82788e-11 6 1 0.5 6
4.11e+07 1.62392e-09 2.07685e-07 2.70071e-11 8 1 0.5 8
4.12e+07 1.5812e-09 2.05255e-07 2.9801e-11 7 1 0.5 7
4.13e+07 1.85933e-09 2.12571e-07 3.60451e-11 7 1 0.5 7
4.14e+07 1.49728e-09 2.03581e-07 3.27226e-11 6 1 0.5 6
4.15e+07 1.81592e-09 2.04325e-07 3.41202e-11 7 1 0.5 7
4.16e+07 1.44006e-09 2.10848e-07 1.9362e-11 10 1 0.5 10
4.17e+07 1.35756e-09 2.10772e-07 2.28236e-11 8 1 0.5 8
4.18e+07 1.39893e-09 2.07258e-07 3.09935e-11 6 1 0.5 6
4.19e+07 1.46092e-09 2.08593e-07 2.43684e-11 8 1 0.5 8
4.2e+07 1.47798e-09 2.1086e-07 3.98883e-11 5 1 0.5 5
4.21e+07 1.78377e-09 2.18904e-07 2.24682e-11 11 1 0.5 11
4.22e+07 2.13886e-09 2.06204e-07 4.05194e-11 7 1 0.5 7
4.23e+07 1.68823e-09 2.04954e-07 3.71167e-11 6 1 0.5 6
4.24e+07 1.21216e-09 1.98462e-07 1.55363e-11 10 1 0.5 10
4.25e+07 1.29066e-09 2.08869e-07 1.4342e-11 12 1 0.5 12
4.26e+07 1.82293e-09 1.99934e-07 2.94444e-11 8 1 0.5 8
4.27e+07 1.60668e-09 1.99926e-07 2.96602e-11 7 1 0.5 7
4.28e+07 1.2525e-09 2.03773e-07 2.34421e-11 7 1 0.5 7
4.29e+07 1.13271e-09 1.97447e-07 2.41401e-11 6 1 0.5 6
4.3e+07 2.10578e-09 2.10042e-07 4.04716e-11 7 1 0.5 7
4.31e+07 1.40902e-09 2.07623e-07 2.67741e-11 7 1 0.5 7
4.32e+07 1.65597e-09 2.04305e-07 2.17314e-11 10 1 0.5 10
4.33e+07 1.38722e-09 1.94657e-07 3.51586e-11 5 1 0.5 5
4.34e+07 1.53227e-09 2.07604e-07 2.03564e-11 10 1 0.5 10
4.35e+07 1.47622e-09 2.07397e-07 2.17794e-11 9 1 0.5 9
4.36e+07 1.84865e-09 2.0791e-07 2.73527e-11 9 1 0.5 9
4.37e+07 1.18958e-09 2.09583e-07 1.59095e-11 10 1 0.5 10
4.38e+07 1.72373e-09 2.08234e-07 3.28633e-11 7 1 0.5 7
4.39e+07 1.50307e-09 2.056e-07 3.97727e-11 5 1 0.5 5
4.4e+07 1.38931e-09 2.1024e-07 1.86349e-11 10 1 0.5 10
4.41e+07 1.1801e-09 2.09581e-07 3.96229e-11 4 1 0.5 4
4.42e+07 1.34104e-09 2.06205e-07 2.21601e-11 8 1 0.5 8
4.43e+07 2.00434e-09 2.14241e-07 3.41978e-11 8 1 0.5 8
4.44e+07 1.5381e-09 2.13762e-07 1.22815e-11 17 1 0.5 17
4.45e+07 1.09719e-09 2.19733e-07 1.59981e-11 11 1 0.5 11
4.46e+07 1.44712e-09 2.03326e-07 2.10199e-11 9 1 0.5 9
4.47e+07 1.36363e-09 2.12702e-07 2.05162e-11 9 1 0.5 9
4.48e+07 1.66919e-09 2.01498e-07 3.6211e-11 6 1 0.5 6
4.49e+07 1.55272e-09 2.11757e-07 1.6104e-11 13 1 0.5 13
4.5e+07 1.55283e-09 2.13157e-07 2.63537e-11 8 1 0.5 8
4.51e+07 1.72186e-09 2.04546e-07 1.88376e-11 12 1 0.5 12
4.52e+07 1.0848e-09 2.10393e-07 1.32231e-11 11 1 0.5 11
4.53e+07 1.52616e-09 2.00089e-07 2.81846e-11 7 1 0.5 7
4.54e+07 1.23978e-09 2.09629e-07 1.84347e-11 9 1 0.5 9
4.55e+07 1.3284e-09 1.9885e-07 2.84869e-11 6 1 0.5 6
4.56e+07 1.48648e-09 2.06081e-07 2.4562e-11 8 1 0.5 8
4.57e+07 1.50769e-09 2.05245e-07 2.84177e-11 7 1 0.5 7
4.58e+07 1.30267e-09 2.078e-07 2.47614e-11 7 1 0.5 7
4.59e+07 1.69843e-09 2.10606e-07 3.81494e-11 6 1 0.5 6
4.6e+07 1.20174e-09 2.09912e-07 4.04048e-11 4 1 0.5 4
4.61e+07 1.93516e-09 2.04489e-07 5.55289e-11 8 1 0.5 8
4.62e+07 1.98919e-09 2.02872e-07 3.71882e-11 7 1 0.5 7
4.63e+07 1.42266e-09 2.01097e-07 3.0787e-11 6 1 0.5 6
4.64e+07 1.67847e-09 2.08865e-07 2.49136e-11 9 1 0.5 9
4.65e+07 1.38806e-09 2.10312e-07 3.73692e-11 5 1 0.5 5
4.66e+07 1.21144e-09 2.11541e-07 1.019e-11 16 1 0.5 16
4.67e+07 1.55859e-09 2.14537e-07 3.04052e-11 7 1 0.5 7
4.68e+07 1.49966e-09 2.11172e-07 2.24426e-11 9 1 0.5 9
4.69e+07 1.72189e-09 2.03545e-07 2.2534e-11 10 1 0.5 10
4.7e+07 1.41668e-09 2.1051e-07 1.90225e-11 10 1 0.5 10
4.71e+07 1.34422e-09 2.04216e-07 2.94325e-11 6 1 0.5 6
4.72e+07 1.79105e-09 2.09795e-07 3.00385e-11 8 1 0.5 8
4.73e+07 1.7948e-09 1.96558e-07 1.55966e-10 10 1 0.5 10
4.74e+07 1.47718e-09 1.99799e-07 2.38247e-11 8 1 0.5 8
4.75e+07 1.56367e-09 2.09298e-07 2.61592e-11 8 1 0.5 8
4.76e+07 1.62823e-09 2.12325e-07 2.75543e-11 8 1 0.5 8
4.77e+07 1.8106e-09 2.14998e-07 4.13553e-11 6 1 0.5 6
4.78e+07 1.57965e-09 2.08275e-07 2.3389e-11 9 1 0.5 9
4.79e+07 2.06498e-09 2.02191e-07 2.99091e-11 9 1 0.5 9
4.8e+07 1.59167e-09 2.05548e-07 3.00252e-11 7 1 0.5 7
4.81e+07 1.50689e-09 2.08617e-07 2.87505e-11 7 1 0.5 7
4.82e+07 1.29817e-09 2.08943e-07 1.57451e-11 11 1 0.5 11
4.83e+07 1.13931e-09 2.03975e-07 2.13324e-11 7 1 0.5 7
4.84e+07 1.61437e-09 2.08162e-07 1.95354e-11 11 1 0.5 11
4.85e+07 1.39714e-09 2.05822e-07 1.31523e-11 14 1 0.5 14
4.86e+07 1.61854e-09 2.09176e-07 1.54365e-11 14 1 0.5 14
4.87e+07 1.48459e-09 2.04411e-07 2.16559e-11 9 1 0.5 9
4.88e+07 1.39398e-09 1.98721e-07 1.98872e-11 9 1 0.5 9
4.89e+07 1.25564e-09 2.05301e-07 1.50195e-11 11 1 0.5 11
4.9e+07 1.72375e-09 2.02255e-07 2.80865e-11 8 1 0.5 8
4.91e+07 1.06599e-09 2.13763e-07 1.20582e-11 12 1 0.5 12
4.92e+07 1.81841e-09 2.03632e-07 4.78231e-11 5 1 0.5 5
4.93e+07 1.27179e-09 2.06788e-07 1.52994e-11 11 1 0.5 11
4.94e+07 2.01288e-09 2.0842e-07 2.6853e-11 10 1 0.5 10
4.95e+07 1.62223e-09 2.09037e-07 3.10118e-11 7 1 0.5 7
4.96e+07 1.35409e-09 2.09579e-07 1.39253e-11 13 1 0.5 13
4.97e+07 1.74337e-09 2.11025e-07 5.9043e-11 4 1 0.5 4
4.98e+07 1.10035e-09 2.047e-07 1.60535e-11 9 1 0.5 9
4.99e+07 1.48499e-09 1.98388e-07 3.82111e-11 5 1 0.5 5
5e+07 1.30413e-09 2.18059e-07 3.00633e-11 6 1 0.5 6
5.01e+07 1.93256e-09 2.06456e-07 2.32504e-11 11 1 0.5 11
5.02e+07 1.29772e-09 2.0377e-07 2.12434e-11 8 1 0.5 8
5.03e+07 1.97051e-09 2.17126e-07 4.53889e-11 6 1 0.5 6
5.04e+07 1.63964e-09 2.06921e-07 2.17318e-11 10 1 0.5 10
5.05e+07 1.20784e-09 2.0295e-07 1.75086e-11 9 1 0.5 9
5.06e+07 1.73705e-09 2.0021e-07 4.60087e-11 5 1 0.5 5
5.07e+07 1.3647e-09 2.12993e-07 2.31343e-11 8 1 0.5 8
5.08e+07 1.50182e-09 1.99509e-07 2.41963e-11 8 1 0.5 8
5.09e+07 1.19249e-09 2.14658e-07 2.32456e-11 7 1 0.5 7
5.1e+07 1.41971e-09 2.10144e-07 1.73013e-11 11 1 0.5 11
5.11e+07 1.53663e-09 2.11297e-07 2.96168e-11 7 1 0.5 7
5.12e+07 1.6518e-09 2.17259e-07 2.52906e-11 9 1 0.5 9
5.13e+07 1.93415e-09 2.11571e-07 3.35576e-11 8 1 0.5 8
5.14e+07 1.70551e-09 2.04671e-07 3.74585e-11 6 1 0.5 6
5.15e+07 2.43054e-09 2.06087e-07 8.111e-11 4 1 0.5 4
5.16e+07 1.2968e-09 1.97168e-07 2.76233e-11 6 1 0.5 6
5.17e+07 1.98274e-09 2.05188e-07 4.36789e-11 6 1 0.5 6
5.18e+07 1.78862e-09 2.00471e-07 4.64617e-11 5 1 0.5 5
5.19e+07 1.291e-09 2.01308e-07 3.35707e-11 5 1 0.5 5
5.2e+07 1.49468e-09 2.02534e-07 3.90869e-11 5 1 0.5 5
5.21e+07 9.46742e-10 2.14974e-07 1.17344e-11 11 1 0.5 11
5.22e+07 1.56852e-09 2.09308e-07 3.00104e-11 7 1 0.5 7
5.23e+07 1.29514e-09 2.07213e-07 2.14808e-11 8 1 0.5 8
5.24e+07 1.99682e-09 2.06197e-07 2.93645e-11 9 1 0.5 9
5.25e+07 1.34923e-09 2.09682e-07 2.58326e-11 7 1 0.5 7
5.26e+07 1.84722e-09 2.1442e-07 4.21078e-11 6 1 0.5 6
5.27e+07 1.28364e-09 2.0196e-07 1.38932e-11 12 1 0.5 12
5.28e+07 1.25419e-09 2.06033e-07 2.07063e-11 8 1 0.5 8
5.29e+07 1.81448e-09 2.07392e-07 6.06409e-11 4 1 0.5 4
5.3e+07 1.79428e-09 2.09641e-07 4.82737e-11 5 1 0.5 5
5.31e+07 2.10886e-09 2.01175e-07 2.73704e-11 10 1 0.5 10
5.32e+07 1.10587e-09 2.02761e-07 1.10771e-11 13 1 0.5 13
5.33e+07 1.26648e-09 2.11213e-07 2.84647e-11 6 1 0.5 6
5.34e+07 9.53028e-10 2.03068e-07 1.2428e-11 10 1 0.5 10
5.35e+07 1.40014e-09 2.01778e-07 2.27514e-11 8 1 0.5 8
5.36e+07 1.2173e-09 2.11215e-07 2.34304e-11 7 1 0.5 7
5.37e+07 1.56566e-09 1.96689e-07 2.49518e-11 8 1 0.5 8
5.38e+07 1.04086e-09 2.17024e-07 1.43039e-11 10 1 0.5 10
5.39e+07 1.4522e-09 2.05315e-07 4.80526e-11 4 1 0.5 4
5.4e+07 1.27989e-09 2.05675e-07 1.87507e-11 9 1 0.5 9
5.41e+07 1.38993e-09 2.05173e-07 1.82899e-11 10 1 0.5 10
5.42e+07 1.44322e-09 2.0334e-07 2.69829e-11 7 1 0.5 7
5.43e+07 1.44401e-09 2.09599e-07 2.7647e-11 7 1 0.5 7
5.44e+07 1.20865e-09 2.0262e-07 2.25182e-11 7 1 0.5 7
5.45e+07 1.79477e-09 2.10107e-07 3.44677e-11 7 1 0.5 7
5.46e+07 1.53621e-09 2.07317e-07 2.26611e-11 9 1 0.5 9
5.47e+07 1.96238e-09 2.0669e-07 2.16547e-11 12 1 0.5 12
5.48e+07 1.83755e-09 2.05073e-07 2.68962e-11 9 1 0.5 9
5.49e+07 1.79735e-09 2.08167e-07 2.17582e-11 11 1 0.5 11
5.5e+07 1.34992e-09 2.05404e-07 1.77775e-11 10 1 0.5 10
5.51e+07 1.63645e-09 2.14857e-07 1.86062e-11 12 1 0.5 12
5.52e+07 1.91252e-09 2.00125e-07 2.47103e-11 10 1 0.5 10
5.53e+07 1.07091e-09 2.17822e-07 2.111e-11 7 1 0.5 7
5.54e+07 1.47166e-09 2.05211e-07 2.42356e-11 8 1 0.5 8
5.55e+07 1.72543e-09 1.996e-07 2.47203e-11 9 1 0.5 9
5.56e+07 1.8315e-09 1.98534e-07 2.94222e-11 8 1 0.5 8
5.57e+07 1.53093e-09 2.04565e-07 3.35888e-11 6 1 0.5 6
5.58e+07 1.59391e-09 2.1913e-07 2.21011e-11 10 1 0.5 10
5.59e+07 1.38969e-09 2.08325e-07 1.42251e-11 13 1 0.5 13
5.6e+07 1.50424e-09 1.99486e-07 2.77128e-11 7 1 0.5 7
5.61e+07 1.23104e-09 2.13211e-07 2.08772e-11 8 1 0.5 8
5.62e+07 1.50407e-09 2.07158e-07 2.85388e-11 7 1 0.5 7
5.63e+07 1.95421e-09 2.03572e-07 6.44147e-11 4 1 0.5 4
5.64e+07 1.34004e-09 2.00352e-07 2.16512e-11 8 1 0.5 8
5.65e+07 1.86704e-09 2.0868e-07 4.16609e-11 6 1 0.5 6
5.66e+07 1.44224e-09 2.0132e-07 3.12398e-11 6 1 0.5 6
5.67e+07 1.55799e-09 2.04269e-07 3.41471e-11 6 1 0.5 6
5.68e+07 1.70708e-09 2.04569e-07 2.03811e-11 11 1 0.5 11
5.69e+07 1.67434e-09 2.03675e-07 2.43666e-11 9 1 0.5 9
5.7e+07 1.31046e-09 2.05408e-07 1.72565e-11 10 1 0.5 10
5.71e+07 1.80609e-09 2.06253e-07 2.38863e-11 10 1 0.5 10
5.72e+07 7.81271e-10 2.10734e-07 1.49896e-11 7 1 0.5 7
5.73e+07 9.68089e-10 2.15774e-07 1.4716e-11 9 1 0.5 9
5.74e+07 1.38382e-09 2.05043e-07 1.39896e-11 13 1 0.5 13
5.75e+07 1.68378e-09 2.09735e-07 2.50746e-11 9 1 0.5 9
5.76e+07 1.42718e-09 2.05522e-07 3.14151e-11 6 1 0.5 6
5.77e+07 1.01608e-09 2.00388e-07 1.09252e-11 12 1 0.5 12
5.78e+07 1.97555e-09 2.04426e-07 5.21513e-11 5 1 0.5 5
5.79e+07 1.60905e-09 2.04534e-07 2.1132e-11 10 1 0.5 10
5.8e+07 9.42254e-10 2.13592e-07 1.4208e-11 9 1 0.5 9
5.81e+07 1.81093e-09 2.05066e-07 2.65041e-11 9 1 0.5 9
5.82e+07 1.48196e-09 2.02565e-07 3.87567e-11 5 1 0.5 5
5.83e+07 1.67771e-09 2.06047e-07 2.46381e-11 9 1 0.5 9
5.84e+07 1.57079e-09 2.05911e-07 2.96704e-11 7 1 0.5 7
5.85e+07 1.49927e-09 2.1044e-07 2.23755e-11 9 1 0.5 9
5.86e+07 1.95631e-09 2.11063e-07 1.75432e-11 15 1 0.5 15
5.87e+07 1.3263e-09 1.97833e-07 1.41273e-11 12 1 0.5 12
5.88e+07 1.14587e-09 2.06757e-07 1.89644e-11 8 1 0.5 8
5.89e+07 1.10936e-09 2.23184e-07 2.22971e-11 7 1 0.5 7
5.9e+07 1.64751e-09 2.04485e-07 3.61513e-11 6 1 0.5 6
5.91e+07 1.45633e-09 2.17676e-07 5.57389e-11 8 1 0.5 8
5.92e+07 1.41344e-09 2.11615e-07 1.90573e-11 10 1 0.5 10
5.93e+07 1.47598e-09 2.08708e-07 6.52821e-11 5 1 0.5 5
5.94e+07 1.85505e-09 2.10286e-07 4.16421e-11 6 1 0.5 6
5.95e+07 1.48262e-09 1.95951e-07 3.14514e-11 6 1 0.5 6
5.96e+07 1.45974e-09 2.08016e-07 1.94199e-11 10 1 0.5 10
5.97e+07 1.78458e-09 2.07885e-07 2.63979e-11 9 1 0.5 9
5.98e+07 1.45732e-09 2.10808e-07 2.45109e-11 8 1 0.5 8
5.99e+07 2.04169e-09 2.1253e-07 3.46184e-11 8 1 0.5 8
6e+07 1.4116e-09 2.07954e-07 1.8773e-11 10 1 0.5 10
6.01e+07 1.29278e-09 2.07087e-07 1.55702e-11 11 1 0.5 11
6.02e+07 1.38843e-09 2.03348e-07 3.03044e-11 6 1 0.5 6
6.03e+07 1.59102e-09 2.04516e-07 2.08929e-11 10 1 0.5 10
6.04e+07 1.20517e-09 2.15608e-07 1.83201e-11 9 1 0.5 9
6.05e+07 1.78235e-09 2.0466e-07 3.91559e-11 6 1 0.5 6
6.06e+07 1.26632e-09 2.13685e-07 1.71994e-11 10 1 0.5 10
6.07e+07 1.78619e-09 2.09225e-07 2.98925e-11 8 1 0.5 8
6.08e+07 1.442e-09 2.17878e-07 4.39002e-11 11 1 0.5 11
6.09e+07 1.21065e-09 2.03361e-07 1.97822e-11 8 1 0.5 8
6.1e+07 1.65312e-09 2.10617e-07 2.01912e-11 11 1 0.5 11
6.11e+07 1.78919e-09 2.03496e-07 3.91319e-11 6 1 0.5 6
6.12e+07 1.86728e-09 2.03767e-07 3.06151e-11 8 1 0.5 8
6.13e+07 1.91929e-09 2.04911e-07 3.61555e-11 7 1 0.5 7
6.14e+07 1.37601e-09 1.97859e-07 1.95638e-11 9 1 0.5 9
6.15e+07 1.61503e-09 2.13491e-07 3.66558e-11 6 1 0.5 6
6.16e+07 2.01244e-09 2.03525e-07 4.40562e-11 6 1 0.5 6
6.17e+07 1.46868e-09 2.05573e-07 2.76968e-11 7 1 0.5 7
6.18e+07 1.32911e-09 2.08319e-07 1.96703e-11 9 1 0.5 9
6.19e+07 1.14841e-09 2.0427e-07 1.25373e-11 12 1 0.5 12
6.2e+07 1.02592e-09 2.08144e-07 1.70627e-11 8 1 0.5 8
6.21e+07 1.58037e-09 2.09143e-07 2.11199e-11 10 1 0.5 10
6.22e+07 1.07854e-09 2.03365e-07 1.00531e-11 14 1 0.5 14
6.23e+07 1.45487e-09 2.15491e-07 2.48976e-11 8 1 0.5 8
6.24e+07 1.90855e-09 2.08284e-07 2.54421e-11 10 1 0.5 10
6.25e+07 1.51709e-09 2.08752e-07 2.89608e-11 7 1 0.5 7
6.26e+07 1.9073e-09 2.04829e-07 2.78959e-11 9 1 0.5 9
6.27e+07 1.19606e-09 2.01953e-07 1.72708e-11 9 1 0.5 9
6.28e+07 1.2198e-09 2.17836e-07 2.40582e-11 7 1 0.5 7
6.29e+07 1.84247e-09 2.0088e-07 3.41648e-11 7 1 0.5 7
6.3e+07 1.99023e-09 1.96769e-07 3.63322e-11 7 1 0.5 7
6.31e+07 1.63124e-09 2.06343e-07 3.08688e-11 7 1 0.5 7
6.32e+07 1.41e-09 2.10591e-07 1.89382e-11 10 1 0.5 10
6.33e+07 1.21621e-09 2.09265e-07 2.32393e-11 7 1 0.5 7
6.34e+07 1.27751e-09 2.00817e-07 2.76009e-11 6 1 0.5 6
6.35e+07 1.45401e-09 1.97119e-07 2.06166e-11 9 1 0.5 9
6.36e+07 1.35633e-09 2.06711e-07 1.99528e-11 9 1 0.5 9
6.37e+07 1.44361e-09 2.20015e-07 2.23131e-11 9 1 0.5 9
6.38e+07 1.92747e-09 2.07349e-07 3.6649e-11 7 1 0.5 7
6.39e+07 1.37935e-09 2.09905e-07 2.71977e-11 13 1 0.5 13
6.4e+07 1.22495e-09 2.00929e-07 1.44074e-11 11 1 0.5 11
6.41e+07 1.84004e-09 1.9697e-07 2.93789e-11 8 1 0.5 8
6.42e+07 1.69921e-09 2.11974e-07 2.5518e-11 9 1 0.5 9
6.43e+07 1.66413e-09 2.0094e-07 1.53811e-11 14 1 0.5 14
6.44e+07 1.80576e-09 2.10674e-07 3.03864e-11 8 1 0.5 8
6.45e+07 1.36314e-09 2.145e-07 2.65716e-11 7 1 0.5 7
6.46e+07 1.34942e-09 2.14749e-07 2.04558e-11 9 1 0.5 9
6.47e+07 1.42094e-09 2.08337e-07 3.79777e-11 5 1 0.5 5
6.48e+07 1.47858e-09 2.06087e-07 3.26227e-11 6 1 0.5 6
6.49e+07 1.12012e-09 2.01615e-07 2.42614e-11 6 1 0.5 6
6.5e+07 1.16285e-09 2.08233e-07 2.21299e-11 7 1 0.5 7
6.51e+07 1.61367e-09 2.11722e-07 3.1159e-11 7 1 0.5 7
6.52e+07 1.73859e-09 2.05179e-07 3.82643e-11 6 1 0.5 6
6.53e+07 1.63819e-09 2.08675e-07 3.12758e-11 7 1 0.5 7
6.54e+07 1.83757e-09 2.04292e-07 2.19217e-11 11 1 0.5 11
6.55e+07 1.38272e-09 2.01655e-07 3.60188e-11 5 1 0.5 5
6.56e+07 1.63279e-09 2.02151e-07 2.12495e-11 10 1 0.5 10
6.57e+07 1.77378e-09 2.08148e-07 3.38122e-11 7 1 0.5 7
6.58e+07 1.47192e-09 2.05529e-07 3.2406e-11 6 1 0.5 6
6.59e+07 1.68463e-09 2.08358e-07 2.49577e-11 9 1 0.5 9
6.6e+07 1.36e-09 2.09352e-07 2.02073e-11 9 1 0.5 9
6.61e+07 1.39311e-09 1.99524e-07 2.99604e-11 6 1 0.5 6
6.62e+07 1.75742e-09 2.16658e-07 4.03777e-11 6 1 0.5 6
6.63e+07 1.16502e-09 2.04752e-07 2.18804e-11 7 1 0.5 7
6.64e+07 1.23e-09 2.03034e-07 2.67985e-11 6 1 0.5 6
6.65e+07 2.01482e-09 2.11079e-07 5.45555e-11 5 1 0.5 5
6.66e+07 1.60452e-09 2.05625e-07 5.32011e-11 4 1 0.5 4
6.67e+07 1.36735e-09 1.97519e-07 2.18509e-11 8 1 0.5 8
6.68e+07 1.91657e-09 2.09676e-07 4.2935e-11 6 1 0.5 6
6.69e+07 1.86568e-09 2.07268e-07 2.75388e-11 9 1 0.5 9
6.7e+07 1.67763e-09 2.00746e-07 3.6289e-11 6 1 0.5 6
6.71e+07 1.58073e-09 2.08972e-07 2.11112e-11 10 1 0.5 10
6.72e+07 1.55274e-09 2.06533e-07 4.12421e-11 5 1 0.5 5
6.73e+07 1.79857e-09 2.17519e-07 4.9823e-11 5 1 0.5 5
6.74e+07 1.3569e-09 2.12006e-07 6.15266e-11 3 1 0.5 3
6.75e+07 1.41193e-09 2.0749e-07 2.34502e-11 8 1 0.5 8
6.76e+07 1.23497e-09 2.14308e-07 1.40023e-11 12 1 0.5 12
6.77e+07 1.69039e-09 2.04299e-07 5.57919e-11 4 1 0.5 4
6.78e+07 1.2323e-09 2.05708e-07 2.03186e-11 8 1 0.5 8
6.79e+07 1.40059e-09 2.01203e-07 2.59676e-11 7 1 0.5 7
6.8e+07 8.56903e-10 2.05774e-07 1.41177e-11 8 1 0.5 8
6.81e+07 1.13597e-09 2.06351e-07 2.1463e-11 7 1 0.5 7
6.82e+07 1.78313e-09 2.133e-07 4.04689e-11 6 1 0.5 6
6.83e+07 1.47051e-09 2.14621e-07 2.5086e-11 8 1 0.5 8
6.84e+07 1.40869e-09 2.08351e-07 2.08547e-11 9 1 0.5 9
6.85e+07 1.25582e-09 2.07611e-07 1.18997e-11 14 1 0.5 14
6.86e+07 1.65328e-09 2.12781e-07 3.2054e-11 7 1 0.5 7
6.87e+07 1.24883e-09 2.07302e-07 1.18195e-11 14 1 0.5 14
6.88e+07 1.55633e-09 2.08552e-07 1.88585e-11 11 1 0.5 11
6.89e+07 1.33387e-09 1.95476e-07 2.11429e-11 8 1 0.5 8
6.9e+07 2.02224e-09 2.20624e-07 4.71859e-11 6 1 0.5 6
6.91e+07 1.76104e-09 2.04609e-07 3.31192e-11 7 1 0.5 7
6.92e+07 1.69145e-09 2.13693e-07 2.87747e-11 8 1 0.5 8
6.93e+07 1.66462e-09 2.10708e-07 2.48785e-11 9 1 0.5 9
6.94e+07 9.12648e-10 1.99995e-07 2.35724e-11 5 1 0.5 5
6.95e+07 1.45828e-09 2.10541e-07 2.17697e-11 9 1 0.5 9
6.96e+07 2.05842e-09 2.13995e-07 3.11735e-11 9 1 0.5 9
6.97e+07 1.68985e-09 1.98763e-07 2.71605e-11 8 1 0.5 8
6.98e+07 1.38123e-09 2.09323e-07 3.70466e-11 5 1 0.5 5
6.99e+07 1.68813e-09 2.11221e-07 3.80038e-11 6 1 0.5 6
7e+07 1.75092e-09 2.09294e-07 4.70362e-11 5 1 0.5 5
7.01e+07 8.23825e-10 2.14121e-07 1.40019e-11 8 1 0.5 8
7.02e+07 1.59904e-09 2.16235e-07 2.7451e-11 8 1 0.5 8
7.03e+07 1.28657e-09 2.08547e-07 1.71436e-11 10 1 0.5 10
7.04e+07 1.17124e-09 2.09475e-07 2.23944e-11 7 1 0.5 7
7.05e+07 1.90731e-09 2.10563e-07 2.13542e-11 12 1 0.5 12
7.06e+07 2.13412e-09 2.12505e-07 2.06256e-11 14 1 0.5 14
7.07e+07 1.68493e-09 2.10189e-07 2.26111e-11 10 1 0.5 10
7.08e+07 1.85523e-09 2.00315e-07 2.66625e-11 9 1 0.5 9
7.09e+07 1.2824e-09 2.11522e-07 2.4717e-11 7 1 0.5 7
7.1e+07 1.40197e-09 1.98696e-07 1.99996e-11 9 1 0.5 9
7.11e+07 1.60212e-09 2.05494e-07 2.64222e-11 8 1 0.5 8
7.12e+07 1.51095e-09 2.10161e-07 3.38576e-11 6 1 0.5 6
7.13e+07 1.38348e-09 2.06235e-07 2.03168e-11 9 1 0.5 9
7.14e+07 1.44067e-09 2.18958e-07 1.99567e-11 10 1 0.5 10
7.15e+07 1.30106e-09 2.08507e-07 1.92673e-11 9 1 0.5 9
7.16e+07 1.68974e-09 2.08491e-07 2.81927e-11 8 1 0.5 8
7.17e+07 1.75692e-09 2.12573e-07 2.97704e-11 8 1 0.5 8
7.18e+07 1.06831e-09 2.17894e-07 1.22687e-11 12 1 0.5 12
7.19e+07 2.04682e-09 2.14979e-07 2.79837e-11 10 1 0.5 10
7.2e+07 1.54698e-09 2.10875e-07 2.60321e-11 8 1 0.5 8
7.21e+07 1.77179e-09 2.04484e-07 3.33066e-11 7 1 0.5 7
7.22e+07 1.62378e-09 1.95837e-07 2.57952e-11 8 1 0.5 8
7.23e+07 1.83404e-09 2.14449e-07 5.02445e-11 5 1 0.5 5
7.24e+07 1.62274e-09 2.02794e-07 1.92393e-11 11 1 0.5 11
7.25e+07 1.37485e-09 2.1111e-07 2.64662e-11 7 1 0.5 7
7.26e+07 1.8005e-09 2.14837e-07 2.73341e-11 9 1 0.5 9
7.27e+07 1.92548e-09 1.97312e-07 1.02899e-10 5 1 0.5 5
7.28e+07 2.0164e-09 2.00627e-07 3.73737e-11 7 1 0.5 7
7.29e+07 2.23035e-09 2.14163e-07 3.04143e-11 10 1 0.5 10
7.3e+07 1.19801e-09 2.16548e-07 2.05659e-11 8 1 0.5 8
7.31e+07 1.68114e-09 2.10608e-07 2.82723e-11 8 1 0.5 8
7.32e+07 1.81026e-09 1.98357e-07 3.88135e-11 6 1 0.5 6
7.33e+07 1.33493e-09 2.01785e-07 3.47839e-11 5 1 0.5 5
7.34e+07 1.58702e-09 2.06486e-07 2.33399e-11 9 1 0.5 9
7.35e+07 1.45895e-09 2.06799e-07 2.76409e-11 7 1 0.5 7
7.36e+07 1.65853e-09 2.08027e-07 4.43235e-11 5 1 0.5 5
7.37e+07 1.5215e-09 2.06543e-07 3.36333e-11 6 1 0.5 6
7.38e+07 1.45321e-09 2.01993e-07 2.703e-11 7 1 0.5 7
7.39e+07 9.76268e-10 2.10527e-07 1.63803e-11 8 1 0.5 8
7.4e+07 9.8613e-10 2.11353e-07 1.89763e-11 7 1 0.5 7
7.41e+07 1.45176e-09 1.99593e-07 2.67527e-11 7 1 0.5 7
7.42e+07 1.56345e-09 2.03672e-07 1.476e-11 15 1 0.5 15
7.43e+07 1.80217e-09 2.05854e-07 3.97751e-11 6 1 0.5 6
7.44e+07 1.46204e-09 2.1045e-07 1.96292e-11 10 1 0.5 10
7.45e+07 1.75338e-09 2.0256e-07 3.82057e-11 6 1 0.5 6
7.46e+07 1.36106e-09 2.05161e-07 2.99108e-11 6 1 0.5 6
7.47e+07 1.17004e-09 2.06147e-07 1.71675e-11 9 1 0.5 9
7.48e+07 1.94683e-09 2.14669e-07 2.95486e-11 9 1 0.5 9
7.49e+07 1.23654e-09 2.07084e-07 1.63844e-11 10 1 0.5 10
7.5e+07 1.43557e-09 2.08736e-07 2.73958e-11 7 1 0.5 7
7.51e+07 1.44443e-09 2.00934e-07 2.33974e-11 8 1 0.5 8
7.52e+07 1.64674e-09 2.05994e-07 3.11223e-11 7 1 0.5 7
7.53e+07 1.36256e-09 2.12041e-07 3.07301e-11 6 1 0.5 6
7.54e+07 1.78595e-09 2.16227e-07 3.06755e-11 8 1 0.5 8
7.55e+07 1.33221e-09 2.15136e-07 2.60269e-11 7 1 0.5 7
7.56e+07 1.65552e-09 2.04811e-07 1.97817e-11 11 1 0.5 11
7.57e+07 2.021e-09 2.00867e-07 2.9119e-11 9 1 0.5 9
7.58e+07 1.35859e-09 2.19199e-07 2.69409e-11 7 1 0.5 7
7.59e+07 1.19908e-09 2.06093e-07 2.6429e-11 6 1 0.5 6
7.6e+07 1.41512e-09 2.1363e-07 2.40491e-11 8 1 0.5 8
7.61e+07 1.32812e-09 2.09744e-07 1.9761e-11 9 1 0.5 9
7.62e+07 1.46949e-09 1.98366e-07 2.35679e-11 8 1 0.5 8
7.63e+07 1.68799e-09 1.95941e-07 3.58329e-11 6 1 0.5 6
7.64e+07 1.46056e-09 2.11575e-07 1.7896e-11 11 1 0.5 11
7.65e+07 1.41532e-09 2.01326e-07 1.83518e-11 10 1 0.5 10
7.66e+07 2.06922e-09 2.05922e-07 5.49606e-11 5 1 0.5 5
7.67e+07 1.80068e-09 2.04866e-07 2.63332e-11 9 1 0.5 9
7.68e+07 1.47563e-09 2.08261e-07 2.81136e-11 7 1 0.5 7
7.69e+07 1.5965e-09 1.9812e-07 4.10572e-11 5 1 0.5 5
7.7e+07 1.19218e-09 2.04567e-07 1.9571e-11 8 1 0.5 8
7.71e+07 2.06574e-09 1.97019e-07 3.3009e-11 8 1 0.5 8
7.72e+07 1.19549e-09 2.15895e-07 1.63672e-11 10 1 0.5 10
7.73e+07 1.2311e-09 1.99871e-07 2.64963e-11 6 1 0.5 6
7.74e+07 1.36066e-09 2.0009e-07 2.51153e-11 7 1 0.5 7
7.75e+07 1.24129e-09 2.03018e-07 2.31642e-11 7 1 0.5 7
7.76e+07 1.59174e-09 2.10306e-07 2.13654e-11 10 1 0.5 10
7.77e+07 1.72127e-09 2.06664e-07 2.27956e-11 10 1 0.5 10
7.78e+07 1.46247e-09 2.10537e-07 3.28113e-11 6 1 0.5 6
7.79e+07 1.24051e-09 2.10043e-07 2.07919e-11 8 1 0.5 8
7.8e+07 2.01843e-09 2.01163e-07 3.74896e-11 7 1 0.5 7
7.81e+07 1.57887e-09 2.07299e-07 4.93297e-11 5 1 0.5 5
7.82e+07 1.95689e-09 2.0623e-07 4.32771e-11 6 1 0.5 6
7.83e+07 1.42656e-09 2.01934e-07 1.68508e-11 11 1 0.5 11
7.84e+07 1.5948e-09 2.02349e-07 2.59856e-11 8 1 0.5 8
7.85e+07 1.35378e-09 2.09006e-07 3.01866e-11 6 1 0.5 6
7.86e+07 1.61309e-09 2.03269e-07 2.10828e-11 10 1 0.5 10
7.87e+07 2.03406e-09 2.17864e-07 7.07716e-11 4 1 0.5 4
7.88e+07 1.17757e-09 2.06732e-07 1.73167e-11 9 1 0.5 9
7.89e+07 1.52559e-09 2.00052e-07 3.2893e-11 6 1 0.5 6
7.9e+07 1.31026e-09 2.04532e-07 1.71963e-11 10 1 0.5 10
7.91e+07 1.4964e-09 2.12244e-07 1.68458e-11 12 1 0.5 12
7.92e+07 1.82954e-09 2.07861e-07 2.70635e-11 9 1 0.5 9
7.93e+07 1.85825e-09 2.03676e-07 3.48333e-11 7 1 0.5 7
7.94e+07 1.13137e-09 2.06531e-07 2.49716e-11 6 1 0.5 6
7.95e+07 1.5103e-09 2.02622e-07 2.81653e-11 7 1 0.5 7
7.96e+07 1.15152e-09 1.99799e-07 1.05877e-11 14 1 0.5 14
7.97e+07 1.32244e-09 2.02992e-07 2.15849e-11 8 1 0.5 8
7.98e+07 2.23324e-09 2.04241e-07 5.89799e-11 5 1 0.5 5
7.99e+07 1.35489e-09 2.00914e-07 1.75378e-11 10 1 0.5 10
8e+07 1.3048e-09 2.15318e-07 2.23055e-11 8 1 0.5 8
8.01e+07 2.0954e-09 2.10009e-07 3.65793e-11 11 1 0.5 11
8.02e+07 1.48976e-09 2.01239e-07 1.48446e-11 13 1 0.5 13
8.03e+07 1.27939e-09 2.15946e-07 1.45948e-11 12 1 0.5 12
8.04e+07 1.42238e-09 2.04368e-07 2.0742e-11 9 1 0.5 9
8.05e+07 1.74996e-09 2.02565e-07 2.07347e-11 11 1 0.5 11
8.06e+07 1.33507e-09 2.04573e-07 3.51624e-11 5 1 0.5 5
8.07e+07 1.73229e-09 2.12529e-07 2.60707e-11 9 1 0.5 9
8.08e+07 2.12115e-09 2.00682e-07 2.49688e-11 11 1 0.5 11
8.09e+07 1.71349e-09 2.11519e-07 2.56897e-11 9 1 0.5 9
8.1e+07 1.54879e-09 2.00362e-07 2.00133e-11 10 1 0.5 10
8.11e+07 2.00675e-09 2.02013e-07 5.24915e-11 5 1 0.5 5
8.12e+07 1.62902e-09 2.16727e-07 3.20433e-11 7 1 0.5 7
8.13e+07 1.36101e-09 2.05875e-07 2.56871e-11 7 1 0.5 7
8.14e+07 1.44173e-09 1.9631e-07 1.83323e-11 10 1 0.5 10
8.15e+07 1.2341e-09 2.05711e-07 2.71647e-11 6 1 0.5 6
8.16e+07 1.44379e-09 2.00329e-07 1.43348e-11 13 1 0.5 13
8.17e+07 1.72632e-09 2.05292e-07 3.80088e-11 6 1 0.5 6
8.18e+07 1.9284e-09 2.08492e-07 3.68257e-11 7 1 0.5 7
8.19e+07 1.5147e-09 2.05394e-07 3.3336e-11 6 1 0.5 6
8.2e+07 1.83459e-09 2.0457e-07 4.02975e-11 6 1 0.5 6
8.21e+07 1.69924e-09 2.22324e-07 2.38403e-11 10 1 0.5 10
8.22e+07 1.68105e-09 1.97044e-07 3.07472e-11 7 1 0.5 7
8.23e+07 1.39384e-09 2.04871e-07 2.03633e-11 9 1 0.5 9
8.24e+07 1.76394e-09 2.11311e-07 5.98107e-11 4 1 0.5 4
8.25e+07 1.25999e-09 1.99246e-07 3.24984e-11 5 1 0.5 5
8.26e+07 1.57616e-09 2.08649e-07 3.51276e-11 6 1 0.5 6
8.27e+07 1.17486e-09 1.97436e-07 2.14495e-11 7 1 0.5 7
8.28e+07 1.812e-09 1.97797e-07 3.87656e-11 6 1 0.5 6
8.29e+07 1.87289e-09 2.00538e-07 3.03268e-11 8 1 0.5 8
8.3e+07 2.12142e-09 1.99914e-07 4.58148e-11 6 1 0.5 6
8.31e+07 1.31901e-09 2.08068e-07 2.93036e-11 6 1 0.5 6
8.32e+07 1.60423e-09 2.11087e-07 2.15966e-11 10 1 0.5 10
8.33e+07 2.19546e-09 2.156e-07 4.30884e-11 7 1 0.5 7
8.34e+07 1.61726e-09 2.01721e-07 2.62894e-11 8 1 0.5 8
8.35e+07 1.55524e-09 2.06877e-07 3.44271e-11 6 1 0.5 6
8.36e+07 1.40564e-09 2.04488e-07 2.05065e-11 9 1 0.5 9
8.37e+07 1.18394e-09 2.00629e-07 1.53024e-11 10 1 0.5 10
8.38e+07 1.2436e-09 2.10988e-07 1.67218e-11 10 1 0.5 10
8.39e+07 1.94781e-09 2.09424e-07 2.60795e-11 10 1 0.5 10
8.4e+07 1.47787e-09 2.10972e-07 2.84444e-11 7 1 0.5 7
8.41e+07 1.44428e-09 1.97598e-07 2.64071e-11 7 1 0.5 7
8.42e+07 1.71952e-09 1.99079e-07 3.16499e-11 7 1 0.5 7
8.43e+07 1.74709e-09 2.07436e-07 2.5797e-11 9 1 0.5 9
8.44e+07 1.43012e-09 2.02379e-07 2.32944e-11 8 1 0.5 8
8.45e+07 2.32947e-09 2.02055e-07 4.34593e-11 7 1 0.5 7
8.46e+07 1.50456e-09 2.13122e-07 2.04039e-11 10 1 0.5 10
8.47e+07 1.56332e-09 2.04394e-07 2.28074e-11 9 1 0.5 9
8.48e+07 1.39146e-09 2.13405e-07 2.36258e-11 8 1 0.5 8
8.49e+07 1.72869e-09 2.1033e-07 3.87933e-11 6 1 0.5 6
8.5e+07 2.23203e-09 2.06969e-07 2.96283e-11 10 1 0.5 10
8.51e+07 1.12622e-09 2.11244e-07 1.8955e-11 8 1 0.5 8
8.52e+07 2.11292e-09 1.9664e-07 3.99423e-11 7 1 0.5 7
8.53e+07 1.61717e-09 2.08962e-07 4.33627e-11 5 1 0.5 5
8.54e+07 2.1069e-09 2.01792e-07 4.58325e-11 6 1 0.5 6
8.55e+07 1.99019e-09 2.11738e-07 3.8479e-11 7 1 0.5 7
8.56e+07 1.70145e-09 2.08063e-07 2.83431e-11 8 1 0.5 8
8.57e+07 1.86348e-09 2.02438e-07 4.06021e-11 6 1 0.5 6
8.58e+07 1.4507e-09 2.13205e-07 2.46175e-11 8 1 0.5 8
8.59e+07 1.63236e-09 2.03601e-07 2.67289e-11 8 1 0.5 8
8.6e+07 1.63964e-09 1.9588e-07 2.97947e-11 7 1 0.5 7
8.61e+07 1.29983e-09 2.08369e-07 2.47602e-11 7 1 0.5 7
8.62e+07 2.04789e-09 2.04299e-07 5.4052e-11 5 1 0.5 5
8.63e+07 1.79942e-09 2.08388e-07 3.00203e-11 8 1 0.5 8
8.64e+07 1.2753e-09 2.07757e-07 2.82947e-11 6 1 0.5 6
8.65e+07 1.71626e-09 2.13672e-07 2.12046e-11 11 1 0.5 11
8.66e+07 1.80155e-09 2.01934e-07 2.34347e-11 10 1 0.5 10
8.67e+07 1.7401e-09 1.93677e-07 3.66151e-11 6 1 0.5 6
8.68e+07 1.71151e-09 2.116e-07 2.88924e-11 8 1 0.5 8
8.69e+07 1.71553e-09 2.08522e-07 2.54332e-11 9 1 0.5 9
8.7e+07 1.63554e-09 2.00108e-07 4.23968e-11 5 1 0.5 5
8.71e+07 1.50457e-09 2.101e-07 3.37061e-11 6 1 0.5 6
8.72e+07 1.39412e-09 2.0493e-07 2.62202e-11 7 1 0.5 7
8.73e+07 1.32728e-09 2.08831e-07 2.95732e-11 6 1 0.5 6
8.74e+07 1.1056e-09 2.10156e-07 2.11887e-11 7 1 0.5 7
8.75e+07 1.2455e-09 2.10148e-07 2.84032e-11 6 1 0.5 6
8.76e+07 1.43706e-09 2.03344e-07 1.56413e-11 12 1 0.5 12
8.77e+07 1.05765e-09 2.08119e-07 2.34786e-11 6 1 0.5 6
8.78e+07 1.30823e-09 2.05727e-07 1.91711e-11 9 1 0.5 9
8.79e+07 1.80114e-09 2.07775e-07 4.00433e-11 6 1 0.5 6
8.8e+07 1.7648e-09 2.19133e-07 4.22296e-11 6 1 0.5 6
8.81e+07 1.46335e-09 2.12849e-07 1.98231e-11 10 1 0.5 10
8.82e+07 1.36982e-09 2.10228e-07 2.29836e-11 8 1 0.5 8
8.83e+07 1.1194e-09 2.00658e-07 1.60801e-11 9 1 0.5 9
8.84e+07 1.4801e-09 2.02504e-07 2.75868e-11 7 1 0.5 7
8.85e+07 1.34246e-09 2.05408e-07 2.95278e-11 6 1 0.5 6
8.86e+07 1.53131e-09 2.01044e-07 2.83852e-11 7 1 0.5 7
8.87e+07 1.3531e-09 2.09262e-07 2.58662e-11 7 1 0.5 7
8.88e+07 1.75932e-09 2.00933e-07 5.7339e-11 4 1 0.5 4
8.89e+07 1.20736e-09 2.01965e-07 1.96226e-11 8 1 0.5 8
8.9e+07 1.59285e-09 2.11589e-07 3.5895e-11 6 1 0.5 6
8.91e+07 1.31356e-09 2.15161e-07 1.63047e-11 11 1 0.5 11
8.92e+07 1.14155e-09 2.06195e-07 1.67513e-11 9 1 0.5 9
8.93e+07 1.58514e-09 2.11573e-07 2.67467e-11 8 1 0.5 8
8.94e+07 1.95216e-09 2.08057e-07 2.36307e-11 11 1 0.5 11
8.95e+07 1.10243e-09 2.03347e-07 1.80075e-11 8 1 0.5 8
8.96e+07 1.49981e-09 2.14835e-07 2.56081e-11 8 1 0.5 8
8.97e+07 1.61704e-09 2.06215e-07 3.57135e-11 6 1 0.5 6
8.98e+07 1.72992e-09 1.9899e-07 3.7172e-11 6 1 0.5 6
8.99e+07 1.21611e-09 2.03978e-07 1.59236e-11 10 1 0.5 10
9e+07 1.18913e-09 2.05479e-07 1.30429e-11 12 1 0.5 12
9.01e+07 1.63006e-09 2.07558e-07 2.40731e-11 9 1 0.5 9
9.02e+07 1.32184e-09 2.0672e-07 2.92174e-11 6 1 0.5 6
9.03e+07 1.6144e-09 2.08509e-07 3.59674e-11 6 1 0.5 6
9.04e+07 1.48766e-09 2.01599e-07 3.8762e-11 5 1 0.5 5
9.05e+07 1.40251e-09 2.20256e-07 2.79226e-11 7 1 0.5 7
9.06e+07 1.77837e-09 2.01253e-07 2.30712e-11 10 1 0.5 10
9.07e+07 1.46774e-09 2.03623e-07 2.13448e-11 9 1 0.5 9
9.08e+07 1.73304e-09 1.99036e-07 1.85606e-11 12 1 0.5 12
9.09e+07 1.50302e-09 2.06924e-07 3.32705e-11 6 1 0.5 6
9.1e+07 1.31531e-09 2.06601e-07 1.93393e-11 9 1 0.5 9
9.11e+07 1.61614e-09 2.10087e-07 2.71212e-11 8 1 0.5 8
9.12e+07 1.4907e-09 2.11243e-07 3.35366e-11 6 1 0.5 6
9.13e+07 2.0488e-09 2.10001e-07 6.92425e-11 4 1 0.5 4
9.14e+07 2.03491e-09 2.08025e-07 2.71078e-11 10 1 0.5 10
9.15e+07 1.6948e-09 1.96974e-07 2.70497e-11 8 1 0.5 8
9.16e+07 1.61792e-09 2.09612e-07 2.40787e-11 9 1 0.5 9
9.17e+07 1.62016e-09 1.97146e-07 2.58708e-11 8 1 0.5 8
9.18e+07 1.76852e-09 2.19231e-07 6.17428e-11 4 1 0.5 4
9.19e+07 1.58353e-09 2.11887e-07 1.78059e-11 12 1 0.5 12
9.2e+07 1.24752e-09 2.00776e-07 2.01845e-11 8 1 0.5 8
9.21e+07 1.56037e-09 2.0021e-07 3.3668e-11 6 1 0.5 6
9.22e+07 1.4228e-09 2.126e-07 3.21628e-11 6 1 0.5 6
9.23e+07 1.34323e-09 2.10862e-07 1.64106e-11 11 1 0.5 11
9.24e+07 1.17464e-09 1.98805e-07 1.88562e-11 8 1 0.5 8
9.25e+07 2.099e-09 2.01514e-07 3.41383e-11 8 1 0.5 8
9.26e+07 1.11819e-09 2.07893e-07 1.85845e-11 8 1 0.5 8
9.27e+07 1.77234e-09 2.12175e-07 2.39658e-11 10 1 0.5 10
9.28e+07 1.54281e-09 2.02787e-07 2.87927e-11 7 1 0.5 7
9.29e+07 1.17918e-09 2.00111e-07 1.521e-11 10 1 0.5 10
9.3e+07 1.69363e-09 1.97114e-07 3.09313e-11 7 1 0.5 7
9.31e+07 1.59973e-09 2.07546e-07 3.55077e-11 6 1 0.5 6
9.32e+07 1.74079e-09 2.01093e-07 1.50249e-11 15 1 0.5 15
9.33e+07 9.46407e-10 2.01669e-07 1.75533e-11 7 1 0.5 7
9.34e+07 1.68458e-09 2.01677e-07 2.73841e-11 8 1 0.5 8
9.35e+07 2.00554e-09 2.00038e-07 4.33149e-11 6 1 0.5 6
9.36e+07 1.15991e-09 1.98965e-07 1.86307e-11 8 1 0.5 8
9.37e+07 1.67765e-09 2.14745e-07 3.2766e-11 7 1 0.5 7
9.38e+07 1.37607e-09 2.03271e-07 2.57152e-11 7 1 0.5 7
9.39e+07 1.3629e-09 2.11504e-07 1.52968e-11 12 1 0.5 12
9.4e+07 1.45219e-09 2.03366e-07 1.89801e-11 10 1 0.5 10
9.41e+07 1.27673e-09 2.03417e-07 2.78622e-11 6 1 0.5 6
9.42e+07 1.71965e-09 2.10256e-07 2.88851e-11 8 1 0.5 8
9.43e+07 1.6245e-09 1.96744e-07 2.30095e-11 9 1 0.5 9
9.44e+07 1.50455e-09 2.06676e-07 1.99168e-11 10 1 0.5 10
9.45e+07 1.38375e-09 2.13771e-07 2.35261e-11 8 1 0.5 8
9.46e+07 9.94487e-10 2.04488e-07 2.61441e-11 5 1 0.5 5
9.47e+07 1.18401e-09 2.09541e-07 1.98045e-11 8 1 0.5 8
9.48e+07 1.86976e-09 2.04035e-07 3.50987e-11 7 1 0.5 7
9.49e+07 1.39676e-09 2.10235e-07 3.1294e-11 6 1 0.5 6
9.5e+07 1.34231e-09 2.0057e-07 2.17064e-11 8 1 0.5 8
9.51e+07 1.45715e-09 2.06968e-07 3.2255e-11 6 1 0.5 6
9.52e+07 1.1555e-09 2.0865e-07 2.57115e-11 6 1 0.5 6
9.53e+07 1.28228e-09 2.15988e-07 2.93346e-11 6 1 0.5 6
9.54e+07 1.71242e-09 2.00294e-07 3.16681e-11 7 1 0.5 7
9.55e+07 1.74426e-09 1.99504e-07 4.51302e-11 5 1 0.5 5
9.56e+07 1.50405e-09 2.0885e-07 2.00743e-11 10 1 0.5 10
9.57e+07 1.60806e-09 2.01515e-07 4.44378e-11 5 1 0.5 5
9.58e+07 1.59278e-09 2.04012e-07 3.48799e-11 6 1 0.5 6
9.59e+07 1.17407e-09 2.17196e-07 2.02013e-11 8 1 0.5 8
9.6e+07 1.02725e-09 2.15524e-07 1.56034e-11 9 1 0.5 9
9.61e+07 1.76906e-09 2.06805e-07 5.89758e-11 4 1 0.5 4
9.62e+07 1.30953e-09 2.05322e-07 5.78813e-11 3 1 0.5 3
9.63e+07 2.00366e-09 2.12303e-07 3.88228e-11 7 1 0.5 7
9.64e+07 2.32174e-09 2.03495e-07 6.11658e-11 5 1 0.5 5
9.65e+07 1.28615e-09 2.13913e-07 2.18721e-11 8 1 0.5 8
9.66e+07 1.52415e-09 2.09376e-07 2.91646e-11 7 1 0.5 7
9.67e+07 1.83376e-09 2.06461e-07 3.35168e-11 10 1 0.5 10
9.68e+07 1.33867e-09 2.02844e-07 1.74569e-11 10 1 0.5 10
9.69e+07 1.26817e-09 2.02811e-07 2.06816e-11 8 1 0.5 8
9.7e+07 1.23853e-09 2.12789e-07 2.39805e-11 7 1 0.5 7
9.71e+07 1.67482e-09 2.12016e-07 2.83138e-11 8 1 0.5 8
9.72e+07 1.62135e-09 1.99791e-07 2.61594e-11 8 1 0.5 8
9.73e+07 1.47461e-09 2.16369e-07 2.89531e-11 7 1 0.5 7
9.74e+07 1.3049e-09 2.08303e-07 1.93095e-11 9 1 0.5 9
9.75e+07 1.37438e-09 1.97928e-07 1.95458e-11 9 1 0.5 9
9.76e+07 1.14385e-09 2.09661e-07 1.91392e-11 8 1 0.5 8
9.77e+07 1.79107e-09 2.083e-07 3.41632e-11 7 1 0.5 7
9.78e+07 1.49445e-09 2.0712e-07 3.9772e-11 5 1 0.5 5
9.79e+07 1.83224e-09 2.12953e-07 2.48509e-11 10 1 0.5 10
9.8e+07 1.88759e-09 2.13738e-07 4.29264e-11 6 1 0.5 6
9.81e+07 1.5272e-09 2.13592e-07 2.0748e-11 10 1 0.5 10
9.82e+07 1.13645e-09 2.10372e-07 1.90657e-11 8 1 0.5 8
9.83e+07 1.43369e-09 1.97774e-07 2.62309e-11 7 1 0.5 7
9.84e+07 1.29613e-09 1.95664e-07 1.64337e-11 10 1 0.5 10
9.85e+07 1.33074e-09 2.09831e-07 9.36481e-12 19 1 0.5 19
9.86e+07 1.45316e-09 1.98133e-07 2.32837e-11 8 1 0.5 8
9.87e+07 1.18117e-09 2.13449e-07 1.60258e-11 10 1 0.5 10
9.88e+07 1.90944e-09 2.01159e-07 2.47697e-11 10 1 0.5 10
9.89e+07 1.63731e-09 2.12389e-07 3.70131e-11 6 1 0.5 6
9.9e+07 1.9424e-09 2.06689e-07 2.57395e-11 10 1 0.5 10
9.91e+07 1.87426e-09 2.08319e-07 2.27059e-11 11 1 0.5 11
9.92e+07 1.63812e-09 2.02178e-07 3.05089e-11 7 1 0.5 7
9.93e+07 1.29716e-09 2.09147e-07 1.92557e-11 9 1 0.5 9
9.94e+07 1.5552e-09 2.07429e-07 2.9544e-11 7 1 0.5 7
9.95e+07 1.20806e-09 2.02716e-07 3.15736e-11 5 1 0.5 5
9.96e+07 1.11142e-09 2.03922e-07 1.21165e-11 12 1 0.5 12
9.97e+07 1.62921e-09 2.18075e-07 3.22051e-11 7 1 0.5 7
9.98e+07 1.33503e-09 2.09857e-07 2.55763e-11 7 1 0.5 7
9.99e+07 1.23435e-09 2.03615e-07 1.34438e-11 12 1 0.5 12
1e+08 1.23319e-09 2.02691e-07 2.68327e-11 6 1 0.5 6
