0 1.50659e-09 2.07143e-07 1.91083e-11 11 1 0.5 11
100000 1.72086e-09 2.07432e-07 3.81987e-11 6 3 0.5 3
100000 1.72086e-09 2.07432e-07 3.81987e-11 6 3 0.494319 2
100000 1.72086e-09 2.07432e-07 3.81987e-11 6 3 0.486315 1
200000 1.46059e-09 2.14842e-07 2.21556e-11 9 2 0.5 6
200000 1.46059e-09 2.14842e-07 2.21556e-11 9 2 0.487101 3
300000 1.26208e-09 1.98174e-07 1.79593e-11 9 2 0.523384 5
300000 1.26208e-09 1.98174e-07 1.79593e-11 9 2 0.514032 4
400000 1.28099e-09 2.09107e-07 3.43105e-11 5 4 0.526004 1
400000 1.28099e-09 2.09107e-07 3.43105e-11 5 4 0.482417 1
400000 1.28099e-09 2.09107e-07 3.43105e-11 5 4 0.528903 2
400000 1.28099e-09 2.09107e-07 3.43105e-11 5 4 0.488571 1
500000 1.38275e-09 2.11635e-07 2.07248e-11 9 1 0.482308 9
600000 1.86097e-09 2.12467e-07 3.60654e-11 7 2 0.477833 1
600000 1.86097e-09 2.12467e-07 3.60654e-11 7 2 0.493968 6
700000 1.7203e-09 2.00351e-07 2.47186e-11 9 3 0.5113 3
700000 1.7203e-09 2.00351e-07 2.47186e-11 9 3 0.494078 4
700000 1.7203e-09 2.00351e-07 2.47186e-11 9 3 0.497138 2
800000 1.55938e-09 2.08488e-07 2.60083e-11 8 4 0.494078 5
800000 1.55938e-09 2.08488e-07 2.60083e-11 8 4 0.481083 1
800000 1.55938e-09 2.08488e-07 2.60083e-11 8 4 0.507159 1
800000 1.55938e-09 2.08488e-07 2.60083e-11 8 4 0.516491 1
900000 2.02588e-09 1.76716e-07 3.97624e-11 6 5 0.561679 1
900000 2.02588e-09 1.76716e-07 3.97624e-11 6 5 0.548297 1
900000 2.02588e-09 1.76716e-07 3.97624e-11 6 5 0.556591 2
900000 2.02588e-09 1.76716e-07 3.97624e-11 6 5 0.543116 1
900000 2.02588e-09 1.76716e-07 3.97624e-11 6 5 0.535175 1
1e+06 2.04856e-09 2.14481e-07 2.54032e-11 11 2 0.50895 6
1e+06 2.04856e-09 2.14481e-07 2.54032e-11 11 2 0.497832 5
1.1e+06 1.87716e-09 2.07572e-07 6.28034e-11 4 2 0.489822 3
1.1e+06 1.87716e-09 2.07572e-07 6.28034e-11 4 2 0.518085 1
1.2e+06 1.6692e-09 2.11562e-07 2.81726e-11 8 2 0.489822 6
1.2e+06 1.6692e-09 2.11562e-07 2.81726e-11 8 2 0.489655 2
1.3e+06 1.13617e-09 2.38507e-07 2.81301e-11 6 1 0.459193 6
1.4e+06 1.56911e-09 2.09655e-07 2.62883e-11 8 2 0.48192 4
1.4e+06 1.56911e-09 2.09655e-07 2.62883e-11 8 2 0.491741 4
1.5e+06 1.32649e-09 2.17895e-07 2.03416e-11 9 3 0.480638 4
1.5e+06 1.32649e-09 2.17895e-07 2.03416e-11 9 3 0.459073 2
1.5e+06 1.32649e-09 2.17895e-07 2.03416e-11 9 3 0.506767 3
1.6e+06 1.09819e-09 2.27756e-07 1.42591e-11 11 2 0.448838 10
1.6e+06 1.09819e-09 2.27756e-07 1.42591e-11 11 2 0.443421 1
1.7e+06 1.29572e-09 2.49073e-07 1.65791e-11 12 3 0.44261 2
1.7e+06 1.29572e-09 2.49073e-07 1.65791e-11 12 3 0.453037 9
1.7e+06 1.29572e-09 2.49073e-07 1.65791e-11 12 3 0.446504 1
1.8e+06 9.96911e-10 2.82634e-07 2.43043e-11 7 2 0.376662 6
1.8e+06 9.96911e-10 2.82634e-07 2.43043e-11 7 2 0.342206 1
1.9e+06 8.25531e-10 3.26538e-07 1.80555e-11 9 4 0.342206 5
1.9e+06 8.25531e-10 3.26538e-07 1.80555e-11 9 4 0.347069 2
1.9e+06 8.25531e-10 3.26538e-07 1.80555e-11 9 4 0.362727 1
1.9e+06 8.25531e-10 3.26538e-07 1.80555e-11 9 4 0.327507 1
2e+06 7.53802e-10 3.2333e-07 1.30677e-11 11 1 0.342206 11
2.1e+06 1.07078e-09 3.34242e-07 1.40051e-11 15 4 0.34633 6
2.1e+06 1.07078e-09 3.34242e-07 1.40051e-11 15 4 0.318873 2
2.1e+06 1.07078e-09 3.34242e-07 1.40051e-11 15 4 0.309093 6
2.1e+06 1.07078e-09 3.34242e-07 1.40051e-11 15 4 0.330448 1
2.2e+06 7.65368e-10 3.50736e-07 1.56566e-11 10 6 0.348875 1
2.2e+06 7.65368e-10 3.50736e-07 1.56566e-11 10 6 0.286205 4
2.2e+06 7.65368e-10 3.50736e-07 1.56566e-11 10 6 0.274751 1
2.2e+06 7.65368e-10 3.50736e-07 1.56566e-11 10 6 0.277042 2
2.2e+06 7.65368e-10 3.50736e-07 1.56566e-11 10 6 0.286672 1
2.2e+06 7.65368e-10 3.50736e-07 1.56566e-11 10 6 0.342812 1
2.3e+06 6.04861e-10 3.79886e-07 1.32506e-11 10 4 0.304095 4
2.3e+06 6.04861e-10 3.79886e-07 1.32506e-11 10 4 0.28192 2
2.3e+06 6.04861e-10 3.79886e-07 1.32506e-11 10 4 0.271808 3
2.3e+06 6.04861e-10 3.79886e-07 1.32506e-11 10 4 0.291481 1
2.4e+06 3.81207e-10 4.37279e-07 2.36692e-11 4 2 0.272675 2
2.4e+06 3.81207e-10 4.37279e-07 2.36692e-11 4 2 0.245881 2
2.5e+06 5.9275e-10 4.62504e-07 1.40389e-11 11 4 0.245881 1
2.5e+06 5.9275e-10 4.62504e-07 1.40389e-11 11 4 0.231286 8
2.5e+06 5.9275e-10 4.62504e-07 1.40389e-11 11 4 0.241638 1
2.5e+06 5.9275e-10 4.62504e-07 1.40389e-11 11 4 0.253369 1
2.6e+06 5.17881e-10 5.26344e-07 1.51518e-11 10 1 0.217804 10
2.7e+06 5.32215e-10 6.07976e-07 1.9738e-11 9 3 0.183534 7
2.7e+06 5.32215e-10 6.07976e-07 1.9738e-11 9 3 0.229241 1
2.7e+06 5.32215e-10 6.07976e-07 1.9738e-11 9 3 0.193651 1
2.8e+06 5.47625e-10 6.0924e-07 1.21931e-11 15 3 0.183534 9
2.8e+06 5.47625e-10 6.0924e-07 1.21931e-11 15 3 0.167911 5
2.8e+06 5.47625e-10 6.0924e-07 1.21931e-11 15 3 0.164019 1
2.9e+06 5.49336e-10 5.99028e-07 2.58688e-11 7 4 0.191533 3
2.9e+06 5.49336e-10 5.99028e-07 2.58688e-11 7 4 0.189162 1
2.9e+06 5.49336e-10 5.99028e-07 2.58688e-11 7 4 0.211874 2
2.9e+06 5.49336e-10 5.99028e-07 2.58688e-11 7 4 0.183778 1
3e+06 2.30315e-10 7.18514e-07 8.95093e-12 10 3 0.191533 4
3e+06 2.30315e-10 7.18514e-07 8.95093e-12 10 3 0.125949 5
3e+06 2.30315e-10 7.18514e-07 8.95093e-12 10 3 0.1088 1
3.1e+06 2.64872e-10 7.98319e-07 1.8955e-11 6 4 0.157116 1
3.1e+06 2.64872e-10 7.98319e-07 1.8955e-11 6 4 0.127117 3
3.1e+06 2.64872e-10 7.98319e-07 1.8955e-11 6 4 0.187064 1
3.1e+06 2.64872e-10 7.98319e-07 1.8955e-11 6 4 0.130617 1
3.2e+06 2.03897e-10 8.56359e-07 1.16696e-11 8 4 0.149871 1
3.2e+06 2.03897e-10 8.56359e-07 1.16696e-11 8 4 0.132063 5
3.2e+06 2.03897e-10 8.56359e-07 1.16696e-11 8 4 0.160574 1
3.2e+06 2.03897e-10 8.56359e-07 1.16696e-11 8 4 0.107408 1
