0 1.50659e-09 2.07143e-07 1.91083e-11 11 1 0.5 11
100000 1.51092e-09 2.08325e-07 2.87952e-11 7 2 0.5 5
100000 1.51092e-09 2.08325e-07 2.87952e-11 7 2 0.517495 2
200000 1.80215e-09 2.07344e-07 2.99441e-11 8 1 0.517495 8
300000 1.63802e-09 1.84468e-07 2.8416e-11 7 1 0.524434 7
400000 1.21677e-09 1.94982e-07 2.56826e-11 6 2 0.524434 3
400000 1.21677e-09 1.94982e-07 2.56826e-11 6 2 0.528155 3
500000 1.41388e-09 2.12603e-07 2.39328e-11 8 2 0.527215 5
500000 1.41388e-09 2.12603e-07 2.39328e-11 8 2 0.520156 3
600000 1.19537e-09 2.12282e-07 2.02037e-11 8 2 0.469451 6
600000 1.19537e-09 2.12282e-07 2.02037e-11 8 2 0.503391 2
700000 1.56505e-09 2.29934e-07 1.87825e-11 12 4 0.469451 8
700000 1.56505e-09 2.29934e-07 1.87825e-11 12 4 0.448846 1
700000 1.56505e-09 2.29934e-07 1.87825e-11 12 4 0.438686 1
700000 1.56505e-09 2.29934e-07 1.87825e-11 12 4 0.442191 2
800000 1.867e-09 2.60328e-07 2.48044e-11 12 3 0.442191 4
800000 1.867e-09 2.60328e-07 2.48044e-11 12 3 0.381886 6
800000 1.867e-09 2.60328e-07 2.48044e-11 12 3 0.439385 2
900000 1.28571e-09 2.75915e-07 1.95324e-11 11 4 0.381886 4
900000 1.28571e-09 2.75915e-07 1.95324e-11 11 4 0.36159 3
900000 1.28571e-09 2.75915e-07 1.95324e-11 11 4 0.400995 2
900000 1.28571e-09 2.75915e-07 1.95324e-11 11 4 0.442746 2
1e+06 9.12621e-10 3.22391e-07 2.48509e-11 7 2 0.346968 6
1e+06 9.12621e-10 3.22391e-07 2.48509e-11 7 2 0.356291 1
1.1e+06 1.12285e-09 2.79544e-07 2.37329e-11 8 3 0.366267 5
1.1e+06 1.12285e-09 2.79544e-07 2.37329e-11 8 3 0.389507 2
1.1e+06 1.12285e-09 2.79544e-07 2.37329e-11 8 3 0.335286 1
1.2e+06 9.38908e-10 3.34369e-07 1.8442e-11 10 3 0.32855 4
1.2e+06 9.38908e-10 3.34369e-07 1.8442e-11 10 3 0.32518 4
1.2e+06 9.38908e-10 3.34369e-07 1.8442e-11 10 3 0.320202 2
1.3e+06 6.71921e-10 3.45345e-07 1.6956e-11 8 4 0.312833 4
1.3e+06 6.71921e-10 3.45345e-07 1.6956e-11 8 4 0.319409 2
1.3e+06 6.71921e-10 3.45345e-07 1.6956e-11 8 4 0.310081 1
1.3e+06 6.71921e-10 3.45345e-07 1.6956e-11 8 4 0.362408 1
1.4e+06 8.43671e-10 3.15623e-07 9.26522e-12 17 5 0.351371 12
1.4e+06 8.43671e-10 3.15623e-07 9.26522e-12 17 5 0.357663 2
1.4e+06 8.43671e-10 3.15623e-07 9.26522e-12 17 5 0.356706 1
1.4e+06 8.43671e-10 3.15623e-07 9.26522e-12 17 5 0.359976 1
1.4e+06 8.43671e-10 3.15623e-07 9.26522e-12 17 5 0.363357 1
1.5e+06 1.32124e-09 3.1195e-07 2.76278e-11 9 3 0.351371 1
1.5e+06 1.32124e-09 3.1195e-07 2.76278e-11 9 3 0.351898 3
1.5e+06 1.32124e-09 3.1195e-07 2.76278e-11 9 3 0.352599 5
1.6e+06 5.7958e-10 3.48568e-07 1.47367e-11 8 4 0.378211 1
1.6e+06 5.7958e-10 3.48568e-07 1.47367e-11 8 4 0.286754 3
1.6e+06 5.7958e-10 3.48568e-07 1.47367e-11 8 4 0.390658 2
1.6e+06 5.7958e-10 3.48568e-07 1.47367e-11 8 4 0.280685 2
1.7e+06 1.26067e-09 3.58772e-07 2.19326e-11 12 2 0.286754 9
1.7e+06 1.26067e-09 3.58772e-07 2.19326e-11 12 2 0.375515 3
1.8e+06 5.79161e-10 4.73374e-07 1.28327e-11 12 3 0.245135 5
1.8e+06 5.79161e-10 4.73374e-07 1.28327e-11 12 3 0.235359 6
1.8e+06 5.79161e-10 4.73374e-07 1.28327e-11 12 3 0.274785 1
1.9e+06 7.35625e-10 5.10132e-07 1.7442e-11 12 5 0.235359 7
1.9e+06 7.35625e-10 5.10132e-07 1.7442e-11 12 5 0.216319 1
1.9e+06 7.35625e-10 5.10132e-07 1.7442e-11 12 5 0.197645 1
1.9e+06 7.35625e-10 5.10132e-07 1.7442e-11 12 5 0.242195 2
1.9e+06 7.35625e-10 5.10132e-07 1.7442e-11 12 5 0.199488 1
2e+06 5.1264e-10 5.55986e-07 1.31295e-11 12 3 0.199488 10
2e+06 5.1264e-10 5.55986e-07 1.31295e-11 12 3 0.202584 1
2e+06 5.1264e-10 5.55986e-07 1.31295e-11 12 3 0.207663 1
2.1e+06 2.37197e-10 5.90494e-07 6.9938e-12 11 4 0.186161 2
2.1e+06 2.37197e-10 5.90494e-07 6.9938e-12 11 4 0.172416 2
2.1e+06 2.37197e-10 5.90494e-07 6.9938e-12 11 4 0.177325 3
2.1e+06 2.37197e-10 5.90494e-07 6.9938e-12 11 4 0.190486 4
2.2e+06 5.57434e-10 6.83794e-07 2.07288e-11 10 3 0.177325 6
2.2e+06 5.57434e-10 6.83794e-07 2.07288e-11 10 3 0.17632 2
2.2e+06 5.57434e-10 6.83794e-07 2.07288e-11 10 3 0.155767 2
2.3e+06 2.10821e-10 5.82807e-07 4.50234e-12 15 4 0.188395 5
2.3e+06 2.10821e-10 5.82807e-07 4.50234e-12 15 4 0.20589 6
2.3e+06 2.10821e-10 5.82807e-07 4.50234e-12 15 4 0.0711136 3
2.3e+06 2.10821e-10 5.82807e-07 4.50234e-12 15 4 0.238233 1
2.4e+06 4.52824e-10 6.01197e-07 1.66144e-11 9 2 0.187985 8
2.4e+06 4.52824e-10 6.01197e-07 1.66144e-11 9 2 0.198836 1
2.5e+06 5.20537e-10 5.65273e-07 1.47692e-11 11 3 0.187985 9
2.5e+06 5.20537e-10 5.65273e-07 1.47692e-11 11 3 0.219481 1
2.5e+06 5.20537e-10 5.65273e-07 1.47692e-11 11 3 0.213383 1
2.6e+06 6.24111e-10 6.26124e-07 1.64509e-11 13 2 0.171934 6
2.6e+06 6.24111e-10 6.26124e-07 1.64509e-11 13 2 0.192394 7
2.7e+06 8.52661e-10 6.16543e-07 1.60011e-11 18 4 0.192394 14
2.7e+06 8.52661e-10 6.16543e-07 1.60011e-11 18 4 0.195458 2
2.7e+06 8.52661e-10 6.16543e-07 1.60011e-11 18 4 0.19074 1
2.7e+06 8.52661e-10 6.16543e-07 1.60011e-11 18 4 0.222221 1
2.8e+06 7.24805e-10 5.50819e-07 2.76803e-11 8 2 0.192394 3
2.8e+06 7.24805e-10 5.50819e-07 2.76803e-11 8 2 0.215076 5
2.9e+06 5.88399e-10 5.20876e-07 1.55047e-11 11 5 0.222271 6
2.9e+06 5.88399e-10 5.20876e-07 1.55047e-11 11 5 0.197917 2
2.9e+06 5.88399e-10 5.20876e-07 1.55047e-11 11 5 0.208046 1
2.9e+06 5.88399e-10 5.20876e-07 1.55047e-11 11 5 0.225002 1
2.9e+06 5.88399e-10 5.20876e-07 1.55047e-11 11 5 0.194949 1
3e+06 4.69517e-10 5.22544e-07 1.2401e-11 11 6 0.214208 1
3e+06 4.69517e-10 5.22544e-07 1.2401e-11 11 6 0.241245 2
3e+06 4.69517e-10 5.22544e-07 1.2401e-11 11 6 0.207425 2
3e+06 4.69517e-10 5.22544e-07 1.2401e-11 11 6 0.227601 2
3e+06 4.69517e-10 5.22544e-07 1.2401e-11 11 6 0.212511 2
3e+06 4.69517e-10 5.22544e-07 1.2401e-11 11 6 0.19084 2
3.1e+06 6.72065e-10 4.82106e-07 2.2744e-11 8 6 0.227601 2
3.1e+06 6.72065e-10 4.82106e-07 2.2744e-11 8 6 0.228145 1
3.1e+06 6.72065e-10 4.82106e-07 2.2744e-11 8 6 0.254193 1
3.1e+06 6.72065e-10 4.82106e-07 2.2744e-11 8 6 0.242085 2
3.1e+06 6.72065e-10 4.82106e-07 2.2744e-11 8 6 0.244181 1
3.1e+06 6.72065e-10 4.82106e-07 2.2744e-11 8 6 0.261657 1
3.2e+06 7.80648e-10 3.92995e-07 1.60216e-11 11 5 0.268425 1
3.2e+06 7.80648e-10 3.92995e-07 1.60216e-11 11 5 0.270625 2
3.2e+06 7.80648e-10 3.92995e-07 1.60216e-11 11 5 0.289776 3
3.2e+06 7.80648e-10 3.92995e-07 1.60216e-11 11 5 0.256855 4
3.2e+06 7.80648e-10 3.92995e-07 1.60216e-11 11 5 0.263005 1
3.3e+06 6.06725e-10 3.96485e-07 1.97327e-11 7 4 0.270625 4
3.3e+06 6.06725e-10 3.96485e-07 1.97327e-11 7 4 0.272751 1
3.3e+06 6.06725e-10 3.96485e-07 1.97327e-11 7 4 0.31682 1
3.3e+06 6.06725e-10 3.96485e-07 1.97327e-11 7 4 0.282835 1
3.4e+06 1.02306e-09 4.16528e-07 2.02707e-11 12 4 0.272751 8
3.4e+06 1.02306e-09 4.16528e-07 2.02707e-11 12 4 0.263729 1
3.4e+06 1.02306e-09 4.16528e-07 2.02707e-11 12 4 0.26621 1
3.4e+06 1.02306e-09 4.16528e-07 2.02707e-11 12 4 0.262581 2
3.5e+06 8.51119e-10 4.17998e-07 1.44814e-11 14 3 0.254545 4
3.5e+06 8.51119e-10 4.17998e-07 1.44814e-11 14 3 0.26035 8
3.5e+06 8.51119e-10 4.17998e-07 1.44814e-11 14 3 0.299647 2
3.6e+06 4.48642e-10 5.76678e-07 9.49532e-12 15 5 0.206149 10
3.6e+06 4.48642e-10 5.76678e-07 9.49532e-12 15 5 0.200181 2
3.6e+06 4.48642e-10 5.76678e-07 9.49532e-12 15 5 0.200391 1
3.6e+06 4.48642e-10 5.76678e-07 9.49532e-12 15 5 0.193677 1
3.6e+06 4.48642e-10 5.76678e-07 9.49532e-12 15 5 0.207333 1
3.7e+06 4.49221e-10 6.29778e-07 1.93553e-11 8 3 0.195172 3
3.7e+06 4.49221e-10 6.29778e-07 1.93553e-11 8 3 0.202446 2
3.7e+06 4.49221e-10 6.29778e-07 1.93553e-11 8 3 0.168998 3
3.8e+06 2.30253e-10 6.71537e-07 1.68389e-11 5 3 0.168998 3
3.8e+06 2.30253e-10 6.71537e-07 1.68389e-11 5 3 0.155366 1
3.8e+06 2.30253e-10 6.71537e-07 1.68389e-11 5 3 0.175102 1
3.9e+06 2.59056e-10 6.9948e-07 9.82033e-12 10 3 0.149666 7
3.9e+06 2.59056e-10 6.9948e-07 9.82033e-12 10 3 0.20827 2
3.9e+06 2.59056e-10 6.9948e-07 9.82033e-12 10 3 0.155648 1
4e+06 4.94535e-10 6.58532e-07 6.32788e-12 28 5 0.161542 1
4e+06 4.94535e-10 6.58532e-07 6.32788e-12 28 5 0.140698 12
4e+06 4.94535e-10 6.58532e-07 6.32788e-12 28 5 0.201816 11
4e+06 4.94535e-10 6.58532e-07 6.32788e-12 28 5 0.150061 2
4e+06 4.94535e-10 6.58532e-07 6.32788e-12 28 5 0.129918 2
4.1e+06 2.23296e-10 8.56863e-07 1.707e-11 6 2 0.140698 2
4.1e+06 2.23296e-10 8.56863e-07 1.707e-11 6 2 0.123922 4
4.2e+06 2.8309e-10 1.10616e-06 1.8351e-11 9 1 0.123922 9
4.3e+06 6.56188e-11 8.23659e-07 9.66215e-12 3 3 0.099611 1
4.3e+06 6.56188e-11 8.23659e-07 9.66215e-12 3 3 0.153142 1
4.3e+06 6.56188e-11 8.23659e-07 9.66215e-12 3 3 0.158432 1
