0 1.50659e-09 2.07143e-07 1.91083e-11 11 1 0.5 11
100000 1.24038e-09 2.13771e-07 2.41041e-11 7 1 0.5 7
200000 1.52236e-09 2.09304e-07 2.26249e-11 9 1 0.5 9
300000 1.67402e-09 2.02767e-07 3.64947e-11 6 1 0.5 6
400000 1.52201e-09 2.05809e-07 2.23227e-11 9 1 0.5 9
500000 1.58948e-09 2.13622e-07 2.7025e-11 8 1 0.5 8
600000 1.34563e-09 2.03218e-07 1.46365e-11 12 1 0.5 12
700000 1.4018e-09 2.08544e-07 2.33741e-11 8 1 0.5 8
800000 1.349e-09 2.03707e-07 1.76505e-11 10 1 0.5 10
900000 1.08399e-09 2.12169e-07 1.62651e-11 9 1 0.5 9
1e+06 1.23354e-09 2.16747e-07 1.30238e-11 13 1 0.5 13
1.1e+06 1.42868e-09 2.01638e-07 2.06165e-11 9 1 0.5 9
1.2e+06 1.18793e-09 1.98431e-07 2.54199e-11 6 1 0.5 6
1.3e+06 1.72846e-09 2.08265e-07 2.56009e-11 9 1 0.5 9
1.4e+06 1.88362e-09 2.07069e-07 4.17783e-11 6 1 0.5 6
1.5e+06 2.11552e-09 2.06672e-07 4.68917e-11 6 1 0.5 6
1.6e+06 1.40335e-09 2.05129e-07 2.05231e-11 9 1 0.5 9
1.7e+06 1.34318e-09 2.0551e-07 2.53139e-11 7 1 0.5 7
1.8e+06 1.89504e-09 2.06216e-07 4.18975e-11 6 1 0.5 6
1.9e+06 1.60061e-09 2.03385e-07 2.99459e-11 7 1 0.5 7
2e+06 2.00639e-09 2.05703e-07 3.31534e-11 8 1 0.5 8
2.1e+06 1.84006e-09 2.0672e-07 3.05086e-11 8 1 0.5 8
2.2e+06 1.8981e-09 2.05241e-07 3.57988e-11 7 1 0.5 7
2.3e+06 1.15154e-09 2.09118e-07 1.7086e-11 9 1 0.5 9
2.4e+06 1.42733e-09 2.03258e-07 3.74186e-11 5 1 0.5 5
2.5e+06 9.85321e-10 2.25986e-07 1.55389e-11 9 1 0.5 9
2.6e+06 1.73349e-09 1.95381e-07 3.14471e-11 7 1 0.5 7
2.7e+06 1.50392e-09 2.13693e-07 2.55706e-11 8 1 0.5 8
2.8e+06 1.35749e-09 2.10278e-07 2.27801e-11 8 1 0.5 8
2.9e+06 1.2521e-09 2.04137e-07 1.36649e-11 12 1 0.5 12
3e+06 1.84849e-09 2.04868e-07 3.4808e-11 7 1 0.5 7
3.1e+06 2.13405e-09 2.02953e-07 4.66366e-11 6 1 0.5 6
3.2e+06 1.41785e-09 2.04693e-07 2.66443e-11 7 1 0.5 7
3.3e+06 1.62166e-09 2.06351e-07 2.14463e-11 10 1 0.5 10
3.4e+06 2.13993e-09 1.94116e-07 1.23698e-10 3 1 0.5 3
3.5e+06 1.62924e-09 2.07403e-07 2.40468e-11 9 1 0.5 9
3.6e+06 1.39921e-09 2.10103e-07 1.70482e-11 11 1 0.5 11
3.7e+06 1.0132e-09 2.05757e-07 1.90927e-11 7 1 0.5 7
3.8e+06 9.96016e-10 2.13982e-07 1.93548e-11 7 1 0.5 7
3.9e+06 1.14452e-09 2.11803e-07 2.20726e-11 7 1 0.5 7
4e+06 1.93795e-09 1.99447e-07 2.49742e-11 10 1 0.5 10
4.1e+06 1.33356e-09 2.02122e-07 1.92755e-11 9 1 0.5 9
4.2e+06 1.46354e-09 2.07511e-07 3.24639e-11 6 1 0.5 6
4.3e+06 1.22444e-09 1.97905e-07 1.95893e-11 8 1 0.5 8
4.4e+06 1.1474e-09 2.06413e-07 1.51617e-11 10 1 0.5 10
4.5e+06 1.65458e-09 2.09806e-07 5.57521e-11 4 1 0.5 4
4.6e+06 1.66362e-09 2.00192e-07 3.59067e-11 6 1 0.5 6
4.7e+06 1.11307e-09 2.13041e-07 1.67567e-11 9 1 0.5 9
4.8e+06 1.47698e-09 2.07081e-07 2.44971e-11 8 1 0.5 8
4.9e+06 1.82311e-09 1.93439e-07 4.60683e-11 5 1 0.5 5
5e+06 1.32463e-09 2.01908e-07 4.3231e-11 4 1 0.5 4
5.1e+06 1.89231e-09 2.09048e-07 2.81222e-11 9 1 0.5 9
5.2e+06 1.7904e-09 2.04534e-07 2.13766e-11 11 1 0.5 11
5.3e+06 1.36072e-09 2.0531e-07 1.62804e-11 11 1 0.5 11
5.4e+06 1.30471e-09 1.9781e-07 4.19021e-11 4 1 0.5 4
5.5e+06 1.98064e-09 1.99223e-07 4.26374e-11 6 1 0.5 6
5.6e+06 1.89119e-09 2.07406e-07 4.20009e-11 6 1 0.5 6
5.7e+06 1.42346e-09 2.14708e-07 1.49221e-11 13 1 0.5 13
5.8e+06 1.57458e-09 1.95911e-07 2.22265e-11 9 1 0.5 9
5.9e+06 1.53441e-09 2.05039e-07 5.0743e-11 4 1 0.5 4
6e+06 1.07502e-09 2.00905e-07 1.73939e-11 8 1 0.5 8
6.1e+06 1.15655e-09 2.08111e-07 2.19993e-11 7 1 0.5 7
6.2e+06 1.32763e-09 2.08654e-07 2.16311e-11 9 1 0.5 9
6.3e+06 1.22513e-09 2.12508e-07 1.50561e-11 11 1 0.5 11
6.4e+06 1.47571e-09 2.00442e-07 2.7286e-11 7 1 0.5 7
6.5e+06 1.45399e-09 2.10739e-07 3.26447e-11 6 1 0.5 6
6.6e+06 1.62724e-09 2.06947e-07 2.15691e-11 10 1 0.5 10
6.7e+06 1.31989e-09 2.00241e-07 2.84574e-11 6 1 0.5 6
6.8e+06 1.89646e-09 2.14153e-07 2.87256e-11 9 1 0.5 9
6.9e+06 1.27163e-09 2.13099e-07 2.15592e-11 8 1 0.5 8
7e+06 1.59021e-09 2.10376e-07 3.05497e-11 7 1 0.5 7
7.1e+06 1.33993e-09 2.14587e-07 3.0503e-11 6 1 0.5 6
7.2e+06 1.84913e-09 2.03667e-07 4.86442e-11 5 1 0.5 5
7.3e+06 1.25641e-09 1.99611e-07 1.47028e-11 11 1 0.5 11
7.4e+06 1.60759e-09 1.96009e-07 2.55541e-11 8 1 0.5 8
7.5e+06 1.33088e-09 2.09715e-07 1.98002e-11 9 1 0.5 9
7.6e+06 1.65934e-09 1.99055e-07 2.66984e-11 8 1 0.5 8
7.7e+06 1.07891e-09 2.04819e-07 1.28772e-11 11 1 0.5 11
7.8e+06 1.96822e-09 2.11251e-07 3.83423e-11 7 1 0.5 7
7.9e+06 1.83739e-09 2.11611e-07 3.10299e-11 8 1 0.5 8
8e+06 1.04573e-09 2.13573e-07 2.84518e-11 5 1 0.5 5
8.1e+06 1.68963e-09 2.044e-07 3.70691e-11 6 1 0.5 6
8.2e+06 1.57325e-09 2.18533e-07 4.36965e-11 5 1 0.5 5
8.3e+06 1.64521e-09 1.97429e-07 2.10213e-11 10 1 0.5 10
8.4e+06 1.19423e-09 1.99873e-07 1.53905e-11 10 1 0.5 10
8.5e+06 1.22785e-09 2.1226e-07 2.07497e-11 8 1 0.5 8
8.6e+06 1.76165e-09 2.05413e-07 4.66359e-11 5 1 0.5 5
8.7e+06 1.64895e-09 2.09574e-07 2.76213e-11 8 1 0.5 8
8.8e+06 1.46882e-09 2.11915e-07 3.31245e-11 6 1 0.5 6
8.9e+06 1.52309e-09 2.0831e-07 5.0995e-11 4 1 0.5 4
9e+06 1.39998e-09 2.17169e-07 3.21805e-11 6 1 0.5 6
9.1e+06 1.2898e-09 2.12562e-07 2.91373e-11 6 1 0.5 6
9.2e+06 1.51815e-09 2.06458e-07 2.87309e-11 7 1 0.5 7
9.3e+06 1.82105e-09 2.08147e-07 2.69666e-11 9 1 0.5 9
9.4e+06 2.23911e-09 2.05671e-07 4.94654e-11 6 1 0.5 6
9.5e+06 1.44066e-09 1.99929e-07 2.32451e-11 8 1 0.5 8
9.6e+06 1.74596e-09 1.9693e-07 4.47203e-11 5 1 0.5 5
9.7e+06 1.33545e-09 2.04544e-07 2.19283e-11 8 1 0.5 8
9.8e+06 1.34586e-09 2.03358e-07 2.93718e-11 6 1 0.5 6
9.9e+06 1.54848e-09 2.02749e-07 2.88949e-11 7 1 0.5 7
1e+07 1.78561e-09 2.06288e-07 3.94725e-11 6 1 0.5 6
1.01e+07 1.77736e-09 2.05372e-07 1.80027e-11 13 1 0.5 13
1.02e+07 1.83844e-09 2.13226e-07 5.01387e-11 5 1 0.5 5
1.03e+07 1.51481e-09 2.09271e-07 1.68653e-11 12 1 0.5 12
1.04e+07 1.78779e-09 2.08631e-07 1.9867e-11 12 1 0.5 12
1.05e+07 1.28811e-09 2.07435e-07 1.8998e-11 9 1 0.5 9
1.06e+07 2.00662e-09 2.08406e-07 2.97574e-11 9 1 0.5 9
1.07e+07 2.08319e-09 1.9772e-07 3.33816e-11 8 1 0.5 8
1.08e+07 1.20659e-09 2.14404e-07 1.64293e-11 10 1 0.5 10
1.09e+07 1.50957e-09 2.06717e-07 2.2216e-11 9 1 0.5 9
1.1e+07 1.74269e-09 2.08653e-07 3.32796e-11 7 1 0.5 7
1.11e+07 1.35739e-09 2.04129e-07 2.22545e-11 8 1 0.5 8
1.12e+07 1.20783e-09 2.12294e-07 2.72499e-11 6 1 0.5 6
1.13e+07 1.18084e-09 2.10626e-07 1.58542e-11 10 1 0.5 10
1.14e+07 1.583e-09 2.05747e-07 3.48951e-11 6 1 0.5 6
1.15e+07 1.28901e-09 2.17162e-07 2.96161e-11 6 1 0.5 6
1.16e+07 1.51597e-09 2.09348e-07 1.44652e-11 14 1 0.5 14
1.17e+07 1.51091e-09 2.09686e-07 2.89437e-11 7 1 0.5 7
1.18e+07 1.83672e-09 2.11594e-07 1.65004e-11 15 1 0.5 15
1.19e+07 1.58733e-09 1.97948e-07 1.69234e-11 12 1 0.5 12
1.2e+07 1.73179e-09 2.07274e-07 4.61648e-11 5 1 0.5 5
1.21e+07 1.33229e-09 2.09932e-07 1.78472e-11 10 1 0.5 10
1.22e+07 1.64405e-09 2.13967e-07 3.20142e-11 7 1 0.5 7
1.23e+07 1.33315e-09 2.05579e-07 3.52467e-11 5 1 0.5 5
1.24e+07 1.61308e-09 2.07807e-07 2.14502e-11 10 1 0.5 10
1.25e+07 1.64271e-09 1.96203e-07 3.49022e-11 6 1 0.5 6
1.26e+07 2.06295e-09 2.05577e-07 3.89785e-11 7 1 0.5 7
1.27e+07 1.78315e-09 2.10187e-07 2.99494e-11 8 1 0.5 8
1.28e+07 1.71384e-09 2.04143e-07 4.51406e-11 5 1 0.5 5
1.29e+07 1.3192e-09 2.13987e-07 1.37899e-11 13 1 0.5 13
1.3e+07 1.06523e-09 2.02949e-07 2.31867e-11 6 1 0.5 6
1.31e+07 1.64354e-09 2.04711e-07 5.43171e-11 4 1 0.5 4
1.32e+07 1.49061e-09 2.12833e-07 1.8351e-11 11 1 0.5 11
1.33e+07 1.22481e-09 2.007e-07 2.26517e-11 7 1 0.5 7
1.34e+07 1.21596e-09 2.07356e-07 1.61275e-11 10 1 0.5 10
1.35e+07 1.9769e-09 2.14946e-07 3.0038e-11 9 1 0.5 9
1.36e+07 1.50903e-09 2.0152e-07 1.95855e-11 10 1 0.5 10
1.37e+07 1.44431e-09 2.05995e-07 1.90674e-11 10 1 0.5 10
1.38e+07 1.15955e-09 2.08475e-07 1.18712e-11 13 1 0.5 13
1.39e+07 1.72537e-09 2.09213e-07 3.85564e-11 6 1 0.5 6
1.4e+07 1.4062e-09 1.94961e-07 1.97671e-11 9 1 0.5 9
1.41e+07 1.34204e-09 2.01346e-07 2.90617e-11 6 1 0.5 6
1.42e+07 1.95928e-09 1.9989e-07 5.0818e-11 5 1 0.5 5
1.43e+07 1.558e-09 2.12256e-07 9.4791e-11 3 1 0.5 3
1.44e+07 1.539e-09 2.03435e-07 2.87931e-11 7 1 0.5 7
1.45e+07 1.26961e-09 2.11577e-07 1.90175e-11 9 1 0.5 9
1.46e+07 1.36519e-09 2.08143e-07 2.01926e-11 9 1 0.5 9
1.47e+07 1.56048e-09 2.00057e-07 2.51993e-11 8 1 0.5 8
1.48e+07 1.71825e-09 2.15355e-07 3.92834e-11 6 1 0.5 6
1.49e+07 1.75945e-09 2.06563e-07 3.45213e-11 7 1 0.5 7
1.5e+07 1.21716e-09 2.11547e-07 2.73853e-11 6 1 0.5 6
1.51e+07 1.30963e-09 2.08324e-07 1.74371e-11 10 1 0.5 10
1.52e+07 1.49925e-09 2.14525e-07 3.4143e-11 6 1 0.5 6
1.53e+07 1.29672e-09 2.05481e-07 2.13662e-11 8 1 0.5 8
1.54e+07 1.75767e-09 2.13882e-07 3.99731e-11 6 1 0.5 6
1.55e+07 1.72341e-09 2.11416e-07 1.93501e-11 12 1 0.5 12
1.56e+07 1.48246e-09 2.14897e-07 2.89513e-11 7 1 0.5 7
1.57e+07 1.59954e-09 2.22798e-07 1.87166e-11 12 1 0.5 12
1.58e+07 1.47031e-09 2.09652e-07 2.46236e-11 8 1 0.5 8
1.59e+07 1.49147e-09 2.08824e-07 1.80886e-11 11 1 0.5 11
1.6e+07 1.45355e-09 2.10936e-07 2.18169e-11 10 1 0.5 10
1.61e+07 1.33431e-09 2.15722e-07 3.05013e-11 6 1 0.5 6
1.62e+07 1.53496e-09 2.07408e-07 3.40469e-11 6 1 0.5 6
1.63e+07 1.42549e-09 2.1168e-07 3.85802e-11 5 1 0.5 5
1.64e+07 1.23735e-09 2.14102e-07 1.87069e-11 9 1 0.5 9
1.65e+07 1.56491e-09 2.03305e-07 2.55906e-11 8 1 0.5 8
1.66e+07 1.31447e-09 2.02024e-07 2.44417e-11 7 1 0.5 7
1.67e+07 1.45605e-09 2.11776e-07 1.96454e-11 10 1 0.5 10
1.68e+07 1.65681e-09 2.1295e-07 4.5101e-11 5 1 0.5 5
1.69e+07 1.75359e-09 2.03775e-07 1.5293e-11 15 1 0.5 15
1.7e+07 1.21532e-09 2.11486e-07 2.04782e-11 8 1 0.5 8
1.71e+07 1.3691e-09 2.06373e-07 1.80974e-11 10 1 0.5 10
1.72e+07 1.27854e-09 2.08548e-07 2.84516e-11 6 1 0.5 6
1.73e+07 1.50692e-09 2.0919e-07 2.23849e-11 9 1 0.5 9
1.74e+07 2.4266e-09 2.07281e-07 3.22633e-11 10 1 0.5 10
1.75e+07 1.59776e-09 2.1353e-07 2.71572e-11 8 1 0.5 8
1.76e+07 1.56274e-09 2.05646e-07 2.94878e-11 7 1 0.5 7
1.77e+07 1.47642e-09 2.11731e-07 2.84968e-11 7 1 0.5 7
1.78e+07 1.27316e-09 2.12655e-07 2.15497e-11 8 1 0.5 8
1.79e+07 1.40925e-09 2.00974e-07 1.82498e-11 10 1 0.5 10
1.8e+07 1.21298e-09 2.08698e-07 2.02265e-11 8 1 0.5 8
1.81e+07 1.57643e-09 2.09743e-07 2.64177e-11 8 1 0.5 8
1.82e+07 1.35594e-09 2.015e-07 2.20068e-11 8 1 0.5 8
1.83e+07 1.03343e-09 1.9932e-07 1.20743e-11 11 1 0.5 11
1.84e+07 1.73999e-09 2.04603e-07 3.27204e-11 7 1 0.5 7
1.85e+07 9.27316e-10 2.13007e-07 1.25537e-11 10 1 0.5 10
1.86e+07 1.07137e-09 2.04424e-07 1.27677e-11 11 1 0.5 11
1.87e+07 1.62503e-09 2.02527e-07 3.53876e-11 6 1 0.5 6
1.88e+07 1.73444e-09 2.0331e-07 2.83767e-11 8 1 0.5 8
1.89e+07 1.13594e-09 2.09471e-07 2.53524e-11 6 1 0.5 6
1.9e+07 2.01774e-09 2.14151e-07 3.44161e-11 8 1 0.5 8
1.91e+07 1.31717e-09 2.07005e-07 2.18305e-11 8 1 0.5 8
1.92e+07 1.44195e-09 2.07725e-07 2.74134e-11 7 1 0.5 7
1.93e+07 1.43682e-09 2.01046e-07 1.6914e-11 11 1 0.5 11
1.94e+07 1.68996e-09 2.06981e-07 3.20636e-11 7 1 0.5 7
1.95e+07 1.0101e-09 2.07906e-07 1.91897e-11 7 1 0.5 7
1.96e+07 1.29355e-09 2.10035e-07 2.47949e-11 7 1 0.5 7
1.97e+07 9.95156e-10 2.04297e-07 1.44927e-11 9 1 0.5 9
1.98e+07 1.13361e-09 2.07804e-07 1.88352e-11 8 1 0.5 8
1.99e+07 1.02664e-09 2.0117e-07 1.90095e-11 7 1 0.5 7
2e+07 1.37438e-09 2.07758e-07 2.28472e-11 8 1 0.5 8
2.01e+07 1.58962e-09 2.16125e-07 2.4234e-11 9 1 0.5 9
2.02e+07 1.58809e-09 2.10063e-07 3.55835e-11 6 1 0.5 6
2.03e+07 1.50784e-09 2.02847e-07 1.51188e-11 13 1 0.5 13
2.04e+07 1.31194e-09 2.09283e-07 2.19311e-11 8 1 0.5 8
2.05e+07 1.34694e-09 2.06105e-07 2.97056e-11 6 1 0.5 6
2.06e+07 1.8613e-09 2.02296e-07 2.2036e-11 11 1 0.5 11
2.07e+07 1.40856e-09 2.17091e-07 1.93825e-11 10 1 0.5 10
2.08e+07 1.83373e-09 2.03009e-07 4.00376e-11 6 1 0.5 6
2.09e+07 1.82442e-09 1.91102e-07 2.27398e-11 10 1 0.5 10
2.1e+07 1.55863e-09 2.1065e-07 1.90357e-11 11 1 0.5 11
2.11e+07 1.74999e-09 2.05755e-07 2.56756e-11 9 1 0.5 9
2.12e+07 1.65683e-09 2.09082e-07 3.6997e-11 6 1 0.5 6
2.13e+07 1.07468e-09 2.09855e-07 2.88418e-11 5 1 0.5 5
2.14e+07 1.536e-09 2.03549e-07 2.23349e-11 9 1 0.5 9
2.15e+07 1.80407e-09 2.03357e-07 3.94385e-11 6 1 0.5 6
2.16e+07 1.58814e-09 2.08514e-07 2.11739e-11 10 1 0.5 10
2.17e+07 1.62134e-09 1.97892e-07 2.59656e-11 8 1 0.5 8
2.18e+07 1.39197e-09 2.14314e-07 1.7227e-11 11 1 0.5 11
2.19e+07 1.43134e-09 2.01406e-07 1.85659e-11 10 1 0.5 10
2.2e+07 1.55405e-09 2.02236e-07 2.53078e-11 8 1 0.5 8
2.21e+07 1.3056e-09 2.12876e-07 2.21191e-11 8 1 0.5 8
2.22e+07 1.16571e-09 2.04091e-07 2.18381e-11 7 1 0.5 7
2.23e+07 1.29393e-09 2.10509e-07 1.33516e-11 13 1 0.5 13
2.24e+07 1.81941e-09 2.03654e-07 2.64851e-11 9 1 0.5 9
2.25e+07 1.39884e-09 2.17763e-07 2.41343e-11 8 1 0.5 8
2.26e+07 1.63575e-09 2.11569e-07 4.42951e-11 5 1 0.5 5
2.27e+07 1.89474e-09 2.1513e-07 4.33124e-11 6 1 0.5 6
2.28e+07 1.68978e-09 2.04056e-07 2.77219e-11 8 1 0.5 8
2.29e+07 1.0711e-09 2.07847e-07 1.58134e-11 9 1 0.5 9
2.3e+07 1.49398e-09 2.11159e-07 2.8776e-11 7 1 0.5 7
2.31e+07 1.71601e-09 2.10635e-07 2.09635e-11 11 1 0.5 11
2.32e+07 2.00084e-09 2.04484e-07 3.76398e-11 7 1 0.5 7
2.33e+07 1.7018e-09 2.00821e-07 2.44966e-11 9 1 0.5 9
2.34e+07 1.40819e-09 2.11509e-07 1.89788e-11 10 1 0.5 10
2.35e+07 1.60535e-09 2.14721e-07 1.99147e-11 11 1 0.5 11
2.36e+07 1.83963e-09 2.08687e-07 2.23157e-11 11 1 0.5 11
2.37e+07 1.62009e-09 2.12058e-07 4.3948e-11 5 1 0.5 5
2.38e+07 1.53345e-09 2.09078e-07 2.56303e-11 8 1 0.5 8
2.39e+07 1.21404e-09 2.25258e-07 1.14503e-11 15 1 0.5 15
2.4e+07 1.31412e-09 2.03879e-07 2.87331e-11 6 1 0.5 6
2.41e+07 1.60436e-09 2.03464e-07 2.62546e-11 8 1 0.5 8
2.42e+07 1.41129e-09 2.0979e-07 1.88989e-11 10 1 0.5 10
2.43e+07 1.78268e-09 2.08608e-07 2.16159e-11 11 1 0.5 11
2.44e+07 1.62108e-09 2.12569e-07 3.14014e-11 7 1 0.5 7
2.45e+07 1.55458e-09 1.96205e-07 1.97638e-11 10 1 0.5 10
2.46e+07 1.05103e-09 2.22926e-07 1.84552e-11 8 1 0.5 8
2.47e+07 1.8529e-09 2.06708e-07 3.07211e-11 8 1 0.5 8
2.48e+07 1.61711e-09 2.07358e-07 2.68601e-11 8 1 0.5 8
2.49e+07 1.95479e-09 2.15773e-07 6.74625e-11 4 1 0.5 4
2.5e+07 1.02891e-09 2.1491e-07 2.00647e-11 7 1 0.5 7
2.51e+07 1.85504e-09 2.09442e-07 2.76066e-11 9 1 0.5 9
2.52e+07 1.92998e-09 1.99834e-07 2.32253e-11 11 1 0.5 11
2.53e+07 1.26862e-09 2.1101e-07 1.55054e-11 11 1 0.5 11
2.54e+07 1.55787e-09 2.04018e-07 2.92132e-11 7 1 0.5 7
2.55e+07 1.55916e-09 2.05567e-07 2.57177e-11 8 1 0.5 8
2.56e+07 1.60333e-09 2.16796e-07 3.68338e-11 6 1 0.5 6
2.57e+07 1.34023e-09 2.07381e-07 2.22456e-11 8 1 0.5 8
2.58e+07 1.2634e-09 2.18765e-07 1.94305e-11 9 1 0.5 9
2.59e+07 1.50814e-09 2.08354e-07 1.6733e-11 12 1 0.5 12
2.6e+07 1.19703e-09 2.1075e-07 1.4614e-11 11 1 0.5 11
2.61e+07 1.83227e-09 2.00642e-07 3.96407e-11 6 1 0.5 6
2.62e+07 1.22031e-09 2.18555e-07 1.87513e-11 9 1 0.5 9
2.63e+07 1.28789e-09 2.12591e-07 1.24338e-11 14 1 0.5 14
2.64e+07 1.69471e-09 1.93884e-07 5.37014e-11 4 1 0.5 4
2.65e+07 1.04448e-09 2.11367e-07 1.56241e-11 9 1 0.5 9
2.66e+07 1.98074e-09 2.07071e-07 1.08538e-10 9 1 0.5 9
2.67e+07 1.55123e-09 2.08891e-07 1.14866e-11 18 1 0.5 18
2.68e+07 1.54002e-09 2.06959e-07 2.92023e-11 7 1 0.5 7
2.69e+07 1.51269e-09 2.18417e-07 2.99272e-11 7 1 0.5 7
2.7e+07 1.7504e-09 2.10075e-07 2.93841e-11 8 1 0.5 8
2.71e+07 1.44637e-09 2.19275e-07 1.82297e-11 11 1 0.5 11
2.72e+07 1.68756e-09 2.12659e-07 3.81948e-11 6 1 0.5 6
2.73e+07 1.46387e-09 2.04815e-07 4.83497e-11 4 1 0.5 4
2.74e+07 1.75056e-09 2.04675e-07 2.30101e-11 10 1 0.5 10
2.75e+07 1.86234e-09 2.01887e-07 6.09568e-11 4 1 0.5 4
2.76e+07 1.52375e-09 2.02143e-07 3.31207e-11 6 1 0.5 6
2.77e+07 1.83205e-09 2.00126e-07 2.63086e-11 9 1 0.5 9
2.78e+07 1.5057e-09 2.06639e-07 2.85137e-11 7 1 0.5 7
2.79e+07 1.35702e-09 2.07639e-07 4.52768e-11 4 1 0.5 4
2.8e+07 1.39716e-09 2.04208e-07 1.66474e-11 11 1 0.5 11
2.81e+07 1.21076e-09 2.13161e-07 1.64108e-11 10 1 0.5 10
2.82e+07 1.56084e-09 2.09069e-07 2.08522e-11 10 1 0.5 10
2.83e+07 1.31652e-09 2.15141e-07 2.24919e-11 8 1 0.5 8
2.84e+07 1.5883e-09 2.08496e-07 2.11747e-11 10 1 0.5 10
2.85e+07 1.26365e-09 2.10803e-07 2.12414e-11 8 1 0.5 8
2.86e+07 1.55254e-09 2.14602e-07 3.0294e-11 7 1 0.5 7
2.87e+07 1.16193e-09 2.10704e-07 2.60549e-11 6 1 0.5 6
2.88e+07 1.44165e-09 2.11051e-07 2.42684e-11 8 1 0.5 8
2.89e+07 1.89027e-09 2.06906e-07 6.30843e-11 4 1 0.5 4
2.9e+07 1.10964e-09 2.10276e-07 2.1276e-11 7 1 0.5 7
2.91e+07 1.38938e-09 1.91272e-07 1.9244e-11 9 1 0.5 9
2.92e+07 1.46038e-09 2.04147e-07 1.91448e-11 10 1 0.5 10
2.93e+07 1.26223e-09 2.13737e-07 2.14499e-11 8 1 0.5 8
2.94e+07 1.52836e-09 2.02228e-07 1.80774e-11 11 1 0.5 11
2.95e+07 1.71333e-09 2.21511e-07 4.0057e-11 6 1 0.5 6
2.96e+07 1.48136e-09 1.99797e-07 3.83273e-11 5 1 0.5 5
2.97e+07 1.71264e-09 2.11471e-07 4.63767e-11 5 1 0.5 5
2.98e+07 1.82111e-09 1.93299e-07 3.27724e-11 7 1 0.5 7
2.99e+07 1.6317e-09 2.07277e-07 3.61848e-11 6 1 0.5 6
3e+07 2.00509e-09 2.12098e-07 2.25821e-11 12 1 0.5 12
3.01e+07 1.16596e-09 2.02942e-07 2.53881e-11 6 1 0.5 6
3.02e+07 1.30454e-09 2.1683e-07 1.11907e-11 16 1 0.5 16
3.03e+07 1.94161e-09 1.9974e-07 5.03265e-11 5 1 0.5 5
3.04e+07 1.21181e-09 2.1769e-07 1.67003e-11 10 1 0.5 10
3.05e+07 1.18265e-09 2.00669e-07 3.06624e-11 5 1 0.5 5
3.06e+07 1.31628e-09 1.96403e-07 2.79558e-11 6 1 0.5 6
3.07e+07 1.65332e-09 2.1422e-07 7.5759e-11 3 1 0.5 3
3.08e+07 1.02018e-09 2.12592e-07 2.30252e-11 6 1 0.5 6
3.09e+07 1.51031e-09 2.0656e-07 3.33867e-11 6 1 0.5 6
3.1e+07 1.02473e-09 2.14e-07 1.26577e-11 11 1 0.5 11
3.11e+07 1.41336e-09 1.96385e-07 3.0026e-11 6 1 0.5 6
3.12e+07 1.3979e-09 2.07057e-07 3.0947e-11 6 1 0.5 6
3.13e+07 1.40192e-09 2.07884e-07 1.55239e-11 12 1 0.5 12
3.14e+07 1.0805e-09 2.0235e-07 1.56216e-11 9 1 0.5 9
3.15e+07 1.20867e-09 2.03208e-07 2.25695e-11 7 1 0.5 7
3.16e+07 1.04395e-09 2.13308e-07 1.17886e-11 12 1 0.5 12
3.17e+07 1.06923e-09 2.10126e-07 1.79179e-11 8 1 0.5 8
3.18e+07 1.82499e-09 2.09644e-07 3.05932e-11 8 1 0.5 8
3.19e+07 1.49471e-09 2.18005e-07 3.44757e-11 6 1 0.5 6
3.2e+07 1.36207e-09 2.07117e-07 1.50379e-11 12 1 0.5 12
3.21e+07 1.3759e-09 2.12912e-07 1.4327e-11 13 1 0.5 13
3.22e+07 1.27558e-09 2.21165e-07 2.54676e-11 7 1 0.5 7
3.23e+07 1.94293e-09 2.14639e-07 4.43419e-11 6 1 0.5 6
3.24e+07 1.71486e-09 2.04298e-07 4.51943e-11 5 1 0.5 5
3.25e+07 1.14135e-09 2.1372e-07 2.58796e-11 6 1 0.5 6
3.26e+07 9.80837e-10 2.19886e-07 2.27319e-11 6 1 0.5 6
3.27e+07 1.74589e-09 2.12702e-07 2.3653e-11 10 1 0.5 10
3.28e+07 1.36777e-09 2.04626e-07 2.56925e-11 7 1 0.5 7
3.29e+07 1.86326e-09 2.04111e-07 4.08597e-11 6 1 0.5 6
3.3e+07 1.42291e-09 1.99411e-07 2.29114e-11 8 1 0.5 8
3.31e+07 1.82195e-09 2.01315e-07 7.96016e-11 3 1 0.5 3
3.32e+07 1.68018e-09 2.10261e-07 4.52856e-11 5 1 0.5 5
3.33e+07 1.51866e-09 2.14976e-07 1.88459e-11 11 1 0.5 11
3.34e+07 1.60695e-09 2.03513e-07 3.51247e-11 6 1 0.5 6
3.35e+07 1.68275e-09 2.04837e-07 3.16666e-11 7 1 0.5 7
3.36e+07 1.61397e-09 1.97708e-07 1.7192e-11 12 1 0.5 12
3.37e+07 1.74658e-09 2.05013e-07 3.28964e-11 7 1 0.5 7
3.38e+07 1.04716e-09 2.0762e-07 1.73825e-11 8 1 0.5 8
3.39e+07 1.11916e-09 2.19014e-07 1.93809e-11 8 1 0.5 8
3.4e+07 2.06057e-09 2.08521e-07 3.44198e-11 8 1 0.5 8
3.41e+07 1.75491e-09 2.06947e-07 3.3302e-11 7 1 0.5 7
3.42e+07 1.32594e-09 2.15296e-07 1.64669e-11 11 1 0.5 11
3.43e+07 1.35654e-09 2.06172e-07 1.99151e-11 9 1 0.5 9
3.44e+07 1.25997e-09 2.0274e-07 1.64212e-11 10 1 0.5 10
3.45e+07 1.70408e-09 2.12792e-07 2.88941e-11 8 1 0.5 8
3.46e+07 1.76868e-09 2.0901e-07 3.38241e-11 7 1 0.5 7
3.47e+07 2.10557e-09 2.08604e-07 3.5187e-11 8 1 0.5 8
3.48e+07 1.45629e-09 2.10647e-07 2.79931e-11 7 1 0.5 7
3.49e+07 2.22234e-09 2.19111e-07 3.86239e-11 8 1 0.5 8
3.5e+07 1.3216e-09 2.07584e-07 1.95045e-11 9 1 0.5 9
3.51e+07 1.87409e-09 2.06065e-07 4.14069e-11 6 1 0.5 6
3.52e+07 1.77734e-09 2.06823e-07 2.35595e-11 10 1 0.5 10
3.53e+07 1.51238e-09 2.09055e-07 2.02015e-11 10 1 0.5 10
3.54e+07 1.5809e-09 2.05801e-07 2.98498e-11 7 1 0.5 7
3.55e+07 1.3572e-09 2.16467e-07 2.33027e-11 8 1 0.5 8
3.56e+07 8.97549e-10 2.10367e-07 1.50472e-11 8 1 0.5 8
3.57e+07 1.46451e-09 2.16163e-07 2.23225e-11 9 1 0.5 9
3.58e+07 2.11078e-09 2.08908e-07 4.03958e-11 7 1 0.5 7
3.59e+07 1.37233e-09 2.00187e-07 2.21608e-11 8 1 0.5 8
3.6e+07 1.07632e-09 2.05301e-07 2.36409e-11 6 1 0.5 6
3.61e+07 1.87274e-09 2.09311e-07 5.03399e-11 5 1 0.5 5
3.62e+07 1.20926e-09 2.08471e-07 1.79013e-11 9 1 0.5 9
3.63e+07 1.5545e-09 2.14391e-07 2.11826e-11 10 1 0.5 10
3.64e+07 1.84278e-09 2.08013e-07 4.10125e-11 6 1 0.5 6
3.65e+07 1.6607e-09 2.1094e-07 3.19785e-11 7 1 0.5 7
3.66e+07 1.18895e-09 2.09305e-07 3.18593e-11 5 1 0.5 5
3.67e+07 1.22503e-09 1.9755e-07 3.13828e-11 5 1 0.5 5
3.68e+07 1.16471e-09 2.24458e-07 1.4946e-11 11 1 0.5 11
3.69e+07 1.34853e-09 2.1551e-07 2.30722e-11 8 1 0.5 8
3.7e+07 1.53248e-09 2.15676e-07 2.62494e-11 8 1 0.5 8
3.71e+07 1.8971e-09 2.08951e-07 3.17259e-11 8 1 0.5 8
3.72e+07 1.57685e-09 1.99102e-07 3.38789e-11 6 1 0.5 6
3.73e+07 1.48202e-09 2.11537e-07 3.33767e-11 6 1 0.5 6
3.74e+07 1.1447e-09 2.05818e-07 1.25707e-11 12 1 0.5 12
3.75e+07 1.05828e-09 2.1032e-07 2.02912e-11 7 1 0.5 7
3.76e+07 1.56606e-09 2.13498e-07 3.47061e-11 8 1 0.5 8
3.77e+07 1.53793e-09 2.0841e-07 2.56408e-11 8 1 0.5 8
3.78e+07 1.70701e-09 2.0639e-07 2.05222e-11 11 1 0.5 11
3.79e+07 1.69549e-09 2.05441e-07 3.7347e-11 6 1 0.5 6
3.8e+07 1.63295e-09 2.09021e-07 1.36149e-11 16 1 0.5 16
3.81e+07 1.16291e-09 2.11333e-07 1.9581e-11 8 1 0.5 8
3.82e+07 1.19609e-09 1.95094e-07 2.16376e-11 7 1 0.5 7
3.83e+07 1.77605e-09 2.00428e-07 3.67898e-11 7 1 0.5 7
3.84e+07 1.14777e-09 2.12467e-07 1.55149e-11 10 1 0.5 10
3.85e+07 1.51131e-09 2.05447e-07 2.49138e-11 8 1 0.5 8
3.86e+07 1.39363e-09 2.07074e-07 7.66605e-10 6 1 0.5 6
3.87e+07 1.46522e-09 2.09849e-07 2.80816e-11 7 1 0.5 7
3.88e+07 1.03821e-09 2.06811e-07 2.75411e-11 5 1 0.5 5
3.89e+07 1.63429e-09 2.10236e-07 2.19328e-11 10 1 0.5 10
3.9e+07 1.16504e-09 2.0814e-07 1.40839e-11 11 1 0.5 11
3.91e+07 1.45275e-09 2.10559e-07 3.91586e-11 5 1 0.5 5
3.92e+07 1.41453e-09 2.03908e-07 2.31754e-11 8 1 0.5 8
3.93e+07 1.45195e-09 2.05604e-07 2.12748e-11 9 1 0.5 9
3.94e+07 1.31813e-09 2.06085e-07 1.9343e-11 9 1 0.5 9
3.95e+07 1.81045e-09 2.1e-07 2.69965e-11 9 1 0.5 9
3.96e+07 1.13681e-09 2.10694e-07 1.69665e-11 9 1 0.5 9
3.97e+07 1.43828e-09 2.13977e-07 1.95638e-11 10 1 0.5 10
3.98e+07 1.21069e-09 2.117e-07 1.63213e-11 10 1 0.5 10
3.99e+07 1.44936e-09 2.03076e-07 3.16085e-11 6 1 0.5 6
4e+07 1.29979e-09 2.10412e-07 1.34074e-11 13 1 0.5 13
4.01e+07 1.56445e-09 2.1139e-07 1.91598e-11 11 1 0.5 11
4.02e+07 1.58812e-09 2.07378e-07 2.10831e-11 10 1 0.5 10
4.03e+07 1.55156e-09 2.12764e-07 3.00698e-11 7 1 0.5 7
4.04e+07 1.72884e-09 2.01739e-07 5.65129e-11 4 1 0.5 4
4.05e+07 1.85534e-09 2.01067e-07 2.00326e-11 12 1 0.5 12
4.06e+07 1.70779e-09 2.07201e-07 1.88729e-11 12 1 0.5 12
4.07e+07 1.38996e-09 2.11204e-07 2.67679e-11 7 1 0.5 7
4.08e+07 1.29064e-09 2.09821e-07 2.16172e-11 8 1 0.5 8
4.09e+07 1.90823e-09 2.09306e-07 3.19557e-11 8 1 0.5 8
4.1e+07 1.55404e-09 2.03043e-07 3.39e-11 6 1 0.5 6
4.11e+07 1.09555e-09 2.04017e-07 2.05133e-11 7 1 0.5 7
4.12e+07 1.60764e-09 1.99654e-07 2.3031e-11 9 1 0.5 9
4.13e+07 1.11194e-09 2.19514e-07 1.71408e-11 9 1 0.5 9
4.14e+07 1.26158e-09 2.12439e-07 1.89573e-11 9 1 0.5 9
4.15e+07 2.00333e-09 2.03686e-07 3.75717e-11 7 1 0.5 7
4.16e+07 1.41218e-09 1.99044e-07 2.3608e-11 8 1 0.5 8
4.17e+07 1.67607e-09 2.12659e-07 2.84028e-11 8 1 0.5 8
4.18e+07 1.2988e-09 1.97535e-07 2.0753e-11 8 1 0.5 8
4.19e+07 1.4582e-09 1.94274e-07 3.07254e-11 6 1 0.5 6
4.2e+07 1.2168e-09 2.0357e-07 2.6564e-11 6 1 0.5 6
4.21e+07 1.52315e-09 2.08117e-07 2.53654e-11 8 1 0.5 8
4.22e+07 1.68771e-09 2.06331e-07 2.23213e-11 10 1 0.5 10
4.23e+07 1.61855e-09 2.00285e-07 2.3245e-11 9 1 0.5 9
4.24e+07 1.62e-09 2.11463e-07 3.64935e-11 6 1 0.5 6
4.25e+07 1.54391e-09 2.10381e-07 3.4629e-11 6 1 0.5 6
4.26e+07 1.79612e-09 2.13183e-07 2.78825e-11 10 1 0.5 10
4.27e+07 1.92279e-09 2.2218e-07 3.86147e-11 7 1 0.5 7
4.28e+07 9.85589e-10 2.04114e-07 1.4343e-11 9 1 0.5 9
4.29e+07 1.95873e-09 1.94904e-07 1.98863e-10 3 1 0.5 3
4.3e+07 1.38189e-09 2.02739e-07 2.57718e-11 7 1 0.5 7
4.31e+07 1.22686e-09 2.07157e-07 2.3258e-11 7 1 0.5 7
4.32e+07 1.53553e-09 2.02664e-07 3.34454e-11 6 1 0.5 6
4.33e+07 1.39108e-09 2.03437e-07 2.60135e-11 7 1 0.5 7
4.34e+07 1.97072e-09 2.0447e-07 5.20313e-11 5 1 0.5 5
4.35e+07 1.51178e-09 2.0948e-07 1.83811e-11 11 1 0.5 11
4.36e+07 1.71316e-09 2.15366e-07 5.89516e-11 4 1 0.5 4
4.37e+07 1.44908e-09 2.04867e-07 3.18201e-11 6 1 0.5 6
4.38e+07 1.46379e-09 2.00785e-07 2.08712e-10 6 1 0.5 6
4.39e+07 2.03778e-09 2.04331e-07 1.90937e-11 14 1 0.5 14
4.4e+07 1.23827e-09 2.08098e-07 1.83064e-11 9 1 0.5 9
4.41e+07 1.23062e-09 1.94039e-07 1.55006e-11 10 1 0.5 10
4.42e+07 1.66496e-09 2.01223e-07 2.40015e-11 9 1 0.5 9
4.43e+07 1.20265e-09 2.05653e-07 1.13106e-11 14 1 0.5 14
4.44e+07 2.53524e-09 2.04646e-07 4.78042e-11 7 1 0.5 7
4.45e+07 1.62518e-09 2.05265e-07 3.06276e-11 7 1 0.5 7
4.46e+07 1.4854e-09 2.07024e-07 2.18846e-11 9 1 0.5 9
4.47e+07 1.15661e-09 2.14632e-07 2.25413e-11 7 1 0.5 7
4.48e+07 1.98304e-09 2.08048e-07 2.64161e-11 10 1 0.5 10
4.49e+07 1.37907e-09 2.01285e-07 2.23649e-11 8 1 0.5 8
4.5e+07 1.70527e-09 2.11481e-07 2.55624e-11 9 1 0.5 9
4.51e+07 1.04644e-09 2.10682e-07 1.40482e-11 10 1 0.5 10
4.52e+07 1.37757e-09 1.99413e-07 2.53618e-11 7 1 0.5 7
4.53e+07 1.56003e-09 2.07844e-07 4.16438e-11 5 1 0.5 5
4.54e+07 1.34992e-09 2.06924e-07 1.62502e-11 11 1 0.5 11
4.55e+07 1.20104e-09 2.04579e-07 2.632e-11 6 1 0.5 6
4.56e+07 1.48206e-09 2.10145e-07 1.422e-10 5 1 0.5 5
4.57e+07 1.4657e-09 1.97853e-07 3.13243e-11 6 1 0.5 6
4.58e+07 1.28042e-09 2.13782e-07 1.58117e-11 11 1 0.5 11
4.59e+07 1.14708e-09 2.08913e-07 1.27451e-11 12 1 0.5 12
4.6e+07 1.41113e-09 2.07956e-07 2.08598e-11 9 1 0.5 9
4.61e+07 1.48671e-09 2.05258e-07 2.17573e-11 9 1 0.5 9
4.62e+07 1.43546e-09 2.12953e-07 2.78286e-11 7 1 0.5 7
4.63e+07 1.50301e-09 2.02806e-07 1.78163e-11 11 1 0.5 11
4.64e+07 1.63263e-09 2.15379e-07 2.48244e-11 9 1 0.5 9
4.65e+07 1.39502e-09 2.13266e-07 3.83325e-11 5 1 0.5 5
4.66e+07 1.3264e-09 2.02897e-07 3.47089e-11 5 1 0.5 5
4.67e+07 1.4277e-09 2.08362e-07 2.72066e-11 7 1 0.5 7
4.68e+07 1.05299e-09 2.08177e-07 2.80795e-11 5 1 0.5 5
4.69e+07 1.68779e-09 2.05456e-07 2.78377e-11 8 1 0.5 8
4.7e+07 1.71214e-09 2.15898e-07 3.92209e-11 6 1 0.5 6
4.71e+07 1.30164e-09 2.13887e-07 3.54975e-11 5 1 0.5 5
4.72e+07 1.27535e-09 2.08051e-07 3.4027e-11 5 1 0.5 5
4.73e+07 1.55108e-09 2.05859e-07 2.92904e-11 7 1 0.5 7
4.74e+07 1.46422e-09 2.1141e-07 2.46829e-11 8 1 0.5 8
4.75e+07 1.76048e-09 2.04017e-07 1.92225e-11 12 1 0.5 12
4.76e+07 9.21194e-10 2.12185e-07 2.49207e-11 5 1 0.5 5
4.77e+07 1.44214e-09 2.07664e-07 3.20052e-11 6 1 0.5 6
4.78e+07 1.26939e-09 2.07688e-07 2.10902e-11 8 1 0.5 8
4.79e+07 1.55e-09 2.06093e-07 4.11002e-11 5 1 0.5 5
4.8e+07 1.24925e-09 2.14165e-07 2.1262e-11 8 1 0.5 8
4.81e+07 1.2295e-09 2.09041e-07 1.64114e-11 10 1 0.5 10
4.82e+07 1.49697e-09 2.07889e-07 3.32571e-11 6 1 0.5 6
4.83e+07 1.3531e-09 2.05461e-07 2.22971e-11 8 1 0.5 8
4.84e+07 1.61497e-09 2.09439e-07 2.1608e-11 10 1 0.5 10
4.85e+07 1.3935e-09 2.00737e-07 2.25519e-11 8 1 0.5 8
4.86e+07 1.90323e-09 1.99362e-07 4.52002e-11 7 1 0.5 7
4.87e+07 1.16065e-09 2.08514e-07 2.21112e-11 7 1 0.5 7
4.88e+07 1.34091e-09 2.05356e-07 2.94879e-11 6 1 0.5 6
4.89e+07 1.22739e-09 2.05021e-07 1.79345e-11 9 1 0.5 9
4.9e+07 1.14064e-09 2.15602e-07 1.73358e-11 9 1 0.5 9
4.91e+07 2.13492e-09 2.07397e-07 4.0628e-11 7 1 0.5 7
4.92e+07 1.57422e-09 1.9608e-07 2.86228e-11 7 1 0.5 7
4.93e+07 1.75754e-09 2.08233e-07 5.89061e-11 4 1 0.5 4
4.94e+07 1.22216e-09 2.06559e-07 2.69875e-11 6 1 0.5 6
4.95e+07 1.42618e-09 2.1239e-07 1.28422e-11 15 1 0.5 15
4.96e+07 2.14049e-09 2.03873e-07 7.07102e-11 4 1 0.5 4
4.97e+07 1.62286e-09 1.99048e-07 2.9858e-11 7 1 0.5 7
4.98e+07 1.53563e-09 2.17606e-07 4.25066e-11 5 1 0.5 5
4.99e+07 1.45812e-09 2.09018e-07 1.7696e-11 11 1 0.5 11
5e+07 1.23034e-09 2.15865e-07 1.40297e-11 12 1 0.5 12
5.01e+07 1.29473e-09 2.05371e-07 2.8469e-11 6 1 0.5 6
5.02e+07 1.17083e-09 2.07922e-07 2.22561e-11 7 1 0.5 7
5.03e+07 1.54691e-09 2.07126e-07 2.56663e-11 8 1 0.5 8
5.04e+07 1.23896e-09 2.08179e-07 3.30668e-11 5 1 0.5 5
5.05e+07 1.36184e-09 2.03115e-07 3.56718e-11 5 1 0.5 5
5.06e+07 1.9426e-09 2.08393e-07 4.33124e-11 6 1 0.5 6
5.07e+07 2.12008e-09 2.0545e-07 3.1098e-11 9 1 0.5 9
5.08e+07 1.74341e-09 2.02525e-07 3.79818e-11 6 1 0.5 6
5.09e+07 2.0691e-09 2.07276e-07 5.52416e-11 5 1 0.5 5
5.1e+07 1.47789e-09 2.06773e-07 3.92767e-11 5 1 0.5 5
5.11e+07 1.20501e-09 2.07329e-07 1.99896e-11 8 1 0.5 8
5.12e+07 2.13345e-09 2.0807e-07 3.55839e-11 8 1 0.5 8
5.13e+07 1.57661e-09 2.07049e-07 2.99099e-11 7 1 0.5 7
5.14e+07 1.15825e-09 2.19275e-07 2.29591e-11 7 1 0.5 7
5.15e+07 1.10969e-09 2.18899e-07 1.27916e-11 12 1 0.5 12
5.16e+07 1.41816e-09 2.02926e-07 1.85026e-11 10 1 0.5 10
5.17e+07 1.38642e-09 2.04564e-07 1.51594e-11 12 1 0.5 12
5.18e+07 1.39358e-09 2.15748e-07 3.18664e-11 6 1 0.5 6
5.19e+07 1.79959e-09 2.0989e-07 3.01933e-11 8 1 0.5 8
5.2e+07 1.67486e-09 2.04089e-07 2.44129e-11 9 1 0.5 9
5.21e+07 1.53412e-09 1.9895e-07 2.82067e-11 7 1 0.5 7
5.22e+07 1.57192e-09 2.12619e-07 3.55565e-11 6 1 0.5 6
5.23e+07 1.83642e-09 2.05681e-07 4.05096e-11 6 1 0.5 6
5.24e+07 1.23896e-09 2.19219e-07 1.71706e-11 10 1 0.5 10
5.25e+07 1.1313e-09 2.00509e-07 1.82793e-11 8 1 0.5 8
5.26e+07 1.09799e-09 2.18975e-07 1.38135e-11 11 1 0.5 11
5.27e+07 1.02838e-09 2.03464e-07 1.92108e-11 7 1 0.5 7
5.28e+07 1.4853e-09 2.02094e-07 2.76404e-11 7 1 0.5 7
5.29e+07 1.63609e-09 2.09635e-07 2.7411e-11 8 1 0.5 8
5.3e+07 1.07858e-09 2.1269e-07 1.62151e-11 9 1 0.5 9
5.31e+07 9.58047e-10 2.15647e-07 1.6381e-11 8 1 0.5 8
5.32e+07 1.46539e-09 2.10819e-07 1.97015e-11 10 1 0.5 10
5.33e+07 1.47724e-09 2.1031e-07 2.48012e-11 8 1 0.5 8
5.34e+07 1.54495e-09 2.11213e-07 3.47603e-11 6 1 0.5 6
5.35e+07 1.52967e-09 2.125e-07 2.06979e-11 10 1 0.5 10
5.36e+07 1.68376e-09 2.13802e-07 2.86549e-11 8 1 0.5 8
5.37e+07 1.63446e-09 2.0989e-07 2.43513e-11 9 1 0.5 9
5.38e+07 1.63384e-09 2.09741e-07 2.43283e-11 9 1 0.5 9
5.39e+07 1.49781e-09 2.18706e-07 1.88412e-11 11 1 0.5 11
5.4e+07 1.34481e-09 2.05819e-07 1.61208e-11 11 1 0.5 11
5.41e+07 1.08023e-09 2.19603e-07 1.2483e-11 12 1 0.5 12
5.42e+07 1.2868e-09 2.05667e-07 1.41268e-11 12 1 0.5 12
5.43e+07 1.29657e-09 2.0928e-07 2.89344e-11 6 1 0.5 6
5.44e+07 1.30838e-09 2.03763e-07 2.85944e-11 6 1 0.5 6
5.45e+07 1.3623e-09 2.03595e-07 2.54885e-11 7 1 0.5 7
5.46e+07 1.63019e-09 1.96055e-07 4.15901e-11 5 1 0.5 5
5.47e+07 1.37172e-09 2.01769e-07 1.78152e-11 10 1 0.5 10
5.48e+07 1.49939e-09 2.00371e-07 1.76068e-11 11 1 0.5 11
5.49e+07 1.47404e-09 2.02333e-07 1.91902e-11 10 1 0.5 10
5.5e+07 2.16237e-09 1.91195e-07 3.37683e-11 8 1 0.5 8
5.51e+07 1.44834e-09 1.94892e-07 2.6676e-11 9 1 0.5 9
5.52e+07 1.70751e-09 2.09633e-07 2.28676e-11 10 1 0.5 10
5.53e+07 1.61822e-09 2.09868e-07 1.66673e-11 13 1 0.5 13
5.54e+07 1.68053e-09 2.0323e-07 4.41016e-11 5 1 0.5 5
5.55e+07 1.53882e-09 2.03524e-07 2.51833e-11 8 1 0.5 8
5.56e+07 1.63317e-09 2.00036e-07 3.01647e-11 7 1 0.5 7
5.57e+07 1.54326e-09 2.07574e-07 2.93322e-11 7 1 0.5 7
5.58e+07 1.12401e-09 2.03106e-07 1.04673e-11 14 1 0.5 14
5.59e+07 1.14767e-09 2.08919e-07 1.91499e-11 8 1 0.5 8
5.6e+07 1.7092e-09 2.08807e-07 3.26553e-11 7 1 0.5 7
5.61e+07 1.64386e-09 2.05859e-07 3.10516e-11 7 1 0.5 7
5.62e+07 1.08196e-09 2.07303e-07 3.59976e-11 4 1 0.5 4
5.63e+07 2.01492e-09 2.10453e-07 3.38982e-11 8 1 0.5 8
5.64e+07 1.92482e-09 1.99599e-07 3.10582e-11 8 1 0.5 8
5.65e+07 1.20753e-09 2.05962e-07 3.19541e-11 5 1 0.5 5
5.66e+07 1.72672e-09 2.1312e-07 1.95105e-11 12 1 0.5 12
5.67e+07 1.33999e-09 1.94422e-07 2.82394e-11 6 1 0.5 6
5.68e+07 1.95278e-09 2.14083e-07 2.66041e-11 10 1 0.5 10
5.69e+07 1.41053e-09 2.046e-07 1.23338e-11 15 1 0.5 15
5.7e+07 2.14285e-09 2.05149e-07 2.01445e-11 14 1 0.5 14
5.71e+07 1.58989e-09 2.04589e-07 2.98819e-11 7 1 0.5 7
5.72e+07 1.69371e-09 2.10793e-07 2.09153e-11 11 1 0.5 11
5.73e+07 1.3919e-09 2.1679e-07 1.91274e-11 10 1 0.5 10
5.74e+07 1.2982e-09 2.19631e-07 3.61537e-11 5 1 0.5 5
5.75e+07 9.17185e-10 2.07528e-07 1.01334e-11 12 1 0.5 12
5.76e+07 1.50063e-09 2.11421e-07 1.8378e-11 11 1 0.5 11
5.77e+07 1.31688e-09 2.06499e-07 1.33853e-11 13 1 0.5 13
5.78e+07 1.47497e-09 2.15507e-07 2.8869e-11 7 1 0.5 7
5.79e+07 1.52903e-09 2.24408e-07 2.16035e-11 10 1 0.5 10
5.8e+07 1.91746e-09 1.98785e-07 6.20259e-11 4 1 0.5 4
5.81e+07 1.3846e-09 2.16177e-07 2.11012e-11 9 1 0.5 9
5.82e+07 1.39684e-09 2.06065e-07 2.30735e-11 8 1 0.5 8
5.83e+07 1.0625e-09 2.11692e-07 1.79091e-11 8 1 0.5 8
5.84e+07 1.20565e-09 2.10584e-07 1.34815e-11 12 1 0.5 12
5.85e+07 1.67005e-09 2.01749e-07 2.17023e-11 10 1 0.5 10
5.86e+07 1.07766e-09 2.03738e-07 1.17395e-11 12 1 0.5 12
5.87e+07 1.30291e-09 2.00309e-07 3.37511e-11 5 1 0.5 5
5.88e+07 1.6026e-09 2.00275e-07 4.15638e-11 5 1 0.5 5
5.89e+07 1.6278e-09 1.87425e-07 4.01105e-11 5 1 0.5 5
5.9e+07 1.18097e-09 2.24312e-07 1.38821e-11 12 1 0.5 12
5.91e+07 1.42423e-09 2.07095e-07 2.36199e-11 8 1 0.5 8
5.92e+07 1.33593e-09 2.00498e-07 1.32701e-11 13 1 0.5 13
5.93e+07 1.76601e-09 2.13442e-07 4.00987e-11 6 1 0.5 6
5.94e+07 1.12218e-09 2.17099e-07 1.92987e-11 8 1 0.5 8
5.95e+07 1.73787e-09 2.03066e-07 2.5236e-11 9 1 0.5 9
5.96e+07 1.67806e-09 2.04811e-07 1.57431e-11 14 1 0.5 14
5.97e+07 1.59714e-09 2.11143e-07 3.07716e-11 7 1 0.5 7
5.98e+07 1.68433e-09 2.06607e-07 1.8571e-11 12 1 0.5 12
5.99e+07 1.33736e-09 2.13539e-07 3.03266e-11 6 1 0.5 6
6e+07 1.31877e-09 2.03496e-07 2.46614e-11 7 1 0.5 7
6.01e+07 1.45202e-09 2.00554e-07 1.87728e-11 10 1 0.5 10
6.02e+07 1.24373e-09 2.0918e-07 2.37597e-11 7 1 0.5 7
6.03e+07 1.41657e-09 2.00758e-07 2.03715e-11 9 1 0.5 9
6.04e+07 1.50302e-09 2.04877e-07 3.30122e-11 6 1 0.5 6
6.05e+07 1.61485e-09 2.1564e-07 1.69922e-11 13 1 0.5 13
6.06e+07 1.54031e-09 2.17826e-07 2.36256e-11 9 1 0.5 9
6.07e+07 1.40244e-09 1.98271e-07 2.248e-11 8 1 0.5 8
6.08e+07 1.53664e-09 2.10863e-07 2.29716e-11 9 1 0.5 9
6.09e+07 1.56841e-09 2.08059e-07 2.61168e-11 8 1 0.5 8
6.1e+07 1.70022e-09 2.08814e-07 2.84029e-11 8 1 0.5 8
6.11e+07 1.7376e-09 2.08304e-07 4.65018e-11 5 1 0.5 5
6.12e+07 1.93196e-09 2.03372e-07 3.61813e-11 7 1 0.5 7
6.13e+07 1.62768e-09 2.11979e-07 2.19865e-11 10 1 0.5 10
6.14e+07 1.82195e-09 2.08944e-07 3.48402e-11 7 1 0.5 7
6.15e+07 2.01698e-09 2.06199e-07 3.33924e-11 8 1 0.5 8
6.16e+07 1.77786e-09 2.08902e-07 1.82502e-11 13 1 0.5 13
6.17e+07 1.56299e-09 2.02102e-07 2.03341e-11 10 1 0.5 10
6.18e+07 1.22989e-09 2.12398e-07 2.37782e-11 7 1 0.5 7
6.19e+07 1.8989e-09 2.07887e-07 5.07759e-11 5 1 0.5 5
6.2e+07 1.108e-09 2.06262e-07 1.83012e-11 8 1 0.5 8
6.21e+07 2.00173e-09 2.03562e-07 2.18283e-11 12 1 0.5 12
6.22e+07 2.13959e-09 2.09939e-07 2.60929e-11 11 1 0.5 11
6.23e+07 1.80668e-09 2.09825e-07 2.42187e-11 10 1 0.5 10
6.24e+07 1.61348e-09 2.08119e-07 1.78895e-11 12 1 0.5 12
6.25e+07 1.54584e-09 2.03996e-07 2.02572e-11 10 1 0.5 10
6.26e+07 1.4946e-09 2.13348e-07 2.25482e-11 9 1 0.5 9
6.27e+07 1.36228e-09 2.00018e-07 2.19834e-11 8 1 0.5 8
6.28e+07 1.34548e-09 2.05301e-07 2.21575e-11 8 1 0.5 8
6.29e+07 1.42831e-09 1.92031e-07 1.78543e-11 10 1 0.5 10
6.3e+07 2.01239e-09 2.00586e-07 3.7293e-11 7 1 0.5 7
6.31e+07 1.5604e-09 2.06617e-07 2.06541e-11 10 1 0.5 10
6.32e+07 1.52347e-09 2.05081e-07 4.02363e-11 5 1 0.5 5
6.33e+07 1.46276e-09 2.11892e-07 2.82488e-11 7 1 0.5 7
6.34e+07 2.10455e-09 2.07134e-07 4.00064e-11 7 1 0.5 7
6.35e+07 1.25699e-09 2.11683e-07 2.83124e-11 6 1 0.5 6
6.36e+07 1.35112e-09 2.06439e-07 2.23472e-11 8 1 0.5 8
6.37e+07 1.59086e-09 2.04251e-07 2.98616e-11 7 1 0.5 7
6.38e+07 1.32478e-09 2.08578e-07 1.9625e-11 9 1 0.5 9
6.39e+07 1.30652e-09 1.98323e-07 1.67401e-11 10 1 0.5 10
6.4e+07 1.46632e-09 2.0335e-07 2.7418e-11 7 1 0.5 7
6.41e+07 1.37983e-09 2.12622e-07 1.86724e-11 10 1 0.5 10
6.42e+07 1.22533e-09 2.14813e-07 2.3902e-11 7 1 0.5 7
6.43e+07 1.36082e-09 2.14599e-07 2.06177e-11 9 1 0.5 9
6.44e+07 1.78562e-09 2.07849e-07 2.37577e-11 10 1 0.5 10
6.45e+07 2.22314e-09 2.10077e-07 4.27491e-11 7 1 0.5 7
6.46e+07 1.74603e-09 2.1339e-07 1.47992e-11 16 1 0.5 16
6.47e+07 1.5068e-09 2.09019e-07 2.87924e-11 7 1 0.5 7
6.48e+07 1.21373e-09 2.0368e-07 2.27054e-11 7 1 0.5 7
6.49e+07 1.62916e-09 2.11293e-07 2.19503e-11 10 1 0.5 10
6.5e+07 1.34369e-09 2.04552e-07 2.20648e-11 8 1 0.5 8
6.51e+07 1.50749e-09 2.06673e-07 4.00536e-11 5 1 0.5 5
6.52e+07 1.33453e-09 2.00472e-07 1.91667e-11 9 1 0.5 9
6.53e+07 2.09107e-09 2.10384e-07 3.12479e-11 9 1 0.5 9
6.54e+07 1.47504e-09 1.99646e-07 2.71892e-11 7 1 0.5 7
6.55e+07 1.4957e-09 2.13534e-07 1.84617e-11 11 1 0.5 11
6.56e+07 1.15644e-09 1.99726e-07 1.48937e-11 10 1 0.5 10
6.57e+07 1.44917e-09 2.03652e-07 1.89613e-11 10 1 0.5 10
6.58e+07 2.00851e-09 2.14167e-07 3.91944e-11 7 1 0.5 7
6.59e+07 1.54646e-09 2.1897e-07 2.38191e-11 9 1 0.5 9
6.6e+07 1.59629e-09 2.05507e-07 2.33895e-11 9 1 0.5 9
6.61e+07 1.78583e-09 1.97067e-07 2.07127e-11 11 1 0.5 11
6.62e+07 1.55065e-09 2.08811e-07 3.47375e-11 6 1 0.5 6
6.63e+07 2.41317e-09 2.1066e-07 6.53587e-11 5 1 0.5 5
6.64e+07 1.60668e-09 2.08124e-07 1.78142e-11 12 1 0.5 12
6.65e+07 1.41089e-09 2.01231e-07 1.52311e-11 12 1 0.5 12
6.66e+07 1.52645e-09 2.01126e-07 1.64754e-11 12 1 0.5 12
6.67e+07 1.44222e-09 2.14237e-07 3.28022e-11 6 1 0.5 6
6.68e+07 1.69846e-09 1.93816e-07 2.12318e-11 11 1 0.5 11
6.69e+07 1.16469e-09 2.09322e-07 1.94642e-11 8 1 0.5 8
6.7e+07 1.07438e-09 2.02424e-07 2.33395e-11 6 1 0.5 6
6.71e+07 1.27725e-09 2.12039e-07 2.46647e-11 7 1 0.5 7
6.72e+07 1.35114e-09 1.94204e-07 1.70342e-11 10 1 0.5 10
6.73e+07 1.55419e-09 2.12142e-07 1.2336e-11 17 1 0.5 17
6.74e+07 1.71934e-09 2.13641e-07 2.33731e-11 10 1 0.5 10
6.75e+07 1.30227e-09 2.04484e-07 2.44437e-11 7 1 0.5 7
6.76e+07 1.95609e-09 1.99343e-07 2.80127e-11 9 1 0.5 9
6.77e+07 1.2925e-09 1.97118e-07 1.37278e-11 12 1 0.5 12
6.78e+07 1.51806e-09 2.17264e-07 2.09034e-11 10 1 0.5 10
6.79e+07 1.38509e-09 2.15216e-07 2.70727e-11 7 1 0.5 7
6.8e+07 1.52983e-09 2.10915e-07 2.05782e-11 10 1 0.5 10
6.81e+07 1.54866e-09 2.01461e-07 1.11471e-11 18 1 0.5 18
6.82e+07 1.68225e-09 2.09223e-07 2.81446e-11 8 1 0.5 8
6.83e+07 1.35315e-09 1.99901e-07 3.50048e-11 5 1 0.5 5
6.84e+07 1.42699e-09 2.09064e-07 2.11834e-11 9 1 0.5 9
6.85e+07 2.00779e-09 1.98968e-07 6.5026e-11 4 1 0.5 4
6.86e+07 1.22827e-09 2.19386e-07 1.21557e-11 14 1 0.5 14
6.87e+07 1.88316e-09 2.22169e-07 5.31288e-11 5 1 0.5 5
6.88e+07 1.78274e-09 2.08487e-07 2.97517e-11 8 1 0.5 8
6.89e+07 1.73481e-09 2.16731e-07 1.06492e-10 8 1 0.5 8
6.9e+07 1.68286e-09 2.02968e-07 2.44246e-11 9 1 0.5 9
6.91e+07 1.25978e-09 2.14144e-07 2.86229e-11 6 1 0.5 6
6.92e+07 1.26425e-09 2.04455e-07 2.0748e-11 8 1 0.5 8
6.93e+07 1.40529e-09 2.0724e-07 3.43215e-11 6 1 0.5 6
6.94e+07 1.36659e-09 2.03573e-07 1.98651e-11 9 1 0.5 9
6.95e+07 1.25336e-09 2.1497e-07 1.55446e-11 11 1 0.5 11
6.96e+07 1.7632e-09 2.01864e-07 3.83179e-11 6 1 0.5 6
6.97e+07 1.43685e-09 2.15197e-07 2.80873e-11 7 1 0.5 7
6.98e+07 1.50276e-09 2.1016e-07 2.8838e-11 7 1 0.5 7
6.99e+07 1.83105e-09 1.97884e-07 3.35568e-11 7 1 0.5 7
7e+07 1.31525e-09 2.1308e-07 1.7826e-11 10 1 0.5 10
7.01e+07 2.13256e-09 2.04155e-07 3.50424e-11 8 1 0.5 8
7.02e+07 1.69589e-09 2.01524e-07 3.15108e-11 7 1 0.5 7
7.03e+07 1.83816e-09 2.07582e-07 2.44351e-11 10 1 0.5 10
7.04e+07 1.4073e-09 2.07327e-07 4.69125e-11 4 1 0.5 4
7.05e+07 1.45136e-09 2.04559e-07 1.90562e-11 10 1 0.5 10
7.06e+07 1.41948e-09 2.08055e-07 2.09914e-11 9 1 0.5 9
7.07e+07 1.68839e-09 2.12222e-07 1.90125e-11 12 1 0.5 12
7.08e+07 1.17196e-09 1.99224e-07 1.25479e-11 12 1 0.5 12
7.09e+07 1.63787e-09 2.11116e-07 2.00416e-11 11 1 0.5 11
7.1e+07 1.27266e-09 1.9668e-07 2.02655e-11 8 1 0.5 8
7.11e+07 1.10202e-09 1.92191e-07 2.76228e-11 5 1 0.5 5
7.12e+07 1.37525e-09 1.99042e-07 1.96438e-11 9 1 0.5 9
7.13e+07 1.31779e-09 2.05011e-07 2.16759e-11 8 1 0.5 8
7.14e+07 1.49918e-09 2.10982e-07 2.52345e-11 8 1 0.5 8
7.15e+07 1.5738e-09 1.9971e-07 4.17505e-11 10 1 0.5 10
7.16e+07 9.69796e-10 2.03059e-07 2.5353e-11 5 1 0.5 5
7.17e+07 1.31058e-09 2.03505e-07 2.14328e-11 8 1 0.5 8
7.18e+07 1.60846e-09 2.06295e-07 2.36393e-11 9 1 0.5 9
7.19e+07 1.21506e-09 2.04298e-07 1.59293e-11 10 1 0.5 10
7.2e+07 1.41321e-09 2.05046e-07 6.2447e-11 3 1 0.5 3
7.21e+07 1.56296e-09 2.09674e-07 3.49661e-11 6 1 0.5 6
7.22e+07 1.9754e-09 2.04103e-07 3.24394e-11 8 1 0.5 8
7.23e+07 1.42021e-09 1.97315e-07 2.59362e-11 7 1 0.5 7
7.24e+07 1.91403e-09 2.03919e-07 2.78974e-11 9 1 0.5 9
7.25e+07 1.32804e-09 2.20588e-07 1.85003e-11 10 1 0.5 10
7.26e+07 1.20143e-09 1.988e-07 1.92873e-11 8 1 0.5 8
7.27e+07 1.31988e-09 2.063e-07 3.49897e-11 5 1 0.5 5
7.28e+07 1.89238e-09 2.08162e-07 5.06743e-11 5 1 0.5 5
7.29e+07 1.42702e-09 2.03091e-07 2.66534e-11 7 1 0.5 7
7.3e+07 1.24711e-09 1.96567e-07 1.98484e-11 8 1 0.5 8
7.31e+07 1.58637e-09 2.03607e-07 2.59732e-11 8 1 0.5 8
7.32e+07 1.36155e-09 2.07012e-07 1.5026e-11 12 1 0.5 12
7.33e+07 1.51964e-09 2.07065e-07 2.88255e-11 7 1 0.5 7
7.34e+07 1.92688e-09 2.09444e-07 2.58001e-11 10 1 0.5 10
7.35e+07 1.30419e-09 2.07155e-07 1.92155e-11 9 1 0.5 9
7.36e+07 1.06192e-09 2.10548e-07 1.29511e-11 11 1 0.5 11
7.37e+07 1.67656e-09 2.25425e-07 1.8277e-11 13 1 0.5 13
7.38e+07 1.5004e-09 2.02862e-07 2.44895e-11 8 1 0.5 8
7.39e+07 1.58031e-09 2.01358e-07 2.93338e-11 7 1 0.5 7
7.4e+07 1.28514e-09 2.21561e-07 3.60973e-11 5 1 0.5 5
7.41e+07 1.65716e-09 2.1695e-07 2.53445e-11 9 1 0.5 9
7.42e+07 1.71399e-09 2.06021e-07 1.8857e-11 12 1 0.5 12
7.43e+07 1.16642e-09 2.07735e-07 3.88897e-11 4 1 0.5 4
7.44e+07 1.55025e-09 2.12745e-07 2.62696e-11 8 1 0.5 8
7.45e+07 1.16021e-09 2.05347e-07 3.38172e-11 5 1 0.5 5
7.46e+07 1.82401e-09 2.00438e-07 2.95198e-11 8 1 0.5 8
7.47e+07 1.25569e-09 2.08767e-07 1.86116e-11 9 1 0.5 9
7.48e+07 1.2306e-09 2.18955e-07 2.43708e-11 7 1 0.5 7
7.49e+07 1.24673e-09 1.97073e-07 1.76655e-11 9 1 0.5 9
7.5e+07 1.48159e-09 2.11455e-07 1.66298e-11 12 1 0.5 12
7.51e+07 1.08763e-09 2.01718e-07 1.17566e-11 12 1 0.5 12
7.52e+07 1.77912e-09 2.10058e-07 2.16904e-11 11 1 0.5 11
7.53e+07 1.3086e-09 1.99881e-07 1.68691e-11 10 1 0.5 10
7.54e+07 1.55211e-09 2.0007e-07 2.50647e-11 8 1 0.5 8
7.55e+07 1.69496e-09 2.00724e-07 1.09376e-10 9 1 0.5 9
7.56e+07 2.16645e-09 2.0566e-07 4.78451e-11 6 1 0.5 6
7.57e+07 1.37064e-09 2.13846e-07 3.73855e-11 5 1 0.5 5
7.58e+07 1.73879e-09 2.11601e-07 3.35736e-11 7 1 0.5 7
7.59e+07 1.36121e-09 2.11423e-07 1.66657e-11 11 1 0.5 11
7.6e+07 1.69617e-09 2.10051e-07 3.25569e-11 7 1 0.5 7
7.61e+07 1.51476e-09 2.07648e-07 2.23715e-11 9 1 0.5 9
7.62e+07 1.55984e-09 2.11296e-07 3.00663e-11 7 1 0.5 7
7.63e+07 1.84266e-09 2.02061e-07 3.00116e-11 8 1 0.5 8
7.64e+07 1.75222e-09 2.20573e-07 4.90696e-11 5 1 0.5 5
7.65e+07 1.37553e-09 2.16211e-07 2.69833e-11 7 1 0.5 7
7.66e+07 1.32523e-09 2.08839e-07 2.95282e-11 6 1 0.5 6
7.67e+07 1.55826e-09 2.13094e-07 2.64401e-11 8 1 0.5 8
7.68e+07 1.27333e-09 2.0858e-07 1.88605e-11 9 1 0.5 9
7.69e+07 1.39056e-09 2.01108e-07 2.00234e-11 9 1 0.5 9
7.7e+07 1.47229e-09 2.0197e-07 4.81012e-11 4 1 0.5 4
7.71e+07 1.39893e-09 2.08546e-07 2.66743e-11 7 1 0.5 7
7.72e+07 9.87834e-10 2.15598e-07 1.68888e-11 8 1 0.5 8
7.73e+07 1.91465e-09 2.01201e-07 3.10865e-11 8 1 0.5 8
7.74e+07 1.38221e-09 2.21689e-07 1.75709e-11 11 1 0.5 11
7.75e+07 1.26442e-09 1.98852e-07 2.71089e-11 6 1 0.5 6
7.76e+07 1.95324e-09 1.96731e-07 2.07388e-11 12 1 0.5 12
7.77e+07 1.77204e-09 2.1732e-07 2.71462e-11 9 1 0.5 9
7.78e+07 1.29225e-09 2.09748e-07 2.16383e-11 8 1 0.5 8
7.79e+07 1.59e-09 2.13589e-07 3.0913e-11 7 1 0.5 7
7.8e+07 1.34169e-09 1.9942e-07 1.9191e-11 9 1 0.5 9
7.81e+07 1.76308e-09 2.09971e-07 2.36447e-11 10 1 0.5 10
7.82e+07 1.67612e-09 1.97289e-07 1.9453e-11 11 1 0.5 11
7.83e+07 1.04971e-09 2.12241e-07 1.57536e-11 9 1 0.5 9
7.84e+07 1.28884e-09 2.07001e-07 1.13711e-11 15 1 0.5 15
7.85e+07 1.85364e-09 2.12267e-07 4.19194e-11 6 1 0.5 6
7.86e+07 1.89591e-09 2.07498e-07 2.09535e-10 6 1 0.5 6
7.87e+07 1.45842e-09 2.00691e-07 1.34625e-11 14 1 0.5 14
7.88e+07 1.66206e-09 2.03099e-07 2.1711e-11 10 1 0.5 10
7.89e+07 1.16599e-09 2.12822e-07 1.21327e-11 13 1 0.5 13
7.9e+07 1.74934e-09 2.01714e-07 3.79927e-11 6 1 0.5 6
7.91e+07 1.18506e-09 2.14567e-07 3.23817e-11 5 1 0.5 5
7.92e+07 1.36801e-09 2.26058e-07 2.78023e-11 7 1 0.5 7
7.93e+07 1.78371e-09 2.09255e-07 3.98752e-11 6 1 0.5 6
7.94e+07 1.13325e-09 2.04569e-07 2.48273e-11 6 1 0.5 6
7.95e+07 1.50335e-09 2.22326e-07 3.52214e-11 6 1 0.5 6
7.96e+07 1.1184e-09 2.02761e-07 1.45727e-11 10 1 0.5 10
7.97e+07 1.66938e-09 2.10909e-07 3.75353e-11 6 1 0.5 6
7.98e+07 1.40664e-09 2.04547e-07 3.70555e-11 5 1 0.5 5
7.99e+07 1.32748e-09 2.12159e-07 1.99303e-11 9 1 0.5 9
8e+07 1.16968e-09 2.02973e-07 2.18191e-11 7 1 0.5 7
8.01e+07 1.39853e-09 2.07827e-07 2.65944e-11 7 1 0.5 7
8.02e+07 1.46294e-09 2.02971e-07 1.27134e-11 15 1 0.5 15
8.03e+07 1.22413e-09 1.92029e-07 1.52952e-11 10 1 0.5 10
8.04e+07 1.49921e-09 1.98136e-07 3.85412e-11 5 1 0.5 5
8.05e+07 1.37563e-09 2.12397e-07 2.0674e-11 9 1 0.5 9
8.06e+07 1.54542e-09 2.13269e-07 4.20969e-11 5 1 0.5 5
8.07e+07 1.65701e-09 2.11139e-07 5.61141e-11 4 1 0.5 4
8.08e+07 1.38667e-09 2.10414e-07 2.66256e-11 7 1 0.5 7
8.09e+07 1.62686e-09 2.03062e-07 3.04017e-11 7 1 0.5 7
8.1e+07 1.57492e-09 1.95605e-07 2.49928e-11 8 1 0.5 8
8.11e+07 1.46062e-09 2.04589e-07 1.74311e-11 11 1 0.5 11
8.12e+07 1.30091e-09 2.04115e-07 2.84687e-11 6 1 0.5 6
8.13e+07 1.95146e-09 2.07827e-07 3.71752e-11 7 1 0.5 7
8.14e+07 1.65653e-09 2.0724e-07 7.39484e-11 3 1 0.5 3
8.15e+07 1.36447e-09 2.13641e-07 2.06005e-11 9 1 0.5 9
8.16e+07 2.08048e-09 1.96013e-07 8.91918e-11 3 1 0.5 3
8.17e+07 1.27692e-09 2.11044e-07 1.5609e-11 11 1 0.5 11
8.18e+07 1.26782e-09 2.06899e-07 2.80367e-11 6 1 0.5 6
8.19e+07 1.3117e-09 2.07351e-07 1.93409e-11 9 1 0.5 9
8.2e+07 2.12723e-09 2.10091e-07 7.19496e-11 4 1 0.5 4
8.21e+07 1.19695e-09 2.04819e-07 1.96671e-11 8 1 0.5 8
8.22e+07 1.45656e-09 2.065e-07 2.75641e-11 7 1 0.5 7
8.23e+07 1.66798e-09 2.08099e-07 2.77869e-11 8 1 0.5 8
8.24e+07 1.6413e-09 2.04635e-07 3.08586e-11 7 1 0.5 7
8.25e+07 1.57835e-09 2.06576e-07 1.7397e-11 12 1 0.5 12
8.26e+07 1.35131e-09 2.14084e-07 1.41313e-11 13 1 0.5 13
8.27e+07 1.73464e-09 2.03799e-07 3.2519e-11 7 1 0.5 7
8.28e+07 1.32297e-09 2.1456e-07 3.01119e-11 6 1 0.5 6
8.29e+07 1.78459e-09 2.13205e-07 1.6127e-11 15 1 0.5 15
8.3e+07 1.3682e-09 2.05546e-07 2.5791e-11 7 1 0.5 7
8.31e+07 1.52951e-09 2.09789e-07 2.56325e-11 8 1 0.5 8
8.32e+07 1.36398e-09 2.07116e-07 1.29026e-11 14 1 0.5 14
8.33e+07 1.39754e-09 2.11867e-07 3.15028e-11 6 1 0.5 6
8.34e+07 1.44649e-09 2.07187e-07 1.91828e-11 10 1 0.5 10
8.35e+07 1.45583e-09 1.99143e-07 2.08071e-11 9 1 0.5 9
8.36e+07 1.61596e-09 2.08055e-07 1.53468e-11 14 1 0.5 14
8.37e+07 1.51073e-09 2.07538e-07 3.35201e-11 6 1 0.5 6
8.38e+07 1.59514e-09 2.1295e-07 3.09399e-11 7 1 0.5 7
8.39e+07 1.43748e-09 2.13083e-07 1.94884e-11 10 1 0.5 10
8.4e+07 1.45976e-09 2.09604e-07 3.92084e-11 5 1 0.5 5
8.41e+07 1.45017e-09 2.04014e-07 2.11199e-11 9 1 0.5 9
8.42e+07 1.23129e-09 2.03502e-07 1.46265e-11 11 1 0.5 11
8.43e+07 1.42429e-09 2.13293e-07 3.22793e-11 6 1 0.5 6
8.44e+07 1.7103e-09 2.08279e-07 3.8239e-11 6 1 0.5 6
8.45e+07 1.13659e-09 2.09417e-07 1.89998e-11 8 1 0.5 8
8.46e+07 1.75455e-09 2.05655e-07 1.92778e-11 12 1 0.5 12
8.47e+07 1.4179e-09 2.11835e-07 1.73885e-11 11 1 0.5 11
8.48e+07 1.46518e-09 2.05108e-07 2.4119e-11 8 1 0.5 8
8.49e+07 1.62535e-09 2.09508e-07 3.11269e-11 7 1 0.5 7
8.5e+07 1.19847e-09 2.01932e-07 1.94751e-11 8 1 0.5 8
8.51e+07 1.5865e-09 2.07756e-07 3.52403e-11 6 1 0.5 6
8.52e+07 1.23883e-09 2.07217e-07 1.26245e-11 13 1 0.5 13
8.53e+07 1.78187e-09 2.15094e-07 2.70757e-11 9 1 0.5 9
8.54e+07 1.36888e-09 2.12369e-07 2.64754e-11 7 1 0.5 7
8.55e+07 1.74354e-09 2.01489e-07 2.83265e-11 8 1 0.5 8
8.56e+07 1.51205e-09 2.10166e-07 1.4472e-11 14 1 0.5 14
8.57e+07 1.28965e-09 2.1156e-07 1.57954e-11 11 1 0.5 11
8.58e+07 1.25156e-09 2.06422e-07 2.36622e-11 7 1 0.5 7
8.59e+07 1.44398e-09 2.11978e-07 1.6238e-11 12 1 0.5 12
8.6e+07 1.43891e-09 2.08812e-07 2.40195e-11 8 1 0.5 8
8.61e+07 1.19104e-09 2.1303e-07 1.34395e-11 12 1 0.5 12
8.62e+07 1.33332e-09 2.05831e-07 2.93731e-11 6 1 0.5 6
8.63e+07 1.99718e-09 2.11762e-07 3.86184e-11 7 1 0.5 7
8.64e+07 1.36315e-09 2.05709e-07 2.24844e-11 8 1 0.5 8
8.65e+07 1.46571e-09 2.11812e-07 2.82975e-11 7 1 0.5 7
8.66e+07 1.86715e-09 2.0137e-07 3.46911e-11 7 1 0.5 7
8.67e+07 1.22102e-09 2.04965e-07 1.78373e-11 9 1 0.5 9
8.68e+07 1.33041e-09 2.04645e-07 2.18536e-11 8 1 0.5 8
8.69e+07 1.49642e-09 1.96543e-07 4.78698e-11 4 1 0.5 4
8.7e+07 2.08051e-09 2.01638e-07 5.43598e-11 5 1 0.5 5
8.71e+07 1.28331e-09 2.06343e-07 1.21025e-11 14 1 0.5 14
8.72e+07 1.32093e-09 2.06354e-07 1.24585e-11 14 1 0.5 14
8.73e+07 1.13087e-09 2.03289e-07 2.96112e-11 5 1 0.5 5
8.74e+07 1.84355e-09 2.03679e-07 3.45567e-11 7 1 0.5 7
8.75e+07 1.29979e-09 2.02639e-07 2.11851e-11 8 1 0.5 8
8.76e+07 1.47256e-09 1.98833e-07 2.10215e-11 9 1 0.5 9
8.77e+07 1.1025e-09 2.05444e-07 2.07664e-11 7 1 0.5 7
8.78e+07 1.92017e-09 2.17648e-07 2.4083e-11 11 1 0.5 11
8.79e+07 2.14371e-09 2.03152e-07 2.33458e-11 12 1 0.5 12
8.8e+07 1.15849e-09 2.09062e-07 1.54625e-11 10 1 0.5 10
8.81e+07 1.63907e-09 2.00066e-07 4.2482e-11 5 1 0.5 5
8.82e+07 1.7621e-09 2.08376e-07 1.95617e-11 12 1 0.5 12
8.83e+07 1.17394e-09 2.04928e-07 1.92957e-11 8 1 0.5 8
8.84e+07 1.46687e-09 2.04454e-07 2.75447e-11 7 1 0.5 7
8.85e+07 1.76826e-09 2.01771e-07 3.28945e-11 7 1 0.5 7
8.86e+07 1.338e-09 2.03196e-07 1.343e-11 13 1 0.5 13
8.87e+07 1.52804e-09 2.29047e-07 3.14001e-11 7 1 0.5 7
8.88e+07 1.5102e-09 2.02326e-07 2.18552e-11 9 1 0.5 9
8.89e+07 1.45702e-09 1.98912e-07 2.67788e-11 7 1 0.5 7
8.9e+07 1.43806e-09 2.09275e-07 2.74993e-11 7 1 0.5 7
8.91e+07 1.34763e-09 2.0742e-07 1.98776e-11 9 1 0.5 9
8.92e+07 1.36904e-09 2.21852e-07 1.7413e-11 11 1 0.5 11
8.93e+07 1.42777e-09 2.12414e-07 1.75477e-11 11 1 0.5 11
8.94e+07 1.34641e-09 2.08587e-07 2.56725e-11 7 1 0.5 7
8.95e+07 9.49443e-10 2.25544e-07 1.68221e-11 8 1 0.5 8
8.96e+07 1.76983e-09 2.05006e-07 1.93981e-11 12 1 0.5 12
8.97e+07 1.44827e-09 1.99451e-07 2.66732e-11 7 1 0.5 7
8.98e+07 1.99342e-09 2.06676e-07 4.41658e-11 6 1 0.5 6
8.99e+07 1.90449e-09 2.0901e-07 2.82999e-11 9 1 0.5 9
9e+07 1.00331e-09 2.14674e-07 2.28176e-11 6 1 0.5 6
9.01e+07 1.36007e-09 2.08016e-07 3.02147e-11 6 1 0.5 6
9.02e+07 1.45651e-09 2.04819e-07 1.9143e-11 10 1 0.5 10
9.03e+07 1.17634e-09 1.96552e-07 3.75668e-11 4 1 0.5 4
9.04e+07 1.52741e-09 2.0338e-07 2.49819e-11 8 1 0.5 8
9.05e+07 1.013e-09 2.02153e-07 1.46323e-11 9 1 0.5 9
9.06e+07 1.17344e-09 2.04083e-07 2.19829e-11 7 1 0.5 7
9.07e+07 1.19552e-09 2.08696e-07 1.47658e-11 11 1 0.5 11
9.08e+07 1.61536e-09 2.06437e-07 4.2902e-11 5 1 0.5 5
9.09e+07 1.23663e-09 2.15184e-07 2.41561e-11 7 1 0.5 7
9.1e+07 1.52926e-09 2.01865e-07 3.32053e-11 6 1 0.5 6
9.11e+07 1.17872e-09 2.14884e-07 1.4612e-11 11 1 0.5 11
9.12e+07 1.45329e-09 2.14383e-07 3.30733e-11 6 1 0.5 6
9.13e+07 1.9638e-09 2.09949e-07 3.2949e-11 10 1 0.5 10
9.14e+07 1.71661e-09 1.98564e-07 2.75712e-11 8 1 0.5 8
9.15e+07 1.4942e-09 2.09838e-07 2.50428e-11 8 1 0.5 8
9.16e+07 1.25888e-09 2.12745e-07 1.89382e-11 9 1 0.5 9
9.17e+07 1.26479e-09 2.05839e-07 2.08667e-11 8 1 0.5 8
9.18e+07 2.14968e-09 2.05576e-07 2.8382e-11 10 1 0.5 10
9.19e+07 1.54262e-09 2.12285e-07 1.89546e-11 11 1 0.5 11
9.2e+07 1.24233e-09 2.0215e-07 2.31062e-11 7 1 0.5 7
9.21e+07 1.61598e-09 2.13814e-07 3.14469e-11 7 1 0.5 7
9.22e+07 1.00364e-09 2.00235e-07 1.61936e-11 8 1 0.5 8
9.23e+07 1.80225e-09 2.00393e-07 2.59057e-11 9 1 0.5 9
9.24e+07 1.286e-09 2.12234e-07 1.23991e-11 14 1 0.5 14
9.25e+07 1.2818e-09 2.14019e-07 2.49351e-11 7 1 0.5 7
9.26e+07 1.57664e-09 2.06681e-07 2.32038e-11 9 1 0.5 9
9.27e+07 2.31406e-09 2.10811e-07 3.15498e-11 10 1 0.5 10
9.28e+07 1.33429e-09 2.018e-07 2.47903e-11 7 1 0.5 7
9.29e+07 1.33979e-09 2.07758e-07 1.36837e-11 13 1 0.5 13
9.3e+07 9.17999e-10 2.08101e-07 1.01643e-11 12 1 0.5 12
9.31e+07 1.46954e-09 2.08849e-07 1.22416e-11 16 1 0.5 16
9.32e+07 1.84561e-09 2.10554e-07 2.75803e-11 9 1 0.5 9
9.33e+07 1.35057e-09 2.08832e-07 2.57759e-11 7 1 0.5 7
9.34e+07 1.40898e-09 2.07105e-07 3.12025e-11 6 1 0.5 6
9.35e+07 1.58168e-09 1.96722e-07 1.83125e-11 11 1 0.5 11
9.36e+07 1.24624e-09 2.08698e-07 2.07832e-11 8 1 0.5 8
9.37e+07 1.39273e-09 2.10785e-07 1.87191e-11 10 1 0.5 10
9.38e+07 1.59488e-09 2.05572e-07 2.63101e-11 8 1 0.5 8
9.39e+07 1.13471e-09 2.07991e-07 2.15727e-11 7 1 0.5 7
9.4e+07 1.25236e-09 2.16409e-07 2.14914e-11 8 1 0.5 8
9.41e+07 2.07918e-09 2.14072e-07 2.35918e-11 12 1 0.5 12
9.42e+07 1.30921e-09 2.04228e-07 2.45506e-11 7 1 0.5 7
9.43e+07 1.83487e-09 1.98654e-07 2.35673e-11 10 1 0.5 10
9.44e+07 1.87748e-09 2.08129e-07 1.56065e-11 16 1 0.5 16
9.45e+07 1.02875e-09 2.10248e-07 1.72455e-11 8 1 0.5 8
9.46e+07 1.52535e-09 2.00095e-07 2.18853e-11 9 1 0.5 9
9.47e+07 1.42651e-09 1.95781e-07 2.58946e-11 7 1 0.5 7
9.48e+07 1.37087e-09 2.14172e-07 1.33144e-11 14 1 0.5 14
9.49e+07 1.2434e-09 2.01312e-07 1.79122e-11 9 1 0.5 9
9.5e+07 1.10472e-09 2.05127e-07 2.42511e-11 6 1 0.5 6
9.51e+07 1.31767e-09 2.12498e-07 1.98074e-11 9 1 0.5 9
9.52e+07 1.24252e-09 2.0088e-07 2.01115e-11 8 1 0.5 8
9.53e+07 1.79916e-09 2.05873e-07 2.37598e-11 10 1 0.5 10
9.54e+07 1.79202e-09 2.13566e-07 4.07131e-11 6 1 0.5 6
9.55e+07 1.95008e-09 2.04016e-07 4.27619e-11 6 1 0.5 6
9.56e+07 1.62483e-09 2.22463e-07 4.57846e-11 5 1 0.5 5
9.57e+07 1.74876e-09 2.04873e-07 1.91568e-11 12 1 0.5 12
9.58e+07 1.42684e-09 1.96992e-07 3.03865e-11 6 1 0.5 6
9.59e+07 1.18247e-09 2.07482e-07 2.2441e-11 7 1 0.5 7
9.6e+07 1.52624e-09 2.02448e-07 2.87228e-11 7 1 0.5 7
9.61e+07 1.43294e-09 2.13491e-07 1.62042e-11 12 1 0.5 12
9.62e+07 1.63667e-09 2.01717e-07 3.04276e-11 7 1 0.5 7
9.63e+07 1.84912e-09 1.99418e-07 3.40941e-11 7 1 0.5 7
9.64e+07 1.88677e-09 2.05247e-07 6.26096e-11 4 1 0.5 4
9.65e+07 1.24292e-09 2.10609e-07 2.78698e-11 6 1 0.5 6
9.66e+07 1.12488e-09 2.09007e-07 1.50095e-11 10 1 0.5 10
9.67e+07 1.36555e-09 2.03881e-07 2.98636e-11 6 1 0.5 6
9.68e+07 1.43307e-09 2.02187e-07 2.0724e-11 9 1 0.5 9
9.69e+07 1.82258e-09 2.16062e-07 4.17939e-11 6 1 0.5 6
9.7e+07 1.45613e-09 2.11665e-07 3.28062e-11 6 1 0.5 6
9.71e+07 2.0418e-09 2.0344e-07 2.22565e-11 12 1 0.5 12
9.72e+07 1.3172e-09 2.09364e-07 2.51865e-11 7 1 0.5 7
9.73e+07 1.73809e-09 2.07484e-07 2.88932e-11 8 1 0.5 8
9.74e+07 1.61234e-09 2.11678e-07 1.97695e-11 11 1 0.5 11
9.75e+07 1.2201e-09 1.98951e-07 1.20445e-11 13 1 0.5 13
9.76e+07 1.73758e-09 2.03268e-07 1.6207e-11 14 1 0.5 14
9.77e+07 1.41051e-09 1.9891e-07 3.02639e-11 6 1 0.5 6
9.78e+07 2.2476e-09 2.09136e-07 5.03124e-11 6 1 0.5 6
9.79e+07 1.43795e-09 2.07788e-07 2.39111e-11 8 1 0.5 8
9.8e+07 1.60859e-09 2.10359e-07 2.70214e-11 8 1 0.5 8
9.81e+07 1.16647e-09 2.03339e-07 2.54381e-11 6 1 0.5 6
9.82e+07 1.42894e-09 2.00783e-07 1.849e-11 10 1 0.5 10
9.83e+07 1.64215e-09 2.02416e-07 3.06127e-11 7 1 0.5 7
9.84e+07 1.57717e-09 2.07374e-07 2.09368e-11 10 1 0.5 10
9.85e+07 1.46179e-09 2.10097e-07 1.63239e-11 12 1 0.5 12
9.86e+07 1.48324e-09 2.09947e-07 3.98947e-11 5 1 0.5 5
9.87e+07 1.53744e-09 2.1126e-07 2.30178e-11 9 1 0.5 9
9.88e+07 1.44157e-09 2.06713e-07 2.38741e-11 8 1 0.5 8
9.89e+07 1.66496e-09 2.07279e-07 3.16224e-11 7 1 0.5 7
9.9e+07 1.5115e-09 2.08983e-07 2.52529e-11 8 1 0.5 8
9.91e+07 1.75836e-09 2.05915e-07 2.32227e-11 10 1 0.5 10
9.92e+07 1.36547e-09 1.97914e-07 1.74696e-11 10 1 0.5 10
9.93e+07 1.39824e-09 2.12501e-07 3.79534e-11 5 1 0.5 5
9.94e+07 1.30632e-09 2.03898e-07 1.55437e-11 11 1 0.5 11
9.95e+07 1.56398e-09 2.06962e-07 1.72634e-11 12 1 0.5 12
9.96e+07 1.30095e-09 2.07603e-07 2.47101e-11 7 1 0.5 7
9.97e+07 1.25415e-09 2.04309e-07 1.8277e-11 9 1 0.5 9
9.98e+07 1.4991e-09 2.12764e-07 2.25675e-11 9 1 0.5 9
9.99e+07 1.21916e-09 2.08015e-07 1.47328e-11 11 1 0.5 11
1e+08 1.43211e-09 1.96622e-07 3.65869e-11 5 1 0.5 5
