0 1.50659e-09 2.07143e-07 1.91083e-11 11 1 0.5 11
100000 1.27583e-09 2.10813e-07 2.14485e-11 8 4 0.5 4
100000 1.27583e-09 2.10813e-07 2.14485e-11 8 4 0.489726 1
100000 1.27583e-09 2.10813e-07 2.14485e-11 8 4 0.467493 2
100000 1.27583e-09 2.10813e-07 2.14485e-11 8 4 0.526949 1
200000 1.7398e-09 2.08041e-07 3.31463e-11 7 1 0.504064 7
300000 1.68535e-09 2.07181e-07 4.49014e-11 5 3 0.504064 2
300000 1.68535e-09 2.07181e-07 4.49014e-11 5 3 0.489963 2
300000 1.68535e-09 2.07181e-07 4.49014e-11 5 3 0.513292 1
400000 1.34578e-09 2.19673e-07 2.67362e-11 7 3 0.480265 4
400000 1.34578e-09 2.19673e-07 2.67362e-11 7 3 0.470776 1
400000 1.34578e-09 2.19673e-07 2.67362e-11 7 3 0.477117 2
500000 1.03133e-09 2.28435e-07 1.64101e-11 9 4 0.479327 4
500000 1.03133e-09 2.28435e-07 1.64101e-11 9 4 0.458869 3
500000 1.03133e-09 2.28435e-07 1.64101e-11 9 4 0.486346 1
500000 1.03133e-09 2.28435e-07 1.64101e-11 9 4 0.465706 1
600000 1.269e-09 1.95833e-07 2.68829e-11 6 1 0.515178 6
700000 1.50932e-09 1.88662e-07 2.32863e-11 8 1 0.518474 8
800000 1.03412e-09 2.02156e-07 1.1196e-11 12 3 0.499374 10
800000 1.03412e-09 2.02156e-07 1.1196e-11 12 3 0.504986 1
800000 1.03412e-09 2.02156e-07 1.1196e-11 12 3 0.476336 1
900000 1.15551e-09 2.48636e-07 2.53523e-11 7 2 0.436819 6
900000 1.15551e-09 2.48636e-07 2.53523e-11 7 2 0.406543 1
1e+06 1.95922e-09 2.38035e-07 3.63738e-11 8 5 0.442203 1
1e+06 1.95922e-09 2.38035e-07 3.63738e-11 8 5 0.450471 3
1e+06 1.95922e-09 2.38035e-07 3.63738e-11 8 5 0.439812 1
1e+06 1.95922e-09 2.38035e-07 3.63738e-11 8 5 0.449679 2
1e+06 1.95922e-09 2.38035e-07 3.63738e-11 8 5 0.492689 1
1.1e+06 1.1076e-09 2.48058e-07 1.41194e-11 12 1 0.450471 12
1.2e+06 1.40209e-09 2.41033e-07 3.00218e-11 7 3 0.439007 4
1.2e+06 1.40209e-09 2.41033e-07 3.00218e-11 7 3 0.451125 2
1.2e+06 1.40209e-09 2.41033e-07 3.00218e-11 7 3 0.426273 1
1.3e+06 1.40434e-09 2.37545e-07 2.59839e-11 8 2 0.439007 4
1.3e+06 1.40434e-09 2.37545e-07 2.59839e-11 8 2 0.463568 4
1.4e+06 1.31594e-09 2.26364e-07 1.70091e-11 11 2 0.472176 10
1.4e+06 1.31594e-09 2.26364e-07 1.70091e-11 11 2 0.458711 1
1.5e+06 1.08485e-09 2.40279e-07 1.61799e-11 10 4 0.450877 4
1.5e+06 1.08485e-09 2.40279e-07 1.61799e-11 10 4 0.441528 2
1.5e+06 1.08485e-09 2.40279e-07 1.61799e-11 10 4 0.430356 3
1.5e+06 1.08485e-09 2.40279e-07 1.61799e-11 10 4 0.451453 1
1.6e+06 1.19178e-09 2.59509e-07 2.00269e-11 10 4 0.409983 6
1.6e+06 1.19178e-09 2.59509e-07 2.00269e-11 10 4 0.446605 2
1.6e+06 1.19178e-09 2.59509e-07 2.00269e-11 10 4 0.400275 1
1.6e+06 1.19178e-09 2.59509e-07 2.00269e-11 10 4 0.389583 1
1.7e+06 1.06453e-09 2.43562e-07 2.00799e-11 8 1 0.433584 8
1.8e+06 1.36144e-09 2.65764e-07 3.15779e-11 7 2 0.433584 1
1.8e+06 1.36144e-09 2.65764e-07 3.15779e-11 7 2 0.400688 6
1.9e+06 1.14122e-09 2.74041e-07 1.72326e-11 11 4 0.400688 7
1.9e+06 1.14122e-09 2.74041e-07 1.72326e-11 11 4 0.405104 2
1.9e+06 1.14122e-09 2.74041e-07 1.72326e-11 11 4 0.354319 1
1.9e+06 1.14122e-09 2.74041e-07 1.72326e-11 11 4 0.413943 1
2e+06 8.58971e-10 2.55995e-07 1.49871e-11 9 4 0.391069 6
2e+06 8.58971e-10 2.55995e-07 1.49871e-11 9 4 0.390251 1
2e+06 8.58971e-10 2.55995e-07 1.49871e-11 9 4 0.389925 1
2e+06 8.58971e-10 2.55995e-07 1.49871e-11 9 4 0.393165 1
2.1e+06 8.668e-10 2.5862e-07 1.05479e-11 13 4 0.410528 7
2.1e+06 8.668e-10 2.5862e-07 1.05479e-11 13 4 0.403307 2
2.1e+06 8.668e-10 2.5862e-07 1.05479e-11 13 4 0.386333 2
2.1e+06 8.668e-10 2.5862e-07 1.05479e-11 13 4 0.402121 2
2.2e+06 8.82992e-10 2.94062e-07 1.10985e-11 14 5 0.403248 1
2.2e+06 8.82992e-10 2.94062e-07 1.10985e-11 14 5 0.329011 6
2.2e+06 8.82992e-10 2.94062e-07 1.10985e-11 14 5 0.384749 4
2.2e+06 8.82992e-10 2.94062e-07 1.10985e-11 14 5 0.410977 2
2.2e+06 8.82992e-10 2.94062e-07 1.10985e-11 14 5 0.285804 1
2.3e+06 8.89969e-10 2.82229e-07 2.16614e-11 7 3 0.377775 3
2.3e+06 8.89969e-10 2.82229e-07 2.16614e-11 7 3 0.357569 2
2.3e+06 8.89969e-10 2.82229e-07 2.16614e-11 7 3 0.38082 2
2.4e+06 8.24509e-10 3.04422e-07 1.0668e-11 14 4 0.344834 10
2.4e+06 8.24509e-10 3.04422e-07 1.0668e-11 14 4 0.380282 2
2.4e+06 8.24509e-10 3.04422e-07 1.0668e-11 14 4 0.416269 1
2.4e+06 8.24509e-10 3.04422e-07 1.0668e-11 14 4 0.339121 1
2.5e+06 1.2726e-09 2.84518e-07 2.73108e-11 8 4 0.374106 4
2.5e+06 1.2726e-09 2.84518e-07 2.73108e-11 8 4 0.347765 2
2.5e+06 1.2726e-09 2.84518e-07 2.73108e-11 8 4 0.364435 1
2.5e+06 1.2726e-09 2.84518e-07 2.73108e-11 8 4 0.385097 1
2.6e+06 9.09345e-10 3.09061e-07 1.67018e-11 10 1 0.347765 10
2.7e+06 1.19242e-09 3.19044e-07 3.22222e-11 7 3 0.347765 4
2.7e+06 1.19242e-09 3.19044e-07 3.22222e-11 7 3 0.379329 2
2.7e+06 1.19242e-09 3.19044e-07 3.22222e-11 7 3 0.335794 1
2.8e+06 9.76231e-10 2.93421e-07 1.42956e-11 12 5 0.355701 2
2.8e+06 9.76231e-10 2.93421e-07 1.42956e-11 12 5 0.37574 1
2.8e+06 9.76231e-10 2.93421e-07 1.42956e-11 12 5 0.344029 3
2.8e+06 9.76231e-10 2.93421e-07 1.42956e-11 12 5 0.425614 5
2.8e+06 9.76231e-10 2.93421e-07 1.42956e-11 12 5 0.361651 1
2.9e+06 6.38032e-10 3.19688e-07 1.72287e-11 7 1 0.346434 7
3e+06 1.18396e-09 3.10974e-07 1.6814e-11 13 2 0.346697 7
3e+06 1.18396e-09 3.10974e-07 1.6814e-11 13 2 0.346312 6
3.1e+06 9.65769e-10 3.12131e-07 7.76385e-12 23 3 0.346697 19
3.1e+06 9.65769e-10 3.12131e-07 7.76385e-12 23 3 0.363827 3
3.1e+06 9.65769e-10 3.12131e-07 7.76385e-12 23 3 0.377984 1
3.2e+06 1.32916e-09 2.59157e-07 3.01966e-11 7 4 0.392422 2
3.2e+06 1.32916e-09 2.59157e-07 3.01966e-11 7 4 0.39475 3
3.2e+06 1.32916e-09 2.59157e-07 3.01966e-11 7 4 0.384555 1
3.2e+06 1.32916e-09 2.59157e-07 3.01966e-11 7 4 0.409394 1
3.3e+06 1.22876e-09 2.91605e-07 3.59389e-11 6 2 0.391299 3
3.3e+06 1.22876e-09 2.91605e-07 3.59389e-11 6 2 0.362485 3
3.4e+06 1.33042e-09 2.64713e-07 1.78984e-11 12 6 0.403899 2
3.4e+06 1.33042e-09 2.64713e-07 1.78984e-11 12 6 0.399662 2
3.4e+06 1.33042e-09 2.64713e-07 1.78984e-11 12 6 0.409573 4
3.4e+06 1.33042e-09 2.64713e-07 1.78984e-11 12 6 0.41218 2
3.4e+06 1.33042e-09 2.64713e-07 1.78984e-11 12 6 0.411412 1
3.4e+06 1.33042e-09 2.64713e-07 1.78984e-11 12 6 0.435061 1
3.5e+06 1.37404e-09 2.32281e-07 1.32882e-11 15 4 0.435061 5
3.5e+06 1.37404e-09 2.32281e-07 1.32882e-11 15 4 0.442888 8
3.5e+06 1.37404e-09 2.32281e-07 1.32882e-11 15 4 0.453001 1
3.5e+06 1.37404e-09 2.32281e-07 1.32882e-11 15 4 0.435374 1
3.6e+06 8.07304e-10 2.5876e-07 1.16175e-11 11 4 0.437029 4
3.6e+06 8.07304e-10 2.5876e-07 1.16175e-11 11 4 0.393908 1
3.6e+06 8.07304e-10 2.5876e-07 1.16175e-11 11 4 0.385871 5
3.6e+06 8.07304e-10 2.5876e-07 1.16175e-11 11 4 0.424156 1
3.7e+06 1.40587e-09 2.33221e-07 2.93076e-11 7 4 0.456525 2
3.7e+06 1.40587e-09 2.33221e-07 2.93076e-11 7 4 0.447297 2
3.7e+06 1.40587e-09 2.33221e-07 2.93076e-11 7 4 0.496678 2
3.7e+06 1.40587e-09 2.33221e-07 2.93076e-11 7 4 0.452066 1
3.8e+06 1.36912e-09 2.20117e-07 1.90442e-11 10 2 0.454746 6
3.8e+06 1.36912e-09 2.20117e-07 1.90442e-11 10 2 0.515122 4
3.9e+06 1.16294e-09 2.33813e-07 1.88626e-11 9 1 0.446174 9
4e+06 1.10283e-09 2.70414e-07 1.47041e-10 7 2 0.420419 6
4e+06 1.10283e-09 2.70414e-07 1.47041e-10 7 2 0.422814 1
4.1e+06 1.44039e-09 2.453e-07 4.4132e-11 5 2 0.398641 4
4.1e+06 1.44039e-09 2.453e-07 4.4132e-11 5 2 0.423905 1
4.2e+06 1.34677e-09 2.4253e-07 2.89814e-11 7 1 0.420824 7
4.3e+06 1.41758e-09 2.43636e-07 1.64475e-11 13 3 0.424376 3
4.3e+06 1.41758e-09 2.43636e-07 1.64475e-11 13 3 0.42911 2
4.3e+06 1.41758e-09 2.43636e-07 1.64475e-11 13 3 0.435692 8
4.4e+06 1.20214e-09 2.55121e-07 1.88323e-11 10 2 0.424376 8
4.4e+06 1.20214e-09 2.55121e-07 1.88323e-11 10 2 0.415451 2
4.5e+06 1.13286e-09 2.86056e-07 2.79101e-11 7 1 0.381632 7
4.6e+06 1.4882e-09 2.82284e-07 2.53693e-11 10 4 0.381632 4
4.6e+06 1.4882e-09 2.82284e-07 2.53693e-11 10 4 0.390232 2
4.6e+06 1.4882e-09 2.82284e-07 2.53693e-11 10 4 0.401223 2
4.6e+06 1.4882e-09 2.82284e-07 2.53693e-11 10 4 0.398404 2
4.7e+06 1.35302e-09 3.11949e-07 2.78818e-11 9 3 0.356302 3
4.7e+06 1.35302e-09 3.11949e-07 2.78818e-11 9 3 0.32581 3
4.7e+06 1.35302e-09 3.11949e-07 2.78818e-11 9 3 0.36786 3
4.8e+06 8.04634e-10 3.5208e-07 1.50099e-11 11 5 0.295979 4
4.8e+06 8.04634e-10 3.5208e-07 1.50099e-11 11 5 0.320681 2
4.8e+06 8.04634e-10 3.5208e-07 1.50099e-11 11 5 0.314211 2
4.8e+06 8.04634e-10 3.5208e-07 1.50099e-11 11 5 0.255569 2
4.8e+06 8.04634e-10 3.5208e-07 1.50099e-11 11 5 0.337141 1
4.9e+06 9.68319e-10 3.60716e-07 2.90581e-11 7 2 0.295979 6
4.9e+06 9.68319e-10 3.60716e-07 2.90581e-11 7 2 0.28887 1
5e+06 1.44711e-09 3.3249e-07 2.83315e-11 10 4 0.333414 4
5e+06 1.44711e-09 3.3249e-07 2.83315e-11 10 4 0.347319 4
5e+06 1.44711e-09 3.3249e-07 2.83315e-11 10 4 0.369375 1
5e+06 1.44711e-09 3.3249e-07 2.83315e-11 10 4 0.324648 1
5.1e+06 1.19712e-09 3.1377e-07 2.47798e-11 9 4 0.333414 4
5.1e+06 1.19712e-09 3.1377e-07 2.47798e-11 9 4 0.361006 2
5.1e+06 1.19712e-09 3.1377e-07 2.47798e-11 9 4 0.329663 2
5.1e+06 1.19712e-09 3.1377e-07 2.47798e-11 9 4 0.334064 1
5.2e+06 6.20404e-10 3.36118e-07 9.40019e-12 13 3 0.334064 9
5.2e+06 6.20404e-10 3.36118e-07 9.40019e-12 13 3 0.324116 3
5.2e+06 6.20404e-10 3.36118e-07 9.40019e-12 13 3 0.35932 1
5.3e+06 8.81724e-10 3.73686e-07 1.73216e-11 11 5 0.289055 6
5.3e+06 8.81724e-10 3.73686e-07 1.73216e-11 11 5 0.320673 1
5.3e+06 8.81724e-10 3.73686e-07 1.73216e-11 11 5 0.294919 2
5.3e+06 8.81724e-10 3.73686e-07 1.73216e-11 11 5 0.331523 1
5.3e+06 8.81724e-10 3.73686e-07 1.73216e-11 11 5 0.285511 1
5.4e+06 8.13008e-10 3.89335e-07 1.82104e-11 10 3 0.27103 5
5.4e+06 8.13008e-10 3.89335e-07 1.82104e-11 10 3 0.294776 2
5.4e+06 8.13008e-10 3.89335e-07 1.82104e-11 10 3 0.30102 3
5.5e+06 9.45762e-10 4.19511e-07 2.05667e-11 11 3 0.271794 9
5.5e+06 9.45762e-10 4.19511e-07 2.05667e-11 11 3 0.266193 1
5.5e+06 9.45762e-10 4.19511e-07 2.05667e-11 11 3 0.259372 1
5.6e+06 1.13719e-09 3.55269e-07 2.14013e-11 11 5 0.271794 1
5.6e+06 1.13719e-09 3.55269e-07 2.14013e-11 11 5 0.320549 4
5.6e+06 1.13719e-09 3.55269e-07 2.14013e-11 11 5 0.275027 4
5.6e+06 1.13719e-09 3.55269e-07 2.14013e-11 11 5 0.340781 1
5.6e+06 1.13719e-09 3.55269e-07 2.14013e-11 11 5 0.321345 1
5.7e+06 9.23421e-10 3.63114e-07 3.25335e-11 6 1 0.299955 6
5.8e+06 3.60378e-10 5.40451e-07 2.16244e-11 5 2 0.227322 3
5.8e+06 3.60378e-10 5.40451e-07 2.16244e-11 5 2 0.202987 2
5.9e+06 7.02823e-10 5.29368e-07 1.47614e-11 14 4 0.211735 1
5.9e+06 7.02823e-10 5.29368e-07 1.47614e-11 14 4 0.205845 1
5.9e+06 7.02823e-10 5.29368e-07 1.47614e-11 14 4 0.200707 4
5.9e+06 7.02823e-10 5.29368e-07 1.47614e-11 14 4 0.228444 8
6e+06 6.90934e-10 5.49827e-07 1.50179e-11 14 4 0.200707 3
6e+06 6.90934e-10 5.49827e-07 1.50179e-11 14 4 0.220473 8
6e+06 6.90934e-10 5.49827e-07 1.50179e-11 14 4 0.229952 1
6e+06 6.90934e-10 5.49827e-07 1.50179e-11 14 4 0.209576 2
6.1e+06 6.5677e-10 4.08044e-07 1.39266e-11 11 5 0.264467 5
6.1e+06 6.5677e-10 4.08044e-07 1.39266e-11 11 5 0.259457 2
6.1e+06 6.5677e-10 4.08044e-07 1.39266e-11 11 5 0.265823 1
6.1e+06 6.5677e-10 4.08044e-07 1.39266e-11 11 5 0.203442 2
6.1e+06 6.5677e-10 4.08044e-07 1.39266e-11 11 5 0.206986 1
6.2e+06 6.75253e-10 4.31533e-07 1.37838e-11 12 2 0.264467 11
6.2e+06 6.75253e-10 4.31533e-07 1.37838e-11 12 2 0.269448 1
6.3e+06 8.91365e-10 4.26771e-07 2.709e-11 8 1 0.267893 8
6.4e+06 9.89385e-10 4.14434e-07 1.55963e-11 15 5 0.267893 4
6.4e+06 9.89385e-10 4.14434e-07 1.55963e-11 15 5 0.274119 7
6.4e+06 9.89385e-10 4.14434e-07 1.55963e-11 15 5 0.255276 2
6.4e+06 9.89385e-10 4.14434e-07 1.55963e-11 15 5 0.271879 1
6.4e+06 9.89385e-10 4.14434e-07 1.55963e-11 15 5 0.263653 1
6.5e+06 7.441e-10 4.2792e-07 1.81074e-11 10 4 0.274119 1
6.5e+06 7.441e-10 4.2792e-07 1.81074e-11 10 4 0.258626 6
6.5e+06 7.441e-10 4.2792e-07 1.81074e-11 10 4 0.235844 1
6.5e+06 7.441e-10 4.2792e-07 1.81074e-11 10 4 0.268414 2
6.6e+06 5.11065e-10 4.42441e-07 9.83859e-12 13 4 0.258626 6
6.6e+06 5.11065e-10 4.42441e-07 9.83859e-12 13 4 0.251472 2
6.6e+06 5.11065e-10 4.42441e-07 9.83859e-12 13 4 0.250095 3
6.6e+06 5.11065e-10 4.42441e-07 9.83859e-12 13 4 0.237357 2
6.7e+06 1.3558e-09 4.41841e-07 3.78304e-11 9 3 0.280755 3
6.7e+06 1.3558e-09 4.41841e-07 3.78304e-11 9 3 0.255335 5
6.7e+06 1.3558e-09 4.41841e-07 3.78304e-11 9 3 0.297394 1
6.8e+06 9.58228e-10 4.53322e-07 4.10661e-11 6 2 0.24391 5
6.8e+06 9.58228e-10 4.53322e-07 4.10661e-11 6 2 0.253021 1
6.9e+06 5.05872e-10 5.02129e-07 7.87048e-12 18 3 0.22962 16
6.9e+06 5.05872e-10 5.02129e-07 7.87048e-12 18 3 0.230247 1
6.9e+06 5.05872e-10 5.02129e-07 7.87048e-12 18 3 0.21762 1
7e+06 6.85331e-10 5.23296e-07 4.00609e-11 5 1 0.22962 5
7.1e+06 7.22408e-10 5.10551e-07 1.87064e-11 11 4 0.22532 4
7.1e+06 7.22408e-10 5.10551e-07 1.87064e-11 11 4 0.212633 4
7.1e+06 7.22408e-10 5.10551e-07 1.87064e-11 11 4 0.214213 2
7.1e+06 7.22408e-10 5.10551e-07 1.87064e-11 11 4 0.195947 1
7.2e+06 9.13531e-10 5.2808e-07 3.84513e-11 7 4 0.212633 1
7.2e+06 9.13531e-10 5.2808e-07 3.84513e-11 7 4 0.214213 4
7.2e+06 9.13531e-10 5.2808e-07 3.84513e-11 7 4 0.222218 1
7.2e+06 9.13531e-10 5.2808e-07 3.84513e-11 7 4 0.216329 1
7.3e+06 4.25833e-10 5.4673e-07 1.28921e-11 10 6 0.172557 4
7.3e+06 4.25833e-10 5.4673e-07 1.28921e-11 10 6 0.244807 1
7.3e+06 4.25833e-10 5.4673e-07 1.28921e-11 10 6 0.178529 1
7.3e+06 4.25833e-10 5.4673e-07 1.28921e-11 10 6 0.224952 1
7.3e+06 4.25833e-10 5.4673e-07 1.28921e-11 10 6 0.181546 2
7.3e+06 4.25833e-10 5.4673e-07 1.28921e-11 10 6 0.210915 1
7.4e+06 8.81094e-10 4.53084e-07 2.82426e-11 8 2 0.244807 4
7.4e+06 8.81094e-10 4.53084e-07 2.82426e-11 8 2 0.245554 4
7.5e+06 5.43284e-10 4.41512e-07 7.5369e-12 18 4 0.245554 11
7.5e+06 5.43284e-10 4.41512e-07 7.5369e-12 18 4 0.206951 4
7.5e+06 5.43284e-10 4.41512e-07 7.5369e-12 18 4 0.218372 2
7.5e+06 5.43284e-10 4.41512e-07 7.5369e-12 18 4 0.257579 1
7.6e+06 7.69505e-10 4.55421e-07 2.83189e-11 7 4 0.265519 1
7.6e+06 7.69505e-10 4.55421e-07 2.83189e-11 7 4 0.250413 1
7.6e+06 7.69505e-10 4.55421e-07 2.83189e-11 7 4 0.236739 3
7.6e+06 7.69505e-10 4.55421e-07 2.83189e-11 7 4 0.254992 2
7.7e+06 3.92338e-10 5.89319e-07 7.93821e-12 16 3 0.193171 14
7.7e+06 3.92338e-10 5.89319e-07 7.93821e-12 16 3 0.201108 1
7.7e+06 3.92338e-10 5.89319e-07 7.93821e-12 16 3 0.192039 1
7.8e+06 6.0602e-10 5.21317e-07 1.59814e-11 11 4 0.223499 8
7.8e+06 6.0602e-10 5.21317e-07 1.59814e-11 11 4 0.195641 1
7.8e+06 6.0602e-10 5.21317e-07 1.59814e-11 11 4 0.244133 1
7.8e+06 6.0602e-10 5.21317e-07 1.59814e-11 11 4 0.194636 1
7.9e+06 5.42651e-10 4.85657e-07 7.02261e-12 21 3 0.223499 12
7.9e+06 5.42651e-10 4.85657e-07 7.02261e-12 21 3 0.230692 8
7.9e+06 5.42651e-10 4.85657e-07 7.02261e-12 21 3 0.251095 1
8e+06 6.35805e-10 5.19743e-07 6.61772e-10 10 4 0.200136 2
8e+06 6.35805e-10 5.19743e-07 6.61772e-10 10 4 0.219173 5
8e+06 6.35805e-10 5.19743e-07 6.61772e-10 10 4 0.222018 2
8e+06 6.35805e-10 5.19743e-07 6.61772e-10 10 4 0.193483 1
8.1e+06 2.20603e-10 5.77497e-07 1.17e-11 6 1 0.182364 6
8.2e+06 4.87329e-10 6.70405e-07 1.26925e-11 14 3 0.167491 11
8.2e+06 4.87329e-10 6.70405e-07 1.26925e-11 14 3 0.200568 2
8.2e+06 4.87329e-10 6.70405e-07 1.26925e-11 14 3 0.185146 1
8.3e+06 4.65904e-10 5.05293e-07 1.09423e-11 12 5 0.210956 6
8.3e+06 4.65904e-10 5.05293e-07 1.09423e-11 12 5 0.213412 1
8.3e+06 4.65904e-10 5.05293e-07 1.09423e-11 12 5 0.227516 2
8.3e+06 4.65904e-10 5.05293e-07 1.09423e-11 12 5 0.224306 2
8.3e+06 4.65904e-10 5.05293e-07 1.09423e-11 12 5 0.189017 1
8.4e+06 3.03767e-10 5.32415e-07 1.12189e-11 8 3 0.210956 5
8.4e+06 3.03767e-10 5.32415e-07 1.12189e-11 8 3 0.201149 2
8.4e+06 3.03767e-10 5.32415e-07 1.12189e-11 8 3 0.235084 1
8.5e+06 8.81575e-10 5.16949e-07 1.58606e-11 16 4 0.210603 11
8.5e+06 8.81575e-10 5.16949e-07 1.58606e-11 16 4 0.226277 1
8.5e+06 8.81575e-10 5.16949e-07 1.58606e-11 16 4 0.249999 3
8.5e+06 8.81575e-10 5.16949e-07 1.58606e-11 16 4 0.27948 1
8.6e+06 6.6819e-10 4.59811e-07 1.33176e-11 13 3 0.249999 9
8.6e+06 6.6819e-10 4.59811e-07 1.33176e-11 13 3 0.263146 3
8.6e+06 6.6819e-10 4.59811e-07 1.33176e-11 13 3 0.23639 1
8.7e+06 9.42127e-10 4.60421e-07 1.63008e-11 15 4 0.249999 11
8.7e+06 9.42127e-10 4.60421e-07 1.63008e-11 15 4 0.253947 1
8.7e+06 9.42127e-10 4.60421e-07 1.63008e-11 15 4 0.257982 2
8.7e+06 9.42127e-10 4.60421e-07 1.63008e-11 15 4 0.254254 1
8.8e+06 5.02899e-10 4.61953e-07 1.87176e-11 7 4 0.225107 1
8.8e+06 5.02899e-10 4.61953e-07 1.87176e-11 7 4 0.221969 2
8.8e+06 5.02899e-10 4.61953e-07 1.87176e-11 7 4 0.230011 2
8.8e+06 5.02899e-10 4.61953e-07 1.87176e-11 7 4 0.235784 2
8.9e+06 6.32127e-10 4.75409e-07 1.12447e-11 15 5 0.236752 9
8.9e+06 6.32127e-10 4.75409e-07 1.12447e-11 15 5 0.229391 2
8.9e+06 6.32127e-10 4.75409e-07 1.12447e-11 15 5 0.266046 1
8.9e+06 6.32127e-10 4.75409e-07 1.12447e-11 15 5 0.251625 2
8.9e+06 6.32127e-10 4.75409e-07 1.12447e-11 15 5 0.232522 1
9e+06 7.03673e-10 4.61343e-07 1.66344e-11 11 3 0.249934 7
9e+06 7.03673e-10 4.61343e-07 1.66344e-11 11 3 0.23057 2
9e+06 7.03673e-10 4.61343e-07 1.66344e-11 11 3 0.25069 2
9.1e+06 8.33713e-10 4.4821e-07 1.40799e-11 15 5 0.249934 8
9.1e+06 8.33713e-10 4.4821e-07 1.40799e-11 15 5 0.258964 2
9.1e+06 8.33713e-10 4.4821e-07 1.40799e-11 15 5 0.253152 3
9.1e+06 8.33713e-10 4.4821e-07 1.40799e-11 15 5 0.256444 1
9.1e+06 8.33713e-10 4.4821e-07 1.40799e-11 15 5 0.246992 1
9.2e+06 6.9347e-10 4.73574e-07 1.41918e-11 13 5 0.249934 7
9.2e+06 6.9347e-10 4.73574e-07 1.41918e-11 13 5 0.245715 2
9.2e+06 6.9347e-10 4.73574e-07 1.41918e-11 13 5 0.215079 2
9.2e+06 6.9347e-10 4.73574e-07 1.41918e-11 13 5 0.213218 1
9.2e+06 6.9347e-10 4.73574e-07 1.41918e-11 13 5 0.278657 1
9.3e+06 8.171e-10 4.32832e-07 1.33771e-11 15 4 0.278657 7
9.3e+06 8.171e-10 4.32832e-07 1.33771e-11 15 4 0.26929 3
9.3e+06 8.171e-10 4.32832e-07 1.33771e-11 15 4 0.25505 4
9.3e+06 8.171e-10 4.32832e-07 1.33771e-11 15 4 0.261526 1
9.4e+06 5.99216e-10 4.11304e-07 1.56384e-11 9 5 0.268391 2
9.4e+06 5.99216e-10 4.11304e-07 1.56384e-11 9 5 0.305931 3
9.4e+06 5.99216e-10 4.11304e-07 1.56384e-11 9 5 0.263548 1
9.4e+06 5.99216e-10 4.11304e-07 1.56384e-11 9 5 0.287388 2
9.4e+06 5.99216e-10 4.11304e-07 1.56384e-11 9 5 0.267123 1
9.5e+06 8.70681e-10 4.19501e-07 2.60615e-11 8 3 0.266018 6
9.5e+06 8.70681e-10 4.19501e-07 2.60615e-11 8 3 0.255677 1
9.5e+06 8.70681e-10 4.19501e-07 2.60615e-11 8 3 0.270576 1
9.6e+06 6.08482e-10 4.27883e-07 1.47978e-11 10 3 0.266018 2
9.6e+06 6.08482e-10 4.27883e-07 1.47978e-11 10 3 0.264776 5
9.6e+06 6.08482e-10 4.27883e-07 1.47978e-11 10 3 0.248071 3
9.7e+06 4.46014e-10 5.40461e-07 9.53444e-12 14 3 0.233578 12
9.7e+06 4.46014e-10 5.40461e-07 9.53444e-12 14 3 0.269264 1
9.7e+06 4.46014e-10 5.40461e-07 9.53444e-12 14 3 0.262078 1
9.8e+06 5.66259e-10 3.91216e-07 1.41435e-11 9 4 0.262078 5
9.8e+06 5.66259e-10 3.91216e-07 1.41435e-11 9 4 0.329604 1
9.8e+06 5.66259e-10 3.91216e-07 1.41435e-11 9 4 0.271577 1
9.8e+06 5.66259e-10 3.91216e-07 1.41435e-11 9 4 0.300881 2
9.9e+06 9.44866e-10 4.3073e-07 2.31445e-11 10 2 0.262078 8
9.9e+06 9.44866e-10 4.3073e-07 2.31445e-11 10 2 0.27048 2
1e+07 1.19096e-09 4.18434e-07 2.03037e-11 14 5 0.27048 3
1e+07 1.19096e-09 4.18434e-07 2.03037e-11 14 5 0.250372 5
1e+07 1.19096e-09 4.18434e-07 2.03037e-11 14 5 0.231476 4
1e+07 1.19096e-09 4.18434e-07 2.03037e-11 14 5 0.270805 1
1e+07 1.19096e-09 4.18434e-07 2.03037e-11 14 5 0.280331 1
1.01e+07 4.40354e-10 4.59965e-07 1.26802e-11 9 3 0.258329 3
1.01e+07 4.40354e-10 4.59965e-07 1.26802e-11 9 3 0.28864 2
1.01e+07 4.40354e-10 4.59965e-07 1.26802e-11 9 3 0.237334 4
1.02e+07 2.90867e-10 5.53753e-07 1.48529e-11 6 3 0.202741 2
1.02e+07 2.90867e-10 5.53753e-07 1.48529e-11 6 3 0.211748 2
1.02e+07 2.90867e-10 5.53753e-07 1.48529e-11 6 3 0.197264 2
1.03e+07 4.05868e-10 5.74809e-07 9.17675e-12 14 2 0.195329 11
1.03e+07 4.05868e-10 5.74809e-07 9.17675e-12 14 2 0.200447 3
1.04e+07 6.269e-10 5.60783e-07 2.1607e-11 9 2 0.201008 8
1.04e+07 6.269e-10 5.60783e-07 2.1607e-11 9 2 0.217431 1
1.05e+07 4.10616e-10 5.00469e-07 1.91549e-11 6 1 0.217431 6
1.06e+07 6.32309e-10 4.96554e-07 1.596e-11 11 5 0.236801 5
1.06e+07 6.32309e-10 4.96554e-07 1.596e-11 11 5 0.222811 3
1.06e+07 6.32309e-10 4.96554e-07 1.596e-11 11 5 0.225857 1
1.06e+07 6.32309e-10 4.96554e-07 1.596e-11 11 5 0.247113 1
1.06e+07 6.32309e-10 4.96554e-07 1.596e-11 11 5 0.259407 1
1.07e+07 6.16118e-10 4.89622e-07 1.29864e-11 13 2 0.222811 5
1.07e+07 6.16118e-10 4.89622e-07 1.29864e-11 13 2 0.259407 8
1.08e+07 5.01364e-10 5.22332e-07 2.921e-11 5 3 0.231727 2
1.08e+07 5.01364e-10 5.22332e-07 2.921e-11 5 3 0.205538 2
1.08e+07 5.01364e-10 5.22332e-07 2.921e-11 5 3 0.24126 1
1.09e+07 7.62428e-10 5.05913e-07 1.79459e-11 12 4 0.231727 2
1.09e+07 7.62428e-10 5.05913e-07 1.79459e-11 12 4 0.243446 2
1.09e+07 7.62428e-10 5.05913e-07 1.79459e-11 12 4 0.210976 2
1.09e+07 7.62428e-10 5.05913e-07 1.79459e-11 12 4 0.217252 6
1.1e+07 6.15979e-10 5.44851e-07 1.54942e-11 12 3 0.217252 9
1.1e+07 6.15979e-10 5.44851e-07 1.54942e-11 12 3 0.203452 2
1.1e+07 6.15979e-10 5.44851e-07 1.54942e-11 12 3 0.20784 1
1.11e+07 5.82525e-10 5.59811e-07 1.28654e-11 14 4 0.217252 10
1.11e+07 5.82525e-10 5.59811e-07 1.28654e-11 14 4 0.193316 1
1.11e+07 5.82525e-10 5.59811e-07 1.28654e-11 14 4 0.20762 2
1.11e+07 5.82525e-10 5.59811e-07 1.28654e-11 14 4 0.154701 1
1.12e+07 7.94321e-10 7.39811e-07 2.44502e-11 13 4 0.169844 6
1.12e+07 7.94321e-10 7.39811e-07 2.44502e-11 13 4 0.173201 3
1.12e+07 7.94321e-10 7.39811e-07 2.44502e-11 13 4 0.189025 2
1.12e+07 7.94321e-10 7.39811e-07 2.44502e-11 13 4 0.141989 2
1.13e+07 3.99358e-10 6.62784e-07 1.44143e-11 10 3 0.178663 4
1.13e+07 3.99358e-10 6.62784e-07 1.44143e-11 10 3 0.177114 2
1.13e+07 3.99358e-10 6.62784e-07 1.44143e-11 10 3 0.175883 4
1.14e+07 5.97953e-10 6.38232e-07 2.08713e-11 10 2 0.173526 8
1.14e+07 5.97953e-10 6.38232e-07 2.08713e-11 10 2 0.18273 2
1.15e+07 5.60924e-10 7.35904e-07 2.23313e-11 10 3 0.15948 4
1.15e+07 5.60924e-10 7.35904e-07 2.23313e-11 10 3 0.163632 4
1.15e+07 5.60924e-10 7.35904e-07 2.23313e-11 10 3 0.165259 2
1.16e+07 5.09516e-10 7.78104e-07 1.94099e-11 11 2 0.15948 10
1.16e+07 5.09516e-10 7.78104e-07 1.94099e-11 11 2 0.174539 1
1.17e+07 5.38854e-10 6.77101e-07 1.80429e-11 11 4 0.171451 4
1.17e+07 5.38854e-10 6.77101e-07 1.80429e-11 11 4 0.173307 5
1.17e+07 5.38854e-10 6.77101e-07 1.80429e-11 11 4 0.186945 1
1.17e+07 5.38854e-10 6.77101e-07 1.80429e-11 11 4 0.189676 1
