0 1.50659e-09 2.07143e-07 1.91083e-11 11 1 0.5 11
100000 1.90858e-09 1.95321e-07 2.41974e-11 10 3 0.5 7
100000 1.90858e-09 1.95321e-07 2.41974e-11 10 3 0.515879 2
100000 1.90858e-09 1.95321e-07 2.41974e-11 10 3 0.51494 1
200000 2.06266e-09 2.109e-07 3.97646e-11 7 3 0.487314 2
200000 2.06266e-09 2.109e-07 3.97646e-11 7 3 0.510776 4
200000 2.06266e-09 2.109e-07 3.97646e-11 7 3 0.488794 1
300000 1.44846e-09 2.00919e-07 1.87529e-11 10 2 0.510776 3
300000 1.44846e-09 2.00919e-07 1.87529e-11 10 2 0.500456 7
400000 1.5473e-09 2.0864e-07 2.29387e-11 9 2 0.473603 2
400000 1.5473e-09 2.0864e-07 2.29387e-11 9 2 0.516277 7
500000 1.12247e-09 2.25109e-07 1.22122e-11 13 3 0.468759 4
500000 1.12247e-09 2.25109e-07 1.22122e-11 13 3 0.465029 5
500000 1.12247e-09 2.25109e-07 1.22122e-11 13 3 0.462006 4
600000 1.61269e-09 2.20356e-07 3.21474e-11 7 3 0.488296 4
600000 1.61269e-09 2.20356e-07 3.21474e-11 7 3 0.447934 2
600000 1.61269e-09 2.20356e-07 3.21474e-11 7 3 0.488302 1
700000 1.02624e-09 2.45961e-07 1.41748e-11 11 4 0.467627 1
700000 1.02624e-09 2.45961e-07 1.41748e-11 11 4 0.437898 2
700000 1.02624e-09 2.45961e-07 1.41748e-11 11 4 0.426305 6
700000 1.02624e-09 2.45961e-07 1.41748e-11 11 4 0.464225 2
800000 1.3893e-09 2.80843e-07 2.35741e-11 10 3 0.38998 6
800000 1.3893e-09 2.80843e-07 2.35741e-11 10 3 0.42416 2
800000 1.3893e-09 2.80843e-07 2.35741e-11 10 3 0.414844 2
900000 1.19398e-09 2.30877e-07 2.15769e-11 8 2 0.443805 6
900000 1.19398e-09 2.30877e-07 2.15769e-11 8 2 0.484502 2
1e+06 1.84734e-09 2.37631e-07 3.4239e-11 8 5 0.443805 4
1e+06 1.84734e-09 2.37631e-07 3.4239e-11 8 5 0.460811 1
1e+06 1.84734e-09 2.37631e-07 3.4239e-11 8 5 0.433198 1
1e+06 1.84734e-09 2.37631e-07 3.4239e-11 8 5 0.425596 1
1e+06 1.84734e-09 2.37631e-07 3.4239e-11 8 5 0.485034 1
1.1e+06 1.31671e-09 2.41543e-07 3.29679e-11 6 3 0.443805 2
1.1e+06 1.31671e-09 2.41543e-07 3.29679e-11 6 3 0.435999 2
1.1e+06 1.31671e-09 2.41543e-07 3.29679e-11 6 3 0.427922 2
1.2e+06 1.0575e-09 2.74803e-07 2.93994e-11 6 2 0.400327 2
1.2e+06 1.0575e-09 2.74803e-07 2.93994e-11 6 2 0.429762 4
1.3e+06 1.54954e-09 2.13729e-07 2.63635e-11 8 2 0.424019 4
1.3e+06 1.54954e-09 2.13729e-07 2.63635e-11 8 2 0.463258 4
1.4e+06 1.25494e-09 2.23087e-07 2.94628e-11 6 1 0.463258 6
1.5e+06 1.18877e-09 2.21068e-07 2.07485e-11 8 3 0.453807 2
1.5e+06 1.18877e-09 2.21068e-07 2.07485e-11 8 3 0.462617 4
1.5e+06 1.18877e-09 2.21068e-07 2.07485e-11 8 3 0.490927 2
1.6e+06 1.45616e-09 2.2724e-07 5.22448e-11 4 1 0.462617 4
1.7e+06 1.49524e-09 2.72616e-07 2.47569e-11 10 4 0.409918 4
1.7e+06 1.49524e-09 2.72616e-07 2.47569e-11 10 4 0.440918 3
1.7e+06 1.49524e-09 2.72616e-07 2.47569e-11 10 4 0.416561 2
1.7e+06 1.49524e-09 2.72616e-07 2.47569e-11 10 4 0.453543 1
1.8e+06 8.67443e-10 2.6409e-07 1.5524e-11 9 1 0.413685 9
1.9e+06 1.07469e-09 2.45551e-07 1.16432e-11 14 3 0.413685 10
1.9e+06 1.07469e-09 2.45551e-07 1.16432e-11 14 3 0.420309 3
1.9e+06 1.07469e-09 2.45551e-07 1.16432e-11 14 3 0.450992 1
2e+06 1.23947e-09 2.55332e-07 2.15992e-11 9 4 0.413685 4
2e+06 1.23947e-09 2.55332e-07 2.15992e-11 9 4 0.442835 3
2e+06 1.23947e-09 2.55332e-07 2.15992e-11 9 4 0.458235 1
2e+06 1.23947e-09 2.55332e-07 2.15992e-11 9 4 0.388565 1
2.1e+06 8.70499e-10 2.72124e-07 1.30593e-11 11 3 0.399468 4
2.1e+06 8.70499e-10 2.72124e-07 1.30593e-11 11 3 0.404992 6
2.1e+06 8.70499e-10 2.72124e-07 1.30593e-11 11 3 0.38888 1
2.2e+06 1.43332e-09 3.08596e-07 2.39277e-11 11 5 0.38888 2
2.2e+06 1.43332e-09 3.08596e-07 2.39277e-11 11 5 0.34997 4
2.2e+06 1.43332e-09 3.08596e-07 2.39277e-11 11 5 0.356628 2
2.2e+06 1.43332e-09 3.08596e-07 2.39277e-11 11 5 0.386522 2
2.2e+06 1.43332e-09 3.08596e-07 2.39277e-11 11 5 0.353224 1
2.3e+06 1.30623e-09 2.81451e-07 1.38561e-11 16 4 0.391633 5
2.3e+06 1.30623e-09 2.81451e-07 1.38561e-11 16 4 0.354979 8
2.3e+06 1.30623e-09 2.81451e-07 1.38561e-11 16 4 0.408255 2
2.3e+06 1.30623e-09 2.81451e-07 1.38561e-11 16 4 0.362179 1
2.4e+06 1.27746e-09 3.05682e-07 1.93791e-11 12 2 0.354979 8
2.4e+06 1.27746e-09 3.05682e-07 1.93791e-11 12 2 0.36161 4
2.5e+06 7.76712e-10 2.74398e-07 1.17312e-11 11 4 0.354979 2
2.5e+06 7.76712e-10 2.74398e-07 1.17312e-11 11 4 0.391947 3
2.5e+06 7.76712e-10 2.74398e-07 1.17312e-11 11 4 0.405804 4
2.5e+06 7.76712e-10 2.74398e-07 1.17312e-11 11 4 0.354096 2
2.6e+06 1.0359e-09 3.12683e-07 1.9222e-11 10 2 0.349637 9
2.6e+06 1.0359e-09 3.12683e-07 1.9222e-11 10 2 0.337192 1
2.7e+06 6.58247e-10 3.03419e-07 9.14403e-12 13 3 0.341142 6
2.7e+06 6.58247e-10 3.03419e-07 9.14403e-12 13 3 0.386335 6
2.7e+06 6.58247e-10 3.03419e-07 9.14403e-12 13 3 0.327659 1
2.8e+06 1.17426e-09 3.17529e-07 2.20849e-11 10 3 0.333178 4
2.8e+06 1.17426e-09 3.17529e-07 2.20849e-11 10 3 0.355671 5
2.8e+06 1.17426e-09 3.17529e-07 2.20849e-11 10 3 0.363398 1
2.9e+06 8.30439e-10 3.56111e-07 1.91325e-11 9 3 0.360722 2
2.9e+06 8.30439e-10 3.56111e-07 1.91325e-11 9 3 0.299289 6
2.9e+06 8.30439e-10 3.56111e-07 1.91325e-11 9 3 0.285107 1
3e+06 7.36077e-10 3.98249e-07 2.10319e-11 8 4 0.284448 5
3e+06 7.36077e-10 3.98249e-07 2.10319e-11 8 4 0.284283 1
3e+06 7.36077e-10 3.98249e-07 2.10319e-11 8 4 0.278202 1
3e+06 7.36077e-10 3.98249e-07 2.10319e-11 8 4 0.249814 1
3.1e+06 6.54125e-10 4.13436e-07 1.28581e-11 12 3 0.249814 6
3.1e+06 6.54125e-10 4.13436e-07 1.28581e-11 12 3 0.270744 2
3.1e+06 6.54125e-10 4.13436e-07 1.28581e-11 12 3 0.254181 4
3.2e+06 9.93825e-10 4.0937e-07 1.54977e-11 15 4 0.252209 4
3.2e+06 9.93825e-10 4.0937e-07 1.54977e-11 15 4 0.288611 9
3.2e+06 9.93825e-10 4.0937e-07 1.54977e-11 15 4 0.246663 1
3.2e+06 9.93825e-10 4.0937e-07 1.54977e-11 15 4 0.22924 1
3.3e+06 5.11952e-10 4.56495e-07 1.01338e-11 13 2 0.246663 11
3.3e+06 5.11952e-10 4.56495e-07 1.01338e-11 13 2 0.206807 2
3.4e+06 5.77305e-10 4.67388e-07 1.68764e-11 9 3 0.246663 7
3.4e+06 5.77305e-10 4.67388e-07 1.68764e-11 9 3 0.235526 1
3.4e+06 5.77305e-10 4.67388e-07 1.68764e-11 9 3 0.211588 1
3.5e+06 6.86317e-10 4.60912e-07 1.62106e-11 11 4 0.235526 8
3.5e+06 6.86317e-10 4.60912e-07 1.62106e-11 11 4 0.249803 1
3.5e+06 6.86317e-10 4.60912e-07 1.62106e-11 11 4 0.221532 1
3.5e+06 6.86317e-10 4.60912e-07 1.62106e-11 11 4 0.280627 1
3.6e+06 1.02237e-09 4.61765e-07 1.90121e-11 14 3 0.23007 6
3.6e+06 1.02237e-09 4.61765e-07 1.90121e-11 14 3 0.204871 2
3.6e+06 1.02237e-09 4.61765e-07 1.90121e-11 14 3 0.264691 6
3.7e+06 6.53589e-10 5.10433e-07 1.05413e-11 18 8 0.219188 10
3.7e+06 6.53589e-10 5.10433e-07 1.05413e-11 18 8 0.212391 1
3.7e+06 6.53589e-10 5.10433e-07 1.05413e-11 18 8 0.227908 1
3.7e+06 6.53589e-10 5.10433e-07 1.05413e-11 18 8 0.23433 1
3.7e+06 6.53589e-10 5.10433e-07 1.05413e-11 18 8 0.262376 2
3.7e+06 6.53589e-10 5.10433e-07 1.05413e-11 18 8 0.199411 1
3.7e+06 6.53589e-10 5.10433e-07 1.05413e-11 18 8 0.209616 1
3.7e+06 6.53589e-10 5.10433e-07 1.05413e-11 18 8 0.226486 1
3.8e+06 6.68074e-10 5.28002e-07 2.45461e-11 8 3 0.219188 5
3.8e+06 6.68074e-10 5.28002e-07 2.45461e-11 8 3 0.167148 2
3.8e+06 6.68074e-10 5.28002e-07 2.45461e-11 8 3 0.223028 1
