0 1.50659e-09 2.07143e-07 1.91083e-11 11 1 0.5 11
100000 1.74835e-09 2.1599e-07 4.00648e-11 6 2 0.510699 5
100000 1.74835e-09 2.1599e-07 4.00648e-11 6 2 0.526585 1
200000 9.94828e-10 2.14558e-07 1.04155e-11 13 4 0.469152 3
200000 9.94828e-10 2.14558e-07 1.04155e-11 13 4 0.502883 8
200000 9.94828e-10 2.14558e-07 1.04155e-11 13 4 0.469102 1
200000 9.94828e-10 2.14558e-07 1.04155e-11 13 4 0.446886 1
300000 2.01138e-09 2.12286e-07 3.02683e-11 9 5 0.449083 2
300000 2.01138e-09 2.12286e-07 3.02683e-11 9 5 0.453767 1
300000 2.01138e-09 2.12286e-07 3.02683e-11 9 5 0.489331 2
300000 2.01138e-09 2.12286e-07 3.02683e-11 9 5 0.494948 3
300000 2.01138e-09 2.12286e-07 3.02683e-11 9 5 0.530784 1
400000 1.0928e-09 2.44194e-07 1.37554e-11 12 2 0.430322 6
400000 1.0928e-09 2.44194e-07 1.37554e-11 12 2 0.428351 6
500000 1.50836e-09 2.32143e-07 2.74071e-11 8 4 0.431741 3
500000 1.50836e-09 2.32143e-07 2.74071e-11 8 4 0.443639 2
500000 1.50836e-09 2.32143e-07 2.74071e-11 8 4 0.454603 1
500000 1.50836e-09 2.32143e-07 2.74071e-11 8 4 0.44726 2
600000 1.47194e-09 2.24084e-07 1.88804e-11 11 3 0.428556 1
600000 1.47194e-09 2.24084e-07 1.88804e-11 11 3 0.460648 8
600000 1.47194e-09 2.24084e-07 1.88804e-11 11 3 0.443288 2
700000 1.49275e-09 2.1332e-07 2.02605e-11 10 3 0.482748 7
700000 1.49275e-09 2.1332e-07 2.02605e-11 10 3 0.48533 2
700000 1.49275e-09 2.1332e-07 2.02605e-11 10 3 0.426593 1
800000 1.6343e-09 2.41944e-07 2.72851e-11 9 3 0.426593 4
800000 1.6343e-09 2.41944e-07 2.72851e-11 9 3 0.459305 4
800000 1.6343e-09 2.41944e-07 2.72851e-11 9 3 0.479189 1
900000 1.18169e-09 2.2758e-07 1.40543e-11 12 3 0.459305 5
900000 1.18169e-09 2.2758e-07 1.40543e-11 12 3 0.468189 6
900000 1.18169e-09 2.2758e-07 1.40543e-11 12 3 0.458379 1
1e+06 1.6986e-09 2.10312e-07 3.81091e-11 6 3 0.491282 2
1e+06 1.6986e-09 2.10312e-07 3.81091e-11 6 3 0.520791 3
1e+06 1.6986e-09 2.10312e-07 3.81091e-11 6 3 0.490677 1
1.1e+06 1.30519e-09 2.01451e-07 1.88152e-11 9 4 0.520791 2
1.1e+06 1.30519e-09 2.01451e-07 1.88152e-11 9 4 0.516173 2
1.1e+06 1.30519e-09 2.01451e-07 1.88152e-11 9 4 0.486565 4
1.1e+06 1.30519e-09 2.01451e-07 1.88152e-11 9 4 0.483616 1
1.2e+06 1.9317e-09 2.00157e-07 4.17215e-11 6 2 0.516173 5
1.2e+06 1.9317e-09 2.00157e-07 4.17215e-11 6 2 0.528949 1
1.3e+06 1.33285e-09 1.99695e-07 2.14794e-11 8 3 0.50566 4
1.3e+06 1.33285e-09 1.99695e-07 2.14794e-11 8 3 0.500766 2
1.3e+06 1.33285e-09 1.99695e-07 2.14794e-11 8 3 0.494324 2
1.4e+06 1.77274e-09 2.11427e-07 3.42077e-11 7 5 0.535878 3
1.4e+06 1.77274e-09 2.11427e-07 3.42077e-11 7 5 0.484437 1
1.4e+06 1.77274e-09 2.11427e-07 3.42077e-11 7 5 0.475445 1
1.4e+06 1.77274e-09 2.11427e-07 3.42077e-11 7 5 0.493249 1
1.4e+06 1.77274e-09 2.11427e-07 3.42077e-11 7 5 0.513834 1
1.5e+06 1.57262e-09 2.13208e-07 3.56542e-11 6 3 0.484437 3
1.5e+06 1.57262e-09 2.13208e-07 3.56542e-11 6 3 0.493249 2
1.5e+06 1.57262e-09 2.13208e-07 3.56542e-11 6 3 0.483872 1
1.6e+06 1.92155e-09 2.14836e-07 2.38557e-11 11 3 0.472674 8
1.6e+06 1.92155e-09 2.14836e-07 2.38557e-11 11 3 0.514247 2
1.6e+06 1.92155e-09 2.14836e-07 2.38557e-11 11 3 0.484697 1
1.7e+06 1.50744e-09 2.2286e-07 2.65049e-11 8 2 0.472674 5
1.7e+06 1.50744e-09 2.2286e-07 2.65049e-11 8 2 0.464472 3
1.8e+06 1.13814e-09 2.27176e-07 3.2549e-11 5 2 0.465353 1
1.8e+06 1.13814e-09 2.27176e-07 3.2549e-11 5 2 0.462978 4
1.9e+06 1.60829e-09 2.25172e-07 2.5336e-11 9 2 0.477042 8
1.9e+06 1.60829e-09 2.25172e-07 2.5336e-11 9 2 0.490213 1
2e+06 1.37855e-09 2.20206e-07 1.91828e-11 10 4 0.475693 2
2e+06 1.37855e-09 2.20206e-07 1.91828e-11 10 4 0.462013 4
2e+06 1.37855e-09 2.20206e-07 1.91828e-11 10 4 0.476469 2
2e+06 1.37855e-09 2.20206e-07 1.91828e-11 10 4 0.477227 2
2.1e+06 1.39641e-09 2.19184e-07 1.93595e-11 10 4 0.472089 6
2.1e+06 1.39641e-09 2.19184e-07 1.93595e-11 10 4 0.497717 2
2.1e+06 1.39641e-09 2.19184e-07 1.93595e-11 10 4 0.503359 1
2.1e+06 1.39641e-09 2.19184e-07 1.93595e-11 10 4 0.471867 1
2.2e+06 1.5191e-09 2.1767e-07 2.99794e-11 7 2 0.479587 5
2.2e+06 1.5191e-09 2.1767e-07 2.99794e-11 7 2 0.459709 2
2.3e+06 1.84938e-09 2.18898e-07 3.20843e-11 8 3 0.479587 2
2.3e+06 1.84938e-09 2.18898e-07 3.20843e-11 8 3 0.485132 4
2.3e+06 1.84938e-09 2.18898e-07 3.20843e-11 8 3 0.506229 2
2.4e+06 1.39605e-09 2.05126e-07 2.29774e-11 8 2 0.506229 7
2.4e+06 1.39605e-09 2.05126e-07 2.29774e-11 8 2 0.498285 1
2.5e+06 1.72581e-09 1.94685e-07 4.38003e-11 5 1 0.518714 5
2.6e+06 1.61478e-09 2.04063e-07 2.35307e-11 9 2 0.518714 7
2.6e+06 1.61478e-09 2.04063e-07 2.35307e-11 9 2 0.458838 2
2.7e+06 1.33789e-09 2.03299e-07 1.94237e-11 9 5 0.53255 2
2.7e+06 1.33789e-09 2.03299e-07 1.94237e-11 9 5 0.494789 2
2.7e+06 1.33789e-09 2.03299e-07 1.94237e-11 9 5 0.539005 1
2.7e+06 1.33789e-09 2.03299e-07 1.94237e-11 9 5 0.537391 2
2.7e+06 1.33789e-09 2.03299e-07 1.94237e-11 9 5 0.507223 2
2.8e+06 1.02692e-09 2.1537e-07 1.40264e-11 10 2 0.507223 9
2.8e+06 1.02692e-09 2.1537e-07 1.40264e-11 10 2 0.4925 1
2.9e+06 1.5842e-09 2.0964e-07 2.65373e-11 8 2 0.507223 7
2.9e+06 1.5842e-09 2.0964e-07 2.65373e-11 8 2 0.490578 1
3e+06 1.28043e-09 2.06189e-07 1.20679e-11 14 2 0.507223 13
3e+06 1.28043e-09 2.06189e-07 1.20679e-11 14 2 0.505044 1
3.1e+06 1.23509e-09 1.93251e-07 3.89442e-11 4 3 0.507223 1
3.1e+06 1.23509e-09 1.93251e-07 3.89442e-11 4 3 0.489424 2
3.1e+06 1.23509e-09 1.93251e-07 3.89442e-11 4 3 0.496413 1
3.2e+06 1.41482e-09 1.95324e-07 3.59558e-11 5 2 0.507223 3
3.2e+06 1.41482e-09 1.95324e-07 3.59558e-11 5 2 0.500565 2
3.3e+06 1.49013e-09 2.28727e-07 2.67465e-11 8 4 0.491281 4
3.3e+06 1.49013e-09 2.28727e-07 2.67465e-11 8 4 0.457379 2
3.3e+06 1.49013e-09 2.28727e-07 2.67465e-11 8 4 0.49798 1
3.3e+06 1.49013e-09 2.28727e-07 2.67465e-11 8 4 0.474407 1
3.4e+06 1.2248e-09 2.31453e-07 2.21792e-11 8 2 0.457379 7
3.4e+06 1.2248e-09 2.31453e-07 2.21792e-11 8 2 0.48205 1
3.5e+06 8.2851e-10 2.55068e-07 2.164e-11 6 2 0.410947 4
3.5e+06 8.2851e-10 2.55068e-07 2.164e-11 6 2 0.459398 2
3.6e+06 1.1379e-09 2.63005e-07 1.66098e-11 11 3 0.381346 7
3.6e+06 1.1379e-09 2.63005e-07 1.66098e-11 11 3 0.4246 3
3.6e+06 1.1379e-09 2.63005e-07 1.66098e-11 11 3 0.3905 1
3.7e+06 1.90391e-09 2.91682e-07 6.71936e-11 5 3 0.355184 1
3.7e+06 1.90391e-09 2.91682e-07 6.71936e-11 5 3 0.36809 2
3.7e+06 1.90391e-09 2.91682e-07 6.71936e-11 5 3 0.399634 2
3.8e+06 8.08267e-10 2.63421e-07 1.85734e-11 7 4 0.399634 3
3.8e+06 8.08267e-10 2.63421e-07 1.85734e-11 7 4 0.372438 2
3.8e+06 8.08267e-10 2.63421e-07 1.85734e-11 7 4 0.411932 1
3.8e+06 8.08267e-10 2.63421e-07 1.85734e-11 7 4 0.386457 1
3.9e+06 8.70335e-10 2.74597e-07 1.31556e-11 11 5 0.372928 2
3.9e+06 8.70335e-10 2.74597e-07 1.31556e-11 11 5 0.403218 3
3.9e+06 8.70335e-10 2.74597e-07 1.31556e-11 11 5 0.384481 4
3.9e+06 8.70335e-10 2.74597e-07 1.31556e-11 11 5 0.419617 1
3.9e+06 8.70335e-10 2.74597e-07 1.31556e-11 11 5 0.402257 1
4e+06 1.13037e-09 2.65928e-07 1.83198e-11 10 2 0.400675 2
4e+06 1.13037e-09 2.65928e-07 1.83198e-11 10 2 0.405433 8
4.1e+06 1.28048e-09 2.85564e-07 2.00215e-11 11 4 0.394413 4
4.1e+06 1.28048e-09 2.85564e-07 2.00215e-11 11 4 0.38077 2
4.1e+06 1.28048e-09 2.85564e-07 2.00215e-11 11 4 0.390785 4
4.1e+06 1.28048e-09 2.85564e-07 2.00215e-11 11 4 0.391663 1
4.2e+06 8.06332e-10 3.23948e-07 1.92688e-11 8 2 0.3701 6
4.2e+06 8.06332e-10 3.23948e-07 1.92688e-11 8 2 0.348568 2
4.3e+06 1.19202e-09 2.96726e-07 2.64917e-11 8 2 0.3701 6
4.3e+06 1.19202e-09 2.96726e-07 2.64917e-11 8 2 0.313934 2
4.4e+06 1.16555e-09 2.8472e-07 1.66525e-11 12 5 0.381934 6
4.4e+06 1.16555e-09 2.8472e-07 1.66525e-11 12 5 0.36178 2
4.4e+06 1.16555e-09 2.8472e-07 1.66525e-11 12 5 0.371301 2
4.4e+06 1.16555e-09 2.8472e-07 1.66525e-11 12 5 0.397059 1
4.4e+06 1.16555e-09 2.8472e-07 1.66525e-11 12 5 0.374929 1
4.5e+06 8.70904e-10 3.26129e-07 2.09449e-11 8 3 0.333087 5
4.5e+06 8.70904e-10 3.26129e-07 2.09449e-11 8 3 0.304751 2
4.5e+06 8.70904e-10 3.26129e-07 2.09449e-11 8 3 0.326464 1
4.6e+06 8.24972e-10 3.94824e-07 3.12527e-11 6 2 0.273888 5
4.6e+06 8.24972e-10 3.94824e-07 3.12527e-11 6 2 0.286848 1
4.7e+06 5.68007e-10 3.94959e-07 1.60985e-11 8 4 0.273888 3
4.7e+06 5.68007e-10 3.94959e-07 1.60985e-11 8 4 0.285322 1
4.7e+06 5.68007e-10 3.94959e-07 1.60985e-11 8 4 0.29414 3
4.7e+06 5.68007e-10 3.94959e-07 1.60985e-11 8 4 0.28337 1
4.8e+06 9.04961e-10 3.7777e-07 3.29927e-11 6 3 0.309106 1
4.8e+06 9.04961e-10 3.7777e-07 3.29927e-11 6 3 0.272612 3
4.8e+06 9.04961e-10 3.7777e-07 3.29927e-11 6 3 0.336014 2
4.9e+06 9.53265e-10 4.22997e-07 2.87522e-11 8 2 0.272612 7
4.9e+06 9.53265e-10 4.22997e-07 2.87522e-11 8 2 0.277867 1
5e+06 6.35466e-10 4.12547e-07 1.24656e-11 12 6 0.272612 2
5e+06 6.35466e-10 4.12547e-07 1.24656e-11 12 6 0.298409 3
5e+06 6.35466e-10 4.12547e-07 1.24656e-11 12 6 0.261627 3
5e+06 6.35466e-10 4.12547e-07 1.24656e-11 12 6 0.256496 2
5e+06 6.35466e-10 4.12547e-07 1.24656e-11 12 6 0.248765 1
5e+06 6.35466e-10 4.12547e-07 1.24656e-11 12 6 0.235423 1
5.1e+06 3.71417e-10 5.73562e-07 1.46797e-11 8 1 0.213045 8
5.2e+06 6.00524e-10 5.67174e-07 1.25266e-11 15 6 0.181399 2
5.2e+06 6.00524e-10 5.67174e-07 1.25266e-11 15 6 0.202331 4
5.2e+06 6.00524e-10 5.67174e-07 1.25266e-11 15 6 0.195008 4
5.2e+06 6.00524e-10 5.67174e-07 1.25266e-11 15 6 0.22069 2
5.2e+06 6.00524e-10 5.67174e-07 1.25266e-11 15 6 0.18974 2
5.2e+06 6.00524e-10 5.67174e-07 1.25266e-11 15 6 0.199228 1
5.3e+06 3.58233e-10 5.61526e-07 9.25037e-12 12 3 0.202331 6
5.3e+06 3.58233e-10 5.61526e-07 9.25037e-12 12 3 0.225012 4
5.3e+06 3.58233e-10 5.61526e-07 9.25037e-12 12 3 0.220935 2
5.4e+06 4.91447e-10 6.01236e-07 1.62257e-11 10 2 0.202331 2
5.4e+06 4.91447e-10 6.01236e-07 1.62257e-11 10 2 0.197075 8
5.5e+06 5.26333e-10 6.26314e-07 1.20179e-11 15 3 0.164041 8
5.5e+06 5.26333e-10 6.26314e-07 1.20179e-11 15 3 0.198915 6
5.5e+06 5.26333e-10 6.26314e-07 1.20179e-11 15 3 0.222758 1
5.6e+06 3.74939e-10 7.06612e-07 1.59602e-11 9 3 0.198915 2
5.6e+06 3.74939e-10 7.06612e-07 1.59602e-11 9 3 0.148045 6
5.6e+06 3.74939e-10 7.06612e-07 1.59602e-11 9 3 0.102201 1
5.7e+06 5.04788e-10 8.92397e-07 1.04388e-11 23 5 0.13658 12
5.7e+06 5.04788e-10 8.92397e-07 1.04388e-11 23 5 0.142931 4
5.7e+06 5.04788e-10 8.92397e-07 1.04388e-11 23 5 0.144577 3
5.7e+06 5.04788e-10 8.92397e-07 1.04388e-11 23 5 0.157327 2
5.7e+06 5.04788e-10 8.92397e-07 1.04388e-11 23 5 0.150262 2
5.8e+06 1.62723e-10 8.11239e-07 1.41804e-11 5 3 0.123371 3
5.8e+06 1.62723e-10 8.11239e-07 1.41804e-11 5 3 0.176585 1
5.8e+06 1.62723e-10 8.11239e-07 1.41804e-11 5 3 0.105999 1
5.9e+06 3.04287e-10 8.42111e-07 1.05477e-11 13 6 0.140785 3
5.9e+06 3.04287e-10 8.42111e-07 1.05477e-11 13 6 0.129568 4
5.9e+06 3.04287e-10 8.42111e-07 1.05477e-11 13 6 0.120504 2
5.9e+06 3.04287e-10 8.42111e-07 1.05477e-11 13 6 0.107917 2
5.9e+06 3.04287e-10 8.42111e-07 1.05477e-11 13 6 0.115194 1
5.9e+06 3.04287e-10 8.42111e-07 1.05477e-11 13 6 0.116883 1
