0 1.50659e-09 2.07143e-07 1.91083e-11 11 1 0.5 11
100000 1.52834e-09 2.00419e-07 3.29961e-11 6 2 0.511303 3
100000 1.52834e-09 2.00419e-07 3.29961e-11 6 2 0.514661 3
200000 1.12843e-09 1.93806e-07 2.3703e-11 6 2 0.514661 5
200000 1.12843e-09 1.93806e-07 2.3703e-11 6 2 0.479297 1
300000 1.4855e-09 2.34606e-07 2.17517e-11 10 5 0.478434 1
300000 1.4855e-09 2.34606e-07 2.17517e-11 10 5 0.446707 5
300000 1.4855e-09 2.34606e-07 2.17517e-11 10 5 0.471575 2
300000 1.4855e-09 2.34606e-07 2.17517e-11 10 5 0.492497 1
300000 1.4855e-09 2.34606e-07 2.17517e-11 10 5 0.494555 1
400000 1.64903e-09 2.18408e-07 3.26391e-11 7 3 0.486601 3
400000 1.64903e-09 2.18408e-07 3.26391e-11 7 3 0.489831 1
400000 1.64903e-09 2.18408e-07 3.26391e-11 7 3 0.510776 3
500000 1.58411e-09 2.03962e-07 1.72893e-11 12 3 0.510776 4
500000 1.58411e-09 2.03962e-07 1.72893e-11 12 3 0.460533 6
500000 1.58411e-09 2.03962e-07 1.72893e-11 12 3 0.451327 2
600000 1.8351e-09 2.22991e-07 5.19486e-11 5 2 0.459839 3
600000 1.8351e-09 2.22991e-07 5.19486e-11 5 2 0.438939 2
700000 9.17383e-10 2.33495e-07 1.33642e-11 10 6 0.438939 4
700000 9.17383e-10 2.33495e-07 1.33642e-11 10 6 0.50143 1
700000 9.17383e-10 2.33495e-07 1.33642e-11 10 6 0.424287 1
700000 9.17383e-10 2.33495e-07 1.33642e-11 10 6 0.433808 1
700000 9.17383e-10 2.33495e-07 1.33642e-11 10 6 0.448455 2
700000 9.17383e-10 2.33495e-07 1.33642e-11 10 6 0.465314 1
800000 1.54102e-09 2.34869e-07 2.25907e-11 10 3 0.438939 2
800000 1.54102e-09 2.34869e-07 2.25907e-11 10 3 0.440732 4
800000 1.54102e-09 2.34869e-07 2.25907e-11 10 3 0.451939 4
900000 9.37268e-10 2.47305e-07 1.30011e-11 11 3 0.440732 5
900000 9.37268e-10 2.47305e-07 1.30011e-11 11 3 0.428996 4
900000 9.37268e-10 2.47305e-07 1.30011e-11 11 3 0.421107 2
1e+06 1.17786e-09 2.48057e-07 3.61759e-11 5 2 0.448527 3
1e+06 1.17786e-09 2.48057e-07 3.61759e-11 5 2 0.4363 2
1.1e+06 1.29156e-09 2.41182e-07 2.76596e-11 7 3 0.4363 1
1.1e+06 1.29156e-09 2.41182e-07 2.76596e-11 7 3 0.428963 4
1.1e+06 1.29156e-09 2.41182e-07 2.76596e-11 7 3 0.438698 2
1.2e+06 1.40928e-09 2.35185e-07 1.76458e-10 7 2 0.438698 6
1.2e+06 1.40928e-09 2.35185e-07 1.76458e-10 7 2 0.411677 1
1.3e+06 1.22338e-09 2.42631e-07 4.62192e-11 4 3 0.438698 2
1.3e+06 1.22338e-09 2.42631e-07 4.62192e-11 4 3 0.445347 1
1.3e+06 1.22338e-09 2.42631e-07 4.62192e-11 4 3 0.448343 1
1.4e+06 1.12032e-09 2.72153e-07 1.1552e-11 16 2 0.411711 14
1.4e+06 1.12032e-09 2.72153e-07 1.1552e-11 16 2 0.407206 2
1.5e+06 8.09556e-10 2.64547e-07 1.63281e-11 8 4 0.392494 3
1.5e+06 8.09556e-10 2.64547e-07 1.63281e-11 8 4 0.388412 3
1.5e+06 8.09556e-10 2.64547e-07 1.63281e-11 8 4 0.383552 1
1.5e+06 8.09556e-10 2.64547e-07 1.63281e-11 8 4 0.376218 1
1.6e+06 1.24464e-09 2.84608e-07 2.13494e-11 10 4 0.383696 4
1.6e+06 1.24464e-09 2.84608e-07 2.13494e-11 10 4 0.349614 1
1.6e+06 1.24464e-09 2.84608e-07 2.13494e-11 10 4 0.386683 3
1.6e+06 1.24464e-09 2.84608e-07 2.13494e-11 10 4 0.375455 2
1.7e+06 8.84114e-10 2.76673e-07 1.47975e-11 10 3 0.375455 6
1.7e+06 8.84114e-10 2.76673e-07 1.47975e-11 10 3 0.385313 1
1.7e+06 8.84114e-10 2.76673e-07 1.47975e-11 10 3 0.389856 3
1.8e+06 1.15923e-09 2.60354e-07 1.53791e-11 12 3 0.375455 1
1.8e+06 1.15923e-09 2.60354e-07 1.53791e-11 12 3 0.403635 7
1.8e+06 1.15923e-09 2.60354e-07 1.53791e-11 12 3 0.391339 4
1.9e+06 1.27584e-09 2.6267e-07 1.86089e-11 11 6 0.417462 3
1.9e+06 1.27584e-09 2.6267e-07 1.86089e-11 11 6 0.419405 1
1.9e+06 1.27584e-09 2.6267e-07 1.86089e-11 11 6 0.399807 4
1.9e+06 1.27584e-09 2.6267e-07 1.86089e-11 11 6 0.39361 1
1.9e+06 1.27584e-09 2.6267e-07 1.86089e-11 11 6 0.402345 1
1.9e+06 1.27584e-09 2.6267e-07 1.86089e-11 11 6 0.394265 1
2e+06 1.0854e-09 2.61718e-07 2.17159e-11 8 3 0.417462 4
2e+06 1.0854e-09 2.61718e-07 2.17159e-11 8 3 0.397178 3
2e+06 1.0854e-09 2.61718e-07 2.17159e-11 8 3 0.401475 1
2.1e+06 8.33032e-10 2.71945e-07 1.37403e-11 10 2 0.411327 9
2.1e+06 8.33032e-10 2.71945e-07 1.37403e-11 10 2 0.416081 1
2.2e+06 1.01012e-09 2.95974e-07 2.2384e-11 8 5 0.375579 2
2.2e+06 1.01012e-09 2.95974e-07 2.2384e-11 8 5 0.369546 2
2.2e+06 1.01012e-09 2.95974e-07 2.2384e-11 8 5 0.340413 1
2.2e+06 1.01012e-09 2.95974e-07 2.2384e-11 8 5 0.353509 2
2.2e+06 1.01012e-09 2.95974e-07 2.2384e-11 8 5 0.385894 1
2.3e+06 8.59435e-10 2.93097e-07 1.07726e-11 14 4 0.353509 10
2.3e+06 8.59435e-10 2.93097e-07 1.07726e-11 14 4 0.372995 1
2.3e+06 8.59435e-10 2.93097e-07 1.07726e-11 14 4 0.354569 2
2.3e+06 8.59435e-10 2.93097e-07 1.07726e-11 14 4 0.313091 1
2.4e+06 8.42622e-10 3.03774e-07 1.52489e-11 10 3 0.354569 6
2.4e+06 8.42622e-10 3.03774e-07 1.52489e-11 10 3 0.351727 2
2.4e+06 8.42622e-10 3.03774e-07 1.52489e-11 10 3 0.36169 2
2.5e+06 1.12208e-09 3.09552e-07 2.29535e-11 9 2 0.343924 6
2.5e+06 1.12208e-09 3.09552e-07 2.29535e-11 9 2 0.369999 3
2.6e+06 7.04232e-10 3.20924e-07 9.52613e-12 14 4 0.371163 1
2.6e+06 7.04232e-10 3.20924e-07 9.52613e-12 14 4 0.325042 4
2.6e+06 7.04232e-10 3.20924e-07 9.52613e-12 14 4 0.326227 8
2.6e+06 7.04232e-10 3.20924e-07 9.52613e-12 14 4 0.390143 1
2.7e+06 8.71548e-10 3.21039e-07 1.50237e-11 11 4 0.326227 4
2.7e+06 8.71548e-10 3.21039e-07 1.50237e-11 11 4 0.339522 2
2.7e+06 8.71548e-10 3.21039e-07 1.50237e-11 11 4 0.338306 1
2.7e+06 8.71548e-10 3.21039e-07 1.50237e-11 11 4 0.347876 4
2.8e+06 8.93922e-10 3.38777e-07 1.18226e-11 15 6 0.347876 1
2.8e+06 8.93922e-10 3.38777e-07 1.18226e-11 15 6 0.335015 6
2.8e+06 8.93922e-10 3.38777e-07 1.18226e-11 15 6 0.316161 2
2.8e+06 8.93922e-10 3.38777e-07 1.18226e-11 15 6 0.331991 3
2.8e+06 8.93922e-10 3.38777e-07 1.18226e-11 15 6 0.314703 2
2.8e+06 8.93922e-10 3.38777e-07 1.18226e-11 15 6 0.325269 1
2.9e+06 9.39082e-10 3.51145e-07 1.74843e-11 11 1 0.307895 11
3e+06 8.03067e-10 3.20299e-07 2.53796e-11 6 4 0.356047 1
3e+06 8.03067e-10 3.20299e-07 2.53796e-11 6 4 0.334827 2
3e+06 8.03067e-10 3.20299e-07 2.53796e-11 6 4 0.306081 2
3e+06 8.03067e-10 3.20299e-07 2.53796e-11 6 4 0.376869 1
3.1e+06 1.48117e-09 3.96049e-07 2.24639e-11 15 4 0.306081 3
3.1e+06 1.48117e-09 3.96049e-07 2.24639e-11 15 4 0.301353 3
3.1e+06 1.48117e-09 3.96049e-07 2.24639e-11 15 4 0.26576 8
3.1e+06 1.48117e-09 3.96049e-07 2.24639e-11 15 4 0.295124 1
3.2e+06 9.16875e-10 3.59712e-07 1.74264e-11 11 3 0.313814 2
3.2e+06 9.16875e-10 3.59712e-07 1.74264e-11 11 3 0.321035 8
3.2e+06 9.16875e-10 3.59712e-07 1.74264e-11 11 3 0.327669 1
3.3e+06 9.39928e-10 3.52002e-07 1.75377e-11 11 2 0.294531 9
3.3e+06 9.39928e-10 3.52002e-07 1.75377e-11 11 2 0.332728 2
3.4e+06 8.8784e-10 3.80386e-07 2.43859e-11 8 1 0.294531 8
3.5e+06 9.31831e-10 3.67706e-07 1.80549e-11 11 2 0.294531 10
3.5e+06 9.31831e-10 3.67706e-07 1.80549e-11 11 2 0.298234 1
3.6e+06 4.12077e-10 4.40392e-07 8.55638e-12 12 4 0.279262 5
3.6e+06 4.12077e-10 4.40392e-07 8.55638e-12 12 4 0.248575 1
3.6e+06 4.12077e-10 4.40392e-07 8.55638e-12 12 4 0.253607 5
3.6e+06 4.12077e-10 4.40392e-07 8.55638e-12 12 4 0.253684 1
3.7e+06 5.2014e-10 4.47008e-07 1.31443e-11 10 3 0.248575 5
3.7e+06 5.2014e-10 4.47008e-07 1.31443e-11 10 3 0.256754 4
3.7e+06 5.2014e-10 4.47008e-07 1.31443e-11 10 3 0.247761 1
3.8e+06 5.2752e-10 4.57215e-07 9.70836e-12 14 5 0.248575 10
3.8e+06 5.2752e-10 4.57215e-07 9.70836e-12 14 5 0.256754 1
3.8e+06 5.2752e-10 4.57215e-07 9.70836e-12 14 5 0.256128 1
3.8e+06 5.2752e-10 4.57215e-07 9.70836e-12 14 5 0.237482 1
3.8e+06 5.2752e-10 4.57215e-07 9.70836e-12 14 5 0.220959 1
3.9e+06 4.24141e-10 4.54952e-07 7.76895e-12 14 5 0.22399 2
3.9e+06 4.24141e-10 4.54952e-07 7.76895e-12 14 5 0.273524 6
3.9e+06 4.24141e-10 4.54952e-07 7.76895e-12 14 5 0.230343 4
3.9e+06 4.24141e-10 4.54952e-07 7.76895e-12 14 5 0.224606 1
3.9e+06 4.24141e-10 4.54952e-07 7.76895e-12 14 5 0.226716 1
4e+06 7.55541e-10 4.64464e-07 1.64702e-11 12 4 0.254404 2
4e+06 7.55541e-10 4.64464e-07 1.64702e-11 12 4 0.257995 3
4e+06 7.55541e-10 4.64464e-07 1.64702e-11 12 4 0.217876 3
4e+06 7.55541e-10 4.64464e-07 1.64702e-11 12 4 0.244683 4
4.1e+06 7.63746e-10 4.10897e-07 1.27951e-11 14 1 0.28969 14
4.2e+06 7.94117e-10 3.6871e-07 1.05887e-11 16 4 0.2843 8
4.2e+06 7.94117e-10 3.6871e-07 1.05887e-11 16 4 0.330262 2
4.2e+06 7.94117e-10 3.6871e-07 1.05887e-11 16 4 0.304239 4
4.2e+06 7.94117e-10 3.6871e-07 1.05887e-11 16 4 0.317679 2
4.3e+06 5.67731e-10 4.05079e-07 1.64506e-11 8 3 0.287102 3
4.3e+06 5.67731e-10 4.05079e-07 1.64506e-11 8 3 0.289057 3
4.3e+06 5.67731e-10 4.05079e-07 1.64506e-11 8 3 0.27499 2
4.4e+06 1.39771e-09 4.00317e-07 2.92153e-11 11 3 0.272449 9
4.4e+06 1.39771e-09 4.00317e-07 2.92153e-11 11 3 0.278543 1
4.4e+06 1.39771e-09 4.00317e-07 2.92153e-11 11 3 0.277647 1
4.5e+06 6.59346e-10 5.22848e-07 2.74518e-11 7 3 0.272449 2
4.5e+06 6.59346e-10 5.22848e-07 2.74518e-11 7 3 0.235329 1
4.5e+06 6.59346e-10 5.22848e-07 2.74518e-11 7 3 0.192858 4
4.6e+06 9.00265e-10 3.99225e-07 2.0621e-11 10 1 0.272449 10
4.7e+06 8.65453e-10 4.00352e-07 3.3196e-11 6 3 0.272449 2
4.7e+06 8.65453e-10 4.00352e-07 3.3196e-11 6 3 0.279878 3
4.7e+06 8.65453e-10 4.00352e-07 3.3196e-11 6 3 0.275502 1
4.8e+06 7.05863e-10 4.18032e-07 1.20064e-11 14 3 0.259396 10
4.8e+06 7.05863e-10 4.18032e-07 1.20064e-11 14 3 0.257017 3
4.8e+06 7.05863e-10 4.18032e-07 1.20064e-11 14 3 0.231372 1
4.9e+06 8.80325e-10 4.32e-07 1.79994e-11 12 5 0.259396 7
4.9e+06 8.80325e-10 4.32e-07 1.79994e-11 12 5 0.254678 1
4.9e+06 8.80325e-10 4.32e-07 1.79994e-11 12 5 0.305776 2
4.9e+06 8.80325e-10 4.32e-07 1.79994e-11 12 5 0.259842 1
4.9e+06 8.80325e-10 4.32e-07 1.79994e-11 12 5 0.269317 1
5e+06 5.77795e-10 4.50889e-07 1.33772e-11 11 3 0.259396 2
5e+06 5.77795e-10 4.50889e-07 1.33772e-11 11 3 0.237993 8
5e+06 5.77795e-10 4.50889e-07 1.33772e-11 11 3 0.238016 1
5.1e+06 6.56636e-10 4.73148e-07 1.45477e-11 12 4 0.237993 2
5.1e+06 6.56636e-10 4.73148e-07 1.45477e-11 12 4 0.241372 4
5.1e+06 6.56636e-10 4.73148e-07 1.45477e-11 12 4 0.239201 5
5.1e+06 6.56636e-10 4.73148e-07 1.45477e-11 12 4 0.240066 1
5.2e+06 4.79192e-10 4.792e-07 1.28822e-11 10 4 0.247649 2
5.2e+06 4.79192e-10 4.792e-07 1.28822e-11 10 4 0.243949 6
5.2e+06 4.79192e-10 4.792e-07 1.28822e-11 10 4 0.212123 1
5.2e+06 4.79192e-10 4.792e-07 1.28822e-11 10 4 0.193355 1
5.3e+06 4.04354e-10 5.3994e-07 1.00795e-11 12 7 0.208063 2
5.3e+06 4.04354e-10 5.3994e-07 1.00795e-11 12 7 0.212019 3
5.3e+06 4.04354e-10 5.3994e-07 1.00795e-11 12 7 0.199967 1
5.3e+06 4.04354e-10 5.3994e-07 1.00795e-11 12 7 0.200945 2
5.3e+06 4.04354e-10 5.3994e-07 1.00795e-11 12 7 0.23367 2
5.3e+06 4.04354e-10 5.3994e-07 1.00795e-11 12 7 0.213964 1
5.3e+06 4.04354e-10 5.3994e-07 1.00795e-11 12 7 0.186041 1
5.4e+06 7.12373e-10 4.7912e-07 1.74216e-11 11 5 0.231451 4
5.4e+06 7.12373e-10 4.7912e-07 1.74216e-11 11 5 0.234322 2
5.4e+06 7.12373e-10 4.7912e-07 1.74216e-11 11 5 0.226936 3
5.4e+06 7.12373e-10 4.7912e-07 1.74216e-11 11 5 0.21445 1
5.4e+06 7.12373e-10 4.7912e-07 1.74216e-11 11 5 0.21354 1
5.5e+06 3.33496e-10 4.87698e-07 1.51915e-11 6 3 0.227363 3
5.5e+06 3.33496e-10 4.87698e-07 1.51915e-11 6 3 0.20887 2
5.5e+06 3.33496e-10 4.87698e-07 1.51915e-11 6 3 0.221753 1
5.6e+06 6.84142e-10 4.93832e-07 1.45378e-11 13 2 0.221272 12
5.6e+06 6.84142e-10 4.93832e-07 1.45378e-11 13 2 0.219804 1
5.7e+06 4.67472e-10 5.65656e-07 1.32677e-11 11 4 0.221272 4
5.7e+06 4.67472e-10 5.65656e-07 1.32677e-11 11 4 0.189112 5
5.7e+06 4.67472e-10 5.65656e-07 1.32677e-11 11 4 0.183118 1
5.7e+06 4.67472e-10 5.65656e-07 1.32677e-11 11 4 0.160171 1
5.8e+06 5.03328e-10 6.05961e-07 1.86075e-11 9 2 0.189112 6
5.8e+06 5.03328e-10 6.05961e-07 1.86075e-11 9 2 0.183198 3
5.9e+06 4.43811e-10 5.49816e-07 1.93137e-11 7 2 0.189112 1
5.9e+06 4.43811e-10 5.49816e-07 1.93137e-11 7 2 0.205502 6
6e+06 4.9471e-10 5.66715e-07 1.40653e-11 11 2 0.205502 8
6e+06 4.9471e-10 5.66715e-07 1.40653e-11 11 2 0.203165 3
6.1e+06 4.77266e-10 5.3936e-07 1.18889e-11 12 4 0.205502 4
6.1e+06 4.77266e-10 5.3936e-07 1.18889e-11 12 4 0.211066 6
6.1e+06 4.77266e-10 5.3936e-07 1.18889e-11 12 4 0.209776 1
6.1e+06 4.77266e-10 5.3936e-07 1.18889e-11 12 4 0.23895 1
6.2e+06 8.14463e-10 5.25407e-07 1.48675e-11 16 6 0.205502 8
6.2e+06 8.14463e-10 5.25407e-07 1.48675e-11 16 6 0.217481 4
6.2e+06 8.14463e-10 5.25407e-07 1.48675e-11 16 6 0.228242 1
6.2e+06 8.14463e-10 5.25407e-07 1.48675e-11 16 6 0.216466 1
6.2e+06 8.14463e-10 5.25407e-07 1.48675e-11 16 6 0.222911 1
6.2e+06 8.14463e-10 5.25407e-07 1.48675e-11 16 6 0.215164 1
6.3e+06 2.69708e-10 6.47831e-07 9.52441e-12 10 1 0.183824 10
6.4e+06 7.21582e-10 6.33044e-07 1.46868e-11 17 5 0.191224 9
6.4e+06 7.21582e-10 6.33044e-07 1.46868e-11 17 5 0.143155 3
6.4e+06 7.21582e-10 6.33044e-07 1.46868e-11 17 5 0.21112 2
6.4e+06 7.21582e-10 6.33044e-07 1.46868e-11 17 5 0.187737 2
6.4e+06 7.21582e-10 6.33044e-07 1.46868e-11 17 5 0.145854 1
6.5e+06 6.7196e-10 5.41088e-07 1.83339e-11 11 3 0.21112 4
6.5e+06 6.7196e-10 5.41088e-07 1.83339e-11 11 3 0.187737 2
6.5e+06 6.7196e-10 5.41088e-07 1.83339e-11 11 3 0.217765 5
6.6e+06 5.96801e-10 5.8753e-07 2.14567e-11 9 3 0.194674 5
6.6e+06 5.96801e-10 5.8753e-07 2.14567e-11 9 3 0.220617 2
6.6e+06 5.96801e-10 5.8753e-07 2.14567e-11 9 3 0.208339 2
6.7e+06 6.51858e-10 5.69022e-07 1.46165e-11 14 5 0.205025 2
6.7e+06 6.51858e-10 5.69022e-07 1.46165e-11 14 5 0.206055 2
6.7e+06 6.51858e-10 5.69022e-07 1.46165e-11 14 5 0.189771 3
6.7e+06 6.51858e-10 5.69022e-07 1.46165e-11 14 5 0.210407 6
6.7e+06 6.51858e-10 5.69022e-07 1.46165e-11 14 5 0.182487 1
6.8e+06 3.9152e-10 5.51229e-07 1.085e-11 11 4 0.218354 2
6.8e+06 3.9152e-10 5.51229e-07 1.085e-11 11 4 0.201466 2
6.8e+06 3.9152e-10 5.51229e-07 1.085e-11 11 4 0.204747 4
6.8e+06 3.9152e-10 5.51229e-07 1.085e-11 11 4 0.194639 3
6.9e+06 4.1621e-10 6.34051e-07 1.10877e-11 13 4 0.198892 6
6.9e+06 4.1621e-10 6.34051e-07 1.10877e-11 13 4 0.164914 5
6.9e+06 4.1621e-10 6.34051e-07 1.10877e-11 13 4 0.185765 1
6.9e+06 4.1621e-10 6.34051e-07 1.10877e-11 13 4 0.195668 1
7e+06 2.85678e-10 6.7229e-07 9.49013e-12 11 3 0.171171 3
7e+06 2.85678e-10 6.7229e-07 9.49013e-12 11 3 0.162369 6
7e+06 2.85678e-10 6.7229e-07 9.49013e-12 11 3 0.192144 2
7.1e+06 5.56441e-10 6.42346e-07 1.30049e-11 15 4 0.18475 9
7.1e+06 5.56441e-10 6.42346e-07 1.30049e-11 15 4 0.1711 2
7.1e+06 5.56441e-10 6.42346e-07 1.30049e-11 15 4 0.178644 3
7.1e+06 5.56441e-10 6.42346e-07 1.30049e-11 15 4 0.207022 1
7.2e+06 3.41523e-10 6.63788e-07 2.05979e-11 6 1 0.178644 6
7.3e+06 2.96749e-10 6.41201e-07 9.43761e-12 11 3 0.173903 6
7.3e+06 2.96749e-10 6.41201e-07 9.43761e-12 11 3 0.169289 1
7.3e+06 2.96749e-10 6.41201e-07 9.43761e-12 11 3 0.186091 4
7.4e+06 3.06128e-10 7.1849e-07 7.9279e-12 15 4 0.151794 5
7.4e+06 3.06128e-10 7.1849e-07 7.9279e-12 15 4 0.163819 7
7.4e+06 3.06128e-10 7.1849e-07 7.9279e-12 15 4 0.108383 2
7.4e+06 3.06128e-10 7.1849e-07 7.9279e-12 15 4 0.143086 1
7.5e+06 9.38238e-11 8.87091e-07 6.33988e-12 7 2 0.13239 1
7.5e+06 9.38238e-11 8.87091e-07 6.33988e-12 7 2 0.11806 6
7.6e+06 5.0435e-10 8.88221e-07 1.40579e-11 17 2 0.135043 4
7.6e+06 5.0435e-10 8.88221e-07 1.40579e-11 17 2 0.14277 13
7.7e+06 3.35946e-10 9.14015e-07 1.81857e-11 9 4 0.14277 3
7.7e+06 3.35946e-10 9.14015e-07 1.81857e-11 9 4 0.132538 3
7.7e+06 3.35946e-10 9.14015e-07 1.81857e-11 9 4 0.128129 2
7.7e+06 3.35946e-10 9.14015e-07 1.81857e-11 9 4 0.118957 1
7.8e+06 2.5246e-10 8.11117e-07 1.83379e-11 6 3 0.135559 3
7.8e+06 2.5246e-10 8.11117e-07 1.83379e-11 6 3 0.128212 2
7.8e+06 2.5246e-10 8.11117e-07 1.83379e-11 6 3 0.149104 1
7.9e+06 8.25477e-10 7.30916e-07 1.35845e-11 24 8 0.156693 3
7.9e+06 8.25477e-10 7.30916e-07 1.35845e-11 24 8 0.142433 2
7.9e+06 8.25477e-10 7.30916e-07 1.35845e-11 24 8 0.17161 5
7.9e+06 8.25477e-10 7.30916e-07 1.35845e-11 24 8 0.16601 4
7.9e+06 8.25477e-10 7.30916e-07 1.35845e-11 24 8 0.177996 3
7.9e+06 8.25477e-10 7.30916e-07 1.35845e-11 24 8 0.191632 4
7.9e+06 8.25477e-10 7.30916e-07 1.35845e-11 24 8 0.146539 2
7.9e+06 8.25477e-10 7.30916e-07 1.35845e-11 24 8 0.174158 1
8e+06 4.02552e-10 6.84977e-07 2.14244e-11 7 3 0.171646 5
8e+06 4.02552e-10 6.84977e-07 2.14244e-11 7 3 0.200224 1
8e+06 4.02552e-10 6.84977e-07 2.14244e-11 7 3 0.141779 1
8.1e+06 3.84425e-10 6.64456e-07 9.92623e-12 14 1 0.171646 14
8.2e+06 2.13487e-10 8.88937e-07 2.53736e-11 4 1 0.134241 4
