0 1.50659e-09 2.07143e-07 1.91083e-11 11 1 0.5 11
100000 1.48524e-09 1.95163e-07 2.68997e-11 7 1 0.5 7
200000 1.42187e-09 2.16008e-07 3.25481e-11 6 1 0.5 6
300000 1.25806e-09 2.07497e-07 1.19158e-11 14 1 0.5 14
400000 1.37208e-09 2.10873e-07 1.31641e-11 14 1 0.5 14
500000 1.53484e-09 2.00242e-07 3.97893e-11 5 1 0.5 5
600000 1.37811e-09 1.96737e-07 2.5107e-11 7 1 0.5 7
700000 1.56109e-09 2.14903e-07 2.36907e-11 9 1 0.5 9
800000 1.62773e-09 2.08363e-07 3.10385e-11 7 1 0.5 7
900000 1.60155e-09 2.04367e-07 3.00766e-11 7 1 0.5 7
1e+06 1.55556e-09 2.10232e-07 2.61142e-11 8 1 0.5 8
1.1e+06 1.65518e-09 2.03316e-07 1.80207e-11 12 1 0.5 12
1.2e+06 1.33964e-09 2.10672e-07 2.25126e-11 8 1 0.5 8
1.3e+06 1.52364e-09 2.05031e-07 2.0196e-11 10 1 0.5 10
1.4e+06 1.31613e-09 2.10217e-07 1.96167e-11 9 1 0.5 9
1.5e+06 1.48711e-09 2.00114e-07 1.59867e-11 12 1 0.5 12
1.6e+06 2.05905e-09 2.06612e-07 5.68336e-10 7 1 0.5 7
1.7e+06 1.89064e-09 2.07615e-07 4.20218e-11 6 1 0.5 6
1.8e+06 1.1229e-09 1.97861e-07 2.39691e-11 6 1 0.5 6
1.9e+06 1.49811e-09 2.00295e-07 4.86344e-11 4 1 0.5 4
2e+06 1.62144e-09 2.01864e-07 3.016e-11 7 1 0.5 7
2.1e+06 1.41235e-09 2.08145e-07 2.35153e-11 8 1 0.5 8
2.2e+06 1.3019e-09 2.20338e-07 1.39274e-11 13 1 0.5 13
2.3e+06 1.9892e-09 1.98153e-07 3.19217e-11 8 1 0.5 8
2.4e+06 1.13565e-09 2.09681e-07 1.5192e-11 10 1 0.5 10
2.5e+06 1.49476e-09 2.03176e-07 1.95241e-11 10 1 0.5 10
2.6e+06 1.50865e-09 2.12408e-07 1.69944e-11 12 1 0.5 12
2.7e+06 1.68268e-09 2.02185e-07 3.13442e-11 7 1 0.5 7
2.8e+06 1.69645e-09 2.07161e-07 3.76133e-11 6 1 0.5 6
2.9e+06 1.7984e-09 2.0121e-07 5.86885e-11 4 1 0.5 4
3e+06 1.4573e-09 2.00607e-07 2.69613e-11 7 1 0.5 7
3.1e+06 1.43414e-09 2.03913e-07 2.34983e-11 8 1 0.5 8
3.2e+06 1.33055e-09 1.99383e-07 1.42589e-11 12 1 0.5 12
3.3e+06 2.09374e-09 2.02597e-07 5.49124e-11 5 1 0.5 5
3.4e+06 1.35288e-09 2.07493e-07 1.28157e-11 14 1 0.5 14
3.5e+06 1.22225e-09 2.07457e-07 3.25294e-11 5 1 0.5 5
3.6e+06 1.82103e-09 2.14292e-07 6.2455e-11 4 1 0.5 4
3.7e+06 1.78871e-09 2.15552e-07 4.91917e-11 5 1 0.5 5
3.8e+06 1.87104e-09 2.13928e-07 5.11684e-11 5 1 0.5 5
3.9e+06 1.83062e-09 2.01999e-07 1.98363e-11 12 1 0.5 12
4e+06 1.70315e-09 2.0955e-07 3.81049e-11 6 1 0.5 6
4.1e+06 1.49393e-09 2.22527e-07 5.26935e-11 4 1 0.5 4
4.2e+06 1.10809e-09 2.21388e-07 8.78696e-11 8 1 0.5 8
4.3e+06 1.73256e-09 1.99824e-07 2.48446e-11 9 1 0.5 9
4.4e+06 1.62586e-09 2.03042e-07 3.03805e-11 7 1 0.5 7
4.5e+06 1.85093e-09 2.07815e-07 2.30802e-10 7 1 0.5 7
4.6e+06 1.2645e-09 2.05888e-07 2.38594e-11 7 1 0.5 7
4.7e+06 1.86925e-09 2.09365e-07 3.58068e-11 7 1 0.5 7
4.8e+06 1.71374e-09 2.09264e-07 3.27988e-11 7 1 0.5 7
4.9e+06 1.8641e-09 2.05254e-07 2.4563e-11 10 1 0.5 10
5e+06 1.31691e-09 1.97825e-07 1.40267e-11 12 1 0.5 12
5.1e+06 1.18556e-09 2.03779e-07 3.11092e-11 5 1 0.5 5
5.2e+06 1.44339e-09 2.18718e-07 3.33716e-11 6 1 0.5 6
5.3e+06 1.18322e-09 2.04856e-07 1.72762e-11 9 1 0.5 9
5.4e+06 1.44156e-09 2.09891e-07 3.22615e-11 6 1 0.5 6
5.5e+06 1.30408e-09 2.07797e-07 2.4788e-11 7 1 0.5 7
5.6e+06 2.00949e-09 2.12504e-07 2.72207e-11 10 1 0.5 10
5.7e+06 1.95468e-09 2.11253e-07 4.40547e-11 6 1 0.5 6
5.8e+06 1.2902e-09 2.14758e-07 1.46543e-11 12 1 0.5 12
5.9e+06 1.14313e-09 2.10196e-07 1.39255e-11 11 1 0.5 11
6e+06 1.56952e-09 2.08573e-07 2.99467e-11 7 1 0.5 7
6.1e+06 1.58435e-09 2.07114e-07 1.7349e-10 5 1 0.5 5
6.2e+06 1.62109e-09 2.01798e-07 2.34186e-11 9 1 0.5 9
6.3e+06 1.7027e-09 2.16063e-07 4.5046e-11 10 1 0.5 10
6.4e+06 1.79615e-09 2.0229e-07 2.60081e-11 9 1 0.5 9
6.5e+06 1.619e-09 2.04902e-07 1.93506e-11 11 1 0.5 11
6.6e+06 1.43214e-09 2.03093e-07 2.07829e-11 9 1 0.5 9
6.7e+06 1.59119e-09 2.08203e-07 6.51209e-11 4 1 0.5 4
6.8e+06 1.46794e-09 2.06144e-07 2.15542e-11 9 1 0.5 9
6.9e+06 1.43881e-09 2.03484e-07 3.14265e-11 6 1 0.5 6
7e+06 1.59138e-09 2.04201e-07 2.08725e-11 10 1 0.5 10
7.1e+06 1.77668e-09 2.09698e-07 2.64605e-11 9 1 0.5 9
7.2e+06 1.23859e-09 2.10193e-07 1.66048e-11 10 1 0.5 10
7.3e+06 2.2022e-09 2.02737e-07 4.80981e-11 6 1 0.5 6
7.4e+06 1.29324e-09 2.14574e-07 1.60172e-11 11 1 0.5 11
7.5e+06 1.07449e-09 2.03309e-07 2.00632e-11 7 1 0.5 7
7.6e+06 1.88236e-09 2.02377e-07 2.04287e-11 12 1 0.5 12
7.7e+06 1.3256e-09 2.02794e-07 2.16204e-11 8 1 0.5 8
7.8e+06 9.55914e-10 2.15647e-07 1.30681e-11 10 1 0.5 10
7.9e+06 2.05541e-09 2.06884e-07 3.90289e-11 7 1 0.5 7
8e+06 1.41654e-09 2.09598e-07 2.71185e-11 7 1 0.5 7
8.1e+06 1.79692e-09 2.10207e-07 2.19205e-11 11 1 0.5 11
8.2e+06 1.05824e-09 1.99013e-07 1.9433e-11 7 1 0.5 7
8.3e+06 1.65144e-09 2.02943e-07 5.42109e-11 4 1 0.5 4
8.4e+06 1.92033e-09 2.14797e-07 2.38348e-11 11 1 0.5 11
8.5e+06 1.55373e-09 2.02375e-07 2.53162e-11 8 1 0.5 8
8.6e+06 1.35425e-09 2.051e-07 1.78139e-11 10 1 0.5 10
8.7e+06 1.71593e-09 1.95273e-07 4.36582e-11 5 1 0.5 5
8.8e+06 1.13018e-09 2.07604e-07 1.50009e-11 10 1 0.5 10
8.9e+06 1.23007e-09 2.13843e-07 1.67154e-11 10 1 0.5 10
9e+06 1.47601e-09 2.04567e-07 3.23774e-11 6 1 0.5 6
9.1e+06 1.76516e-09 2.12849e-07 3.99913e-11 6 1 0.5 6
9.2e+06 9.99965e-10 2.13155e-07 1.35468e-11 10 1 0.5 10
9.3e+06 1.58661e-09 2.07121e-07 2.10424e-11 10 1 0.5 10
9.4e+06 1.30131e-09 2.07375e-07 3.46352e-11 5 1 0.5 5
9.5e+06 1.3933e-09 2.13518e-07 2.10277e-11 9 1 0.5 9
9.6e+06 1.10681e-09 2.03473e-07 2.06819e-11 7 1 0.5 7
9.7e+06 1.80365e-09 2.0496e-07 2.37366e-11 10 1 0.5 10
9.8e+06 1.25144e-09 2.0635e-07 2.36535e-11 7 1 0.5 7
9.9e+06 1.18214e-09 2.02358e-07 2.20001e-11 7 1 0.5 7
1e+07 1.3116e-09 2.07192e-07 1.58038e-11 11 1 0.5 11
1.01e+07 1.1476e-09 2.01372e-07 1.48742e-11 10 1 0.5 10
1.02e+07 1.54084e-09 1.9831e-07 3.29983e-11 6 1 0.5 6
1.03e+07 2.06642e-09 2.00127e-07 5.36718e-11 5 1 0.5 5
1.04e+07 1.13095e-09 2.01028e-07 1.83103e-11 8 1 0.5 8
1.05e+07 1.64867e-09 2.04208e-07 2.16272e-11 10 1 0.5 10
1.06e+07 1.84313e-09 2.18161e-07 5.84428e-11 5 1 0.5 5
1.07e+07 1.92494e-09 2.18035e-07 3.8083e-11 7 1 0.5 7
1.08e+07 1.65479e-09 2.13601e-07 2.49985e-11 9 1 0.5 9
1.09e+07 1.64734e-09 2.03424e-07 1.79425e-11 12 1 0.5 12
1.1e+07 1.49071e-09 2.07387e-07 2.83087e-11 7 1 0.5 7
1.11e+07 1.12632e-09 2.09773e-07 1.67517e-11 9 1 0.5 9
1.12e+07 1.09464e-09 2.13815e-07 1.14306e-11 13 1 0.5 13
1.13e+07 1.24499e-09 2.13537e-07 2.4173e-11 7 1 0.5 7
1.14e+07 1.45361e-09 2.09301e-07 4.88312e-11 4 1 0.5 4
1.15e+07 1.37596e-09 2.02144e-07 3.59094e-11 5 1 0.5 5
1.16e+07 1.1219e-09 2.06656e-07 2.12207e-11 7 1 0.5 7
1.17e+07 1.34906e-09 2.09246e-07 2.00362e-11 9 1 0.5 9
1.18e+07 1.55102e-09 1.99954e-07 2.50359e-11 8 1 0.5 8
1.19e+07 1.2738e-09 2.04334e-07 2.7896e-11 6 1 0.5 6
1.2e+07 1.85285e-09 2.0914e-07 6.23474e-11 4 1 0.5 4
1.21e+07 8.90194e-10 2.02887e-07 7.24347e-12 16 1 0.5 16
1.22e+07 1.67885e-09 2.12317e-07 2.84142e-11 8 1 0.5 8
1.23e+07 1.47333e-09 2.11777e-07 3.32095e-11 6 1 0.5 6
1.24e+07 1.28086e-09 1.99401e-07 1.64796e-11 10 1 0.5 10
1.25e+07 1.38833e-09 2.11895e-07 1.44022e-11 13 1 0.5 13
1.26e+07 1.28838e-09 2.02879e-07 1.68016e-11 10 1 0.5 10
1.27e+07 1.41489e-09 2.02507e-07 1.843e-11 10 1 0.5 10
1.28e+07 1.8069e-09 2.1285e-07 6.16351e-11 4 1 0.5 4
1.29e+07 1.32719e-09 2.06489e-07 2.51045e-11 7 1 0.5 7
1.3e+07 1.76974e-09 2.07448e-07 4.72156e-11 5 1 0.5 5
1.31e+07 1.64873e-09 2.0975e-07 4.43465e-11 5 1 0.5 5
1.32e+07 1.38164e-09 2.05658e-07 1.65533e-11 11 1 0.5 11
1.33e+07 1.22489e-09 2.19457e-07 2.83714e-11 6 1 0.5 6
1.34e+07 1.36952e-09 2.14276e-07 1.553e-11 12 1 0.5 12
1.35e+07 1.29715e-09 2.19146e-07 2.57124e-11 7 1 0.5 7
1.36e+07 9.55937e-10 2.11539e-07 1.07223e-11 12 1 0.5 12
1.37e+07 1.66372e-09 2.08625e-07 3.70879e-11 6 1 0.5 6
1.38e+07 1.61136e-09 2.07897e-07 1.94793e-11 11 1 0.5 11
1.39e+07 1.64882e-09 2.02626e-07 2.69057e-11 8 1 0.5 8
1.4e+07 1.81011e-09 2.15453e-07 4.14132e-11 6 1 0.5 6
1.41e+07 1.55704e-09 2.04593e-07 3.41686e-11 6 1 0.5 6
1.42e+07 1.63397e-09 2.00146e-07 2.34545e-11 9 1 0.5 9
1.43e+07 1.63086e-09 2.06772e-07 3.0912e-11 7 1 0.5 7
1.44e+07 1.68862e-09 2.04189e-07 3.7017e-11 6 1 0.5 6
1.45e+07 1.69613e-09 2.14238e-07 3.04876e-11 8 1 0.5 8
1.46e+07 1.34453e-09 2.0618e-07 2.22159e-11 8 1 0.5 8
1.47e+07 1.58634e-09 2.03793e-07 3.47088e-11 6 1 0.5 6
1.48e+07 1.28569e-09 2.1498e-07 2.93045e-11 6 1 0.5 6
1.49e+07 1.51435e-09 2.00894e-07 2.80531e-11 7 1 0.5 7
1.5e+07 1.42709e-09 2.08808e-07 2.72405e-11 7 1 0.5 7
1.51e+07 1.07093e-09 2.17691e-07 1.47542e-11 10 1 0.5 10
1.52e+07 1.07268e-09 2.10327e-07 1.43823e-11 10 1 0.5 10
1.53e+07 1.69514e-09 2.08208e-07 3.77333e-11 6 1 0.5 6
1.54e+07 1.34524e-09 2.1291e-07 3.65615e-11 5 1 0.5 5
1.55e+07 1.82571e-09 2.00398e-07 2.95428e-11 8 1 0.5 8
1.56e+07 1.71115e-09 2.06115e-07 2.51379e-11 9 1 0.5 9
1.57e+07 1.62624e-09 2.14867e-07 3.79246e-11 6 1 0.5 6
1.58e+07 1.44059e-09 2.12682e-07 1.95016e-11 10 1 0.5 10
1.59e+07 1.6355e-09 2.05267e-07 2.39445e-11 9 1 0.5 9
1.6e+07 1.09292e-09 2.16323e-07 1.49828e-11 10 1 0.5 10
1.61e+07 1.65441e-09 1.959e-07 3.51101e-11 6 1 0.5 6
1.62e+07 1.68859e-09 2.05334e-07 2.47314e-11 9 1 0.5 9
1.63e+07 1.24258e-09 2.1805e-07 2.45283e-11 7 1 0.5 7
1.64e+07 1.46988e-09 2.10004e-07 2.46488e-11 8 1 0.5 8
1.65e+07 1.27794e-09 2.19921e-07 2.96561e-11 6 1 0.5 6
1.66e+07 1.33675e-09 2.08044e-07 2.22433e-11 8 1 0.5 8
1.67e+07 1.42179e-09 2.19286e-07 2.4668e-11 8 1 0.5 8
1.68e+07 1.58678e-09 2.09833e-07 1.93215e-11 11 1 0.5 11
1.69e+07 1.76968e-09 2.16329e-07 2.70119e-11 9 1 0.5 9
1.7e+07 1.17791e-09 2.12754e-07 2.66172e-11 6 1 0.5 6
1.71e+07 1.05566e-09 2.20478e-07 1.63275e-11 9 1 0.5 9
1.72e+07 1.21858e-09 2.06943e-07 2.01861e-11 8 1 0.5 8
1.73e+07 1.38368e-09 2.11771e-07 2.07471e-11 9 1 0.5 9
1.74e+07 1.48289e-09 2.16012e-07 2.25913e-11 9 1 0.5 9
1.75e+07 1.52685e-09 2.13326e-07 1.88328e-11 11 1 0.5 11
1.76e+07 2.06872e-09 2.09358e-07 5.93893e-11 5 1 0.5 5
1.77e+07 1.3868e-09 2.01418e-07 1.9993e-11 9 1 0.5 9
1.78e+07 9.73876e-10 2.07416e-07 2.58861e-11 5 1 0.5 5
1.79e+07 1.26806e-09 2.20939e-07 2.21224e-11 8 1 0.5 8
1.8e+07 1.80989e-09 1.94286e-07 2.53981e-11 9 1 0.5 9
1.81e+07 1.50092e-09 2.07111e-07 1.99014e-11 10 1 0.5 10
1.82e+07 1.59024e-09 2.03604e-07 2.97759e-11 7 1 0.5 7
1.83e+07 1.68607e-09 2.1673e-07 1.65388e-11 14 1 0.5 14
1.84e+07 1.31583e-09 2.09345e-07 2.51584e-11 7 1 0.5 7
1.85e+07 1.62784e-09 1.99528e-07 3.50391e-11 6 1 0.5 6
1.86e+07 1.36803e-09 2.22388e-07 1.91827e-11 10 1 0.5 10
1.87e+07 1.76531e-09 2.02502e-07 2.09121e-11 11 1 0.5 11
1.88e+07 1.46504e-09 2.10981e-07 1.97087e-11 10 1 0.5 10
1.89e+07 1.44453e-09 2.05522e-07 1.58544e-11 12 1 0.5 12
1.9e+07 1.48341e-09 2.07224e-07 3.28714e-11 6 1 0.5 6
1.91e+07 1.3319e-09 2.07401e-07 2.21086e-11 8 1 0.5 8
1.92e+07 2.14037e-09 2.10739e-07 5.79146e-11 5 1 0.5 5
1.93e+07 1.31329e-09 2.05002e-07 2.47003e-11 7 1 0.5 7
1.94e+07 9.26655e-10 2.07313e-07 1.11618e-11 11 1 0.5 11
1.95e+07 1.44891e-09 2.09608e-07 3.23926e-11 6 1 0.5 6
1.96e+07 1.30217e-09 2.09853e-07 2.91225e-11 6 1 0.5 6
1.97e+07 1.64539e-09 2.06432e-07 1.97821e-11 11 1 0.5 11
1.98e+07 1.35838e-09 1.90631e-07 2.11196e-11 8 1 0.5 8
1.99e+07 1.37665e-09 2.08406e-07 1.30864e-11 14 1 0.5 14
2e+07 1.50052e-09 2.11923e-07 2.89849e-11 7 1 0.5 7
2.01e+07 1.93848e-09 2.06253e-07 3.20923e-11 8 1 0.5 8
2.02e+07 1.56681e-09 2.10443e-07 2.63247e-11 8 1 0.5 8
2.03e+07 1.73884e-09 2.06625e-07 3.84811e-11 6 1 0.5 6
2.04e+07 1.25845e-09 2.0819e-07 1.86121e-11 9 1 0.5 9
2.05e+07 1.22822e-09 2.09123e-07 2.05143e-11 8 1 0.5 8
2.06e+07 1.70775e-09 2.03219e-07 2.48114e-11 9 1 0.5 9
2.07e+07 1.57317e-09 2.14481e-07 3.06849e-11 7 1 0.5 7
2.08e+07 1.24716e-09 1.98184e-07 2.28416e-11 7 1 0.5 7
2.09e+07 1.22117e-09 2.04728e-07 1.60359e-11 10 1 0.5 10
2.1e+07 8.70253e-10 2.07355e-07 1.15333e-11 10 1 0.5 10
2.11e+07 1.42806e-09 2.11209e-07 3.21157e-11 6 1 0.5 6
2.12e+07 1.846e-09 2.02708e-07 4.02607e-11 6 1 0.5 6
2.13e+07 1.69752e-09 2.09215e-07 2.06267e-11 11 1 0.5 11
2.14e+07 1.44594e-09 2.04215e-07 1.72308e-11 11 1 0.5 11
2.15e+07 1.57623e-09 2.23579e-07 2.46852e-11 9 1 0.5 9
2.16e+07 2.19772e-09 2.15396e-07 4.31006e-11 7 1 0.5 7
2.17e+07 1.5072e-09 2.16255e-07 2.95839e-11 7 1 0.5 7
2.18e+07 2.01222e-09 2.06916e-07 3.3404e-11 8 1 0.5 8
2.19e+07 1.4073e-09 2.04877e-07 3.08989e-11 6 1 0.5 6
2.2e+07 1.63869e-09 2.16023e-07 1.60313e-11 14 1 0.5 14
2.21e+07 1.40878e-09 2.04124e-07 2.64156e-11 7 1 0.5 7
2.22e+07 1.47151e-09 2.03859e-07 2.75694e-11 7 1 0.5 7
2.23e+07 1.47378e-09 2.04886e-07 2.42406e-11 8 1 0.5 8
2.24e+07 1.96435e-09 2.11327e-07 4.42869e-11 6 1 0.5 6
2.25e+07 1.47587e-09 2.06413e-07 3.26029e-11 6 1 0.5 6
2.26e+07 8.38449e-10 2.09842e-07 1.60361e-11 7 1 0.5 7
2.27e+07 1.74387e-09 2.09711e-07 3.34349e-11 7 1 0.5 7
2.28e+07 1.28324e-09 2.04702e-07 1.68516e-11 10 1 0.5 10
2.29e+07 1.01546e-09 2.06639e-07 1.34257e-11 10 1 0.5 10
2.3e+07 1.38885e-09 2.06595e-07 2.62866e-11 7 1 0.5 7
2.31e+07 1.32827e-09 2.0463e-07 2.1817e-11 8 1 0.5 8
2.32e+07 1.4546e-09 2.14701e-07 2.8384e-11 7 1 0.5 7
2.33e+07 1.14687e-09 2.04986e-07 4.5755e-11 4 1 0.5 4
2.34e+07 2.05608e-09 2.05988e-07 3.89088e-11 7 1 0.5 7
2.35e+07 1.35581e-09 2.03836e-07 2.96443e-11 6 1 0.5 6
2.36e+07 1.49496e-09 2.03228e-07 1.95306e-11 10 1 0.5 10
2.37e+07 1.2294e-09 2.17935e-07 1.21031e-11 14 1 0.5 14
2.38e+07 1.35087e-09 2.02796e-07 1.60074e-11 11 1 0.5 11
2.39e+07 1.49597e-09 2.01293e-07 2.77538e-11 7 1 0.5 7
2.4e+07 1.38286e-09 2.07075e-07 2.29295e-11 8 1 0.5 8
2.41e+07 1.61358e-09 2.00596e-07 2.32014e-11 9 1 0.5 9
2.42e+07 1.12714e-09 2.08697e-07 1.66964e-11 9 1 0.5 9
2.43e+07 1.86798e-09 2.17068e-07 2.14211e-11 12 1 0.5 12
2.44e+07 1.37137e-09 2.16081e-07 3.13943e-11 6 1 0.5 6
2.45e+07 1.48681e-09 2.10312e-07 3.33324e-11 6 1 0.5 6
2.46e+07 1.5098e-09 1.99923e-07 2.43646e-11 8 1 0.5 8
2.47e+07 1.60967e-09 2.11095e-07 3.62095e-11 6 1 0.5 6
2.48e+07 1.42311e-09 2.19766e-07 4.96784e-11 4 1 0.5 4
2.49e+07 1.43146e-09 2.15926e-07 3.27589e-11 6 1 0.5 6
2.5e+07 1.86443e-09 2.02498e-07 4.88296e-11 5 1 0.5 5
2.51e+07 1.04874e-09 2.06893e-07 1.06708e-11 13 1 0.5 13
2.52e+07 1.64308e-09 1.98473e-07 3.01639e-11 7 1 0.5 7
2.53e+07 1.92652e-09 2.08717e-07 3.21922e-11 8 1 0.5 8
2.54e+07 1.08989e-09 2.06163e-07 1.10596e-11 13 1 0.5 13
2.55e+07 1.04873e-09 2.14141e-07 1.58498e-11 9 1 0.5 9
2.56e+07 1.69579e-09 2.17832e-07 2.92905e-11 8 1 0.5 8
2.57e+07 1.09493e-09 2.10091e-07 2.44903e-11 6 1 0.5 6
2.58e+07 1.4839e-09 2.04523e-07 3.25477e-11 6 1 0.5 6
2.59e+07 1.29468e-09 2.11411e-07 2.91233e-11 6 1 0.5 6
2.6e+07 1.34805e-09 2.11784e-07 2.60133e-11 7 1 0.5 7
2.61e+07 1.86563e-09 1.99308e-07 3.43856e-11 7 1 0.5 7
2.62e+07 1.79061e-09 2.07065e-07 3.97007e-11 6 1 0.5 6
2.63e+07 1.60401e-09 2.10024e-07 2.39077e-11 9 1 0.5 9
2.64e+07 1.89609e-09 2.05696e-07 3.5823e-11 7 1 0.5 7
2.65e+07 1.09383e-09 2.14771e-07 1.49102e-11 10 1 0.5 10
2.66e+07 2.04896e-09 1.94556e-07 4.33134e-11 6 1 0.5 6
2.67e+07 1.33518e-09 2.05816e-07 1.76103e-11 10 1 0.5 10
2.68e+07 9.53986e-10 2.05096e-07 1.56809e-11 8 1 0.5 8
2.69e+07 1.4478e-09 2.09741e-07 2.77347e-11 7 1 0.5 7
2.7e+07 1.62946e-09 2.03688e-07 2.3712e-11 9 1 0.5 9
2.71e+07 1.52692e-09 2.13217e-07 2.59178e-11 8 1 0.5 8
2.72e+07 1.57079e-09 2.10986e-07 2.64456e-11 8 1 0.5 8
2.73e+07 1.28906e-09 2.11976e-07 2.17649e-11 8 1 0.5 8
2.74e+07 1.11706e-09 2.05687e-07 2.10514e-11 7 1 0.5 7
2.75e+07 1.25963e-09 2.06911e-07 2.78561e-11 6 1 0.5 6
2.76e+07 1.61966e-09 2.02853e-07 2.1135e-11 10 1 0.5 10
2.77e+07 1.25125e-09 2.11853e-07 2.81878e-11 6 1 0.5 6
2.78e+07 1.7953e-09 2.12954e-07 2.70659e-11 9 1 0.5 9
2.79e+07 1.58007e-09 2.05163e-07 2.97616e-11 7 1 0.5 7
2.8e+07 1.73416e-09 1.95951e-07 3.68207e-11 6 1 0.5 6
2.81e+07 1.23302e-09 2.05817e-07 2.0339e-11 8 1 0.5 8
2.82e+07 1.85457e-09 2.08754e-07 1.76662e-11 14 1 0.5 14
2.83e+07 1.77269e-09 2.09514e-07 3.39927e-11 7 1 0.5 7
2.84e+07 1.51005e-09 2.08357e-07 2.8783e-11 7 1 0.5 7
2.85e+07 1.41489e-09 2.09356e-07 2.10261e-11 9 1 0.5 9
2.86e+07 9.35142e-10 2.09226e-07 2.0836e-11 6 1 0.5 6
2.87e+07 1.27451e-09 2.04256e-07 1.67081e-11 10 1 0.5 10
2.88e+07 1.37693e-09 2.05818e-07 3.64444e-11 5 1 0.5 5
2.89e+07 1.49675e-09 2.11982e-07 2.24666e-11 9 1 0.5 9
2.9e+07 1.85971e-09 2.06372e-07 2.73571e-11 9 1 0.5 9
2.91e+07 1.66404e-09 2.06162e-07 3.14712e-11 7 1 0.5 7
2.92e+07 1.12068e-09 2.15781e-07 2.56021e-11 6 1 0.5 6
2.93e+07 1.25763e-09 2.0466e-07 1.50065e-11 11 1 0.5 11
2.94e+07 1.54982e-09 2.08022e-07 1.47153e-11 14 1 0.5 14
2.95e+07 1.65457e-09 2.0705e-07 2.43896e-11 9 1 0.5 9
2.96e+07 1.1791e-09 2.07213e-07 1.42045e-11 11 1 0.5 11
2.97e+07 1.80871e-09 2.1547e-07 1.90269e-11 13 1 0.5 13
2.98e+07 1.4185e-09 2.01478e-07 2.30242e-11 8 1 0.5 8
2.99e+07 1.31457e-09 2.1246e-07 2.54282e-11 7 1 0.5 7
3e+07 1.05133e-09 2.11206e-07 2.02242e-11 7 1 0.5 7
3.01e+07 1.1917e-09 2.02319e-07 1.55039e-11 10 1 0.5 10
3.02e+07 1.47705e-09 2.03873e-07 3.23144e-11 6 1 0.5 6
3.03e+07 2.01149e-09 2.03978e-07 4.41121e-11 6 1 0.5 6
3.04e+07 1.70477e-09 2.08884e-07 3.25796e-11 7 1 0.5 7
3.05e+07 1.51997e-09 2.14273e-07 1.5911e-11 13 1 0.5 13
3.06e+07 1.30017e-09 2.04396e-07 2.43959e-11 7 1 0.5 7
3.07e+07 1.26354e-09 2.08915e-07 1.68593e-11 10 1 0.5 10
3.08e+07 1.32165e-09 2.10611e-07 1.97283e-11 9 1 0.5 9
3.09e+07 1.28167e-09 2.12707e-07 1.57644e-11 11 1 0.5 11
3.1e+07 1.58354e-09 2.10865e-07 2.05051e-11 11 1 0.5 11
3.11e+07 1.71561e-09 2.07663e-07 1.15901e-10 2 1 0.5 2
3.12e+07 1.37064e-09 2.12839e-07 4.66341e-11 4 1 0.5 4
3.13e+07 1.59117e-09 2.12274e-07 3.07853e-11 7 1 0.5 7
3.14e+07 1.71263e-09 2.07429e-07 2.84619e-11 8 1 0.5 8
3.15e+07 1.49999e-09 2.11195e-07 1.26061e-11 16 1 0.5 16
3.16e+07 1.61348e-09 2.14467e-07 2.19955e-11 10 1 0.5 10
3.17e+07 1.56429e-09 2.16657e-07 3.07557e-11 7 1 0.5 7
3.18e+07 1.29054e-09 2.13442e-07 2.19088e-11 8 1 0.5 8
3.19e+07 1.5369e-09 2.09984e-07 3.44197e-11 6 1 0.5 6
3.2e+07 1.66339e-09 2.03907e-07 2.17959e-11 10 1 0.5 10
3.21e+07 9.01982e-10 2.11053e-07 1.51605e-11 8 1 0.5 8
3.22e+07 1.17485e-09 2.04804e-07 2.57657e-11 6 1 0.5 6
3.23e+07 1.7362e-09 1.99928e-07 2.80362e-11 8 1 0.5 8
3.24e+07 1.3411e-09 2.01445e-07 2.48831e-11 7 1 0.5 7
3.25e+07 1.49393e-09 2.07561e-07 2.48245e-11 8 1 0.5 8
3.26e+07 1.22666e-09 2.12664e-07 1.84464e-11 9 1 0.5 9
3.27e+07 2.02555e-09 1.97856e-07 6.53216e-11 4 1 0.5 4
3.28e+07 1.54782e-09 2.06706e-07 2.93228e-11 7 1 0.5 7
3.29e+07 1.51453e-09 2.08673e-07 2.24547e-11 9 1 0.5 9
3.3e+07 1.15242e-09 2.11894e-07 9.70548e-12 16 1 0.5 16
3.31e+07 1.69138e-09 2.07573e-07 1.60358e-11 14 1 0.5 14
3.32e+07 1.94491e-09 2.05383e-07 5.15237e-11 5 1 0.5 5
3.33e+07 9.76149e-10 2.13362e-07 1.89241e-11 7 1 0.5 7
3.34e+07 1.46292e-09 2.08273e-07 3.90975e-11 5 1 0.5 5
3.35e+07 1.47921e-09 2.00187e-07 1.73565e-11 11 1 0.5 11
3.36e+07 1.86175e-09 2.03146e-07 3.48283e-11 7 1 0.5 7
3.37e+07 1.38367e-09 2.17767e-07 2.3872e-11 8 1 0.5 8
3.38e+07 1.83049e-09 2.08991e-07 3.50106e-11 7 1 0.5 7
3.39e+07 1.84503e-09 2.10723e-07 3.10667e-11 8 1 0.5 8
3.4e+07 1.23294e-09 2.09198e-07 1.64673e-11 10 1 0.5 10
3.41e+07 1.54636e-09 2.07106e-07 4.11611e-11 5 1 0.5 5
3.42e+07 1.63072e-09 2.09898e-07 2.4296e-11 9 1 0.5 9
3.43e+07 1.705e-09 2.15643e-07 2.59551e-11 9 1 0.5 9
3.44e+07 1.88868e-09 2.03514e-07 2.24665e-11 11 1 0.5 11
3.45e+07 1.86387e-09 2.04049e-07 4.08634e-11 6 1 0.5 6
3.46e+07 1.89389e-09 2.07031e-07 8.65252e-11 3 1 0.5 3
3.47e+07 1.85568e-09 1.96538e-07 3.3831e-11 7 1 0.5 7
3.48e+07 2.30259e-09 2.11372e-07 6.24985e-11 5 1 0.5 5
3.49e+07 1.59526e-09 2.10122e-07 3.57529e-11 6 1 0.5 6
3.5e+07 1.05814e-09 2.00079e-07 1.51637e-11 9 1 0.5 9
3.51e+07 2.0375e-09 2.05008e-07 4.48636e-11 6 1 0.5 6
3.52e+07 1.33608e-09 2.03899e-07 4.3943e-11 4 1 0.5 4
3.53e+07 1.57544e-09 2.04846e-07 2.59162e-11 8 1 0.5 8
3.54e+07 1.14833e-09 2.00309e-07 2.12001e-11 7 1 0.5 7
3.55e+07 2.02144e-09 2.07434e-07 2.98683e-11 9 1 0.5 9
3.56e+07 1.85386e-09 2.04977e-07 4.90153e-11 5 1 0.5 5
3.57e+07 1.75936e-09 2.05232e-07 2.57624e-11 9 1 0.5 9
3.58e+07 1.52843e-09 2.07556e-07 2.53998e-11 8 1 0.5 8
3.59e+07 2.22272e-09 2.17071e-07 4.40593e-11 7 1 0.5 7
3.6e+07 1.77668e-09 2.13216e-07 3.4516e-11 7 1 0.5 7
3.61e+07 2.15259e-09 2.0832e-07 2.87152e-11 10 1 0.5 10
3.62e+07 1.11542e-09 2.0481e-07 1.22015e-11 12 1 0.5 12
3.63e+07 1.67693e-09 2.11694e-07 2.26302e-11 10 1 0.5 10
3.64e+07 1.46062e-09 2.05132e-07 3.21072e-11 6 1 0.5 6
3.65e+07 1.3366e-09 2.18211e-07 2.05189e-11 9 1 0.5 9
3.66e+07 2.01631e-09 2.13122e-07 5.50133e-11 5 1 0.5 5
3.67e+07 9.32107e-10 2.07246e-07 1.23497e-11 10 1 0.5 10
3.68e+07 1.29296e-09 2.13654e-07 1.95181e-11 9 1 0.5 9
3.69e+07 2.12513e-09 2.03913e-07 3.09898e-11 9 1 0.5 9
3.7e+07 1.53115e-09 2.03368e-07 2.00157e-11 10 1 0.5 10
3.71e+07 1.4626e-09 1.99228e-07 1.88127e-11 10 1 0.5 10
3.72e+07 1.85667e-09 2.07465e-07 2.74257e-11 9 1 0.5 9
3.73e+07 1.49707e-09 2.04812e-07 2.46184e-11 8 1 0.5 8
3.74e+07 1.13966e-09 2.02574e-07 1.85623e-11 8 1 0.5 8
3.75e+07 1.76984e-09 2.07414e-07 3.3643e-11 7 1 0.5 7
3.76e+07 1.38936e-09 2.10905e-07 1.55598e-11 12 1 0.5 12
3.77e+07 1.48842e-09 2.17055e-07 2.93311e-11 7 1 0.5 7
3.78e+07 2.07364e-09 1.93523e-07 5.24735e-11 5 1 0.5 5
3.79e+07 1.82876e-09 1.9543e-07 3.87625e-11 6 1 0.5 6
3.8e+07 1.36099e-09 2.12623e-07 1.67376e-11 11 1 0.5 11
3.81e+07 1.20454e-09 2.02837e-07 3.14956e-11 5 1 0.5 5
3.82e+07 1.37411e-09 2.04285e-07 1.05857e-11 17 1 0.5 17
3.83e+07 1.8725e-09 2.04481e-07 4.11219e-11 6 1 0.5 6
3.84e+07 1.59285e-09 2.17393e-07 2.43964e-11 9 1 0.5 9
3.85e+07 1.30037e-09 2.15194e-07 2.54076e-11 7 1 0.5 7
3.86e+07 1.6335e-09 2.01292e-07 5.32754e-11 4 1 0.5 4
3.87e+07 1.05674e-09 1.96008e-07 2.23878e-11 6 1 0.5 6
3.88e+07 2.17133e-09 2.03487e-07 2.58407e-11 11 1 0.5 11
3.89e+07 1.47394e-09 2.10024e-07 1.64554e-11 12 1 0.5 12
3.9e+07 2.27992e-09 2.05504e-07 5.03424e-11 6 1 0.5 6
3.91e+07 1.28857e-09 2.12539e-07 2.49305e-11 7 1 0.5 7
3.92e+07 1.33952e-09 2.05165e-07 2.94356e-11 6 1 0.5 6
3.93e+07 1.42629e-09 2.11536e-07 2.75046e-11 7 1 0.5 7
3.94e+07 2.00781e-09 2.0579e-07 3.3188e-11 8 1 0.5 8
3.95e+07 1.28867e-09 2.13791e-07 1.59144e-11 11 1 0.5 11
3.96e+07 1.1169e-09 2.23007e-07 1.04485e-11 15 1 0.5 15
3.97e+07 1.56332e-09 2.12922e-07 2.35519e-11 9 1 0.5 9
3.98e+07 1.3957e-09 2.01087e-07 2.26185e-11 8 1 0.5 8
3.99e+07 1.71416e-09 2.00797e-07 2.77724e-11 8 1 0.5 8
4e+07 1.36063e-09 2.08574e-07 2.26875e-11 8 1 0.5 8
4.01e+07 1.57104e-09 2.06937e-07 2.9791e-11 7 1 0.5 7
4.02e+07 1.6455e-09 2.05939e-07 3.63079e-11 6 1 0.5 6
4.03e+07 1.44477e-09 2.05793e-07 2.38438e-11 8 1 0.5 8
4.04e+07 1.42554e-09 2.03037e-07 2.662e-11 7 1 0.5 7
4.05e+07 1.53968e-09 2.15078e-07 4.22205e-11 5 1 0.5 5
4.06e+07 1.83925e-09 2.05555e-07 4.87335e-11 5 1 0.5 5
4.07e+07 2.03303e-09 2.08382e-07 2.46431e-11 11 1 0.5 11
4.08e+07 1.67437e-09 2.1867e-07 2.57697e-11 9 1 0.5 9
4.09e+07 1.24018e-09 2.03159e-07 1.79932e-11 9 1 0.5 9
4.1e+07 1.8823e-09 2.10298e-07 2.52815e-11 10 1 0.5 10
4.11e+07 1.70667e-09 1.98937e-07 3.66618e-11 6 1 0.5 6
4.12e+07 1.42647e-09 2.0812e-07 3.17101e-11 6 1 0.5 6
4.13e+07 1.47419e-09 1.99683e-07 2.37655e-11 8 1 0.5 8
4.14e+07 1.70164e-09 2.103e-07 2.28457e-11 10 1 0.5 10
4.15e+07 1.11513e-09 2.11918e-07 3.01643e-11 5 1 0.5 5
4.16e+07 1.17442e-09 2.26518e-07 1.85652e-11 9 1 0.5 9
4.17e+07 1.09137e-09 2.11122e-07 1.22255e-11 12 1 0.5 12
4.18e+07 1.82253e-09 2.00243e-07 3.93673e-11 6 1 0.5 6
4.19e+07 1.85808e-09 1.95084e-07 2.21643e-11 11 1 0.5 11
4.2e+07 1.55115e-09 2.04075e-07 6.83586e-11 3 1 0.5 3
4.21e+07 1.36729e-09 2.00008e-07 2.94578e-11 6 1 0.5 6
4.22e+07 1.69967e-09 2.11642e-07 4.60521e-11 5 1 0.5 5
4.23e+07 1.10534e-09 2.12898e-07 1.66314e-11 9 1 0.5 9
4.24e+07 1.60047e-09 2.12939e-07 1.97157e-11 11 1 0.5 11
4.25e+07 2.09795e-09 2.07633e-07 3.99555e-11 7 1 0.5 7
4.26e+07 1.02469e-09 2.0189e-07 1.10823e-11 12 1 0.5 12
4.27e+07 1.73406e-09 2.06675e-07 1.87144e-10 10 1 0.5 10
4.28e+07 1.25932e-09 2.18305e-07 2.17611e-11 8 1 0.5 8
4.29e+07 1.16589e-09 2.22225e-07 2.72688e-11 6 1 0.5 6
4.3e+07 1.79916e-09 2.05332e-07 2.96698e-11 8 1 0.5 8
4.31e+07 1.27843e-09 2.00185e-07 3.30975e-11 5 1 0.5 5
4.32e+07 1.62452e-09 2.01451e-07 2.10842e-11 10 1 0.5 10
4.33e+07 1.32878e-09 2.05005e-07 4.38863e-11 4 1 0.5 4
4.34e+07 1.36739e-09 2.05896e-07 2.58101e-11 7 1 0.5 7
4.35e+07 1.57153e-09 2.00719e-07 1.84815e-11 11 1 0.5 11
4.36e+07 1.35646e-09 2.14353e-07 1.84731e-11 10 1 0.5 10
4.37e+07 1.1998e-09 2.09934e-07 2.0099e-11 8 1 0.5 8
4.38e+07 2.16665e-09 2.04434e-07 2.58787e-11 11 1 0.5 11
4.39e+07 1.74502e-09 1.96292e-07 2.77802e-11 8 1 0.5 8
4.4e+07 1.70518e-09 2.09319e-07 3.81174e-11 6 1 0.5 6
4.41e+07 1.44634e-09 1.99748e-07 3.74085e-11 5 1 0.5 5
4.42e+07 1.35378e-09 2.02846e-07 5.67096e-11 12 1 0.5 12
4.43e+07 1.44187e-09 2.06673e-07 2.12126e-11 9 1 0.5 9
4.44e+07 1.12605e-09 2.10377e-07 1.88909e-11 8 1 0.5 8
4.45e+07 1.26236e-09 2.09169e-07 1.68595e-11 10 1 0.5 10
4.46e+07 1.51365e-09 2.02442e-07 2.46668e-11 8 1 0.5 8
4.47e+07 1.39082e-09 2.06179e-07 3.06872e-11 6 1 0.5 6
4.48e+07 1.74492e-09 2.10723e-07 2.60855e-11 9 1 0.5 9
4.49e+07 1.28665e-09 1.97525e-07 1.64333e-11 10 1 0.5 10
4.5e+07 1.46794e-09 2.10729e-07 1.97293e-11 10 1 0.5 10
4.51e+07 2.08702e-09 2.04528e-07 4.5878e-11 6 1 0.5 6
4.52e+07 1.43774e-09 2.17528e-07 1.80061e-11 11 1 0.5 11
4.53e+07 1.21804e-09 2.10543e-07 1.63498e-11 10 1 0.5 10
4.54e+07 1.30157e-09 2.16454e-07 1.62322e-11 11 1 0.5 11
4.55e+07 1.37743e-09 2.02331e-07 2.99457e-11 6 1 0.5 6
4.56e+07 1.72428e-09 2.06032e-07 3.26007e-11 7 1 0.5 7
4.57e+07 2.04633e-09 2.10482e-07 5.52927e-11 5 1 0.5 5
4.58e+07 8.99055e-10 2.13119e-07 8.69127e-12 14 1 0.5 14
4.59e+07 1.77872e-09 2.01906e-07 3.86635e-11 6 1 0.5 6
4.6e+07 1.7957e-09 1.99667e-07 2.89723e-11 8 1 0.5 8
4.61e+07 1.29265e-09 2.23325e-07 2.02105e-11 9 1 0.5 9
4.62e+07 1.81505e-09 2.06083e-07 3.00191e-11 8 1 0.5 8
4.63e+07 1.06885e-09 2.09115e-07 1.58555e-11 9 1 0.5 9
4.64e+07 1.59476e-09 2.05108e-07 3.00333e-11 7 1 0.5 7
4.65e+07 1.16286e-09 1.92069e-07 1.81753e-11 8 1 0.5 8
4.66e+07 1.58148e-09 2.04407e-07 2.97023e-11 7 1 0.5 7
4.67e+07 1.33205e-09 1.98105e-07 2.84824e-11 6 1 0.5 6
4.68e+07 1.75795e-09 2.01467e-07 2.53717e-11 9 1 0.5 9
4.69e+07 1.86793e-09 2.08786e-07 4.16975e-11 6 1 0.5 6
4.7e+07 1.44723e-09 2.006e-07 1.87141e-11 10 1 0.5 10
4.71e+07 1.42742e-09 1.92095e-07 2.98127e-11 6 1 0.5 6
4.72e+07 1.81364e-09 2.0405e-07 2.97635e-11 8 1 0.5 8
4.73e+07 9.91035e-10 2.00884e-07 1.83279e-11 7 1 0.5 7
4.74e+07 1.69839e-09 2.00089e-07 3.13822e-11 7 1 0.5 7
4.75e+07 1.36922e-09 2.1203e-07 3.78651e-11 6 1 0.5 6
4.76e+07 1.5406e-09 2.02568e-07 3.3544e-11 6 1 0.5 6
4.77e+07 1.61498e-09 1.93432e-07 2.90601e-11 7 1 0.5 7
4.78e+07 1.62466e-09 2.04711e-07 2.67156e-11 8 1 0.5 8
4.79e+07 1.50141e-09 2.12608e-07 2.90761e-11 7 1 0.5 7
4.8e+07 1.35806e-09 2.08143e-07 2.00867e-11 9 1 0.5 9
4.81e+07 1.13338e-09 2.0726e-07 1.66984e-11 9 1 0.5 9
4.82e+07 2.03389e-09 2.03034e-07 3.80531e-11 7 1 0.5 7
4.83e+07 2.01954e-09 2.02315e-07 5.2891e-11 5 1 0.5 5
4.84e+07 1.22497e-09 2.14161e-07 3.34283e-11 5 1 0.5 5
4.85e+07 1.26711e-09 2.12381e-07 1.22232e-11 14 1 0.5 14
4.86e+07 1.91536e-09 2.06815e-07 2.11441e-11 12 1 0.5 12
4.87e+07 1.32198e-09 1.94873e-07 1.8573e-11 9 1 0.5 9
4.88e+07 1.52912e-09 2.11006e-07 3.43756e-11 6 1 0.5 6
4.89e+07 1.67323e-09 2.05558e-07 2.45264e-11 9 1 0.5 9
4.9e+07 1.05375e-09 2.0375e-07 2.30065e-11 6 1 0.5 6
4.91e+07 1.02867e-09 2.0495e-07 1.22825e-11 11 1 0.5 11
4.92e+07 1.62055e-09 2.08215e-07 2.70047e-11 8 1 0.5 8
4.93e+07 1.43361e-09 2.07547e-07 1.58555e-11 12 1 0.5 12
4.94e+07 1.85809e-09 1.97294e-07 2.37397e-11 10 1 0.5 10
4.95e+07 1.47462e-09 2.0133e-07 3.19461e-11 6 1 0.5 6
4.96e+07 1.96897e-09 2.16896e-07 5.44627e-11 5 1 0.5 5
4.97e+07 1.39893e-09 2.06093e-07 3.08569e-11 6 1 0.5 6
4.98e+07 1.58786e-09 2.0679e-07 2.93861e-11 8 1 0.5 8
4.99e+07 1.61683e-09 2.18972e-07 2.49077e-11 9 1 0.5 9
5e+07 1.98644e-09 2.14197e-07 3.3885e-11 8 1 0.5 8
5.01e+07 1.36602e-09 2.12322e-07 2.64143e-11 7 1 0.5 7
5.02e+07 1.38002e-09 2.09572e-07 4.63869e-11 4 1 0.5 4
5.03e+07 1.73202e-09 2.11657e-07 5.87934e-11 4 1 0.5 4
5.04e+07 1.26659e-09 2.03562e-07 2.07155e-11 8 1 0.5 8
5.05e+07 1.70914e-09 2.04136e-07 4.50147e-11 5 1 0.5 5
5.06e+07 1.75955e-09 2.14132e-07 3.42972e-11 7 1 0.5 7
5.07e+07 1.70949e-09 2.0872e-07 2.85483e-11 8 1 0.5 8
5.08e+07 1.28992e-09 1.98054e-07 2.36158e-11 7 1 0.5 7
5.09e+07 1.54349e-09 1.99825e-07 1.80877e-11 11 1 0.5 11
5.1e+07 1.23588e-09 2.11571e-07 1.85102e-11 9 1 0.5 9
5.11e+07 1.58539e-09 2.18166e-07 2.74081e-11 8 1 0.5 8
5.12e+07 1.67749e-09 2.02229e-07 3.64952e-11 6 1 0.5 6
5.13e+07 1.55468e-09 2.08185e-07 2.58994e-11 8 1 0.5 8
5.14e+07 1.57298e-09 2.18793e-07 2.17833e-11 10 1 0.5 10
5.15e+07 1.52678e-09 2.14569e-07 2.31396e-11 9 1 0.5 9
5.16e+07 1.76971e-09 2.05236e-07 3.89621e-11 6 1 0.5 6
5.17e+07 2.22678e-09 2.02778e-07 4.8647e-11 6 1 0.5 6
5.18e+07 1.36933e-09 2.08754e-07 3.0506e-11 6 1 0.5 6
5.19e+07 1.32595e-09 2.1304e-07 1.28234e-11 14 1 0.5 14
5.2e+07 1.49966e-09 2.06542e-07 2.48241e-11 8 1 0.5 8
5.21e+07 1.52826e-09 2.10828e-07 4.12498e-11 5 1 0.5 5
5.22e+07 1.80145e-09 2.03646e-07 3.37586e-11 7 1 0.5 7
5.23e+07 1.41902e-09 1.96904e-07 3.62908e-11 5 1 0.5 5
5.24e+07 1.66961e-09 2.07564e-07 2.46601e-11 9 1 0.5 9
5.25e+07 2.21687e-09 1.98789e-07 3.16985e-11 9 1 0.5 9
5.26e+07 1.58885e-09 2.08255e-07 4.1982e-11 6 1 0.5 6
5.27e+07 1.60111e-09 2.08642e-07 5.3698e-11 4 1 0.5 4
5.28e+07 1.82123e-09 2.06318e-07 2.67829e-11 9 1 0.5 9
5.29e+07 1.65596e-09 2.14259e-07 3.22822e-11 7 1 0.5 7
5.3e+07 1.57397e-09 2.12706e-07 3.56146e-11 6 1 0.5 6
5.31e+07 1.33926e-09 2.01285e-07 2.48335e-11 7 1 0.5 7
5.32e+07 1.42318e-09 2.0729e-07 2.09856e-11 9 1 0.5 9
5.33e+07 1.69953e-09 2.07032e-07 3.76636e-11 6 1 0.5 6
5.34e+07 1.14525e-09 2.09534e-07 3.07086e-11 5 1 0.5 5
5.35e+07 1.48397e-09 2.14719e-07 3.38173e-11 6 1 0.5 6
5.36e+07 1.49272e-09 2.09004e-07 1.99341e-11 10 1 0.5 10
5.37e+07 2.08624e-09 2.01374e-07 2.25621e-11 12 1 0.5 12
5.38e+07 1.54058e-09 1.98654e-07 2.47407e-11 8 1 0.5 8
5.39e+07 1.41557e-09 2.00532e-07 2.03393e-11 9 1 0.5 9
5.4e+07 1.51545e-09 2.09152e-07 2.08382e-11 10 1 0.5 10
5.41e+07 1.51387e-09 2.03305e-07 2.47525e-11 8 1 0.5 8
5.42e+07 1.40168e-09 2.04261e-07 2.62957e-11 7 1 0.5 7
5.43e+07 2.00991e-09 2.14284e-07 3.72146e-10 5 1 0.5 5
5.44e+07 1.75262e-09 1.99879e-07 3.7794e-11 6 1 0.5 6
5.45e+07 1.66612e-09 2.12168e-07 1.87572e-11 12 1 0.5 12
5.46e+07 1.46123e-09 1.99915e-07 2.35769e-11 8 1 0.5 8
5.47e+07 1.43532e-09 2.07509e-07 3.18342e-11 6 1 0.5 6
5.48e+07 1.62106e-09 2.08958e-07 2.7089e-11 8 1 0.5 8
5.49e+07 1.16467e-09 2.06125e-07 1.53736e-11 10 1 0.5 10
5.5e+07 1.68112e-09 2.11858e-07 2.84042e-11 8 1 0.5 8
5.51e+07 1.37529e-09 2.14125e-07 3.12588e-11 6 1 0.5 6
5.52e+07 1.29348e-09 2.02009e-07 2.10308e-11 8 1 0.5 8
5.53e+07 1.51419e-09 2.11081e-07 2.26532e-11 9 1 0.5 9
5.54e+07 1.41078e-09 2.00817e-07 3.04953e-11 6 1 0.5 6
5.55e+07 1.24834e-09 2.22549e-07 2.19033e-11 8 1 0.5 8
5.56e+07 1.68695e-09 2.08991e-07 1.40645e-11 16 1 0.5 16
5.57e+07 1.54389e-09 2.1857e-07 2.13616e-11 10 1 0.5 10
5.58e+07 1.16242e-09 2.01625e-07 1.50815e-11 10 1 0.5 10
5.59e+07 1.94805e-09 2.03305e-07 3.18899e-11 8 1 0.5 8
5.6e+07 1.80388e-09 2.01839e-07 3.92044e-11 6 1 0.5 6
5.61e+07 1.09894e-09 2.07882e-07 2.4377e-11 6 1 0.5 6
5.62e+07 1.13628e-09 1.9969e-07 1.83016e-11 8 1 0.5 8
5.63e+07 1.39391e-09 2.08449e-07 3.1021e-11 6 1 0.5 6
5.64e+07 1.56348e-09 2.03792e-07 2.27573e-11 9 1 0.5 9
5.65e+07 1.71831e-09 1.96651e-07 1.82309e-11 12 1 0.5 12
5.66e+07 1.50409e-09 2.08487e-07 2.22837e-11 9 1 0.5 9
5.67e+07 1.38299e-09 2.09017e-07 1.8465e-11 10 1 0.5 10
5.68e+07 2.01409e-09 2.03346e-07 2.92985e-11 9 1 0.5 9
5.69e+07 1.4024e-09 2.01388e-07 2.02164e-11 9 1 0.5 9
5.7e+07 1.84515e-09 2.12064e-07 4.16944e-11 6 1 0.5 6
5.71e+07 1.49907e-09 2.18334e-07 1.59266e-11 13 1 0.5 13
5.72e+07 2.14412e-09 2.076e-07 3.56995e-11 8 1 0.5 8
5.73e+07 1.17838e-09 2.09493e-07 1.97064e-11 8 1 0.5 8
5.74e+07 1.54225e-09 2.02646e-07 2.87666e-11 7 1 0.5 7
5.75e+07 1.50857e-09 2.01812e-07 2.45238e-11 8 1 0.5 8
5.76e+07 1.91627e-09 2.11048e-07 1.98347e-11 13 1 0.5 13
5.77e+07 1.16375e-09 2.09716e-07 2.59997e-11 6 1 0.5 6
5.78e+07 1.45159e-09 2.12454e-07 3.27994e-11 6 1 0.5 6
5.79e+07 1.27361e-09 2.15888e-07 2.18159e-11 8 1 0.5 8
5.8e+07 1.17761e-09 2.00506e-07 1.90297e-11 8 1 0.5 8
5.81e+07 1.56715e-09 2.06952e-07 4.16939e-11 5 1 0.5 5
5.82e+07 1.45169e-09 2.08421e-07 3.23104e-11 6 1 0.5 6
5.83e+07 1.47847e-09 2.01938e-07 2.13623e-11 9 1 0.5 9
5.84e+07 1.64554e-09 2.01185e-07 4.28368e-11 5 1 0.5 5
5.85e+07 1.69025e-09 2.05753e-07 2.02709e-11 11 1 0.5 11
5.86e+07 1.59208e-09 2.13545e-07 1.80128e-11 12 1 0.5 12
5.87e+07 1.70676e-09 2.11179e-07 3.28999e-11 7 1 0.5 7
5.88e+07 1.28032e-09 2.03686e-07 1.67479e-11 10 1 0.5 10
5.89e+07 1.43113e-09 2.09319e-07 1.91316e-11 10 1 0.5 10
5.9e+07 1.36284e-09 2.08447e-07 9.77431e-11 4 1 0.5 4
5.91e+07 1.27273e-09 2.02952e-07 2.7725e-11 6 1 0.5 6
5.92e+07 1.64574e-09 1.99321e-07 3.03134e-11 7 1 0.5 7
5.93e+07 1.22566e-09 2.02105e-07 3.19608e-11 5 1 0.5 5
5.94e+07 1.44763e-09 2.04976e-07 1.26771e-11 15 1 0.5 15
5.95e+07 1.50018e-09 2.03231e-07 1.95993e-11 10 1 0.5 10
5.96e+07 1.16763e-09 2.06862e-07 2.58077e-11 6 1 0.5 6
5.97e+07 1.16423e-09 2.08264e-07 1.93793e-11 8 1 0.5 8
5.98e+07 1.23118e-09 2.03542e-07 2.3021e-11 7 1 0.5 7
5.99e+07 1.78733e-09 2.10502e-07 3.00552e-11 8 1 0.5 8
6e+07 1.30855e-09 2.03469e-07 3.43144e-11 5 1 0.5 5
6.01e+07 1.11889e-09 2.17723e-07 1.92858e-11 8 1 0.5 8
6.02e+07 1.42024e-09 2.09286e-07 2.7158e-11 7 1 0.5 7
6.03e+07 1.41643e-09 2.16346e-07 1.6186e-11 12 1 0.5 12
6.04e+07 1.50699e-09 2.05366e-07 2.20643e-11 9 1 0.5 9
6.05e+07 1.37412e-09 2.1053e-07 2.30821e-11 8 1 0.5 8
6.06e+07 1.70485e-09 2.10975e-07 2.55078e-11 9 1 0.5 9
6.07e+07 1.62523e-09 2.04844e-07 3.57083e-11 6 1 0.5 6
6.08e+07 1.75085e-09 2.07841e-07 3.33338e-11 7 1 0.5 7
6.09e+07 1.39825e-09 2.04287e-07 3.063e-11 6 1 0.5 6
6.1e+07 1.46154e-09 2.0513e-07 2.4061e-11 8 1 0.5 8
6.11e+07 1.81643e-09 2.04176e-07 2.64944e-11 9 1 0.5 9
6.12e+07 1.05654e-09 2.00001e-07 1.36187e-11 10 1 0.5 10
6.13e+07 1.33362e-09 2.08267e-07 1.4787e-11 12 1 0.5 12
6.14e+07 1.30665e-09 2.18344e-07 1.64084e-11 11 1 0.5 11
6.15e+07 2.08011e-09 1.99951e-07 2.98685e-11 9 1 0.5 9
6.16e+07 1.25794e-09 2.02812e-07 1.63992e-11 10 1 0.5 10
6.17e+07 1.60706e-09 1.97064e-07 2.56524e-11 8 1 0.5 8
6.18e+07 1.16815e-09 2.00848e-07 1.67948e-11 9 1 0.5 9
6.19e+07 1.8066e-09 2.05278e-07 2.64618e-11 9 1 0.5 9
6.2e+07 1.65608e-09 2.05596e-07 4.3851e-11 5 1 0.5 5
6.21e+07 1.08599e-09 2.10163e-07 3.65233e-11 4 1 0.5 4
6.22e+07 1.21486e-09 2.00132e-07 1.30543e-11 12 1 0.5 12
6.23e+07 9.61096e-10 2.0216e-07 1.04041e-11 12 1 0.5 12
6.24e+07 1.87801e-09 2.04724e-07 6.21508e-11 4 1 0.5 4
6.25e+07 1.35622e-09 2.15419e-07 2.65257e-11 7 1 0.5 7
6.26e+07 1.05563e-09 2.0745e-07 1.75124e-11 8 1 0.5 8
6.27e+07 1.78829e-09 2.04502e-07 2.61149e-11 9 1 0.5 9
6.28e+07 1.33572e-09 2.13034e-07 1.6451e-11 11 1 0.5 11
6.29e+07 1.53119e-09 2.08079e-07 3.40462e-11 6 1 0.5 6
6.3e+07 1.89982e-09 2.09461e-07 3.18325e-11 8 1 0.5 8
6.31e+07 1.12467e-09 1.99092e-07 2.06635e-11 7 1 0.5 7
6.32e+07 1.38194e-09 2.16061e-07 2.70947e-11 7 1 0.5 7
6.33e+07 1.74324e-09 2.12406e-07 2.14384e-11 11 1 0.5 11
6.34e+07 1.34345e-09 2.2427e-07 1.45768e-11 13 1 0.5 13
6.35e+07 1.4806e-09 2.14905e-07 1.83673e-11 11 1 0.5 11
6.36e+07 1.46486e-09 2.14489e-07 2.49771e-11 8 1 0.5 8
6.37e+07 1.59034e-09 1.94058e-07 1.54088e-11 13 1 0.5 13
6.38e+07 1.37273e-09 1.96243e-07 1.74477e-11 10 1 0.5 10
6.39e+07 1.32518e-09 2.05473e-07 2.91532e-11 6 1 0.5 6
6.4e+07 1.17266e-09 1.99318e-07 2.51788e-11 6 1 0.5 6
6.41e+07 1.96569e-09 2.01607e-07 3.65669e-11 7 1 0.5 7
6.42e+07 9.47918e-10 2.14179e-07 2.1514e-11 6 1 0.5 6
6.43e+07 1.36099e-09 2.06324e-07 1.28357e-11 14 1 0.5 14
6.44e+07 1.28763e-09 2.11646e-07 2.1714e-11 8 1 0.5 8
6.45e+07 1.50171e-09 2.12616e-07 3.39588e-11 6 1 0.5 6
6.46e+07 1.54078e-09 2.07245e-07 3.41527e-11 6 1 0.5 6
6.47e+07 1.31757e-09 2.16921e-07 3.6337e-11 5 1 0.5 5
6.48e+07 1.42363e-09 1.99477e-07 2.03717e-11 9 1 0.5 9
6.49e+07 1.71904e-09 2.08704e-07 3.28315e-11 7 1 0.5 7
6.5e+07 1.5457e-09 2.00748e-07 1.81788e-11 11 1 0.5 11
6.51e+07 1.24421e-09 2.04598e-07 1.81517e-11 9 1 0.5 9
6.52e+07 1.24396e-09 2.03236e-07 2.03187e-11 8 1 0.5 8
6.53e+07 1.5244e-09 2.10032e-07 2.55698e-11 8 1 0.5 8
6.54e+07 1.35125e-09 2.09517e-07 1.8074e-11 10 1 0.5 10
6.55e+07 1.45902e-09 2.21335e-07 2.68535e-11 10 1 0.5 10
6.56e+07 1.25698e-09 2.18932e-07 2.48934e-11 7 1 0.5 7
6.57e+07 1.3945e-09 2.13566e-07 3.16326e-11 6 1 0.5 6
6.58e+07 1.66338e-09 2.00535e-07 4.31953e-11 5 1 0.5 5
6.59e+07 1.68124e-09 2.14963e-07 3.83764e-11 6 1 0.5 6
6.6e+07 1.08423e-09 2.08653e-07 2.89685e-11 5 1 0.5 5
6.61e+07 1.55105e-09 2.08465e-07 2.58659e-11 8 1 0.5 8
6.62e+07 1.69563e-09 2.06525e-07 3.75044e-11 6 1 0.5 6
6.63e+07 1.56102e-09 1.94824e-07 3.96195e-11 5 1 0.5 5
6.64e+07 1.56148e-09 1.96869e-07 3.3254e-11 6 1 0.5 6
6.65e+07 1.75673e-09 2.01119e-07 3.80663e-11 6 1 0.5 6
6.66e+07 1.38777e-09 2.12092e-07 1.70343e-11 11 1 0.5 11
6.67e+07 1.53909e-09 2.0414e-07 2.01797e-11 10 1 0.5 10
6.68e+07 1.29126e-09 2.12766e-07 1.34363e-11 13 1 0.5 13
6.69e+07 1.4203e-09 2.00046e-07 2.62165e-11 7 1 0.5 7
6.7e+07 1.70587e-09 2.09017e-07 2.53366e-11 9 1 0.5 9
6.71e+07 1.49696e-09 2.04317e-07 1.6356e-11 12 1 0.5 12
6.72e+07 1.64367e-09 2.00874e-07 1.93442e-11 11 1 0.5 11
6.73e+07 1.40861e-09 2.0637e-07 3.11042e-11 6 1 0.5 6
6.74e+07 1.33314e-09 2.04259e-07 1.24739e-11 14 1 0.5 14
6.75e+07 1.35565e-09 2.12753e-07 2.62549e-11 7 1 0.5 7
6.76e+07 1.49025e-09 2.07314e-07 2.8292e-11 7 1 0.5 7
6.77e+07 1.18649e-09 2.10826e-07 1.99418e-11 8 1 0.5 8
6.78e+07 1.37585e-09 2.05956e-07 1.51236e-11 12 1 0.5 12
6.79e+07 1.10957e-09 2.07729e-07 1.84294e-11 8 1 0.5 8
6.8e+07 1.49469e-09 2.08805e-07 2.8537e-11 7 1 0.5 7
6.81e+07 1.55977e-09 2.02857e-07 2.26215e-11 9 1 0.5 9
6.82e+07 1.56445e-09 2.17577e-07 2.69865e-11 8 1 0.5 8
6.83e+07 9.68733e-10 2.12393e-07 1.63668e-11 8 1 0.5 8
6.84e+07 8.72798e-10 2.12665e-07 1.47568e-11 8 1 0.5 8
6.85e+07 1.54601e-09 2.08405e-07 2.84355e-11 14 1 0.5 14
6.86e+07 1.70415e-09 2.07092e-07 2.82842e-11 8 1 0.5 8
6.87e+07 1.97412e-09 2.1948e-07 5.51234e-11 5 1 0.5 5
6.88e+07 1.27845e-09 2.06109e-07 2.41439e-11 7 1 0.5 7
6.89e+07 1.50681e-09 2.09106e-07 2.01307e-11 10 1 0.5 10
6.9e+07 1.62544e-09 2.02999e-07 4.26076e-11 5 1 0.5 5
6.91e+07 1.30964e-09 2.03617e-07 1.55666e-11 11 1 0.5 11
6.92e+07 1.18339e-09 1.99643e-07 2.54425e-11 6 1 0.5 6
6.93e+07 1.64991e-09 2.06867e-07 2.73565e-11 8 1 0.5 8
6.94e+07 1.7035e-09 2.06689e-07 2.50796e-11 9 1 0.5 9
6.95e+07 1.42421e-09 2.19499e-07 2.47293e-11 8 1 0.5 8
6.96e+07 1.85439e-09 2.08205e-07 2.24546e-11 11 1 0.5 11
6.97e+07 1.46534e-09 2.06894e-07 1.38521e-11 14 1 0.5 14
6.98e+07 1.82638e-09 2.03112e-07 3.41584e-11 7 1 0.5 7
6.99e+07 1.36394e-09 2.05391e-07 1.99647e-11 9 1 0.5 9
7e+07 1.62798e-09 2.04044e-07 3.56597e-11 6 1 0.5 6
7.01e+07 1.06053e-09 2.04512e-07 1.98931e-11 7 1 0.5 7
7.02e+07 1.44134e-09 2.05339e-07 1.4589e-11 13 1 0.5 13
7.03e+07 1.91159e-09 2.05856e-07 4.22077e-11 6 1 0.5 6
7.04e+07 1.64804e-09 2.03814e-07 7.08875e-10 4 1 0.5 4
7.05e+07 1.51282e-09 2.05285e-07 3.32805e-11 6 1 0.5 6
7.06e+07 1.12133e-09 2.12415e-07 1.51536e-11 10 1 0.5 10
7.07e+07 1.54023e-09 2.02014e-07 2.86607e-11 7 1 0.5 7
7.08e+07 1.39428e-09 2.08548e-07 3.729e-11 5 1 0.5 5
7.09e+07 1.26303e-09 2.1234e-07 1.55134e-11 11 1 0.5 11
7.1e+07 1.69746e-09 2.05573e-07 2.80104e-11 8 1 0.5 8
7.11e+07 1.13449e-09 2.11085e-07 3.05956e-11 5 1 0.5 5
7.12e+07 1.16796e-09 2.07256e-07 1.19026e-11 13 1 0.5 13
7.13e+07 1.47998e-09 2.07301e-07 1.96369e-11 10 1 0.5 10
7.14e+07 1.44649e-09 2.01792e-07 2.08869e-11 9 1 0.5 9
7.15e+07 1.20897e-09 2.18105e-07 2.08729e-11 8 1 0.5 8
7.16e+07 1.77138e-09 2.04098e-07 3.88295e-11 6 1 0.5 6
7.17e+07 1.2757e-09 2.11268e-07 2.1482e-11 8 1 0.5 8
7.18e+07 1.39151e-09 2.09474e-07 2.06866e-11 9 1 0.5 9
7.19e+07 1.28234e-09 1.94947e-07 2.70752e-11 6 1 0.5 6
7.2e+07 1.15962e-09 1.99454e-07 2.99208e-11 5 1 0.5 5
7.21e+07 1.66266e-09 2.07471e-07 2.76321e-11 8 1 0.5 8
7.22e+07 1.81358e-09 2.0247e-07 3.38337e-11 7 1 0.5 7
7.23e+07 1.14483e-09 2.17644e-07 1.43348e-11 11 1 0.5 11
7.24e+07 1.42659e-09 2.02315e-07 4.66583e-11 4 1 0.5 4
7.25e+07 2.01656e-09 2.10894e-07 3.88695e-11 7 1 0.5 7
7.26e+07 1.81149e-09 2.06576e-07 1.99754e-11 12 1 0.5 12
7.27e+07 1.37335e-09 2.02917e-07 2.56293e-11 7 1 0.5 7
7.28e+07 1.61759e-09 2.16842e-07 2.4727e-11 9 1 0.5 9
7.29e+07 1.55622e-09 2.10315e-07 2.08876e-11 10 1 0.5 10
7.3e+07 1.86175e-09 2.1141e-07 3.59366e-11 7 1 0.5 7
7.31e+07 1.34075e-09 2.17714e-07 1.84845e-11 10 1 0.5 10
7.32e+07 1.73349e-09 2.17654e-07 1.83793e-11 13 1 0.5 13
7.33e+07 1.40241e-09 2.00328e-07 3.0256e-11 6 1 0.5 6
7.34e+07 1.32962e-09 2.02051e-07 2.47271e-11 7 1 0.5 7
7.35e+07 1.4965e-09 2.03389e-07 2.79891e-11 7 1 0.5 7
7.36e+07 1.61505e-09 2.05703e-07 2.36832e-11 9 1 0.5 9
7.37e+07 1.54199e-09 1.95966e-07 3.27197e-11 6 1 0.5 6
7.38e+07 1.49822e-09 2.02296e-07 2.44004e-11 8 1 0.5 8
7.39e+07 1.81466e-09 2.05388e-07 3.48483e-11 8 1 0.5 8
7.4e+07 2.07777e-09 2.0426e-07 3.03359e-11 9 1 0.5 9
7.41e+07 1.73761e-09 2.02855e-07 8.09394e-10 3 1 0.5 3
7.42e+07 1.70522e-09 2.13694e-07 2.31849e-11 10 1 0.5 10
7.43e+07 1.34777e-09 2.03992e-07 1.47035e-11 12 1 0.5 12
7.44e+07 1.15702e-09 2.08165e-07 2.20127e-11 7 1 0.5 7
7.45e+07 2.00523e-09 2.1354e-07 3.41244e-11 8 1 0.5 8
7.46e+07 1.65825e-09 2.05725e-07 1.82213e-11 12 1 0.5 12
7.47e+07 2.24511e-09 2.10659e-07 3.78249e-11 8 1 0.5 8
7.48e+07 2.12327e-09 2.01756e-07 6.54789e-11 5 1 0.5 5
7.49e+07 1.46802e-09 2.1225e-07 2.83886e-11 7 1 0.5 7
7.5e+07 1.2673e-09 2.078e-07 2.40863e-11 7 1 0.5 7
7.51e+07 1.38174e-09 2.04037e-07 3.02374e-11 6 1 0.5 6
7.52e+07 1.41925e-09 2.11951e-07 2.39699e-11 8 1 0.5 8
7.53e+07 1.68871e-09 2.04762e-07 2.22014e-11 10 1 0.5 10
7.54e+07 1.73571e-09 2.08059e-07 3.44964e-11 7 1 0.5 7
7.55e+07 1.33748e-09 2.08032e-07 1.48168e-11 12 1 0.5 12
7.56e+07 1.28455e-09 2.1287e-07 2.17607e-11 8 1 0.5 8
7.57e+07 1.45878e-09 2.06855e-07 2.14771e-11 9 1 0.5 9
7.58e+07 1.478e-09 2.02298e-07 1.88034e-10 8 1 0.5 8
7.59e+07 1.56462e-09 2.13406e-07 2.65792e-11 8 1 0.5 8
7.6e+07 1.94117e-09 2.09438e-07 2.59916e-11 10 1 0.5 10
7.61e+07 2.06726e-09 2.1766e-07 4.08624e-11 7 1 0.5 7
7.62e+07 1.67839e-09 2.12873e-07 2.27494e-11 10 1 0.5 10
7.63e+07 1.49433e-09 2.07648e-07 2.48393e-11 8 1 0.5 8
7.64e+07 9.96876e-10 2.16501e-07 2.2823e-11 6 1 0.5 6
7.65e+07 1.25631e-09 2.14184e-07 1.90002e-11 9 1 0.5 9
7.66e+07 1.72273e-09 1.99161e-07 3.17194e-11 7 1 0.5 7
7.67e+07 1.09831e-09 1.94378e-07 1.38488e-11 10 1 0.5 10
7.68e+07 1.21453e-09 2.11235e-07 2.33788e-11 7 1 0.5 7
7.69e+07 1.48619e-09 2.04836e-07 2.79499e-11 7 1 0.5 7
7.7e+07 1.12528e-09 2.00796e-07 2.9182e-11 5 1 0.5 5
7.71e+07 1.12635e-09 1.99722e-07 9.66134e-12 15 1 0.5 15
7.72e+07 1.36517e-09 2.06872e-07 2.58636e-11 7 1 0.5 7
7.73e+07 2.27298e-09 2.03924e-07 4.27048e-11 7 1 0.5 7
7.74e+07 1.82601e-09 2.03961e-07 2.99572e-11 8 1 0.5 8
7.75e+07 1.50188e-09 2.12907e-07 2.91175e-11 7 1 0.5 7
7.76e+07 1.35696e-09 2.03662e-07 2.53947e-11 7 1 0.5 7
7.77e+07 1.21304e-09 2.11071e-07 2.72436e-11 6 1 0.5 6
7.78e+07 1.31797e-09 2.14492e-07 1.99586e-11 9 1 0.5 9
7.79e+07 1.98818e-09 2.00757e-07 2.86317e-11 9 1 0.5 9
7.8e+07 1.32512e-09 2.03859e-07 2.1701e-11 8 1 0.5 8
7.81e+07 1.21733e-09 2.16408e-07 1.51764e-11 11 1 0.5 11
7.82e+07 1.43174e-09 2.11525e-07 1.01408e-11 19 1 0.5 19
7.83e+07 1.24852e-09 2.0891e-07 1.2805e-11 13 1 0.5 13
7.84e+07 1.6345e-09 2.049e-07 2.68977e-11 8 1 0.5 8
7.85e+07 1.43995e-09 1.99226e-07 1.54249e-11 12 1 0.5 12
7.86e+07 1.9456e-09 2.0397e-07 4.26551e-11 6 1 0.5 6
7.87e+07 1.51213e-09 1.99014e-07 2.43162e-11 8 1 0.5 8
7.88e+07 1.63109e-09 2.00364e-07 4.23228e-11 5 1 0.5 5
7.89e+07 1.06677e-09 2.08382e-07 1.09158e-11 13 1 0.5 13
7.9e+07 1.72885e-09 2.05489e-07 3.80934e-11 6 1 0.5 6
7.91e+07 1.42822e-09 2.15839e-07 3.26739e-11 6 1 0.5 6
7.92e+07 1.4219e-09 2.12003e-07 2.13407e-11 9 1 0.5 9
7.93e+07 1.32159e-09 1.95711e-07 1.28835e-11 13 1 0.5 13
7.94e+07 1.68148e-09 2.02672e-07 4.40319e-11 5 1 0.5 5
7.95e+07 1.0688e-09 1.93864e-07 2.24524e-11 6 1 0.5 6
7.96e+07 1.16726e-09 2.00782e-07 2.52055e-11 6 1 0.5 6
7.97e+07 1.13045e-09 2.06583e-07 1.86961e-11 8 1 0.5 8
7.98e+07 1.7114e-09 2.15237e-07 4.69942e-11 5 1 0.5 5
7.99e+07 1.44955e-09 2.15912e-07 2.84113e-11 7 1 0.5 7
8e+07 1.48492e-09 2.09578e-07 1.98725e-11 10 1 0.5 10
8.01e+07 1.37838e-09 2.09562e-07 1.31599e-11 14 1 0.5 14
8.02e+07 1.28358e-09 2.03973e-07 1.52768e-11 11 1 0.5 11
8.03e+07 1.28546e-09 2.08321e-07 2.44809e-11 7 1 0.5 7
8.04e+07 1.33013e-09 2.08592e-07 2.21785e-11 8 1 0.5 8
8.05e+07 1.9401e-09 2.09173e-07 3.71456e-11 7 1 0.5 7
8.06e+07 1.30526e-09 2.04711e-07 2.86295e-11 6 1 0.5 6
8.07e+07 1.38957e-09 2.02454e-07 2.01135e-11 9 1 0.5 9
8.08e+07 1.748e-09 2.09726e-07 3.35165e-11 7 1 0.5 7
8.09e+07 1.18509e-09 2.07118e-07 3.14949e-11 5 1 0.5 5
8.1e+07 1.42342e-09 2.08105e-07 3.80108e-11 5 1 0.5 5
8.11e+07 1.55738e-09 2.1261e-07 2.63778e-11 8 1 0.5 8
8.12e+07 1.19365e-09 2.10456e-07 2.29085e-11 7 1 0.5 7
8.13e+07 1.41662e-09 2.09781e-07 3.16873e-11 6 1 0.5 6
8.14e+07 1.30849e-09 2.0645e-07 4.34497e-11 4 1 0.5 4
8.15e+07 1.30067e-09 2.10058e-07 1.58415e-11 11 1 0.5 11
8.16e+07 1.5533e-09 2.05873e-07 4.11538e-11 5 1 0.5 5
8.17e+07 1.73494e-09 2.10637e-07 3.89794e-11 6 1 0.5 6
8.18e+07 1.24167e-09 2.03532e-07 1.47519e-11 11 1 0.5 11
8.19e+07 1.63041e-09 2.13816e-07 4.45507e-11 5 1 0.5 5
8.2e+07 1.51023e-09 2.10639e-07 1.84419e-11 11 1 0.5 11
8.21e+07 1.55359e-09 2.10753e-07 2.32165e-11 9 1 0.5 9
8.22e+07 1.49159e-09 2.03098e-07 2.43672e-11 8 1 0.5 8
8.23e+07 2.13238e-09 2.03004e-07 3.09875e-11 9 1 0.5 9
8.24e+07 1.12257e-09 2.07554e-07 1.35394e-11 11 1 0.5 11
8.25e+07 1.75654e-09 2.12355e-07 4.77321e-11 5 1 0.5 5
8.26e+07 9.00179e-10 2.1454e-07 7.65293e-12 16 1 0.5 16
8.27e+07 1.43787e-09 2.04578e-07 2.36198e-11 8 1 0.5 8
8.28e+07 1.78331e-09 2.13259e-07 4.86286e-11 5 1 0.5 5
8.29e+07 1.45898e-09 2.0734e-07 1.38151e-11 14 1 0.5 14
8.3e+07 1.53101e-09 2.01624e-07 3.99029e-11 5 1 0.5 5
8.31e+07 1.4872e-09 2.09062e-07 1.98646e-11 10 1 0.5 10
8.32e+07 1.64902e-09 2.16859e-07 2.06109e-11 11 1 0.5 11
8.33e+07 1.70067e-09 2.02685e-07 2.77547e-11 8 1 0.5 8
8.34e+07 1.32307e-09 2.08416e-07 4.42655e-11 4 1 0.5 4
8.35e+07 1.77797e-09 2.0378e-07 3.33332e-11 7 1 0.5 7
8.36e+07 1.2021e-09 2.11814e-07 2.31884e-11 7 1 0.5 7
8.37e+07 1.28079e-09 2.22353e-07 2.24589e-11 8 1 0.5 8
8.38e+07 8.09424e-10 2.1381e-07 1.37408e-11 8 1 0.5 8
8.39e+07 1.65215e-09 2.118e-07 3.72691e-11 6 1 0.5 6
8.4e+07 1.23842e-09 2.03341e-07 1.79801e-11 9 1 0.5 9
8.41e+07 1.39811e-09 2.10009e-07 3.13007e-11 6 1 0.5 6
8.42e+07 1.25511e-09 2.14402e-07 1.2198e-11 14 1 0.5 14
8.43e+07 1.3983e-09 2.02986e-07 1.51974e-11 12 1 0.5 12
8.44e+07 1.59719e-09 1.99852e-07 2.5774e-11 8 1 0.5 8
8.45e+07 1.41969e-09 2.05487e-07 2.07912e-11 9 1 0.5 9
8.46e+07 1.65073e-09 2.12639e-07 4.48823e-11 5 1 0.5 5
8.47e+07 2.04211e-09 2.09015e-07 3.90886e-11 7 1 0.5 7
8.48e+07 1.44233e-09 2.01346e-07 3.1245e-11 6 1 0.5 6
8.49e+07 1.5602e-09 2.03261e-07 2.03885e-11 10 1 0.5 10
8.5e+07 1.6637e-09 2.05055e-07 2.43392e-11 9 1 0.5 9
8.51e+07 1.14893e-09 2.17396e-07 2.64058e-11 6 1 0.5 6
8.52e+07 1.58384e-09 2.05916e-07 3.49362e-11 6 1 0.5 6
8.53e+07 1.62461e-09 2.1149e-07 3.13442e-11 7 1 0.5 7
8.54e+07 1.22001e-09 2.19299e-07 2.11555e-11 8 1 0.5 8
8.55e+07 1.5569e-09 2.09873e-07 1.4886e-11 14 1 0.5 14
8.56e+07 1.49131e-09 2.02878e-07 1.49545e-11 13 1 0.5 13
8.57e+07 1.50509e-09 2.0213e-07 2.80144e-11 7 1 0.5 7
8.58e+07 1.15003e-09 2.02347e-07 2.49826e-11 6 1 0.5 6
8.59e+07 1.5888e-09 2.07644e-07 2.65752e-11 8 1 0.5 8
8.6e+07 1.01113e-09 2.1619e-07 1.25901e-11 11 1 0.5 11
8.61e+07 1.18095e-09 2.22965e-07 1.38154e-11 12 1 0.5 12
8.62e+07 1.65985e-09 2.05444e-07 2.18776e-11 10 1 0.5 10
8.63e+07 1.18273e-09 2.01363e-07 1.91762e-11 8 1 0.5 8
8.64e+07 1.64934e-09 2.03638e-07 1.04834e-10 5 1 0.5 5
8.65e+07 1.22287e-09 2.08343e-07 2.32861e-11 7 1 0.5 7
8.66e+07 1.52715e-09 1.9515e-07 2.41879e-11 8 1 0.5 8
8.67e+07 1.75367e-09 2.10259e-07 2.35434e-11 10 1 0.5 10
8.68e+07 1.7365e-09 1.99099e-07 2.48311e-11 9 1 0.5 9
8.69e+07 1.45776e-09 2.04183e-07 4.80317e-11 4 1 0.5 4
8.7e+07 9.26805e-10 2.20262e-07 1.61133e-11 8 1 0.5 8
8.71e+07 1.8047e-09 2.05072e-07 3.40052e-11 7 1 0.5 7
8.72e+07 1.5795e-09 2.03908e-07 1.72334e-11 12 1 0.5 12
8.73e+07 1.25744e-09 2.12965e-07 1.89318e-11 9 1 0.5 9
8.74e+07 1.8519e-09 2.08761e-07 2.24713e-11 11 1 0.5 11
8.75e+07 1.80799e-09 2.02081e-07 1.95965e-11 12 1 0.5 12
8.76e+07 1.44185e-09 2.04396e-07 1.89191e-11 10 1 0.5 10
8.77e+07 1.39946e-09 2.00947e-07 3.02647e-11 6 1 0.5 6
8.78e+07 1.44322e-09 2.05051e-07 1.89845e-11 10 1 0.5 10
8.79e+07 1.55737e-09 2.04326e-07 3.41411e-11 6 1 0.5 6
8.8e+07 1.58686e-09 2.00859e-07 1.86725e-11 11 1 0.5 11
8.81e+07 1.13402e-09 1.99745e-07 2.08889e-11 7 1 0.5 7
8.82e+07 1.65877e-09 2.0759e-07 2.45018e-11 9 1 0.5 9
8.83e+07 1.5882e-09 2.16307e-07 2.17965e-11 10 1 0.5 10
8.84e+07 1.44868e-09 2.07495e-07 2.40635e-11 8 1 0.5 8
8.85e+07 1.51951e-09 2.0757e-07 4.05126e-11 5 1 0.5 5
8.86e+07 1.5387e-09 2.08464e-07 3.42638e-11 6 1 0.5 6
8.87e+07 1.78459e-09 2.09568e-07 2.99041e-11 8 1 0.5 8
8.88e+07 9.9486e-10 2.07256e-07 8.782e-12 15 1 0.5 15
8.89e+07 1.51597e-09 2.0476e-07 1.99227e-11 10 1 0.5 10
8.9e+07 1.89423e-09 2.13206e-07 3.68125e-11 7 1 0.5 7
8.91e+07 1.52103e-09 2.09766e-07 3.40343e-11 6 1 0.5 6
8.92e+07 1.79083e-09 2.00993e-07 2.10921e-11 11 1 0.5 11
8.93e+07 1.11109e-09 2.18437e-07 2.1954e-11 7 1 0.5 7
8.94e+07 1.31532e-09 2.08944e-07 1.95113e-11 9 1 0.5 9
8.95e+07 1.45328e-09 2.14643e-07 3.31047e-11 6 1 0.5 6
8.96e+07 1.22877e-09 2.07189e-07 1.62876e-11 10 1 0.5 10
8.97e+07 1.97916e-09 2.12088e-07 6.73868e-11 4 1 0.5 4
8.98e+07 1.83815e-09 2.08089e-07 4.91753e-11 5 1 0.5 5
8.99e+07 1.51559e-09 2.12825e-07 2.56873e-11 8 1 0.5 8
9e+07 1.93103e-09 2.0142e-07 4.19189e-11 6 1 0.5 6
9.01e+07 1.98512e-09 2.05472e-07 3.2771e-11 8 1 0.5 8
9.02e+07 1.63423e-09 1.97918e-07 1.74229e-11 12 1 0.5 12
9.03e+07 1.25988e-09 2.04599e-07 1.65375e-11 10 1 0.5 10
9.04e+07 1.61195e-09 2.12053e-07 3.11639e-11 7 1 0.5 7
9.05e+07 2.21784e-09 2.02153e-07 3.61723e-11 8 1 0.5 8
9.06e+07 1.60895e-09 2.0492e-07 3.94939e-10 9 1 0.5 9
9.07e+07 1.46959e-09 2.03549e-07 3.8577e-11 5 1 0.5 5
9.08e+07 1.16941e-09 2.1569e-07 1.77802e-11 9 1 0.5 9
9.09e+07 1.41307e-09 2.06136e-07 2.67006e-11 7 1 0.5 7
9.1e+07 1.31432e-09 2.08388e-07 3.51176e-11 5 1 0.5 5
9.11e+07 1.12382e-09 2.03918e-07 1.47086e-11 10 1 0.5 10
9.12e+07 1.96275e-09 1.99747e-07 4.23359e-11 6 1 0.5 6
9.13e+07 1.58271e-09 1.90747e-07 3.95225e-11 5 1 0.5 5
9.14e+07 1.17405e-09 2.12828e-07 1.58924e-11 10 1 0.5 10
9.15e+07 1.83548e-09 2.10093e-07 3.52523e-11 7 1 0.5 7
9.16e+07 1.51742e-09 2.1277e-07 1.71165e-11 12 1 0.5 12
9.17e+07 1.50413e-09 2.0713e-07 1.66114e-11 12 1 0.5 12
9.18e+07 1.5235e-09 1.93325e-07 1.91471e-11 10 1 0.5 10
9.19e+07 1.74283e-09 2.00432e-07 5.6686e-11 4 1 0.5 4
9.2e+07 1.42783e-09 2.06053e-07 2.35865e-11 8 1 0.5 8
9.21e+07 1.57631e-09 2.06333e-07 3.48241e-11 6 1 0.5 6
9.22e+07 1.56401e-09 2.11048e-07 3.51701e-11 6 1 0.5 6
9.23e+07 1.16069e-09 2.01359e-07 1.88175e-11 8 1 0.5 8
9.24e+07 1.56017e-09 2.04267e-07 1.86e-11 11 1 0.5 11
9.25e+07 1.43264e-09 2.04329e-07 3.13923e-11 6 1 0.5 6
9.26e+07 1.40013e-09 2.04134e-07 3.06539e-11 6 1 0.5 6
9.27e+07 1.45183e-09 2.30168e-07 2.32633e-11 9 1 0.5 9
9.28e+07 1.83638e-09 2.04516e-07 4.03287e-11 6 1 0.5 6
9.29e+07 1.44543e-09 2.10076e-07 1.93783e-11 10 1 0.5 10
9.3e+07 1.34859e-09 2.20087e-07 1.70437e-11 11 1 0.5 11
9.31e+07 1.42709e-09 2.12142e-07 2.41199e-11 8 1 0.5 8
9.32e+07 1.12953e-09 2.12369e-07 1.69631e-11 9 1 0.5 9
9.33e+07 1.42343e-09 2.03802e-07 3.73939e-11 5 1 0.5 5
9.34e+07 1.75013e-09 2.08512e-07 3.90103e-11 6 1 0.5 6
9.35e+07 1.562e-09 2.19891e-07 3.10735e-11 7 1 0.5 7
9.36e+07 9.66593e-10 2.05296e-07 1.27132e-11 10 1 0.5 10
9.37e+07 1.2457e-09 1.94785e-07 1.43031e-11 11 1 0.5 11
9.38e+07 1.03947e-09 2.03268e-07 1.50801e-11 9 1 0.5 9
9.39e+07 1.808e-09 2.0368e-07 2.96283e-11 8 1 0.5 8
9.4e+07 1.14628e-09 2.12749e-07 2.58986e-11 6 1 0.5 6
9.41e+07 1.18554e-09 1.99803e-07 2.55047e-11 6 1 0.5 6
9.42e+07 2.15736e-09 1.99568e-07 3.48286e-11 8 1 0.5 8
9.43e+07 1.22823e-09 2.08463e-07 2.33991e-11 7 1 0.5 7
9.44e+07 1.14025e-09 2.13547e-07 1.54747e-11 10 1 0.5 10
9.45e+07 1.81817e-09 2.02573e-07 5.96545e-11 4 1 0.5 4
9.46e+07 1.32005e-09 2.20588e-07 2.04388e-11 9 1 0.5 9
9.47e+07 1.25475e-09 2.00295e-07 1.80049e-11 9 1 0.5 9
9.48e+07 9.88573e-10 2.00953e-07 2.13471e-11 6 1 0.5 6
9.49e+07 1.84327e-09 2.06142e-07 4.89503e-11 5 1 0.5 5
9.5e+07 1.24196e-09 2.10281e-07 2.08348e-11 8 1 0.5 8
9.51e+07 1.50478e-09 2.17828e-07 5.21865e-11 4 1 0.5 4
9.52e+07 1.86332e-09 2.08458e-07 2.48529e-11 10 1 0.5 10
9.53e+07 1.71862e-09 2.09322e-07 2.87668e-11 8 1 0.5 8
9.54e+07 1.81858e-09 2.10785e-07 3.50164e-11 7 1 0.5 7
9.55e+07 1.47831e-09 2.13796e-07 2.5143e-11 8 1 0.5 8
9.56e+07 1.68174e-09 1.98573e-07 2.70094e-11 8 1 0.5 8
9.57e+07 1.58108e-09 2.08052e-07 2.6328e-11 8 1 0.5 8
9.58e+07 1.75499e-09 2.05293e-07 3.33467e-11 8 1 0.5 8
9.59e+07 2.06937e-09 2.08921e-07 4.90915e-11 6 1 0.5 6
9.6e+07 1.26291e-09 2.13397e-07 1.14117e-11 15 1 0.5 15
9.61e+07 1.07897e-09 1.98037e-07 2.76764e-11 5 1 0.5 5
9.62e+07 1.57412e-09 2.05307e-07 2.96652e-11 7 1 0.5 7
9.63e+07 1.40285e-09 2.00496e-07 3.02853e-11 6 1 0.5 6
9.64e+07 1.50111e-09 2.10241e-07 2.01398e-11 10 1 0.5 10
9.65e+07 1.3917e-09 2.13597e-07 2.70406e-11 7 1 0.5 7
9.66e+07 1.54403e-09 2.07237e-07 3.42241e-11 6 1 0.5 6
9.67e+07 1.53567e-09 2.01358e-07 3.32799e-11 6 1 0.5 6
9.68e+07 1.27785e-09 2.12811e-07 2.1642e-11 8 1 0.5 8
9.69e+07 1.58664e-09 1.9515e-07 3.37276e-11 6 1 0.5 6
9.7e+07 1.72417e-09 2.10575e-07 1.65331e-11 14 1 0.5 14
9.71e+07 1.45907e-09 2.041e-07 2.12571e-11 9 1 0.5 9
9.72e+07 1.57821e-09 2.0237e-07 2.57161e-11 8 1 0.5 8
9.73e+07 1.61132e-09 2.06872e-07 4.28646e-11 5 1 0.5 5
9.74e+07 2.09928e-09 2.07373e-07 4.66601e-11 6 1 0.5 6
9.75e+07 1.42773e-09 2.14968e-07 2.16647e-11 9 1 0.5 9
9.76e+07 1.29217e-09 2.09014e-07 2.88068e-11 6 1 0.5 6
9.77e+07 1.80415e-09 2.01668e-07 3.91839e-11 6 1 0.5 6
9.78e+07 1.06991e-09 2.0552e-07 2.35191e-11 6 1 0.5 6
9.79e+07 1.37937e-09 2.02248e-07 2.24533e-11 8 1 0.5 8
9.8e+07 1.76832e-09 2.05264e-07 2.32968e-11 10 1 0.5 10
9.81e+07 1.5884e-09 2.013e-07 2.94781e-11 7 1 0.5 7
9.82e+07 1.33417e-09 1.99908e-07 2.15189e-11 8 1 0.5 8
9.83e+07 1.34722e-09 2.06998e-07 2.98126e-11 6 1 0.5 6
9.84e+07 1.96958e-09 2.06452e-07 3.73274e-11 7 1 0.5 7
9.85e+07 1.65412e-09 2.05672e-07 2.42555e-11 9 1 0.5 9
9.86e+07 1.35314e-09 2.09853e-07 2.59244e-11 7 1 0.5 7
9.87e+07 1.71415e-09 2.10285e-07 2.87954e-11 8 1 0.5 8
9.88e+07 1.32834e-09 2.02055e-07 4.33775e-11 4 1 0.5 4
9.89e+07 1.93638e-09 2.08794e-07 3.23671e-11 8 1 0.5 8
9.9e+07 1.23245e-09 2.17333e-07 1.54173e-11 11 1 0.5 11
9.91e+07 1.64369e-09 2.0293e-07 4.30779e-11 5 1 0.5 5
9.92e+07 1.65907e-09 2.05343e-07 5.49677e-11 4 1 0.5 4
9.93e+07 1.37636e-09 2.01644e-07 2.55598e-11 7 1 0.5 7
9.94e+07 1.67361e-09 2.06006e-07 6.42038e-11 4 1 0.5 4
9.95e+07 1.27136e-09 2.16262e-07 2.1807e-11 8 1 0.5 8
9.96e+07 2.20461e-09 1.97794e-07 3.53492e-11 8 1 0.5 8
9.97e+07 1.75242e-09 2.14706e-07 2.65882e-11 9 1 0.5 9
9.98e+07 1.24034e-09 2.0773e-07 2.35656e-11 7 1 0.5 7
9.99e+07 1.73505e-09 2.07681e-07 7.763e-11 3 1 0.5 3
1e+08 1.60159e-09 2.10068e-07 2.38755e-11 9 1 0.5 9
