0 1.50659e-09 2.07143e-07 1.91083e-11 11 1 0.5 11
100000 1.29556e-09 1.96223e-07 3.30234e-11 5 1 0.510081 5
200000 1.72567e-09 1.84005e-07 3.4893e-11 6 1 0.548318 6
300000 1.37317e-09 1.88608e-07 7.97799e-10 8 2 0.520691 7
300000 1.37317e-09 1.88608e-07 7.97799e-10 8 2 0.567839 1
400000 1.76012e-09 1.94233e-07 3.71091e-11 6 2 0.536183 4
400000 1.76012e-09 1.94233e-07 3.71091e-11 6 2 0.542757 2
500000 1.79762e-09 1.90957e-07 2.48855e-11 9 4 0.536183 5
500000 1.79762e-09 1.90957e-07 2.48855e-11 9 4 0.521294 1
500000 1.79762e-09 1.90957e-07 2.48855e-11 9 4 0.563974 2
500000 1.79762e-09 1.90957e-07 2.48855e-11 9 4 0.515275 1
600000 1.7793e-09 1.96367e-07 3.78345e-11 6 2 0.557923 2
600000 1.7793e-09 1.96367e-07 3.78345e-11 6 2 0.530743 4
700000 1.60139e-09 1.97191e-07 4.10206e-11 5 1 0.530743 5
800000 1.3958e-09 1.81023e-07 2.78423e-11 6 2 0.526891 3
800000 1.3958e-09 1.81023e-07 2.78423e-11 6 2 0.569501 3
900000 2.02932e-09 2.14103e-07 9.32304e-11 3 1 0.494533 3
1e+06 1.03144e-09 2.12078e-07 2.32372e-11 6 1 0.494533 6
1.1e+06 1.55328e-09 2.08345e-07 1.72355e-11 12 3 0.493989 9
1.1e+06 1.55328e-09 2.08345e-07 1.72355e-11 12 3 0.47076 2
1.1e+06 1.55328e-09 2.08345e-07 1.72355e-11 12 3 0.500332 1
1.2e+06 1.10116e-09 2.35313e-07 2.30976e-11 7 3 0.46691 3
1.2e+06 1.10116e-09 2.35313e-07 2.30976e-11 7 3 0.453876 2
1.2e+06 1.10116e-09 2.35313e-07 2.30976e-11 7 3 0.441545 2
1.3e+06 1.26963e-09 2.50682e-07 1.63317e-11 12 2 0.433014 10
1.3e+06 1.26963e-09 2.50682e-07 1.63317e-11 12 2 0.400646 2
1.4e+06 1.31775e-09 2.37329e-07 2.4361e-11 8 2 0.433014 7
1.4e+06 1.31775e-09 2.37329e-07 2.4361e-11 8 2 0.413349 1
1.5e+06 9.93496e-10 2.71215e-07 1.25754e-11 13 3 0.413349 6
1.5e+06 9.93496e-10 2.71215e-07 1.25754e-11 13 3 0.39767 5
1.5e+06 9.93496e-10 2.71215e-07 1.25754e-11 13 3 0.380687 2
1.6e+06 1.08447e-09 2.57725e-07 1.2222e-11 14 3 0.413349 7
1.6e+06 1.08447e-09 2.57725e-07 1.2222e-11 14 3 0.411889 6
1.6e+06 1.08447e-09 2.57725e-07 1.2222e-11 14 3 0.453022 1
1.7e+06 1.43737e-09 2.42793e-07 3.09654e-11 7 3 0.421964 2
1.7e+06 1.43737e-09 2.42793e-07 3.09654e-11 7 3 0.431234 3
1.7e+06 1.43737e-09 2.42793e-07 3.09654e-11 7 3 0.442694 2
1.8e+06 9.36887e-10 2.80831e-07 1.32222e-11 12 3 0.445053 9
1.8e+06 9.36887e-10 2.80831e-07 1.32222e-11 12 3 0.348058 2
1.8e+06 9.36887e-10 2.80831e-07 1.32222e-11 12 3 0.4284 1
1.9e+06 9.18796e-10 3.42235e-07 3.07485e-11 6 4 0.322666 1
1.9e+06 9.18796e-10 3.42235e-07 3.07485e-11 6 4 0.318386 3
1.9e+06 9.18796e-10 3.42235e-07 3.07485e-11 6 4 0.331665 1
1.9e+06 9.18796e-10 3.42235e-07 3.07485e-11 6 4 0.352028 1
2e+06 6.45378e-10 3.52965e-07 1.47454e-11 9 3 0.318386 6
2e+06 6.45378e-10 3.52965e-07 1.47454e-11 9 3 0.291474 2
2e+06 6.45378e-10 3.52965e-07 1.47454e-11 9 3 0.290607 1
2.1e+06 1.10535e-09 3.33015e-07 1.96735e-11 11 3 0.318715 6
2.1e+06 1.10535e-09 3.33015e-07 1.96735e-11 11 3 0.33008 4
2.1e+06 1.10535e-09 3.33015e-07 1.96735e-11 11 3 0.305181 1
2.2e+06 1.21981e-09 3.54763e-07 2.52349e-11 10 3 0.315317 3
2.2e+06 1.21981e-09 3.54763e-07 2.52349e-11 10 3 0.313766 5
2.2e+06 1.21981e-09 3.54763e-07 2.52349e-11 10 3 0.323087 2
2.3e+06 1.0117e-09 3.59269e-07 1.50869e-11 14 3 0.2972 2
2.3e+06 1.0117e-09 3.59269e-07 1.50869e-11 14 3 0.30799 11
2.3e+06 1.0117e-09 3.59269e-07 1.50869e-11 14 3 0.328259 1
2.4e+06 7.3501e-10 3.86752e-07 1.36306e-11 12 2 0.288587 6
2.4e+06 7.3501e-10 3.86752e-07 1.36306e-11 12 2 0.252282 6
2.5e+06 7.28224e-10 4.46139e-07 1.53128e-11 12 6 0.265752 4
2.5e+06 7.28224e-10 4.46139e-07 1.53128e-11 12 6 0.270815 1
2.5e+06 7.28224e-10 4.46139e-07 1.53128e-11 12 6 0.258382 4
2.5e+06 7.28224e-10 4.46139e-07 1.53128e-11 12 6 0.231518 1
2.5e+06 7.28224e-10 4.46139e-07 1.53128e-11 12 6 0.27452 1
2.5e+06 7.28224e-10 4.46139e-07 1.53128e-11 12 6 0.268646 1
2.6e+06 1.0555e-09 4.21282e-07 5.09551e-11 5 1 0.27118 5
2.7e+06 7.60178e-10 4.29871e-07 2.06442e-11 9 4 0.27118 4
2.7e+06 7.60178e-10 4.29871e-07 2.06442e-11 9 4 0.259585 3
2.7e+06 7.60178e-10 4.29871e-07 2.06442e-11 9 4 0.268458 1
2.7e+06 7.60178e-10 4.29871e-07 2.06442e-11 9 4 0.27974 1
2.8e+06 8.91355e-10 4.00614e-07 1.13578e-11 18 4 0.259585 7
2.8e+06 8.91355e-10 4.00614e-07 1.13578e-11 18 4 0.266876 2
2.8e+06 8.91355e-10 4.00614e-07 1.13578e-11 18 4 0.290314 8
2.8e+06 8.91355e-10 4.00614e-07 1.13578e-11 18 4 0.234262 1
2.9e+06 9.02064e-10 3.68129e-07 2.13986e-11 9 4 0.266876 2
2.9e+06 9.02064e-10 3.68129e-07 2.13986e-11 9 4 0.287108 1
2.9e+06 9.02064e-10 3.68129e-07 2.13986e-11 9 4 0.295195 2
2.9e+06 9.02064e-10 3.68129e-07 2.13986e-11 9 4 0.291433 4
3e+06 6.29359e-10 4.16516e-07 1.49483e-11 10 6 0.258716 1
3e+06 6.29359e-10 4.16516e-07 1.49483e-11 10 6 0.278616 1
3e+06 6.29359e-10 4.16516e-07 1.49483e-11 10 6 0.256569 4
3e+06 6.29359e-10 4.16516e-07 1.49483e-11 10 6 0.253371 2
3e+06 6.29359e-10 4.16516e-07 1.49483e-11 10 6 0.273965 1
3e+06 6.29359e-10 4.16516e-07 1.49483e-11 10 6 0.237762 1
3.1e+06 1.02092e-09 4.01178e-07 1.80562e-11 13 4 0.277436 6
3.1e+06 1.02092e-09 4.01178e-07 1.80562e-11 13 4 0.24322 5
3.1e+06 1.02092e-09 4.01178e-07 1.80562e-11 13 4 0.340813 1
3.1e+06 1.02092e-09 4.01178e-07 1.80562e-11 13 4 0.285382 1
3.2e+06 8.21465e-10 4.11522e-07 2.41718e-11 8 2 0.277436 4
3.2e+06 8.21465e-10 4.11522e-07 2.41718e-11 8 2 0.24322 4
3.3e+06 8.46571e-10 3.62646e-07 1.62025e-11 11 3 0.293631 5
3.3e+06 8.46571e-10 3.62646e-07 1.62025e-11 11 3 0.303208 2
3.3e+06 8.46571e-10 3.62646e-07 1.62025e-11 11 3 0.302689 4
3.4e+06 7.67826e-10 4.2464e-07 2.06278e-11 9 2 0.274421 2
3.4e+06 7.67826e-10 4.2464e-07 2.06278e-11 9 2 0.273036 7
3.5e+06 7.06648e-10 3.84867e-07 9.20253e-12 17 6 0.287097 8
3.5e+06 7.06648e-10 3.84867e-07 9.20253e-12 17 6 0.270218 2
3.5e+06 7.06648e-10 3.84867e-07 9.20253e-12 17 6 0.300739 1
3.5e+06 7.06648e-10 3.84867e-07 9.20253e-12 17 6 0.265402 2
3.5e+06 7.06648e-10 3.84867e-07 9.20253e-12 17 6 0.313665 3
3.5e+06 7.06648e-10 3.84867e-07 9.20253e-12 17 6 0.238275 1
3.6e+06 5.68038e-10 4.76612e-07 9.49166e-12 16 2 0.238275 14
3.6e+06 5.68038e-10 4.76612e-07 9.49166e-12 16 2 0.233305 2
3.7e+06 4.17852e-10 5.06058e-07 1.31089e-11 9 3 0.232279 5
3.7e+06 4.17852e-10 5.06058e-07 1.31089e-11 9 3 0.225343 1
3.7e+06 4.17852e-10 5.06058e-07 1.31089e-11 9 3 0.184348 3
3.8e+06 7.00252e-10 5.90407e-07 1.62442e-11 14 5 0.184348 8
3.8e+06 7.00252e-10 5.90407e-07 1.62442e-11 14 5 0.198963 3
3.8e+06 7.00252e-10 5.90407e-07 1.62442e-11 14 5 0.186046 1
3.8e+06 7.00252e-10 5.90407e-07 1.62442e-11 14 5 0.153509 1
3.8e+06 7.00252e-10 5.90407e-07 1.62442e-11 14 5 0.152145 1
3.9e+06 5.21884e-10 5.37459e-07 1.72968e-11 9 3 0.203112 6
3.9e+06 5.21884e-10 5.37459e-07 1.72968e-11 9 3 0.202885 2
3.9e+06 5.21884e-10 5.37459e-07 1.72968e-11 9 3 0.244627 1
