0 1.50659e-09 2.07143e-07 1.91083e-11 11 1 0.5 11
100000 9.02157e-10 2.26025e-07 2.13701e-11 6 2 0.48456 4
100000 9.02157e-10 2.26025e-07 2.13701e-11 6 2 0.45077 2
200000 1.38209e-09 2.31782e-07 4.0212e-11 5 2 0.478974 3
200000 1.38209e-09 2.31782e-07 4.0212e-11 5 2 0.454087 2
300000 1.42367e-09 2.44533e-07 2.39623e-11 9 4 0.457903 1
300000 1.42367e-09 2.44533e-07 2.39623e-11 9 4 0.442638 2
300000 1.42367e-09 2.44533e-07 2.39623e-11 9 4 0.417441 3
300000 1.42367e-09 2.44533e-07 2.39623e-11 9 4 0.4394 3
400000 1.74437e-09 2.20571e-07 2.43258e-11 10 4 0.493265 2
400000 1.74437e-09 2.20571e-07 2.43258e-11 10 4 0.43529 2
400000 1.74437e-09 2.20571e-07 2.43258e-11 10 4 0.496917 4
400000 1.74437e-09 2.20571e-07 2.43258e-11 10 4 0.450835 2
500000 1.37037e-09 2.07185e-07 2.01965e-11 9 2 0.496917 8
500000 1.37037e-09 2.07185e-07 2.01965e-11 9 2 0.50081 1
600000 2.41233e-09 2.06872e-07 3.5601e-11 9 3 0.50081 5
600000 2.41233e-09 2.06872e-07 3.5601e-11 9 3 0.517905 2
600000 2.41233e-09 2.06872e-07 3.5601e-11 9 3 0.524222 2
700000 1.62537e-09 2.06389e-07 3.59213e-11 6 4 0.50081 2
700000 1.62537e-09 2.06389e-07 3.59213e-11 6 4 0.49033 2
700000 1.62537e-09 2.06389e-07 3.59213e-11 6 4 0.526796 1
700000 1.62537e-09 2.06389e-07 3.59213e-11 6 4 0.511588 1
800000 1.15691e-09 2.04488e-07 1.01077e-11 15 4 0.506116 1
800000 1.15691e-09 2.04488e-07 1.01077e-11 15 4 0.494069 2
800000 1.15691e-09 2.04488e-07 1.01077e-11 15 4 0.509894 11
800000 1.15691e-09 2.04488e-07 1.01077e-11 15 4 0.530955 1
900000 1.19638e-09 2.31771e-07 1.9268e-11 9 2 0.463392 5
900000 1.19638e-09 2.31771e-07 1.9268e-11 9 2 0.470254 4
1e+06 1.22553e-09 2.12138e-07 2.3674e-11 7 2 0.470254 4
1e+06 1.22553e-09 2.12138e-07 2.3674e-11 7 2 0.4957 3
1.1e+06 1.4273e-09 2.06042e-07 2.6962e-11 7 3 0.494374 4
1.1e+06 1.4273e-09 2.06042e-07 2.6962e-11 7 3 0.499508 1
1.1e+06 1.4273e-09 2.06042e-07 2.6962e-11 7 3 0.493319 2
1.2e+06 1.43366e-09 1.99534e-07 2.70799e-11 7 2 0.494374 5
1.2e+06 1.43366e-09 1.99534e-07 2.70799e-11 7 2 0.493018 2
1.3e+06 1.12903e-09 2.08658e-07 1.88204e-11 8 2 0.494374 7
1.3e+06 1.12903e-09 2.08658e-07 1.88204e-11 8 2 0.474403 1
1.4e+06 1.07251e-09 2.24211e-07 1.51292e-11 10 3 0.507416 2
1.4e+06 1.07251e-09 2.24211e-07 1.51292e-11 10 3 0.458921 7
1.4e+06 1.07251e-09 2.24211e-07 1.51292e-11 10 3 0.441224 1
1.5e+06 1.93048e-09 2.03854e-07 3.62213e-11 7 3 0.507416 4
1.5e+06 1.93048e-09 2.03854e-07 3.62213e-11 7 3 0.454076 2
1.5e+06 1.93048e-09 2.03854e-07 3.62213e-11 7 3 0.538337 1
1.6e+06 1.924e-09 1.94035e-07 3.4727e-11 7 1 0.539129 7
1.7e+06 2.07924e-09 1.96144e-07 3.31045e-11 8 3 0.537057 6
1.7e+06 2.07924e-09 1.96144e-07 3.31045e-11 8 3 0.519219 1
1.7e+06 2.07924e-09 1.96144e-07 3.31045e-11 8 3 0.52196 1
1.8e+06 1.29018e-09 1.82503e-07 2.21713e-11 7 4 0.570787 2
1.8e+06 1.29018e-09 1.82503e-07 2.21713e-11 7 4 0.566828 3
1.8e+06 1.29018e-09 1.82503e-07 2.21713e-11 7 4 0.529609 1
1.8e+06 1.29018e-09 1.82503e-07 2.21713e-11 7 4 0.561675 1
1.9e+06 2.18523e-09 1.72488e-07 3.60744e-11 7 3 0.570787 3
1.9e+06 2.18523e-09 1.72488e-07 3.60744e-11 7 3 0.574811 2
1.9e+06 2.18523e-09 1.72488e-07 3.60744e-11 7 3 0.527684 2
2e+06 1.23922e-09 1.9399e-07 1.41819e-11 11 1 0.527684 11
2.1e+06 1.61266e-09 1.81593e-07 2.14721e-11 9 2 0.54281 8
2.1e+06 1.61266e-09 1.81593e-07 2.14721e-11 9 2 0.515218 1
2.2e+06 1.46621e-09 1.94566e-07 2.64893e-11 7 3 0.518352 2
2.2e+06 1.46621e-09 1.94566e-07 2.64893e-11 7 3 0.503022 4
2.2e+06 1.46621e-09 1.94566e-07 2.64893e-11 7 3 0.498746 1
2.3e+06 1.08872e-09 2.10979e-07 2.44332e-11 6 3 0.503022 2
2.3e+06 1.08872e-09 2.10979e-07 2.44332e-11 6 3 0.492392 2
2.3e+06 1.08872e-09 2.10979e-07 2.44332e-11 6 3 0.483427 2
2.4e+06 1.08747e-09 2.07806e-07 1.31283e-11 11 3 0.492392 8
2.4e+06 1.08747e-09 2.07806e-07 1.31283e-11 11 3 0.50088 1
2.4e+06 1.08747e-09 2.07806e-07 1.31283e-11 11 3 0.467586 2
2.5e+06 1.33484e-09 2.17262e-07 1.66998e-11 11 2 0.474853 8
2.5e+06 1.33484e-09 2.17262e-07 1.66998e-11 11 2 0.46426 3
2.6e+06 1.51267e-09 2.16482e-07 3.47051e-11 6 3 0.4694 1
2.6e+06 1.51267e-09 2.16482e-07 3.47051e-11 6 3 0.485435 4
2.6e+06 1.51267e-09 2.16482e-07 3.47051e-11 6 3 0.473388 1
2.7e+06 1.61013e-09 2.2537e-07 3.26756e-11 7 3 0.473388 2
2.7e+06 1.61013e-09 2.2537e-07 3.26756e-11 7 3 0.502524 3
2.7e+06 1.61013e-09 2.2537e-07 3.26756e-11 7 3 0.458063 2
2.8e+06 1.28872e-09 2.43081e-07 2.77726e-11 7 3 0.438899 5
2.8e+06 1.28872e-09 2.43081e-07 2.77726e-11 7 3 0.458028 1
2.8e+06 1.28872e-09 2.43081e-07 2.77726e-11 7 3 0.430545 1
2.9e+06 2.33933e-09 2.2384e-07 8.33741e-11 4 1 0.458779 4
3e+06 9.56278e-10 2.37521e-07 1.56997e-11 9 1 0.441369 9
3.1e+06 1.30357e-09 2.67139e-07 2.35818e-11 9 3 0.430191 4
3.1e+06 1.30357e-09 2.67139e-07 2.35818e-11 9 3 0.394977 4
3.1e+06 1.30357e-09 2.67139e-07 2.35818e-11 9 3 0.418502 1
3.2e+06 1.47296e-09 2.71941e-07 1.62029e-11 15 4 0.418502 8
3.2e+06 1.47296e-09 2.71941e-07 1.62029e-11 15 4 0.419158 4
3.2e+06 1.47296e-09 2.71941e-07 1.62029e-11 15 4 0.384599 2
3.2e+06 1.47296e-09 2.71941e-07 1.62029e-11 15 4 0.402271 1
3.3e+06 1.62952e-09 2.65938e-07 4.42183e-11 6 2 0.404836 4
3.3e+06 1.62952e-09 2.65938e-07 4.42183e-11 6 2 0.385343 2
3.4e+06 1.18856e-09 2.81884e-07 2.02195e-11 10 4 0.404836 2
3.4e+06 1.18856e-09 2.81884e-07 2.02195e-11 10 4 0.395791 2
3.4e+06 1.18856e-09 2.81884e-07 2.02195e-11 10 4 0.389764 5
3.4e+06 1.18856e-09 2.81884e-07 2.02195e-11 10 4 0.392105 1
3.5e+06 8.77688e-10 3.01725e-07 2.63737e-11 6 4 0.368769 1
3.5e+06 8.77688e-10 3.01725e-07 2.63737e-11 6 4 0.352561 3
3.5e+06 8.77688e-10 3.01725e-07 2.63737e-11 6 4 0.355068 1
3.5e+06 8.77688e-10 3.01725e-07 2.63737e-11 6 4 0.406434 1
3.6e+06 1.24335e-09 2.99049e-07 4.46309e-11 5 1 0.380291 5
3.7e+06 6.46969e-10 3.38267e-07 3.21642e-11 4 2 0.338489 3
3.7e+06 6.46969e-10 3.38267e-07 3.21642e-11 4 2 0.328551 1
3.8e+06 8.27995e-10 3.54409e-07 3.42948e-11 5 3 0.339509 1
3.8e+06 8.27995e-10 3.54409e-07 3.42948e-11 5 3 0.284227 3
3.8e+06 8.27995e-10 3.54409e-07 3.42948e-11 5 3 0.334959 1
3.9e+06 7.81609e-10 4.4572e-07 1.51592e-11 13 7 0.239256 5
3.9e+06 7.81609e-10 4.4572e-07 1.51592e-11 13 7 0.254533 3
3.9e+06 7.81609e-10 4.4572e-07 1.51592e-11 13 7 0.266198 1
3.9e+06 7.81609e-10 4.4572e-07 1.51592e-11 13 7 0.247688 1
3.9e+06 7.81609e-10 4.4572e-07 1.51592e-11 13 7 0.236756 1
3.9e+06 7.81609e-10 4.4572e-07 1.51592e-11 13 7 0.277422 1
3.9e+06 7.81609e-10 4.4572e-07 1.51592e-11 13 7 0.265171 1
4e+06 4.97336e-10 5.56886e-07 1.70241e-11 9 5 0.201468 1
4e+06 4.97336e-10 5.56886e-07 1.70241e-11 9 5 0.162234 1
4e+06 4.97336e-10 5.56886e-07 1.70241e-11 9 5 0.186394 4
4e+06 4.97336e-10 5.56886e-07 1.70241e-11 9 5 0.226368 1
4e+06 4.97336e-10 5.56886e-07 1.70241e-11 9 5 0.175715 2
4.1e+06 7.84332e-10 6.12929e-07 1.46366e-11 18 5 0.186394 10
4.1e+06 7.84332e-10 6.12929e-07 1.46366e-11 18 5 0.18757 4
4.1e+06 7.84332e-10 6.12929e-07 1.46366e-11 18 5 0.240155 2
4.1e+06 7.84332e-10 6.12929e-07 1.46366e-11 18 5 0.215681 1
4.1e+06 7.84332e-10 6.12929e-07 1.46366e-11 18 5 0.189576 1
4.2e+06 3.88947e-10 5.6667e-07 9.34918e-12 13 4 0.186394 2
4.2e+06 3.88947e-10 5.6667e-07 9.34918e-12 13 4 0.184492 2
4.2e+06 3.88947e-10 5.6667e-07 9.34918e-12 13 4 0.205265 4
4.2e+06 3.88947e-10 5.6667e-07 9.34918e-12 13 4 0.204032 5
4.3e+06 3.61905e-10 5.4587e-07 9.93949e-12 11 3 0.205265 7
4.3e+06 3.61905e-10 5.4587e-07 9.93949e-12 11 3 0.208517 3
4.3e+06 3.61905e-10 5.4587e-07 9.93949e-12 11 3 0.198809 1
4.4e+06 3.11029e-10 6.35499e-07 1.54332e-11 7 4 0.198809 2
4.4e+06 3.11029e-10 6.35499e-07 1.54332e-11 7 4 0.167516 2
4.4e+06 3.11029e-10 6.35499e-07 1.54332e-11 7 4 0.197645 2
4.4e+06 3.11029e-10 6.35499e-07 1.54332e-11 7 4 0.183948 1
4.5e+06 5.72966e-10 5.17715e-07 2.3631e-11 7 1 0.218816 7
4.6e+06 4.23971e-10 5.13557e-07 2.02388e-11 6 2 0.218816 3
4.6e+06 4.23971e-10 5.13557e-07 2.02388e-11 6 2 0.241894 3
4.7e+06 5.17839e-10 4.89016e-07 1.1811e-11 12 5 0.227318 3
4.7e+06 5.17839e-10 4.89016e-07 1.1811e-11 12 5 0.227653 3
4.7e+06 5.17839e-10 4.89016e-07 1.1811e-11 12 5 0.230278 4
4.7e+06 5.17839e-10 4.89016e-07 1.1811e-11 12 5 0.219449 1
4.7e+06 5.17839e-10 4.89016e-07 1.1811e-11 12 5 0.237564 1
4.8e+06 8.61106e-10 4.87951e-07 1.23801e-11 19 3 0.227318 12
4.8e+06 8.61106e-10 4.87951e-07 1.23801e-11 19 3 0.190928 2
4.8e+06 8.61106e-10 4.87951e-07 1.23801e-11 19 3 0.249808 5
4.9e+06 1.02123e-09 4.51442e-07 2.00483e-11 13 3 0.249808 6
4.9e+06 1.02123e-09 4.51442e-07 2.00483e-11 13 3 0.245317 6
4.9e+06 1.02123e-09 4.51442e-07 2.00483e-11 13 3 0.263669 1
5e+06 6.28109e-10 4.60301e-07 1.81167e-11 9 2 0.244286 7
5e+06 6.28109e-10 4.60301e-07 1.81167e-11 9 2 0.256419 2
5.1e+06 8.56783e-10 4.68741e-07 3.77848e-11 6 2 0.26521 2
5.1e+06 8.56783e-10 4.68741e-07 3.77848e-11 6 2 0.274203 4
5.2e+06 5.3575e-10 5.02534e-07 1.50336e-11 10 1 0.23325 10
5.3e+06 5.21615e-10 4.57404e-07 8.96237e-12 15 3 0.223308 8
5.3e+06 5.21615e-10 4.57404e-07 8.96237e-12 15 3 0.243644 3
5.3e+06 5.21615e-10 4.57404e-07 8.96237e-12 15 3 0.258098 4
5.4e+06 9.27336e-10 4.85917e-07 1.68368e-11 15 3 0.243644 11
5.4e+06 9.27336e-10 4.85917e-07 1.68368e-11 15 3 0.223679 3
5.4e+06 9.27336e-10 4.85917e-07 1.68368e-11 15 3 0.243186 1
5.5e+06 6.56792e-10 4.7242e-07 1.58563e-11 11 5 0.2182 3
5.5e+06 6.56792e-10 4.7242e-07 1.58563e-11 11 5 0.245265 2
5.5e+06 6.56792e-10 4.7242e-07 1.58563e-11 11 5 0.248721 3
5.5e+06 6.56792e-10 4.7242e-07 1.58563e-11 11 5 0.232377 2
5.5e+06 6.56792e-10 4.7242e-07 1.58563e-11 11 5 0.264905 1
5.6e+06 4.90884e-10 4.81488e-07 1.47336e-11 9 3 0.216479 3
5.6e+06 4.90884e-10 4.81488e-07 1.47336e-11 9 3 0.214049 4
5.6e+06 4.90884e-10 4.81488e-07 1.47336e-11 9 3 0.2256 2
5.7e+06 2.85087e-10 5.37432e-07 9.43699e-12 9 5 0.197357 2
5.7e+06 2.85087e-10 5.37432e-07 9.43699e-12 9 5 0.218272 1
5.7e+06 2.85087e-10 5.37432e-07 9.43699e-12 9 5 0.206845 2
5.7e+06 2.85087e-10 5.37432e-07 9.43699e-12 9 5 0.199634 1
5.7e+06 2.85087e-10 5.37432e-07 9.43699e-12 9 5 0.183793 3
5.8e+06 2.56408e-10 5.22876e-07 9.31339e-12 8 2 0.218272 7
5.8e+06 2.56408e-10 5.22876e-07 9.31339e-12 8 2 0.204862 1
5.9e+06 5.21677e-10 5.04538e-07 1.46905e-11 10 6 0.218272 2
5.9e+06 5.21677e-10 5.04538e-07 1.46905e-11 10 6 0.232817 2
5.9e+06 5.21677e-10 5.04538e-07 1.46905e-11 10 6 0.206427 1
5.9e+06 5.21677e-10 5.04538e-07 1.46905e-11 10 6 0.212857 2
5.9e+06 5.21677e-10 5.04538e-07 1.46905e-11 10 6 0.266386 2
5.9e+06 5.21677e-10 5.04538e-07 1.46905e-11 10 6 0.245732 1
6e+06 5.94521e-10 4.5931e-07 1.39942e-11 11 7 0.232817 1
6e+06 5.94521e-10 4.5931e-07 1.39942e-11 11 7 0.232183 3
6e+06 5.94521e-10 4.5931e-07 1.39942e-11 11 7 0.246161 2
6e+06 5.94521e-10 4.5931e-07 1.39942e-11 11 7 0.259649 1
6e+06 5.94521e-10 4.5931e-07 1.39942e-11 11 7 0.246256 2
6e+06 5.94521e-10 4.5931e-07 1.39942e-11 11 7 0.227321 1
6e+06 5.94521e-10 4.5931e-07 1.39942e-11 11 7 0.209327 1
6.1e+06 8.82237e-10 4.68515e-07 1.66103e-11 14 3 0.232183 4
6.1e+06 8.82237e-10 4.68515e-07 1.66103e-11 14 3 0.273142 6
6.1e+06 8.82237e-10 4.68515e-07 1.66103e-11 14 3 0.262858 4
6.2e+06 8.89105e-10 4.28482e-07 3.10137e-11 7 2 0.262858 4
6.2e+06 8.89105e-10 4.28482e-07 3.10137e-11 7 2 0.26584 3
6.3e+06 6.75459e-10 4.76102e-07 1.80683e-11 10 2 0.243308 5
6.3e+06 6.75459e-10 4.76102e-07 1.80683e-11 10 2 0.243354 5
6.4e+06 7.44051e-10 4.86045e-07 1.84334e-11 11 1 0.230516 11
6.5e+06 7.12691e-10 4.93166e-07 1.31052e-11 15 6 0.230739 7
6.5e+06 7.12691e-10 4.93166e-07 1.31052e-11 15 6 0.224711 4
6.5e+06 7.12691e-10 4.93166e-07 1.31052e-11 15 6 0.209315 1
6.5e+06 7.12691e-10 4.93166e-07 1.31052e-11 15 6 0.236793 1
6.5e+06 7.12691e-10 4.93166e-07 1.31052e-11 15 6 0.198937 1
6.5e+06 7.12691e-10 4.93166e-07 1.31052e-11 15 6 0.235062 1
6.6e+06 4.93174e-10 6.43084e-07 2.8926e-11 6 2 0.185949 4
6.6e+06 4.93174e-10 6.43084e-07 2.8926e-11 6 2 0.198821 2
6.7e+06 5.93228e-10 5.46311e-07 1.49577e-11 12 5 0.214646 4
6.7e+06 5.93228e-10 5.46311e-07 1.49577e-11 12 5 0.201779 4
6.7e+06 5.93228e-10 5.46311e-07 1.49577e-11 12 5 0.218593 2
6.7e+06 5.93228e-10 5.46311e-07 1.49577e-11 12 5 0.201451 1
6.7e+06 5.93228e-10 5.46311e-07 1.49577e-11 12 5 0.185023 1
6.8e+06 3.78843e-10 6.22788e-07 1.8466e-11 7 3 0.185023 3
6.8e+06 3.78843e-10 6.22788e-07 1.8466e-11 7 3 0.189193 1
6.8e+06 3.78843e-10 6.22788e-07 1.8466e-11 7 3 0.174816 3
6.9e+06 6.32869e-10 5.758e-07 1.54502e-11 13 3 0.196745 11
6.9e+06 6.32869e-10 5.758e-07 1.54502e-11 13 3 0.227613 1
6.9e+06 6.32869e-10 5.758e-07 1.54502e-11 13 3 0.205739 1
7e+06 6.9651e-10 5.24666e-07 1.6937e-11 12 3 0.21957 9
7e+06 6.9651e-10 5.24666e-07 1.6937e-11 12 3 0.207198 2
7e+06 6.9651e-10 5.24666e-07 1.6937e-11 12 3 0.233094 1
7.1e+06 5.25347e-10 5.18798e-07 1.0829e-11 14 7 0.20689 6
7.1e+06 5.25347e-10 5.18798e-07 1.0829e-11 14 7 0.220896 1
7.1e+06 5.25347e-10 5.18798e-07 1.0829e-11 14 7 0.19347 3
7.1e+06 5.25347e-10 5.18798e-07 1.0829e-11 14 7 0.235391 1
7.1e+06 5.25347e-10 5.18798e-07 1.0829e-11 14 7 0.223324 1
7.1e+06 5.25347e-10 5.18798e-07 1.0829e-11 14 7 0.194691 1
7.1e+06 5.25347e-10 5.18798e-07 1.0829e-11 14 7 0.222656 1
7.2e+06 6.73678e-10 4.729e-07 1.99119e-11 9 5 0.235391 2
7.2e+06 6.73678e-10 4.729e-07 1.99119e-11 9 5 0.245407 3
7.2e+06 6.73678e-10 4.729e-07 1.99119e-11 9 5 0.215548 1
7.2e+06 6.73678e-10 4.729e-07 1.99119e-11 9 5 0.243329 1
7.2e+06 6.73678e-10 4.729e-07 1.99119e-11 9 5 0.220327 2
7.3e+06 6.0716e-10 4.96689e-07 1.68663e-11 10 3 0.220327 3
7.3e+06 6.0716e-10 4.96689e-07 1.68663e-11 10 3 0.232498 3
7.3e+06 6.0716e-10 4.96689e-07 1.68663e-11 10 3 0.227871 4
7.4e+06 6.07731e-10 6.00528e-07 2.50946e-11 8 3 0.220327 3
7.4e+06 6.07731e-10 6.00528e-07 2.50946e-11 8 3 0.166443 4
7.4e+06 6.07731e-10 6.00528e-07 2.50946e-11 8 3 0.227994 1
7.5e+06 6.06968e-10 6.62653e-07 1.2881e-11 17 5 0.166443 12
7.5e+06 6.06968e-10 6.62653e-07 1.2881e-11 17 5 0.151822 2
7.5e+06 6.06968e-10 6.62653e-07 1.2881e-11 17 5 0.195076 1
7.5e+06 6.06968e-10 6.62653e-07 1.2881e-11 17 5 0.177658 1
7.5e+06 6.06968e-10 6.62653e-07 1.2881e-11 17 5 0.15004 1
7.6e+06 6.38847e-10 5.90393e-07 1.59585e-11 13 6 0.151822 2
7.6e+06 6.38847e-10 5.90393e-07 1.59585e-11 13 6 0.19551 6
7.6e+06 6.38847e-10 5.90393e-07 1.59585e-11 13 6 0.191234 1
7.6e+06 6.38847e-10 5.90393e-07 1.59585e-11 13 6 0.186199 1
7.6e+06 6.38847e-10 5.90393e-07 1.59585e-11 13 6 0.183608 2
7.6e+06 6.38847e-10 5.90393e-07 1.59585e-11 13 6 0.202428 1
7.7e+06 4.71874e-10 5.84359e-07 1.1669e-11 13 3 0.202428 6
7.7e+06 4.71874e-10 5.84359e-07 1.1669e-11 13 3 0.203245 3
7.7e+06 4.71874e-10 5.84359e-07 1.1669e-11 13 3 0.163288 4
7.8e+06 2.46716e-10 8.35861e-07 7.35639e-12 15 4 0.134252 7
7.8e+06 2.46716e-10 8.35861e-07 7.35639e-12 15 4 0.0999692 5
7.8e+06 2.46716e-10 8.35861e-07 7.35639e-12 15 4 0.116479 1
7.8e+06 2.46716e-10 8.35861e-07 7.35639e-12 15 4 0.123911 2
7.9e+06 4.11537e-10 8.82737e-07 1.9409e-11 10 2 0.134252 9
7.9e+06 4.11537e-10 8.82737e-07 1.9409e-11 10 2 0.131033 1
8e+06 4.10086e-10 8.68524e-07 9.50682e-12 20 2 0.134252 16
8e+06 4.10086e-10 8.68524e-07 9.50682e-12 20 2 0.138252 4
8.1e+06 6.19083e-10 1.01334e-06 2.37685e-11 14 5 0.114709 7
8.1e+06 6.19083e-10 1.01334e-06 2.37685e-11 14 5 0.127906 4
8.1e+06 6.19083e-10 1.01334e-06 2.37685e-11 14 5 0.110875 1
8.1e+06 6.19083e-10 1.01334e-06 2.37685e-11 14 5 0.121389 1
8.1e+06 6.19083e-10 1.01334e-06 2.37685e-11 14 5 0.0932564 1
8.2e+06 2.54923e-10 9.84191e-07 2.66735e-11 5 2 0.127906 2
8.2e+06 2.54923e-10 9.84191e-07 2.66735e-11 5 2 0.129126 3
8.3e+06 4.4804e-10 9.28904e-07 2.01543e-11 11 6 0.129126 2
8.3e+06 4.4804e-10 9.28904e-07 2.01543e-11 11 6 0.123761 3
8.3e+06 4.4804e-10 9.28904e-07 2.01543e-11 11 6 0.140803 2
8.3e+06 4.4804e-10 9.28904e-07 2.01543e-11 11 6 0.136594 2
8.3e+06 4.4804e-10 9.28904e-07 2.01543e-11 11 6 0.144297 1
8.3e+06 4.4804e-10 9.28904e-07 2.01543e-11 11 6 0.101207 1
