0 1.50659e-09 2.07143e-07 1.91083e-11 11 1 0.5 11
100000 1.96691e-09 1.9829e-07 2.80498e-11 9 2 0.5 4
100000 1.96691e-09 1.9829e-07 2.80498e-11 9 2 0.530134 5
200000 1.63515e-09 1.98414e-07 5.27346e-11 4 1 0.5 4
300000 2.0605e-09 2.02511e-07 4.49374e-11 6 2 0.49548 4
300000 2.0605e-09 2.02511e-07 4.49374e-11 6 2 0.531309 2
400000 1.50598e-09 2.12323e-07 2.03629e-11 10 3 0.497755 6
400000 1.50598e-09 2.12323e-07 2.03629e-11 10 3 0.494306 2
400000 1.50598e-09 2.12323e-07 2.03629e-11 10 3 0.506557 2
500000 1.8813e-09 2.02577e-07 3.51176e-11 7 4 0.497755 2
500000 1.8813e-09 2.02577e-07 3.51176e-11 7 4 0.526176 2
500000 1.8813e-09 2.02577e-07 3.51176e-11 7 4 0.502517 2
500000 1.8813e-09 2.02577e-07 3.51176e-11 7 4 0.485912 1
600000 1.64798e-09 2.22113e-07 3.30566e-11 7 3 0.492051 3
600000 1.64798e-09 2.22113e-07 3.30566e-11 7 3 0.515529 2
600000 1.64798e-09 2.22113e-07 3.30566e-11 7 3 0.50122 2
700000 1.05972e-09 2.06115e-07 1.39839e-11 10 5 0.492051 4
700000 1.05972e-09 2.06115e-07 1.39839e-11 10 5 0.515948 2
700000 1.05972e-09 2.06115e-07 1.39839e-11 10 5 0.531754 2
700000 1.05972e-09 2.06115e-07 1.39839e-11 10 5 0.494247 1
700000 1.05972e-09 2.06115e-07 1.39839e-11 10 5 0.517079 1
800000 1.41573e-09 2.1548e-07 2.15236e-11 9 1 0.492051 9
900000 1.78899e-09 2.19736e-07 6.25865e-11 4 1 0.492051 4
1e+06 7.6584e-10 2.25949e-07 1.35837e-11 8 2 0.463495 4
1e+06 7.6584e-10 2.25949e-07 1.35837e-11 8 2 0.478497 4
1.1e+06 1.30535e-09 2.33215e-07 1.58364e-11 12 3 0.463495 10
1.1e+06 1.30535e-09 2.33215e-07 1.58364e-11 12 3 0.449548 1
1.1e+06 1.30535e-09 2.33215e-07 1.58364e-11 12 3 0.466573 1
1.2e+06 1.11528e-09 2.15527e-07 1.27004e-11 12 4 0.428463 4
1.2e+06 1.11528e-09 2.15527e-07 1.27004e-11 12 4 0.488619 4
1.2e+06 1.11528e-09 2.15527e-07 1.27004e-11 12 4 0.509967 3
1.2e+06 1.11528e-09 2.15527e-07 1.27004e-11 12 4 0.516306 1
1.3e+06 1.2799e-09 2.45225e-07 1.94186e-11 10 3 0.428463 7
1.3e+06 1.2799e-09 2.45225e-07 1.94186e-11 10 3 0.412552 2
1.3e+06 1.2799e-09 2.45225e-07 1.94186e-11 10 3 0.410506 1
1.4e+06 1.24103e-09 2.34675e-07 1.81675e-11 10 4 0.443214 6
1.4e+06 1.24103e-09 2.34675e-07 1.81675e-11 10 4 0.468391 2
1.4e+06 1.24103e-09 2.34675e-07 1.81675e-11 10 4 0.419459 1
1.4e+06 1.24103e-09 2.34675e-07 1.81675e-11 10 4 0.419604 1
1.5e+06 1.10217e-09 2.19685e-07 9.5513e-12 16 4 0.450033 2
1.5e+06 1.10217e-09 2.19685e-07 9.5513e-12 16 4 0.479491 9
1.5e+06 1.10217e-09 2.19685e-07 9.5513e-12 16 4 0.461021 4
1.5e+06 1.10217e-09 2.19685e-07 9.5513e-12 16 4 0.477054 1
1.6e+06 1.38521e-09 2.28973e-07 2.21047e-11 9 4 0.461115 4
1.6e+06 1.38521e-09 2.28973e-07 2.21047e-11 9 4 0.531137 2
1.6e+06 1.38521e-09 2.28973e-07 2.21047e-11 9 4 0.412444 2
1.6e+06 1.38521e-09 2.28973e-07 2.21047e-11 9 4 0.437905 1
1.7e+06 1.10741e-09 2.24695e-07 2.23854e-11 7 2 0.461115 2
1.7e+06 1.10741e-09 2.24695e-07 2.23854e-11 7 2 0.45689 5
1.8e+06 1.34651e-09 2.32334e-07 1.95576e-11 10 3 0.455196 2
1.8e+06 1.34651e-09 2.32334e-07 1.95576e-11 10 3 0.454042 4
1.8e+06 1.34651e-09 2.32334e-07 1.95576e-11 10 3 0.444658 4
1.9e+06 1.44449e-09 2.31858e-07 2.99826e-11 7 2 0.437864 6
1.9e+06 1.44449e-09 2.31858e-07 2.99826e-11 7 2 0.42103 1
2e+06 1.22798e-09 2.38563e-07 1.82159e-11 10 3 0.437864 8
2e+06 1.22798e-09 2.38563e-07 1.82159e-11 10 3 0.440467 1
2e+06 1.22798e-09 2.38563e-07 1.82159e-11 10 3 0.4477 1
2.1e+06 1.01286e-09 2.22584e-07 1.4204e-11 10 4 0.432668 2
2.1e+06 1.01286e-09 2.22584e-07 1.4204e-11 10 4 0.473305 4
2.1e+06 1.01286e-09 2.22584e-07 1.4204e-11 10 4 0.430336 2
2.1e+06 1.01286e-09 2.22584e-07 1.4204e-11 10 4 0.46274 2
2.2e+06 9.55594e-10 2.33449e-07 2.32417e-11 6 1 0.439333 6
2.3e+06 7.60413e-10 2.6996e-07 1.13303e-11 11 4 0.397939 6
2.3e+06 7.60413e-10 2.6996e-07 1.13303e-11 11 4 0.421196 2
2.3e+06 7.60413e-10 2.6996e-07 1.13303e-11 11 4 0.345124 2
2.3e+06 7.60413e-10 2.6996e-07 1.13303e-11 11 4 0.380592 1
2.4e+06 1.07879e-09 2.79755e-07 3.04494e-11 6 2 0.397939 5
2.4e+06 1.07879e-09 2.79755e-07 3.04494e-11 6 2 0.398969 1
2.5e+06 1.29869e-09 2.62367e-07 2.60664e-11 8 3 0.415409 6
2.5e+06 1.29869e-09 2.62367e-07 2.60664e-11 8 3 0.415276 1
2.5e+06 1.29869e-09 2.62367e-07 2.60664e-11 8 3 0.411183 1
2.6e+06 9.27703e-10 2.70985e-07 1.90911e-11 8 3 0.405078 5
2.6e+06 9.27703e-10 2.70985e-07 1.90911e-11 8 3 0.423092 2
2.6e+06 9.27703e-10 2.70985e-07 1.90911e-11 8 3 0.339408 1
2.7e+06 1.16011e-09 2.77748e-07 1.29797e-11 15 2 0.405078 14
2.7e+06 1.16011e-09 2.77748e-07 1.29797e-11 15 2 0.401396 1
2.8e+06 6.58284e-10 3.0006e-07 1.47383e-11 8 3 0.362311 4
2.8e+06 6.58284e-10 3.0006e-07 1.47383e-11 8 3 0.322459 2
2.8e+06 6.58284e-10 3.0006e-07 1.47383e-11 8 3 0.366968 2
2.9e+06 7.79162e-10 3.51422e-07 1.45069e-11 11 3 0.322459 6
2.9e+06 7.79162e-10 3.51422e-07 1.45069e-11 11 3 0.350633 3
2.9e+06 7.79162e-10 3.51422e-07 1.45069e-11 11 3 0.328472 2
3e+06 8.09613e-10 3.40287e-07 9.48012e-12 17 4 0.322459 6
3e+06 8.09613e-10 3.40287e-07 9.48012e-12 17 4 0.326296 2
3e+06 8.09613e-10 3.40287e-07 9.48012e-12 17 4 0.319108 2
3e+06 8.09613e-10 3.40287e-07 9.48012e-12 17 4 0.328597 7
3.1e+06 8.88527e-10 4.4367e-07 1.17349e-11 19 2 0.256143 17
3.1e+06 8.88527e-10 4.4367e-07 1.17349e-11 19 2 0.259603 2
3.2e+06 9.17289e-10 4.42856e-07 2.30269e-11 10 3 0.252929 7
3.2e+06 9.17289e-10 4.42856e-07 2.30269e-11 10 3 0.280092 2
3.2e+06 9.17289e-10 4.42856e-07 2.30269e-11 10 3 0.248507 1
3.3e+06 6.16374e-10 3.92602e-07 2.78709e-11 5 2 0.280092 4
3.3e+06 6.16374e-10 3.92602e-07 2.78709e-11 5 2 0.25659 1
3.4e+06 3.82563e-10 4.47545e-07 6.44419e-12 15 5 0.25659 8
3.4e+06 3.82563e-10 4.47545e-07 6.44419e-12 15 5 0.273339 1
3.4e+06 3.82563e-10 4.47545e-07 6.44419e-12 15 5 0.232759 2
3.4e+06 3.82563e-10 4.47545e-07 6.44419e-12 15 5 0.225915 3
3.4e+06 3.82563e-10 4.47545e-07 6.44419e-12 15 5 0.254499 1
3.5e+06 5.78841e-10 3.89908e-07 1.62251e-11 8 3 0.273339 6
3.5e+06 5.78841e-10 3.89908e-07 1.62251e-11 8 3 0.29674 1
3.5e+06 5.78841e-10 3.89908e-07 1.62251e-11 8 3 0.254268 1
3.6e+06 6.59212e-10 3.78468e-07 1.30851e-11 11 3 0.29674 8
3.6e+06 6.59212e-10 3.78468e-07 1.30851e-11 11 3 0.268334 2
3.6e+06 6.59212e-10 3.78468e-07 1.30851e-11 11 3 0.274947 1
3.7e+06 7.2837e-10 4.18122e-07 1.73639e-11 10 3 0.278321 4
3.7e+06 7.2837e-10 4.18122e-07 1.73639e-11 10 3 0.257955 4
3.7e+06 7.2837e-10 4.18122e-07 1.73639e-11 10 3 0.269362 2
3.8e+06 1.02287e-09 3.95934e-07 2.32695e-11 10 2 0.278321 9
3.8e+06 1.02287e-09 3.95934e-07 2.32695e-11 10 2 0.29878 1
3.9e+06 7.17064e-10 3.95027e-07 1.24999e-11 13 3 0.273199 8
3.9e+06 7.17064e-10 3.95027e-07 1.24999e-11 13 3 0.285693 4
3.9e+06 7.17064e-10 3.95027e-07 1.24999e-11 13 3 0.274553 1
4e+06 1.23404e-09 4.03887e-07 3.57797e-11 8 3 0.273199 1
4e+06 1.23404e-09 4.03887e-07 3.57797e-11 8 3 0.29226 6
4e+06 1.23404e-09 4.03887e-07 3.57797e-11 8 3 0.29093 1
4.1e+06 1.02609e-09 3.75353e-07 5.09678e-11 9 3 0.298133 2
4.1e+06 1.02609e-09 3.75353e-07 5.09678e-11 9 3 0.312586 5
4.1e+06 1.02609e-09 3.75353e-07 5.09678e-11 9 3 0.22284 2
4.2e+06 4.47124e-10 3.92914e-07 1.12053e-11 9 3 0.217632 2
4.2e+06 4.47124e-10 3.92914e-07 1.12053e-11 9 3 0.285622 6
4.2e+06 4.47124e-10 3.92914e-07 1.12053e-11 9 3 0.297836 1
4.3e+06 5.02809e-10 5.87405e-07 8.54274e-12 19 1 0.186073 19
4.4e+06 4.78394e-10 6.31582e-07 1.50183e-11 11 2 0.186073 6
4.4e+06 4.78394e-10 6.31582e-07 1.50183e-11 11 2 0.182801 5
4.5e+06 5.21992e-10 6.23105e-07 2.22859e-11 8 4 0.185599 2
4.5e+06 5.21992e-10 6.23105e-07 2.22859e-11 8 4 0.186397 3
4.5e+06 5.21992e-10 6.23105e-07 2.22859e-11 8 4 0.17995 1
4.5e+06 5.21992e-10 6.23105e-07 2.22859e-11 8 4 0.173559 2
4.6e+06 3.13114e-10 6.12177e-07 1.05008e-11 10 1 0.185599 10
4.7e+06 6.38243e-10 6.34221e-07 1.58048e-11 14 4 0.166483 8
4.7e+06 6.38243e-10 6.34221e-07 1.58048e-11 14 4 0.218449 3
4.7e+06 6.38243e-10 6.34221e-07 1.58048e-11 14 4 0.169554 1
4.7e+06 6.38243e-10 6.34221e-07 1.58048e-11 14 4 0.190294 2
4.8e+06 4.55827e-10 5.51255e-07 1.54521e-11 9 3 0.182127 5
4.8e+06 4.55827e-10 5.51255e-07 1.54521e-11 9 3 0.237368 2
4.8e+06 4.55827e-10 5.51255e-07 1.54521e-11 9 3 0.244568 2
4.9e+06 3.5079e-10 6.99417e-07 9.49551e-12 14 4 0.156106 4
4.9e+06 3.5079e-10 6.99417e-07 9.49551e-12 14 4 0.171204 6
4.9e+06 3.5079e-10 6.99417e-07 9.49551e-12 14 4 0.17941 3
4.9e+06 3.5079e-10 6.99417e-07 9.49551e-12 14 4 0.155817 1
5e+06 2.27578e-10 7.55866e-07 8.42514e-12 11 5 0.156106 3
5e+06 2.27578e-10 7.55866e-07 8.42514e-12 11 5 0.144658 2
5e+06 2.27578e-10 7.55866e-07 8.42514e-12 11 5 0.139741 2
5e+06 2.27578e-10 7.55866e-07 8.42514e-12 11 5 0.167243 3
5e+06 2.27578e-10 7.55866e-07 8.42514e-12 11 5 0.107776 1
5.1e+06 4.1182e-10 9.46444e-07 1.72727e-11 12 3 0.13318 10
5.1e+06 4.1182e-10 9.46444e-07 1.72727e-11 12 3 0.140882 1
5.1e+06 4.1182e-10 9.46444e-07 1.72727e-11 12 3 0.139852 1
5.2e+06 2.85953e-10 8.18675e-07 7.37694e-12 17 7 0.13318 8
5.2e+06 2.85953e-10 8.18675e-07 7.37694e-12 17 7 0.158297 1
5.2e+06 2.85953e-10 8.18675e-07 7.37694e-12 17 7 0.119441 2
5.2e+06 2.85953e-10 8.18675e-07 7.37694e-12 17 7 0.166716 2
5.2e+06 2.85953e-10 8.18675e-07 7.37694e-12 17 7 0.151814 2
5.2e+06 2.85953e-10 8.18675e-07 7.37694e-12 17 7 0.125012 1
5.2e+06 2.85953e-10 8.18675e-07 7.37694e-12 17 7 0.112234 1
