0 1.50659e-09 2.07143e-07 1.91083e-11 11 1 0.5 11
100000 1.09994e-09 2.10467e-07 9.77719e-12 16 1 0.5 16
200000 1.13288e-09 2.08022e-07 1.15779e-11 13 1 0.5 13
300000 9.5173e-10 1.98315e-07 3.05675e-11 4 1 0.5 4
400000 1.89621e-09 2.04727e-07 2.77221e-11 9 1 0.5 9
500000 1.31794e-09 2.08478e-07 1.9516e-11 9 1 0.5 9
600000 1.23941e-09 2.16124e-07 1.30561e-11 13 1 0.5 13
700000 6.46432e-10 2.20225e-07 1.28356e-11 7 1 0.5 7
800000 9.53166e-10 2.13488e-07 1.84858e-11 7 1 0.5 7
900000 1.41569e-09 1.96175e-07 1.79906e-11 10 1 0.5 10
1e+06 1.95054e-09 2.09299e-07 5.24479e-11 5 1 0.5 5
1.1e+06 1.69909e-09 2.07817e-07 2.82773e-11 8 1 0.5 8
1.2e+06 1.53487e-09 2.15752e-07 1.6155e-11 13 1 0.5 13
1.3e+06 1.50945e-09 2.03447e-07 2.46933e-11 8 1 0.5 8
1.4e+06 1.39098e-09 2.07371e-07 3.08297e-11 6 1 0.5 6
1.5e+06 1.47528e-09 1.96924e-07 3.77419e-11 5 1 0.5 5
1.6e+06 1.53688e-09 2.00335e-07 2.2072e-11 9 1 0.5 9
1.7e+06 1.17733e-09 2.10433e-07 1.75559e-11 9 1 0.5 9
1.8e+06 1.33732e-09 2.02573e-07 1.7421e-11 10 1 0.5 10
1.9e+06 1.50218e-09 2.06286e-07 3.98528e-11 5 1 0.5 5
2e+06 1.87096e-09 2.05696e-07 2.24415e-11 11 1 0.5 11
2.1e+06 1.62063e-09 1.99625e-07 5.25104e-11 4 1 0.5 4
2.2e+06 1.69449e-09 2.06614e-07 2.52243e-11 9 1 0.5 9
2.3e+06 1.53012e-09 2.1068e-07 1.71265e-11 12 1 0.5 12
2.4e+06 1.59271e-09 2.05952e-07 4.22182e-11 5 1 0.5 5
2.5e+06 1.34398e-09 2.11132e-07 2.58715e-11 7 1 0.5 7
2.6e+06 1.45582e-09 2.06718e-07 1.92727e-11 10 1 0.5 10
2.7e+06 1.2753e-09 2.02578e-07 4.17174e-11 4 1 0.5 4
2.8e+06 1.276e-09 2.0605e-07 2.10692e-11 8 1 0.5 8
2.9e+06 1.33277e-09 2.03043e-07 1.33695e-11 13 1 0.5 13
3e+06 1.52969e-09 2.1113e-07 2.9464e-11 7 1 0.5 7
3.1e+06 1.82535e-09 2.12551e-07 4.13186e-11 6 1 0.5 6
3.2e+06 1.26011e-09 2.13732e-07 1.42577e-11 12 1 0.5 12
3.3e+06 1.7174e-09 2.02012e-07 3.75489e-11 6 1 0.5 6
3.4e+06 1.31344e-09 2.04501e-07 2.46559e-11 7 1 0.5 7
3.5e+06 1.30459e-09 2.03147e-07 1.89299e-11 9 1 0.5 9
3.6e+06 1.4782e-09 2.03662e-07 1.93432e-11 10 1 0.5 10
3.7e+06 1.2243e-09 2.11448e-07 3.3076e-11 5 1 0.5 5
3.8e+06 9.05782e-10 2.09911e-07 1.51597e-11 8 1 0.5 8
3.9e+06 1.59541e-09 2.0424e-07 1.74297e-11 12 1 0.5 12
4e+06 1.54837e-09 2.08856e-07 2.95725e-11 7 1 0.5 7
4.1e+06 1.63193e-09 2.046e-07 2.38311e-11 9 1 0.5 9
4.2e+06 1.53373e-09 2.1027e-07 3.43849e-11 6 1 0.5 6
4.3e+06 1.2571e-09 2.04883e-07 1.5013e-11 11 1 0.5 11
4.4e+06 1.31513e-09 2.03544e-07 2.88433e-11 6 1 0.5 6
4.5e+06 1.54285e-09 2.03079e-07 5.0642e-11 4 1 0.5 4
4.6e+06 1.57523e-09 2.03011e-07 1.71275e-11 12 1 0.5 12
4.7e+06 1.31184e-09 2.10297e-07 1.95584e-11 9 1 0.5 9
4.8e+06 1.60585e-09 2.00718e-07 1.88863e-11 11 1 0.5 11
4.9e+06 1.48486e-09 1.97131e-07 4.76076e-11 4 1 0.5 4
5e+06 1.31481e-09 2.12804e-07 2.54653e-11 7 1 0.5 7
5.1e+06 1.53063e-09 2.0578e-07 1.83525e-11 11 1 0.5 11
5.2e+06 1.446e-09 1.96794e-07 2.30468e-11 8 1 0.5 8
5.3e+06 1.42909e-09 2.05194e-07 3.14179e-11 6 1 0.5 6
5.4e+06 2.20245e-09 2.03929e-07 3.21253e-11 9 1 0.5 9
5.5e+06 1.77286e-09 2.09635e-07 3.39841e-11 7 1 0.5 7
5.6e+06 1.44075e-09 2.11628e-07 2.43053e-11 8 1 0.5 8
5.7e+06 1.88204e-09 2.14912e-07 3.68055e-11 7 1 0.5 7
5.8e+06 1.73585e-09 2.03575e-07 2.84288e-11 8 1 0.5 8
5.9e+06 1.319e-09 2.17523e-07 1.13436e-11 16 1 0.5 16
6e+06 1.50365e-09 2.08753e-07 2.87031e-11 7 1 0.5 7
6.1e+06 1.28176e-09 2.01562e-07 1.77149e-10 4 1 0.5 4
6.2e+06 1.74289e-09 2.13103e-07 5.94854e-11 4 1 0.5 4
6.3e+06 1.63663e-09 2.06008e-07 4.34002e-11 5 1 0.5 5
6.4e+06 1.35511e-09 2.05309e-07 2.23173e-11 8 1 0.5 8
6.5e+06 1.57369e-09 1.96332e-07 2.86417e-11 7 1 0.5 7
6.6e+06 1.53723e-09 1.98766e-07 1.40858e-11 14 1 0.5 14
6.7e+06 1.15748e-09 2.06823e-07 1.70275e-11 9 1 0.5 9
6.8e+06 1.21967e-09 2.07366e-07 2.31396e-11 7 1 0.5 7
6.9e+06 1.5466e-09 2.02514e-07 4.0451e-11 5 1 0.5 5
7e+06 1.2728e-09 2.20778e-07 1.97183e-11 9 1 0.5 9
7.1e+06 1.39083e-09 2.07894e-07 6.21163e-11 3 1 0.5 3
7.2e+06 1.68569e-09 1.98056e-07 1.67394e-11 13 1 0.5 13
7.3e+06 1.72114e-09 2.05007e-07 2.56045e-11 9 1 0.5 9
7.4e+06 1.78454e-09 2.10556e-07 4.81745e-11 5 1 0.5 5
7.5e+06 1.27702e-09 2.03772e-07 1.51869e-11 11 1 0.5 11
7.6e+06 1.56525e-09 2.13529e-07 2.36341e-11 9 1 0.5 9
7.7e+06 1.58363e-09 2.06438e-07 1.90376e-11 11 1 0.5 11
7.8e+06 1.12858e-09 2.09193e-07 3.7827e-11 4 1 0.5 4
7.9e+06 1.679e-09 2.09092e-07 1.86866e-11 12 1 0.5 12
8e+06 1.46066e-09 2.05474e-07 2.13924e-11 9 1 0.5 9
8.1e+06 9.11771e-10 2.06337e-07 2.41298e-11 5 1 0.5 5
8.2e+06 1.00159e-09 2.10037e-07 1.34124e-11 10 1 0.5 10
8.3e+06 1.25714e-09 2.14821e-07 1.71459e-11 10 1 0.5 10
8.4e+06 1.24392e-09 2.18977e-07 2.87644e-11 6 1 0.5 6
8.5e+06 1.58687e-09 1.95225e-07 1.82644e-11 11 1 0.5 11
8.6e+06 1.26427e-09 2.05518e-07 1.851e-11 9 1 0.5 9
8.7e+06 1.90112e-09 2.07455e-07 1.07557e-10 4 1 0.5 4
8.8e+06 1.40311e-09 2.11774e-07 2.70797e-11 7 1 0.5 7
8.9e+06 1.17124e-09 2.05916e-07 2.20954e-11 7 1 0.5 7
9e+06 1.21593e-09 2.11493e-07 1.36429e-11 12 1 0.5 12
9.1e+06 1.24613e-09 2.03652e-07 1.81141e-11 9 1 0.5 9
9.2e+06 1.68136e-09 2.05505e-07 2.46411e-11 9 1 0.5 9
9.3e+06 2.01917e-09 2.0534e-07 6.70335e-11 4 1 0.5 4
9.4e+06 1.92509e-09 2.14632e-07 6.61471e-11 4 1 0.5 4
9.5e+06 1.79637e-09 2.07086e-07 2.38324e-11 10 1 0.5 10
9.6e+06 1.56302e-09 2.12902e-07 2.65024e-11 8 1 0.5 8
9.7e+06 1.24529e-09 2.26436e-07 1.17946e-11 15 1 0.5 15
9.8e+06 1.24339e-09 2.08953e-07 3.32823e-11 5 1 0.5 5
9.9e+06 1.41781e-09 2.09952e-07 2.37674e-11 8 1 0.5 8
1e+07 1.59071e-09 2.02495e-07 2.30399e-11 9 1 0.5 9
1.01e+07 2.01461e-09 2.16215e-07 4.76983e-11 6 1 0.5 6
1.02e+07 1.427e-09 2.08002e-07 1.58093e-11 12 1 0.5 12
1.03e+07 1.78112e-09 2.08461e-07 3.9698e-11 6 1 0.5 6
1.04e+07 2.05063e-09 2.06368e-07 5.4555e-11 5 1 0.5 5
1.05e+07 1.29296e-09 2.13042e-07 8.03132e-10 7 1 0.5 7
1.06e+07 1.18457e-09 2.07155e-07 1.56982e-11 10 1 0.5 10
1.07e+07 1.45392e-09 2.04011e-07 4.30505e-11 5 1 0.5 5
1.08e+07 2.2694e-09 1.96027e-07 2.40424e-11 12 1 0.5 12
1.09e+07 1.51439e-09 2.13243e-07 3.4327e-11 6 1 0.5 6
1.1e+07 1.22297e-09 2.21465e-07 1.31343e-11 13 1 0.5 13
1.11e+07 1.58234e-09 2.05219e-07 1.38724e-11 15 1 0.5 15
1.12e+07 1.7561e-09 2.0962e-07 4.72346e-11 5 1 0.5 5
1.13e+07 1.5739e-09 2.15235e-07 1.95522e-11 11 1 0.5 11
1.14e+07 1.52233e-09 1.98117e-07 2.43949e-11 8 1 0.5 8
1.15e+07 1.4946e-09 2.0694e-07 3.30851e-11 6 1 0.5 6
1.16e+07 1.2569e-09 2.05177e-07 2.4215e-11 11 1 0.5 11
1.17e+07 1.80885e-09 1.94717e-07 2.07864e-11 11 1 0.5 11
1.18e+07 1.56327e-09 2.09989e-07 2.62204e-11 8 1 0.5 8
1.19e+07 1.80082e-09 2.09987e-07 3.02249e-11 8 1 0.5 8
1.2e+07 1.65382e-09 1.95118e-07 1.90295e-11 11 1 0.5 11
1.21e+07 2.01973e-09 2.00564e-07 3.2721e-11 8 1 0.5 8
1.22e+07 1.53801e-09 2.08721e-07 1.46414e-11 14 1 0.5 14
1.23e+07 1.99971e-09 1.98325e-07 3.67307e-11 7 1 0.5 7
1.24e+07 1.61911e-09 2.03062e-07 3.0256e-11 7 1 0.5 7
1.25e+07 1.24168e-09 2.03212e-07 2.31887e-11 7 1 0.5 7
1.26e+07 2.05897e-09 2.05946e-07 2.72143e-11 10 1 0.5 10
1.27e+07 1.79351e-09 2.14091e-07 3.49578e-11 7 1 0.5 7
1.28e+07 1.65674e-09 2.07331e-07 2.0117e-11 11 1 0.5 11
1.29e+07 1.40027e-09 2.10175e-07 3.13659e-11 6 1 0.5 6
1.3e+07 1.17568e-09 2.13105e-07 1.99274e-11 8 1 0.5 8
1.31e+07 1.66537e-09 1.89298e-07 1.87203e-11 11 1 0.5 11
1.32e+07 1.3912e-09 2.12909e-07 1.71283e-11 11 1 0.5 11
1.33e+07 1.69101e-09 1.99625e-07 2.17952e-11 10 1 0.5 10
1.34e+07 1.50632e-09 2.00558e-07 3.90932e-11 5 1 0.5 5
1.35e+07 1.27226e-09 2.11633e-07 1.00753e-11 17 1 0.5 17
1.36e+07 1.20324e-09 2.18588e-07 1.66362e-11 10 1 0.5 10
1.37e+07 1.44433e-09 2.11932e-07 3.91302e-11 5 1 0.5 5
1.38e+07 1.25564e-09 2.06334e-07 1.6591e-11 10 1 0.5 10
1.39e+07 1.59395e-09 2.01232e-07 2.29747e-11 9 1 0.5 9
1.4e+07 1.45973e-09 2.10444e-07 1.6322e-11 12 1 0.5 12
1.41e+07 1.14781e-09 2.07783e-07 1.90704e-11 8 1 0.5 8
1.42e+07 1.89251e-09 2.19611e-07 3.29193e-11 8 1 0.5 8
1.43e+07 1.14754e-09 2.10356e-07 1.28194e-11 12 1 0.5 12
1.44e+07 1.63898e-09 2.21881e-07 2.55168e-11 9 1 0.5 9
1.45e+07 1.58395e-09 2.00845e-07 2.05077e-11 10 1 0.5 10
1.46e+07 1.64209e-09 2.08761e-07 3.66214e-11 6 1 0.5 6
1.47e+07 1.22017e-09 2.00559e-07 1.75253e-11 9 1 0.5 9
1.48e+07 1.62851e-09 2.04203e-07 2.67273e-11 8 1 0.5 8
1.49e+07 1.52168e-09 2.00451e-07 2.81411e-11 7 1 0.5 7
1.5e+07 9.35667e-10 2.10708e-07 1.57079e-11 8 1 0.5 8
1.51e+07 1.40635e-09 2.09164e-07 3.13835e-11 6 1 0.5 6
1.52e+07 1.32386e-09 2.00886e-07 2.45089e-11 7 1 0.5 7
1.53e+07 1.50551e-09 2.14898e-07 2.94037e-11 7 1 0.5 7
1.54e+07 1.53094e-09 2.09342e-07 2.92915e-11 7 1 0.5 7
1.55e+07 1.40606e-09 2.05282e-07 1.4228e-11 13 1 0.5 13
1.56e+07 1.67573e-09 2.06745e-07 2.21971e-11 10 1 0.5 10
1.57e+07 1.48379e-09 2.08352e-07 1.79633e-11 11 1 0.5 11
1.58e+07 1.7207e-09 2.07373e-07 3.74514e-11 7 1 0.5 7
1.59e+07 1.25042e-09 2.12364e-07 2.41737e-11 7 1 0.5 7
1.6e+07 1.22425e-09 2.02271e-07 1.4474e-11 11 1 0.5 11
1.61e+07 1.56622e-09 2.02591e-07 2.55418e-11 8 1 0.5 8
1.62e+07 1.46564e-09 2.02347e-07 2.38724e-11 8 1 0.5 8
1.63e+07 1.54502e-09 2.08869e-07 5.18448e-11 4 1 0.5 4
1.64e+07 2.14025e-09 2.05383e-07 4.72118e-11 6 1 0.5 6
1.65e+07 1.25928e-09 2.1376e-07 4.29638e-11 4 1 0.5 4
1.66e+07 1.38073e-09 2.07284e-07 1.52539e-11 12 1 0.5 12
1.67e+07 1.53942e-09 2.1326e-07 2.32194e-11 9 1 0.5 9
1.68e+07 1.47308e-09 2.07453e-07 2.44667e-11 8 1 0.5 8
1.69e+07 1.24241e-09 2.12485e-07 1.67989e-11 10 1 0.5 10
1.7e+07 1.00115e-09 2.12215e-07 1.35158e-11 10 1 0.5 10
1.71e+07 1.2504e-09 2.11195e-07 2.10487e-11 8 1 0.5 8
1.72e+07 1.26659e-09 2.08198e-07 2.81527e-11 6 1 0.5 6
1.73e+07 1.57529e-09 2.15522e-07 4.32746e-11 5 1 0.5 5
1.74e+07 1.49663e-09 2.02668e-07 2.44094e-11 8 1 0.5 8
1.75e+07 1.13996e-09 2.06469e-07 2.5156e-11 6 1 0.5 6
1.76e+07 1.54148e-09 2.05191e-07 2.90341e-11 7 1 0.5 7
1.77e+07 1.85899e-09 2.12225e-07 5.05154e-11 5 1 0.5 5
1.78e+07 1.78274e-09 2.12825e-07 2.41653e-11 10 1 0.5 10
1.79e+07 1.85988e-09 2.04964e-07 2.72132e-11 9 1 0.5 9
1.8e+07 1.27311e-09 2.09578e-07 1.13416e-11 15 1 0.5 15
1.81e+07 1.50302e-09 2.05299e-07 3.97256e-11 5 1 0.5 5
1.82e+07 1.49796e-09 2.10901e-07 1.83095e-11 11 1 0.5 11
1.83e+07 1.39036e-09 2.14289e-07 1.89317e-11 10 1 0.5 10
1.84e+07 1.18222e-09 2.12029e-07 2.66432e-11 6 1 0.5 6
1.85e+07 1.85893e-09 2.1419e-07 1.40449e-11 18 1 0.5 18
1.86e+07 2.19289e-09 2.12626e-07 2.70156e-11 11 1 0.5 11
1.87e+07 1.63952e-09 2.03473e-07 4.30577e-11 5 1 0.5 5
1.88e+07 1.61701e-09 2.09855e-07 3.62072e-11 6 1 0.5 6
1.89e+07 1.01546e-09 2.21402e-07 1.77317e-11 8 1 0.5 8
1.9e+07 1.56885e-09 2.16224e-07 2.15234e-11 10 1 0.5 10
1.91e+07 1.50841e-09 2.12362e-07 2.55213e-11 8 1 0.5 8
1.92e+07 1.12783e-09 1.99611e-07 1.81595e-11 8 1 0.5 8
1.93e+07 1.27688e-09 2.04039e-07 2.7932e-11 6 1 0.5 6
1.94e+07 1.01802e-09 2.12836e-07 1.97002e-11 7 1 0.5 7
1.95e+07 1.46799e-09 2.01295e-07 1.58531e-11 12 1 0.5 12
1.96e+07 1.72551e-09 2.10261e-07 3.31493e-11 7 1 0.5 7
1.97e+07 1.48525e-09 2.16243e-07 2.91497e-11 7 1 0.5 7
1.98e+07 1.41209e-09 1.99984e-07 2.02459e-11 9 1 0.5 9
1.99e+07 1.62173e-09 2.02261e-07 5.30871e-11 4 1 0.5 4
2e+07 1.82289e-09 2.04805e-07 6.03266e-11 4 1 0.5 4
2.01e+07 1.37774e-09 1.94638e-07 2.17684e-11 8 1 0.5 8
2.02e+07 1.0356e-09 2.15244e-07 2.83485e-11 5 1 0.5 5
2.03e+07 1.52119e-09 2.08862e-07 1.69106e-11 12 1 0.5 12
2.04e+07 1.19497e-09 2.21031e-07 2.08497e-11 8 1 0.5 8
2.05e+07 1.4504e-09 2.04869e-07 3.82631e-11 5 1 0.5 5
2.06e+07 1.42827e-09 2.05404e-07 1.88126e-11 10 1 0.5 10
2.07e+07 1.02022e-09 2.09724e-07 1.95155e-11 7 1 0.5 7
2.08e+07 1.43139e-09 1.90467e-07 2.22444e-11 8 1 0.5 8
2.09e+07 1.23038e-09 2.06137e-07 1.35302e-11 12 1 0.5 12
2.1e+07 1.48482e-09 2.07782e-07 2.82384e-11 7 1 0.5 7
2.11e+07 1.55715e-09 1.98165e-07 2.21755e-11 9 1 0.5 9
2.12e+07 1.71267e-09 2.02162e-07 3.19029e-11 7 1 0.5 7
2.13e+07 1.39065e-09 2.05369e-07 3.05887e-11 6 1 0.5 6
2.14e+07 1.70016e-09 2.06935e-07 2.25382e-11 10 1 0.5 10
2.15e+07 1.69455e-09 2.05964e-07 3.20272e-11 7 1 0.5 7
2.16e+07 1.40565e-09 2.09162e-07 3.13677e-11 6 1 0.5 6
2.17e+07 2.05958e-09 2.15217e-07 3.13321e-11 9 1 0.5 9
2.18e+07 1.20363e-09 2.03115e-07 2.62296e-11 6 1 0.5 6
2.19e+07 1.71192e-09 2.04343e-07 6.84673e-11 6 1 0.5 6
2.2e+07 2.01578e-09 2.0393e-07 4.67335e-11 6 1 0.5 6
2.21e+07 1.09487e-09 2.10635e-07 1.04904e-11 14 1 0.5 14
2.22e+07 1.3693e-09 2.14702e-07 3.11884e-11 6 1 0.5 6
2.23e+07 1.68701e-09 2.00322e-07 3.64331e-11 6 1 0.5 6
2.24e+07 1.25207e-09 2.1511e-07 3.42917e-11 5 1 0.5 5
2.25e+07 1.93519e-09 2.05167e-07 2.83424e-11 9 1 0.5 9
2.26e+07 1.43701e-09 2.11335e-07 2.15148e-11 9 1 0.5 9
2.27e+07 1.67492e-09 2.08989e-07 2.79966e-11 8 1 0.5 8
2.28e+07 1.47811e-09 2.10317e-07 1.98359e-11 10 1 0.5 10
2.29e+07 1.36249e-09 2.0253e-07 1.47813e-11 12 1 0.5 12
2.3e+07 1.71952e-09 1.98226e-07 4.4263e-11 5 1 0.5 5
2.31e+07 1.62583e-09 2.15669e-07 3.18564e-11 7 1 0.5 7
2.32e+07 1.68849e-09 2.04258e-07 2.46284e-11 9 1 0.5 9
2.33e+07 1.13399e-09 2.22847e-07 1.76923e-11 9 1 0.5 9
2.34e+07 1.34167e-09 2.0816e-07 2.23354e-11 8 1 0.5 8
2.35e+07 1.38123e-09 2.02979e-07 1.38534e-11 13 1 0.5 13
2.36e+07 1.62466e-09 2.09846e-07 3.1153e-11 7 1 0.5 7
2.37e+07 1.34474e-09 2.1307e-07 3.04421e-11 6 1 0.5 6
2.38e+07 1.30874e-09 1.98421e-07 2.09851e-11 8 1 0.5 8
2.39e+07 1.4066e-09 2.04712e-07 3.08641e-11 6 1 0.5 6
2.4e+07 1.29758e-09 2.21818e-07 2.59696e-11 7 1 0.5 7
2.41e+07 1.72876e-09 2.00669e-07 2.79962e-11 8 1 0.5 8
2.42e+07 1.21803e-09 1.92691e-07 1.271e-11 12 1 0.5 12
2.43e+07 1.49771e-09 2.0065e-07 7.64066e-11 6 1 0.5 6
2.44e+07 1.2784e-09 1.98889e-07 2.05344e-11 8 1 0.5 8
2.45e+07 1.33207e-09 2.07263e-07 2.95054e-11 6 1 0.5 6
2.46e+07 1.52444e-09 1.97691e-07 3.91256e-11 5 1 0.5 5
2.47e+07 1.35809e-09 2.03813e-07 1.97593e-11 9 1 0.5 9
2.48e+07 1.1783e-09 2.13807e-07 1.77921e-11 9 1 0.5 9
2.49e+07 1.74613e-09 2.06335e-07 5.81141e-11 4 1 0.5 4
2.5e+07 1.59539e-09 2.18643e-07 2.76295e-11 8 1 0.5 8
2.51e+07 1.54582e-09 2.02767e-07 2.01614e-11 10 1 0.5 10
2.52e+07 1.28364e-09 2.04591e-07 5.65681e-11 3 1 0.5 3
2.53e+07 1.465e-09 2.05606e-07 1.93128e-11 10 1 0.5 10
2.54e+07 2.02065e-09 2.06447e-07 2.97657e-11 9 1 0.5 9
2.55e+07 1.86748e-09 2.12284e-07 5.07594e-11 5 1 0.5 5
2.56e+07 1.76311e-09 2.00242e-07 3.80754e-11 6 1 0.5 6
2.57e+07 2.1453e-09 2.04837e-07 7.1134e-11 4 1 0.5 4
2.58e+07 1.48009e-09 2.18292e-07 2.92658e-11 7 1 0.5 7
2.59e+07 1.01313e-09 2.10474e-07 2.72455e-11 5 1 0.5 5
2.6e+07 1.40492e-09 2.15644e-07 1.47779e-11 13 1 0.5 13
2.61e+07 1.62006e-09 2.15319e-07 1.01385e-10 7 1 0.5 7
2.62e+07 2.06721e-09 2.1071e-07 4.65162e-11 6 1 0.5 6
2.63e+07 1.57171e-09 2.03443e-07 1.8679e-11 11 1 0.5 11
2.64e+07 1.1982e-09 2.08663e-07 2.66672e-11 6 1 0.5 6
2.65e+07 1.05522e-09 2.14867e-07 2.40199e-11 6 1 0.5 6
2.66e+07 1.34132e-09 1.99456e-07 2.46957e-11 7 1 0.5 7
2.67e+07 1.44393e-09 2.135e-07 2.45289e-11 8 1 0.5 8
2.68e+07 1.75709e-09 2.15015e-07 1.71294e-11 14 1 0.5 14
2.69e+07 1.37516e-09 2.06381e-07 2.27415e-11 8 1 0.5 8
2.7e+07 1.01484e-09 2.06761e-07 1.03201e-11 13 1 0.5 13
2.71e+07 1.55455e-09 2.07842e-07 2.95779e-11 7 1 0.5 7
2.72e+07 1.64777e-09 2.04308e-07 3.61324e-11 6 1 0.5 6
2.73e+07 1.64217e-09 2.10322e-07 2.45062e-11 9 1 0.5 9
2.74e+07 1.70667e-09 2.12106e-07 2.88646e-11 8 1 0.5 8
2.75e+07 1.22411e-09 2.11486e-07 2.35858e-11 7 1 0.5 7
2.76e+07 1.63122e-09 2.06779e-07 3.09196e-11 7 1 0.5 7
2.77e+07 1.74386e-09 2.04669e-07 2.29211e-11 10 1 0.5 10
2.78e+07 1.55491e-09 2.13628e-07 3.53011e-11 6 1 0.5 6
2.79e+07 2.07721e-09 2.05852e-07 3.05127e-11 9 1 0.5 9
2.8e+07 1.70071e-09 2.04974e-07 3.20231e-11 7 1 0.5 7
2.81e+07 1.97653e-09 2.06615e-07 6.59224e-11 4 1 0.5 4
2.82e+07 1.2585e-09 1.9575e-07 1.99659e-11 8 1 0.5 8
2.83e+07 1.28851e-09 2.0683e-07 2.44014e-11 7 1 0.5 7
2.84e+07 1.67954e-09 2.03992e-07 2.44723e-11 9 1 0.5 9
2.85e+07 1.42504e-09 2.15293e-07 1.94772e-11 10 1 0.5 10
2.86e+07 1.81334e-09 2.02899e-07 3.38852e-11 7 1 0.5 7
2.87e+07 1.82941e-09 2.05803e-07 3.45699e-11 7 1 0.5 7
2.88e+07 1.51997e-09 2.1083e-07 2.55712e-11 8 1 0.5 8
2.89e+07 1.19246e-09 2.07408e-07 1.75812e-11 9 1 0.5 9
2.9e+07 1.65712e-09 2.04011e-07 2.1722e-11 10 1 0.5 10
2.91e+07 1.90049e-09 2.02246e-07 6.23052e-11 4 1 0.5 4
2.92e+07 1.52215e-09 1.96481e-07 3.23622e-11 6 1 0.5 6
2.93e+07 1.83344e-09 2.01774e-07 4.78772e-11 5 1 0.5 5
2.94e+07 1.73741e-09 2.18265e-07 3.438e-11 7 1 0.5 7
2.95e+07 1.41537e-09 2.0731e-07 2.3545e-11 8 1 0.5 8
2.96e+07 1.77727e-09 2.13654e-07 2.41649e-11 10 1 0.5 10
2.97e+07 1.15067e-09 2.13199e-07 1.55964e-11 10 1 0.5 10
2.98e+07 1.2343e-09 2.09639e-07 2.36195e-11 7 1 0.5 7
2.99e+07 1.33175e-09 2.08303e-07 1.97083e-11 9 1 0.5 9
3e+07 1.45387e-09 2.02439e-07 3.16297e-11 6 1 0.5 6
3.01e+07 1.37713e-09 2.08532e-07 3.0655e-11 6 1 0.5 6
3.02e+07 1.37429e-09 2.13212e-07 3.11308e-11 6 1 0.5 6
3.03e+07 1.19257e-09 2.02803e-07 2.22331e-11 7 1 0.5 7
3.04e+07 1.39639e-09 2.14329e-07 2.11376e-11 9 1 0.5 9
3.05e+07 1.53847e-09 2.00842e-07 2.84964e-11 7 1 0.5 7
3.06e+07 1.30934e-09 2.0535e-07 2.87895e-11 6 1 0.5 6
3.07e+07 1.94069e-09 2.03404e-07 4.24544e-11 6 1 0.5 6
3.08e+07 1.3692e-09 1.99664e-07 1.25867e-11 14 1 0.5 14
3.09e+07 1.38937e-09 2.04268e-07 1.82193e-11 10 1 0.5 10
3.1e+07 1.81979e-09 2.17042e-07 2.50555e-11 10 1 0.5 10
3.11e+07 1.46839e-09 2.01278e-07 3.8209e-11 5 1 0.5 5
3.12e+07 1.57717e-09 2.12279e-07 1.93802e-11 11 1 0.5 11
3.13e+07 1.18981e-09 2.02563e-07 1.54938e-11 10 1 0.5 10
3.14e+07 1.90613e-09 2.14199e-07 2.16312e-11 12 1 0.5 12
3.15e+07 2.14991e-09 2.15531e-07 7.4734e-11 4 1 0.5 4
3.16e+07 1.39027e-09 2.04456e-07 3.04739e-11 6 1 0.5 6
3.17e+07 1.31221e-09 2.05027e-07 2.46823e-11 7 1 0.5 7
3.18e+07 1.43448e-09 2.10849e-07 2.75925e-11 7 1 0.5 7
3.19e+07 1.3387e-09 2.06612e-07 3.55336e-11 5 1 0.5 5
3.2e+07 1.45248e-09 2.12954e-07 2.81601e-11 7 1 0.5 7
3.21e+07 1.50054e-09 2.09944e-07 2.51595e-11 8 1 0.5 8
3.22e+07 1.15045e-09 2.09455e-07 2.19937e-11 7 1 0.5 7
3.23e+07 1.71765e-09 2.11816e-07 2.57808e-11 9 1 0.5 9
3.24e+07 1.558e-09 2.23694e-07 2.74737e-11 8 1 0.5 8
3.25e+07 1.5352e-09 1.99657e-07 2.83047e-11 7 1 0.5 7
3.26e+07 1.84775e-09 2.02307e-07 4.83535e-11 5 1 0.5 5
3.27e+07 1.38581e-09 2.09607e-07 1.68531e-11 11 1 0.5 11
3.28e+07 1.52447e-09 2.0024e-07 2.46328e-11 8 1 0.5 8
3.29e+07 1.14325e-09 2.03714e-07 2.13849e-11 7 1 0.5 7
3.3e+07 8.97007e-10 2.04831e-07 7.35352e-12 16 1 0.5 16
3.31e+07 1.79847e-09 2.03146e-07 2.94109e-11 8 1 0.5 8
3.32e+07 1.6245e-09 2.08618e-07 1.8046e-11 12 1 0.5 12
3.33e+07 1.26141e-09 2.07781e-07 1.86273e-11 9 1 0.5 9
3.34e+07 1.28412e-09 1.99292e-07 2.75805e-11 6 1 0.5 6
3.35e+07 8.89916e-10 2.07955e-07 7.38228e-12 16 1 0.5 16
3.36e+07 2.0346e-09 2.11515e-07 5.51859e-11 5 1 0.5 5
3.37e+07 1.49502e-09 1.985e-07 3.84878e-11 5 1 0.5 5
3.38e+07 1.67541e-09 1.9444e-07 2.35178e-11 9 1 0.5 9
3.39e+07 1.64695e-09 2.06436e-07 2.1789e-11 10 1 0.5 10
3.4e+07 1.2824e-09 2.00333e-07 2.36873e-11 7 1 0.5 7
3.41e+07 2.01722e-09 2.01506e-07 3.75169e-11 7 1 0.5 7
3.42e+07 1.46752e-09 2.04402e-07 2.14053e-11 9 1 0.5 9
3.43e+07 1.44081e-09 2.10797e-07 4.86702e-11 4 1 0.5 4
3.44e+07 1.25174e-09 2.06655e-07 1.84054e-11 9 1 0.5 9
3.45e+07 1.61159e-09 1.99827e-07 2.60048e-11 8 1 0.5 8
3.46e+07 1.87838e-09 2.09357e-07 4.20228e-11 6 1 0.5 6
3.47e+07 1.81831e-09 2.08554e-07 3.03567e-11 8 1 0.5 8
3.48e+07 1.53002e-09 2.00934e-07 1.65017e-11 12 1 0.5 12
3.49e+07 1.3601e-09 2.03321e-07 1.48002e-11 12 1 0.5 12
3.5e+07 1.39803e-09 2.14111e-07 1.90239e-11 10 1 0.5 10
3.51e+07 1.6921e-09 2.0175e-07 2.75147e-11 8 1 0.5 8
3.52e+07 1.52891e-09 2.00961e-07 2.83315e-11 7 1 0.5 7
3.53e+07 1.5369e-09 2.03558e-07 6.7589e-11 3 1 0.5 3
3.54e+07 1.73196e-09 2.06049e-07 2.28843e-11 10 1 0.5 10
3.55e+07 1.60356e-09 1.96205e-07 2.03886e-11 10 1 0.5 10
3.56e+07 1.35355e-09 2.03401e-07 2.95452e-11 6 1 0.5 6
3.57e+07 1.40939e-09 2.07882e-07 3.76023e-11 5 1 0.5 5
3.58e+07 1.25946e-09 2.01619e-07 1.3613e-11 12 1 0.5 12
3.59e+07 1.21241e-09 2.07542e-07 2.68711e-11 6 1 0.5 6
3.6e+07 1.19183e-09 2.16775e-07 1.63695e-11 10 1 0.5 10
3.61e+07 1.04451e-09 2.07899e-07 1.9845e-11 7 1 0.5 7
3.62e+07 1.00813e-09 2.19342e-07 1.99781e-11 7 1 0.5 7
3.63e+07 1.76271e-09 2.02163e-07 3.83515e-11 6 1 0.5 6
3.64e+07 1.36549e-09 2.19085e-07 2.36701e-11 8 1 0.5 8
3.65e+07 1.40944e-09 2.01134e-07 2.02983e-11 9 1 0.5 9
3.66e+07 1.25788e-09 2.08769e-07 2.80129e-11 6 1 0.5 6
3.67e+07 1.38075e-09 2.08831e-07 3.07707e-11 6 1 0.5 6
3.68e+07 1.11654e-09 2.12596e-07 1.67815e-11 9 1 0.5 9
3.69e+07 9.0008e-10 2.07558e-07 6.62612e-12 18 1 0.5 18
3.7e+07 1.84793e-09 2.10968e-07 2.7658e-11 9 1 0.5 9
3.71e+07 1.42251e-09 2.12649e-07 2.14012e-11 9 1 0.5 9
3.72e+07 1.1951e-09 2.07354e-07 1.98266e-11 8 1 0.5 8
3.73e+07 1.01808e-09 2.08739e-07 2.72018e-11 5 1 0.5 5
3.74e+07 2.33581e-09 2.0761e-07 6.25169e-11 5 1 0.5 5
3.75e+07 1.72132e-09 2.18266e-07 5.15064e-10 7 1 0.5 7
3.76e+07 1.74426e-09 2.10857e-07 1.95441e-11 12 1 0.5 12
3.77e+07 1.58929e-09 2.10925e-07 1.7807e-11 12 1 0.5 12
3.78e+07 1.60728e-09 2.06962e-07 2.13047e-11 10 1 0.5 10
3.79e+07 1.38006e-09 2.06875e-07 2.28655e-11 8 1 0.5 8
3.8e+07 1.44844e-09 2.10326e-07 5.90541e-11 8 1 0.5 8
3.81e+07 1.52214e-09 2.07949e-07 1.6863e-11 12 1 0.5 12
3.82e+07 1.15469e-09 2.08363e-07 2.19846e-11 7 1 0.5 7
3.83e+07 1.62751e-09 2.04493e-07 4.29076e-11 5 1 0.5 5
3.84e+07 1.58027e-09 2.05019e-07 1.09235e-11 19 1 0.5 19
3.85e+07 9.97294e-10 2.07053e-07 2.20448e-11 6 1 0.5 6
3.86e+07 1.23425e-09 2.09595e-07 4.14562e-11 4 1 0.5 4
3.87e+07 1.49039e-09 2.03818e-07 2.4415e-11 8 1 0.5 8
3.88e+07 1.67738e-09 1.96407e-07 2.13476e-11 10 1 0.5 10
3.89e+07 1.3408e-09 2.07372e-07 1.9773e-11 9 1 0.5 9
3.9e+07 1.44371e-09 2.01846e-07 1.70481e-11 11 1 0.5 11
3.91e+07 1.71089e-09 2.0948e-07 5.75976e-11 4 1 0.5 4
3.92e+07 1.08186e-09 2.14087e-07 2.1037e-11 7 1 0.5 7
3.93e+07 1.80309e-09 2.14157e-07 2.45631e-11 10 1 0.5 10
3.94e+07 1.71961e-09 2.0435e-07 2.5093e-11 9 1 0.5 9
3.95e+07 1.26167e-09 1.92984e-07 2.26377e-11 7 1 0.5 7
3.96e+07 1.45505e-09 2.08328e-07 2.15416e-11 9 1 0.5 9
3.97e+07 1.55467e-09 2.03215e-07 2.54137e-11 8 1 0.5 8
3.98e+07 1.50105e-09 2.09457e-07 3.35457e-11 6 1 0.5 6
3.99e+07 1.55288e-09 2.1136e-07 2.99386e-11 7 1 0.5 7
4e+07 1.66861e-09 2.06453e-07 3.68929e-11 6 1 0.5 6
4.01e+07 1.09465e-09 2.16655e-07 1.50343e-11 10 1 0.5 10
4.02e+07 1.16178e-09 2.11692e-07 2.23975e-11 7 1 0.5 7
4.03e+07 1.31133e-09 2.08376e-07 1.74632e-11 10 1 0.5 10
4.04e+07 1.73363e-09 2.09003e-07 2.31639e-11 10 1 0.5 10
4.05e+07 1.92572e-09 2.0871e-07 4.29846e-11 6 1 0.5 6
4.06e+07 1.93893e-09 1.98699e-07 3.11773e-11 8 1 0.5 8
4.07e+07 1.27268e-09 2.03315e-07 2.07956e-11 8 1 0.5 8
4.08e+07 2.24996e-09 1.98216e-07 4.13418e-11 7 1 0.5 7
4.09e+07 1.53261e-09 2.12109e-07 2.30178e-11 9 1 0.5 9
4.1e+07 1.41256e-09 2.09233e-07 1.45092e-11 13 1 0.5 13
4.11e+07 2.22647e-09 2.10309e-07 4.28509e-11 7 1 0.5 7
4.12e+07 1.57781e-09 1.99971e-07 3.40148e-11 6 1 0.5 6
4.13e+07 1.5379e-09 2.08896e-07 2.56873e-11 8 1 0.5 8
4.14e+07 1.22359e-09 2.06653e-07 1.79901e-11 9 1 0.5 9
4.15e+07 1.9192e-09 2.0822e-07 3.20092e-11 8 1 0.5 8
4.16e+07 1.72194e-09 1.98926e-07 3.16757e-11 7 1 0.5 7
4.17e+07 1.37902e-09 2.22331e-07 1.93334e-11 10 1 0.5 10
4.18e+07 1.49281e-09 2.03015e-07 2.43794e-11 8 1 0.5 8
4.19e+07 1.61794e-09 2.0578e-07 4.36528e-11 5 1 0.5 5
4.2e+07 1.61183e-09 2.09818e-07 3.09025e-11 7 1 0.5 7
4.21e+07 1.29814e-09 2.08602e-07 2.88958e-11 6 1 0.5 6
4.22e+07 1.57021e-09 2.06355e-07 1.88698e-11 11 1 0.5 11
4.23e+07 1.65046e-09 2.17261e-07 3.25307e-11 7 1 0.5 7
4.24e+07 1.74917e-09 2.10946e-07 1.67967e-11 14 1 0.5 14
4.25e+07 1.9073e-09 2.06155e-07 2.80374e-11 9 1 0.5 9
4.26e+07 1.54984e-09 2.07885e-07 2.06125e-11 10 1 0.5 10
4.27e+07 1.83647e-09 2.00949e-07 3.97796e-11 6 1 0.5 6
4.28e+07 1.69081e-09 1.94126e-07 5.36284e-11 4 1 0.5 4
4.29e+07 2.13602e-09 2.10337e-07 4.11024e-11 7 1 0.5 7
4.3e+07 1.24092e-09 2.09586e-07 2.37418e-11 7 1 0.5 7
4.31e+07 9.58583e-10 2.01847e-07 2.07688e-11 6 1 0.5 6
4.32e+07 1.47363e-09 2.05398e-07 1.38517e-11 14 1 0.5 14
4.33e+07 1.54066e-09 1.9576e-07 3.26646e-11 6 1 0.5 6
4.34e+07 1.20149e-09 2.09907e-07 1.23679e-11 13 1 0.5 13
4.35e+07 1.45864e-09 2.07427e-07 2.7701e-11 7 1 0.5 7
4.36e+07 1.28305e-09 2.02705e-07 2.39177e-11 7 1 0.5 7
4.37e+07 1.3329e-09 2.00684e-07 1.91589e-11 9 1 0.5 9
4.38e+07 1.64881e-09 2.0517e-07 3.62746e-11 6 1 0.5 6
4.39e+07 1.564e-09 2.18811e-07 4.34815e-11 5 1 0.5 5
4.4e+07 1.28439e-09 2.11185e-07 1.72846e-11 10 1 0.5 10
4.41e+07 1.06161e-09 2.1697e-07 2.43529e-11 6 1 0.5 6
4.42e+07 1.29653e-09 2.01447e-07 2.4053e-11 7 1 0.5 7
4.43e+07 1.50205e-09 2.13031e-07 2.91341e-11 7 1 0.5 7
4.44e+07 1.74649e-09 2.03947e-07 2.54477e-11 9 1 0.5 9
4.45e+07 1.73229e-09 1.99847e-07 3.19819e-11 7 1 0.5 7
4.46e+07 1.66215e-09 2.09575e-07 5.27564e-11 5 1 0.5 5
4.47e+07 1.60465e-09 2.00841e-07 2.07763e-11 10 1 0.5 10
4.48e+07 1.23184e-09 2.15529e-07 2.8128e-11 6 1 0.5 6
4.49e+07 1.89059e-09 2.03195e-07 4.96539e-11 5 1 0.5 5
4.5e+07 2.08105e-09 2.04374e-07 6.88565e-11 4 1 0.5 4
4.51e+07 1.24356e-09 2.05575e-07 3.28645e-11 5 1 0.5 5
4.52e+07 1.59339e-09 2.06236e-07 2.34118e-11 9 1 0.5 9
4.53e+07 1.46864e-09 2.03443e-07 1.92015e-11 10 1 0.5 10
4.54e+07 1.9649e-09 1.98922e-07 3.61717e-11 7 1 0.5 7
4.55e+07 1.48767e-09 2.0795e-07 3.9715e-11 5 1 0.5 5
4.56e+07 1.86386e-09 1.95347e-07 5.94609e-11 4 1 0.5 4
4.57e+07 1.56821e-09 2.11762e-07 3.53591e-11 6 1 0.5 6
4.58e+07 1.27098e-09 2.05289e-07 2.09253e-11 8 1 0.5 8
4.59e+07 1.6323e-09 2.16285e-07 2.4902e-11 9 1 0.5 9
4.6e+07 1.58901e-09 2.03705e-07 2.60263e-11 8 1 0.5 8
4.61e+07 1.66725e-09 2.13569e-07 2.51845e-11 9 1 0.5 9
4.62e+07 1.92063e-09 2.0895e-07 2.85346e-11 9 1 0.5 9
4.63e+07 2.03668e-09 2.14761e-07 3.48195e-11 8 1 0.5 8
4.64e+07 1.56498e-09 2.05169e-07 2.5775e-11 8 1 0.5 8
4.65e+07 1.66898e-09 2.1695e-07 3.83735e-11 6 1 0.5 6
4.66e+07 1.24947e-09 2.11923e-07 2.10899e-11 8 1 0.5 8
4.67e+07 1.62199e-09 2.11492e-07 2.73631e-11 8 1 0.5 8
4.68e+07 1.31333e-09 2.03648e-07 2.86903e-11 6 1 0.5 6
4.69e+07 2.77901e-09 2.02461e-07 7.30696e-11 5 1 0.5 5
4.7e+07 1.62968e-09 2.02269e-07 3.54541e-11 6 1 0.5 6
4.71e+07 1.41666e-09 2.02918e-07 3.08727e-11 6 1 0.5 6
4.72e+07 1.40457e-09 2.18462e-07 2.15857e-11 9 1 0.5 9
4.73e+07 1.43864e-09 2.03033e-07 2.08727e-11 9 1 0.5 9
4.74e+07 1.64505e-09 2.07364e-07 2.73268e-11 8 1 0.5 8
4.75e+07 1.60335e-09 2.07337e-07 1.6357e-11 13 1 0.5 13
4.76e+07 1.51017e-09 2.16717e-07 1.72837e-11 12 1 0.5 12
4.77e+07 1.63887e-09 2.02908e-07 3.06091e-11 7 1 0.5 7
4.78e+07 1.54306e-09 2.05979e-07 1.00367e-10 7 1 0.5 7
4.79e+07 1.32179e-09 2.0086e-07 1.55452e-11 11 1 0.5 11
4.8e+07 1.29249e-09 2.11778e-07 2.91135e-11 6 1 0.5 6
4.81e+07 1.51422e-09 2.07398e-07 2.87583e-11 7 1 0.5 7
4.82e+07 1.54858e-09 2.07328e-07 2.94065e-11 7 1 0.5 7
4.83e+07 1.8071e-09 2.07461e-07 2.66897e-11 9 1 0.5 9
4.84e+07 1.72337e-09 2.08746e-07 4.61951e-11 5 1 0.5 5
4.85e+07 1.63483e-09 2.15792e-07 2.03534e-11 11 1 0.5 11
4.86e+07 1.82866e-09 2.11927e-07 3.53621e-11 7 1 0.5 7
4.87e+07 1.35816e-09 2.1191e-07 1.52666e-11 12 1 0.5 12
4.88e+07 1.62329e-09 2.12099e-07 2.43844e-11 9 1 0.5 9
4.89e+07 1.35705e-09 2.04948e-07 9.89732e-12 18 1 0.5 18
4.9e+07 1.4169e-09 2.09699e-07 1.57976e-11 12 1 0.5 12
4.91e+07 1.86543e-09 2.09018e-07 6.27518e-11 4 1 0.5 4
4.92e+07 1.74856e-09 2.19839e-07 2.7031e-11 9 1 0.5 9
4.93e+07 1.49588e-09 2.1296e-07 3.38694e-11 6 1 0.5 6
4.94e+07 1.47524e-09 1.9682e-07 1.87975e-11 10 1 0.5 10
4.95e+07 1.66905e-09 2.14509e-07 2.27595e-11 10 1 0.5 10
4.96e+07 1.62913e-09 2.00913e-07 3.52566e-11 6 1 0.5 6
4.97e+07 1.09806e-09 2.11645e-07 2.11609e-11 7 1 0.5 7
4.98e+07 1.82678e-09 2.09458e-07 3.06021e-11 8 1 0.5 8
4.99e+07 1.15669e-09 2.00868e-07 1.49631e-11 10 1 0.5 10
5e+07 1.29934e-09 2.16106e-07 6.39963e-11 7 1 0.5 7
5.01e+07 1.49664e-09 1.98945e-07 2.13759e-11 9 1 0.5 9
5.02e+07 1.47183e-09 2.0015e-07 1.9e-11 10 1 0.5 10
5.03e+07 1.63729e-09 2.04571e-07 3.59731e-11 6 1 0.5 6
5.04e+07 2.36731e-09 2.03916e-07 3.10692e-11 10 1 0.5 10
5.05e+07 1.30921e-09 2.04821e-07 1.43272e-11 12 1 0.5 12
5.06e+07 1.56771e-09 2.06359e-07 2.96622e-11 7 1 0.5 7
5.07e+07 1.41293e-09 2.09272e-07 1.10931e-11 17 1 0.5 17
5.08e+07 1.39403e-09 2.0589e-07 2.63145e-11 7 1 0.5 7
5.09e+07 1.52263e-09 2.07901e-07 3.3832e-11 6 1 0.5 6
5.1e+07 1.45324e-09 2.11852e-07 2.806e-11 7 1 0.5 7
5.11e+07 1.29581e-09 2.09551e-07 2.89468e-11 6 1 0.5 6
5.12e+07 1.60386e-09 2.16369e-07 2.44739e-11 9 1 0.5 9
5.13e+07 1.2314e-09 2.01093e-07 1.99472e-11 8 1 0.5 8
5.14e+07 2.27957e-09 2.12053e-07 3.86098e-11 8 1 0.5 8
5.15e+07 1.05652e-09 2.06337e-07 1.99558e-11 7 1 0.5 7
5.16e+07 1.4208e-09 2.17982e-07 3.27586e-11 6 1 0.5 6
5.17e+07 1.71328e-09 2.07037e-07 2.52576e-11 9 1 0.5 9
5.18e+07 1.58406e-09 2.01285e-07 2.05441e-11 10 1 0.5 10
5.19e+07 1.77268e-09 2.21765e-07 2.75966e-11 9 1 0.5 9
5.2e+07 1.30827e-09 2.09976e-07 1.75275e-11 10 1 0.5 10
5.21e+07 1.4706e-09 2.04748e-07 2.14789e-11 9 1 0.5 9
5.22e+07 1.26396e-09 2.13408e-07 1.71497e-11 10 1 0.5 10
5.23e+07 1.3076e-09 2.14139e-07 2.54504e-11 7 1 0.5 7
5.24e+07 9.23451e-10 2.05816e-07 2.03114e-11 6 1 0.5 6
5.25e+07 1.32706e-09 2.04366e-07 2.48999e-11 7 1 0.5 7
5.26e+07 1.49669e-09 2.02734e-07 1.29955e-11 15 1 0.5 15
5.27e+07 1.31099e-09 2.15538e-07 1.62952e-11 11 1 0.5 11
5.28e+07 1.89678e-09 2.08436e-07 4.22903e-11 6 1 0.5 6
5.29e+07 1.17191e-09 1.96435e-07 2.48799e-11 6 1 0.5 6
5.3e+07 1.46965e-09 2.0757e-07 4.90535e-11 4 1 0.5 4
5.31e+07 1.38882e-09 2.0845e-07 2.6471e-11 7 1 0.5 7
5.32e+07 2.14231e-09 2.04334e-07 3.1292e-11 9 1 0.5 9
5.33e+07 1.47752e-09 2.01341e-07 2.39734e-11 8 1 0.5 8
5.34e+07 1.65644e-09 2.02885e-07 3.09362e-11 7 1 0.5 7
5.35e+07 1.39502e-09 2.09401e-07 1.55357e-11 12 1 0.5 12
5.36e+07 1.1379e-09 2.08836e-07 1.6865e-11 9 1 0.5 9
5.37e+07 1.39527e-09 2.01197e-07 3.62834e-11 5 1 0.5 5
5.38e+07 1.84172e-09 2.04051e-07 3.45714e-11 7 1 0.5 7
5.39e+07 1.44632e-09 2.1599e-07 2.83557e-11 7 1 0.5 7
5.4e+07 1.52314e-09 2.1203e-07 2.28683e-11 9 1 0.5 9
5.41e+07 1.76467e-09 2.03986e-07 2.31352e-11 10 1 0.5 10
5.42e+07 1.30768e-09 2.07903e-07 2.48668e-11 7 1 0.5 7
5.43e+07 1.92547e-09 2.0683e-07 3.65387e-11 7 1 0.5 7
5.44e+07 1.88605e-09 2.05283e-07 6.25533e-11 4 1 0.5 4
5.45e+07 1.69259e-09 2.0121e-07 2.44002e-11 9 1 0.5 9
5.46e+07 1.44265e-09 2.04674e-07 2.37074e-11 8 1 0.5 8
5.47e+07 1.16049e-09 2.13864e-07 1.75261e-11 9 1 0.5 9
5.48e+07 1.66461e-09 2.09106e-07 2.78358e-11 8 1 0.5 8
5.49e+07 1.53542e-09 1.96754e-07 2.2164e-11 9 1 0.5 9
5.5e+07 1.55242e-09 2.11494e-07 2.32632e-11 9 1 0.5 9
5.51e+07 1.33362e-09 2.07161e-07 1.76797e-11 10 1 0.5 10
5.52e+07 1.29008e-09 2.10718e-07 2.89443e-11 6 1 0.5 6
5.53e+07 1.52422e-09 1.98751e-07 2.17548e-11 9 1 0.5 9
5.54e+07 1.65074e-09 2.15395e-07 2.82556e-11 8 1 0.5 8
5.55e+07 1.82389e-09 2.01843e-07 3.39448e-11 7 1 0.5 7
5.56e+07 1.51903e-09 2.10741e-07 2.04191e-11 10 1 0.5 10
5.57e+07 1.43113e-09 2.04343e-07 1.70622e-11 11 1 0.5 11
5.58e+07 1.51121e-09 2.09624e-07 4.0603e-11 5 1 0.5 5
5.59e+07 1.09423e-09 2.17716e-07 9.41409e-12 16 1 0.5 16
5.6e+07 2.01016e-09 2.06726e-07 2.66452e-11 10 1 0.5 10
5.61e+07 1.71262e-09 2.12554e-07 2.90139e-11 8 1 0.5 8
5.62e+07 1.37598e-09 2.07561e-07 3.05175e-11 6 1 0.5 6
5.63e+07 1.66736e-09 2.13516e-07 2.83445e-11 8 1 0.5 8
5.64e+07 1.34011e-09 2.00411e-07 1.23546e-11 14 1 0.5 14
5.65e+07 1.25264e-09 1.98493e-07 1.60586e-11 10 1 0.5 10
5.66e+07 1.76264e-09 2.11909e-07 2.64684e-11 9 1 0.5 9
5.67e+07 1.46649e-09 2.05272e-07 2.14614e-11 9 1 0.5 9
5.68e+07 1.52461e-09 2.07943e-07 4.07069e-11 5 1 0.5 5
5.69e+07 1.25244e-09 2.12564e-07 4.25401e-11 4 1 0.5 4
5.7e+07 1.27217e-09 2.01878e-07 2.75983e-11 6 1 0.5 6
5.71e+07 1.26611e-09 2.09611e-07 2.11883e-11 8 1 0.5 8
5.72e+07 1.77571e-09 2.08079e-07 3.39804e-11 7 1 0.5 7
5.73e+07 1.63507e-09 2.00288e-07 5.31195e-11 4 1 0.5 4
5.74e+07 1.5132e-09 2.03443e-07 2.47546e-11 8 1 0.5 8
5.75e+07 1.097e-09 2.03799e-07 2.05235e-11 7 1 0.5 7
5.76e+07 1.51559e-09 2.01599e-07 2.46182e-11 8 1 0.5 8
5.77e+07 1.54428e-09 1.95506e-07 2.44948e-11 8 1 0.5 8
5.78e+07 1.56538e-09 2.12654e-07 2.65183e-11 8 1 0.5 8
5.79e+07 1.41018e-09 2.03312e-07 3.69738e-11 5 1 0.5 5
5.8e+07 2.00496e-09 2.11308e-07 6.80765e-11 4 1 0.5 4
5.81e+07 1.26892e-09 2.10267e-07 2.12877e-11 8 1 0.5 8
5.82e+07 1.25458e-09 2.05039e-07 1.83343e-11 9 1 0.5 9
5.83e+07 7.73573e-10 2.07914e-07 1.14152e-11 9 1 0.5 9
5.84e+07 1.84044e-09 2.04154e-07 3.4561e-11 7 1 0.5 7
5.85e+07 1.57514e-09 2.10991e-07 3.03284e-11 7 1 0.5 7
5.86e+07 1.49571e-09 2.06667e-07 1.7993e-11 11 1 0.5 11
5.87e+07 1.15715e-09 2.0399e-07 1.68387e-11 9 1 0.5 9
5.88e+07 1.94575e-09 2.00795e-07 4.21383e-11 6 1 0.5 6
5.89e+07 1.6402e-09 2.03616e-07 3.07175e-11 7 1 0.5 7
5.9e+07 1.11711e-09 2.17034e-07 3.56957e-10 6 1 0.5 6
5.91e+07 1.7126e-09 2.17666e-07 3.94861e-11 6 1 0.5 6
5.92e+07 1.93974e-09 2.10366e-07 5.23644e-11 5 1 0.5 5
5.93e+07 1.45743e-09 2.24822e-07 2.94994e-11 7 1 0.5 7
5.94e+07 1.57966e-09 2.0442e-07 2.96695e-11 7 1 0.5 7
5.95e+07 1.223e-09 2.1701e-07 1.68133e-11 10 1 0.5 10
5.96e+07 1.37028e-09 1.96534e-07 2.91234e-11 6 1 0.5 6
5.97e+07 1.51418e-09 2.0104e-07 3.93722e-11 5 1 0.5 5
5.98e+07 1.15695e-09 2.06351e-07 1.52845e-11 10 1 0.5 10
5.99e+07 1.4996e-09 2.00332e-07 2.77181e-11 7 1 0.5 7
6e+07 1.19666e-09 2.16094e-07 2.05087e-11 8 1 0.5 8
6.01e+07 1.76696e-09 2.05473e-07 2.11715e-11 11 1 0.5 11
6.02e+07 1.86821e-09 2.20246e-07 2.89323e-11 9 1 0.5 9
6.03e+07 1.40707e-09 2.15638e-07 2.14026e-11 9 1 0.5 9
6.04e+07 1.58011e-09 2.13023e-07 2.38148e-11 9 1 0.5 9
6.05e+07 1.99971e-09 2.17435e-07 5.54302e-11 5 1 0.5 5
6.06e+07 1.68598e-09 1.9683e-07 4.31557e-11 5 1 0.5 5
6.07e+07 1.71069e-09 2.11827e-07 2.89028e-11 8 1 0.5 8
6.08e+07 1.63171e-09 2.02398e-07 2.12556e-11 10 1 0.5 10
6.09e+07 1.76071e-09 2.13464e-07 3.99809e-11 6 1 0.5 6
6.1e+07 9.43083e-10 2.13934e-07 1.83198e-11 7 1 0.5 7
6.11e+07 1.32302e-09 2.04093e-07 2.1686e-11 8 1 0.5 8
6.12e+07 1.53857e-09 2.08163e-07 3.01902e-11 7 1 0.5 7
6.13e+07 1.65345e-09 2.07004e-07 3.137e-11 7 1 0.5 7
6.14e+07 1.89206e-09 1.97662e-07 4.04686e-11 6 1 0.5 6
6.15e+07 1.1314e-09 2.11862e-07 2.18234e-11 7 1 0.5 7
6.16e+07 1.2361e-09 2.07216e-07 1.4893e-11 11 1 0.5 11
6.17e+07 1.4733e-09 1.96242e-07 2.34325e-11 8 1 0.5 8
6.18e+07 1.95199e-09 2.03684e-07 4.27494e-11 6 1 0.5 6
6.19e+07 1.89419e-09 2.07127e-07 3.60587e-11 7 1 0.5 7
6.2e+07 1.56606e-09 2.12199e-07 1.51043e-11 14 1 0.5 14
6.21e+07 1.37702e-09 2.0411e-07 2.00583e-11 9 1 0.5 9
6.22e+07 1.58917e-09 2.08525e-07 5.32706e-11 4 1 0.5 4
6.23e+07 1.61889e-09 2.07912e-07 1.79356e-11 12 1 0.5 12
6.24e+07 1.28316e-09 2.13157e-07 1.73948e-11 10 1 0.5 10
6.25e+07 1.2519e-09 2.07143e-07 2.07557e-11 8 1 0.5 8
6.26e+07 1.18226e-09 2.11556e-07 3.19469e-11 5 1 0.5 5
6.27e+07 1.29948e-09 2.04793e-07 1.55152e-11 11 1 0.5 11
6.28e+07 1.77669e-09 2.18515e-07 3.07716e-11 8 1 0.5 8
6.29e+07 1.68114e-09 1.99185e-07 2.40443e-11 9 1 0.5 9
6.3e+07 1.93542e-09 2.02895e-07 2.52772e-11 10 1 0.5 10
6.31e+07 1.47535e-09 2.10262e-07 2.47649e-11 8 1 0.5 8
6.32e+07 1.74042e-09 2.08173e-07 2.31823e-11 10 1 0.5 10
6.33e+07 1.62592e-09 1.99171e-07 2.32501e-11 9 1 0.5 9
6.34e+07 1.65769e-09 2.15247e-07 3.78748e-11 6 1 0.5 6
6.35e+07 1.50351e-09 2.04569e-07 1.40886e-11 14 1 0.5 14
6.36e+07 1.58608e-09 2.11329e-07 2.67382e-11 8 1 0.5 8
6.37e+07 1.52453e-09 2.20232e-07 5.33406e-11 4 1 0.5 4
6.38e+07 1.38248e-09 2.09486e-07 1.68048e-11 11 1 0.5 11
6.39e+07 1.6017e-09 2.07493e-07 3.04394e-11 7 1 0.5 7
6.4e+07 1.81999e-09 2.03338e-07 2.64614e-11 9 1 0.5 9
6.41e+07 1.52645e-09 2.06938e-07 3.37939e-11 6 1 0.5 6
6.42e+07 1.30901e-09 2.03661e-07 2.44936e-11 7 1 0.5 7
6.43e+07 1.65044e-09 2.12763e-07 3.73638e-11 6 1 0.5 6
6.44e+07 1.27901e-09 2.04416e-07 2.80193e-11 6 1 0.5 6
6.45e+07 1.77311e-09 1.9901e-07 2.28028e-11 10 1 0.5 10
6.46e+07 1.32542e-09 2.11964e-07 1.37516e-11 13 1 0.5 13
6.47e+07 2.2129e-09 2.0439e-07 7.75144e-11 5 1 0.5 5
6.48e+07 1.79229e-09 2.09834e-07 4.01557e-11 6 1 0.5 6
6.49e+07 1.30883e-09 2.09888e-07 2.5075e-11 7 1 0.5 7
6.5e+07 1.54528e-09 2.02219e-07 2.8776e-11 7 1 0.5 7
6.51e+07 1.68013e-09 1.99595e-07 7.28386e-11 3 1 0.5 3
6.52e+07 1.90528e-09 2.03406e-07 8.96238e-10 5 1 0.5 5
6.53e+07 1.81098e-09 2.05457e-07 3.41745e-11 7 1 0.5 7
6.54e+07 1.76862e-09 2.1976e-07 2.45899e-11 10 1 0.5 10
6.55e+07 1.4242e-09 2.09164e-07 1.60523e-11 12 1 0.5 12
6.56e+07 1.92527e-09 2.05348e-07 2.11356e-11 12 1 0.5 12
6.57e+07 1.75164e-09 2.1382e-07 2.98179e-11 8 1 0.5 8
6.58e+07 1.54458e-09 2.04479e-07 3.38788e-11 6 1 0.5 6
6.59e+07 2.13002e-09 2.16229e-07 5.88179e-11 5 1 0.5 5
6.6e+07 1.70134e-09 2.01885e-07 2.76801e-11 8 1 0.5 8
6.61e+07 1.79534e-09 2.13926e-07 3.05776e-11 8 1 0.5 8
6.62e+07 1.83713e-09 2.10618e-07 4.12885e-11 6 1 0.5 6
6.63e+07 1.42374e-09 2.06139e-07 2.35263e-11 8 1 0.5 8
6.64e+07 1.6602e-09 2.01564e-07 4.32846e-11 5 1 0.5 5
6.65e+07 1.52414e-09 2.02035e-07 2.47995e-11 8 1 0.5 8
6.66e+07 1.32707e-09 2.00684e-07 2.14691e-11 8 1 0.5 8
6.67e+07 1.39153e-09 2.0361e-07 2.02317e-11 9 1 0.5 9
6.68e+07 1.71009e-09 2.031e-07 3.19701e-11 7 1 0.5 7
6.69e+07 1.30377e-09 2.10222e-07 1.16434e-11 15 1 0.5 15
6.7e+07 1.6429e-09 2.04703e-07 2.15922e-11 10 1 0.5 10
6.71e+07 1.62983e-09 2.01651e-07 3.53727e-11 6 1 0.5 6
6.72e+07 1.60036e-09 1.96976e-07 2.92035e-11 7 1 0.5 7
6.73e+07 1.23493e-09 2.00912e-07 2.28584e-11 7 1 0.5 7
6.74e+07 1.67387e-09 2.14966e-07 1.90408e-11 12 1 0.5 12
6.75e+07 1.3121e-09 2.02983e-07 2.85901e-11 6 1 0.5 6
6.76e+07 1.73232e-09 2.1275e-07 4.7138e-11 5 1 0.5 5
6.77e+07 1.0561e-09 2.06284e-07 1.26749e-11 11 1 0.5 11
6.78e+07 1.47627e-09 2.03846e-07 2.41853e-11 8 1 0.5 8
6.79e+07 1.62199e-09 2.05153e-07 2.67166e-11 8 1 0.5 8
6.8e+07 1.15969e-09 2.08246e-07 1.71509e-11 9 1 0.5 9
6.81e+07 1.79326e-09 2.08097e-07 2.17028e-11 11 1 0.5 11
6.82e+07 1.39658e-09 2.15282e-07 1.7346e-11 11 1 0.5 11
6.83e+07 1.29986e-09 2.14818e-07 1.47675e-11 12 1 0.5 12
6.84e+07 1.6197e-09 2.0278e-07 2.64371e-11 8 1 0.5 8
6.85e+07 1.65151e-09 2.04005e-07 2.16478e-11 10 1 0.5 10
6.86e+07 1.43481e-09 2.05726e-07 3.79728e-11 5 1 0.5 5
6.87e+07 2.01462e-09 1.97783e-07 3.22847e-11 8 1 0.5 8
6.88e+07 1.71373e-09 2.00974e-07 3.17764e-11 7 1 0.5 7
6.89e+07 1.93563e-09 2.04328e-07 3.2326e-11 8 1 0.5 8
6.9e+07 1.91367e-09 2.06194e-07 3.62258e-11 7 1 0.5 7
6.91e+07 2.02646e-09 2.00203e-07 5.26493e-11 5 1 0.5 5
6.92e+07 1.82071e-09 1.99237e-07 3.91736e-11 6 1 0.5 6
6.93e+07 1.56725e-09 2.12675e-07 1.76741e-11 12 1 0.5 12
6.94e+07 1.59837e-09 2.01653e-07 2.97046e-11 7 1 0.5 7
6.95e+07 1.56913e-09 2.1778e-07 2.70875e-11 8 1 0.5 8
6.96e+07 1.41581e-09 2.01648e-07 2.29954e-11 8 1 0.5 8
6.97e+07 1.51065e-09 2.05047e-07 1.52753e-11 13 1 0.5 13
6.98e+07 1.65755e-09 2.10567e-07 2.47594e-11 9 1 0.5 9
6.99e+07 1.23172e-09 2.05652e-07 1.80412e-11 9 1 0.5 9
7e+07 1.78786e-09 2.09287e-07 2.65868e-11 9 1 0.5 9
7.01e+07 1.51972e-09 2.02776e-07 3.31131e-11 6 1 0.5 6
7.02e+07 1.36277e-09 2.06123e-07 2.57448e-11 7 1 0.5 7
7.03e+07 1.31231e-09 2.01059e-07 2.83831e-11 6 1 0.5 6
7.04e+07 1.33177e-09 2.00435e-07 1.72057e-11 10 1 0.5 10
7.05e+07 1.38348e-09 2.08558e-07 2.63795e-11 7 1 0.5 7
7.06e+07 1.9265e-09 2.00218e-07 5.00246e-11 5 1 0.5 5
7.07e+07 2.21362e-09 2.18773e-07 7.73571e-11 4 1 0.5 4
7.08e+07 1.87782e-09 2.15507e-07 4.29822e-11 6 1 0.5 6
7.09e+07 1.50412e-09 2.06295e-07 1.98823e-11 10 1 0.5 10
7.1e+07 1.65503e-09 1.99813e-07 2.67076e-11 8 1 0.5 8
7.11e+07 1.64426e-09 2.02624e-07 2.14383e-11 10 1 0.5 10
7.12e+07 1.74305e-09 2.08826e-07 3.88972e-11 6 1 0.5 6
7.13e+07 1.39249e-09 2.01929e-07 3.02278e-11 6 1 0.5 6
7.14e+07 1.63927e-09 2.00557e-07 2.35686e-11 9 1 0.5 9
7.15e+07 1.4209e-09 2.0334e-07 3.72609e-11 5 1 0.5 5
7.16e+07 2.03279e-09 2.14046e-07 3.96465e-11 7 1 0.5 7
7.17e+07 1.66789e-09 2.10586e-07 4.50064e-11 5 1 0.5 5
7.18e+07 9.3737e-10 2.13651e-07 9.77977e-12 13 1 0.5 13
7.19e+07 1.47386e-09 1.93118e-07 2.64761e-11 7 1 0.5 7
7.2e+07 1.84097e-09 2.06149e-07 2.21184e-11 11 1 0.5 11
7.21e+07 1.59435e-09 2.10945e-07 2.38452e-11 9 1 0.5 9
7.22e+07 1.35411e-09 2.09314e-07 2.26412e-11 8 1 0.5 8
7.23e+07 1.61068e-09 2.06157e-07 1.5187e-11 14 1 0.5 14
7.24e+07 1.29669e-09 2.11258e-07 1.58639e-11 11 1 0.5 11
7.25e+07 1.40189e-09 2.16524e-07 2.13929e-11 9 1 0.5 9
7.26e+07 1.39363e-09 2.14407e-07 2.71594e-11 7 1 0.5 7
7.27e+07 1.18518e-09 2.15842e-07 2.02925e-11 8 1 0.5 8
7.28e+07 1.41568e-09 2.06159e-07 1.86999e-11 10 1 0.5 10
7.29e+07 1.74791e-09 2.0864e-07 5.86702e-11 4 1 0.5 4
7.3e+07 1.55541e-09 2.12264e-07 2.33751e-11 9 1 0.5 9
7.31e+07 1.71617e-09 2.03908e-07 3.69641e-11 8 1 0.5 8
7.32e+07 1.2898e-09 2.08331e-07 1.90874e-11 9 1 0.5 9
7.33e+07 1.86405e-09 2.03072e-07 4.89279e-11 5 1 0.5 5
7.34e+07 1.82277e-09 2.09013e-07 3.04839e-11 8 1 0.5 8
7.35e+07 9.72297e-10 2.03816e-07 1.81844e-11 7 1 0.5 7
7.36e+07 1.47079e-09 2.03774e-07 2.75468e-11 7 1 0.5 7
7.37e+07 1.31e-09 2.16231e-07 3.6036e-11 5 1 0.5 5
7.38e+07 1.67328e-09 2.0746e-07 2.22248e-11 10 1 0.5 10
7.39e+07 1.75844e-09 2.09595e-07 2.94667e-11 8 1 0.5 8
7.4e+07 1.33461e-09 2.0277e-07 3.4908e-11 5 1 0.5 5
7.41e+07 1.34147e-09 2.06524e-07 1.97195e-11 9 1 0.5 9
7.42e+07 9.70548e-10 2.07988e-07 1.28962e-11 10 1 0.5 10
7.43e+07 1.66005e-09 2.04561e-07 2.42399e-11 9 1 0.5 9
7.44e+07 1.34164e-09 2.04623e-07 2.51993e-11 7 1 0.5 7
7.45e+07 1.78743e-09 2.11212e-07 3.01369e-11 8 1 0.5 8
7.46e+07 1.78592e-09 2.10545e-07 2.66833e-11 9 1 0.5 9
7.47e+07 1.21325e-09 2.09606e-07 3.25508e-11 5 1 0.5 5
7.48e+07 1.42393e-09 2.09442e-07 1.84963e-10 7 1 0.5 7
7.49e+07 1.56083e-09 2.01194e-07 3.38069e-11 6 1 0.5 6
7.5e+07 1.37009e-09 2.01205e-07 2.53997e-11 7 1 0.5 7
7.51e+07 1.95744e-09 2.10002e-07 4.3911e-11 6 1 0.5 6
7.52e+07 1.28905e-09 2.0931e-07 3.45581e-11 5 1 0.5 5
7.53e+07 1.17669e-09 2.14048e-07 1.22998e-11 13 1 0.5 13
7.54e+07 1.2893e-09 1.96945e-07 4.12632e-11 4 1 0.5 4
7.55e+07 1.14454e-09 2.0621e-07 2.16139e-11 7 1 0.5 7
7.56e+07 1.33529e-09 2.01292e-07 2.1653e-11 8 1 0.5 8
7.57e+07 1.27166e-09 2.11396e-07 1.71262e-11 10 1 0.5 10
7.58e+07 1.17663e-09 2.09505e-07 2.25003e-11 7 1 0.5 7
7.59e+07 1.41978e-09 2.10755e-07 1.90817e-11 10 1 0.5 10
7.6e+07 1.61854e-09 2.11452e-07 2.51994e-11 10 1 0.5 10
7.61e+07 1.34145e-09 2.14198e-07 2.28401e-11 8 1 0.5 8
7.62e+07 2.23655e-09 2.01955e-07 2.64636e-11 11 1 0.5 11
7.63e+07 1.48668e-09 2.05085e-07 2.79859e-11 7 1 0.5 7
7.64e+07 1.77087e-09 2.10319e-07 3.97449e-11 6 1 0.5 6
7.65e+07 2.05153e-09 2.01477e-07 2.66541e-11 10 1 0.5 10
7.66e+07 1.82608e-09 2.05236e-07 4.02115e-11 6 1 0.5 6
7.67e+07 1.73072e-09 2.13763e-07 2.13911e-11 11 1 0.5 11
7.68e+07 1.62835e-09 2.09453e-07 3.11781e-11 7 1 0.5 7
7.69e+07 1.42662e-09 2.1363e-07 2.15412e-11 9 1 0.5 9
7.7e+07 1.76512e-09 2.02069e-07 1.91294e-11 12 1 0.5 12
7.71e+07 1.58447e-09 2.11764e-07 3.57283e-11 6 1 0.5 6
7.72e+07 1.24077e-09 2.15802e-07 1.69832e-11 10 1 0.5 10
7.73e+07 1.78813e-09 2.06063e-07 2.95693e-11 8 1 0.5 8
7.74e+07 1.75532e-09 2.02843e-07 3.82899e-11 6 1 0.5 6
7.75e+07 1.32093e-09 2.16976e-07 1.29608e-11 14 1 0.5 14
7.76e+07 1.28031e-09 2.03523e-07 2.39417e-11 7 1 0.5 7
7.77e+07 1.49255e-09 2.1051e-07 2.50779e-11 8 1 0.5 8
7.78e+07 1.48232e-09 2.08166e-07 3.96034e-11 5 1 0.5 5
7.79e+07 1.91614e-09 2.11733e-07 3.31306e-11 8 1 0.5 8
7.8e+07 1.85241e-09 2.06006e-07 2.72113e-11 9 1 0.5 9
7.81e+07 1.5288e-09 2.00668e-07 2.19839e-11 9 1 0.5 9
7.82e+07 1.92482e-09 2.03281e-07 5.05788e-11 5 1 0.5 5
7.83e+07 1.85183e-09 2.00334e-07 4.00188e-11 6 1 0.5 6
7.84e+07 1.0557e-09 2.12067e-07 1.2948e-11 11 1 0.5 11
7.85e+07 1.53318e-09 2.03239e-07 4.02097e-11 5 1 0.5 5
7.86e+07 1.83318e-09 2.05182e-07 2.41472e-11 10 1 0.5 10
7.87e+07 1.89924e-09 2.05479e-07 2.27632e-11 11 1 0.5 11
7.88e+07 1.55609e-09 2.07053e-07 4.14137e-11 5 1 0.5 5
7.89e+07 1.64573e-09 2.09681e-07 4.42536e-11 5 1 0.5 5
7.9e+07 1.82681e-09 2.0736e-07 2.02049e-11 12 1 0.5 12
7.91e+07 1.64464e-09 2.10986e-07 2.21342e-11 10 1 0.5 10
7.92e+07 1.35512e-09 1.95876e-07 2.15149e-11 8 1 0.5 8
7.93e+07 1.89943e-09 2.00507e-07 4.93713e-11 5 1 0.5 5
7.94e+07 1.47963e-09 1.99196e-07 2.11528e-11 9 1 0.5 9
7.95e+07 1.3821e-09 2.16313e-07 2.37187e-11 8 1 0.5 8
7.96e+07 1.37081e-09 2.09206e-07 2.62008e-11 7 1 0.5 7
7.97e+07 1.44143e-09 2.1489e-07 2.46121e-11 8 1 0.5 8
7.98e+07 1.19382e-09 1.9948e-07 1.92156e-11 8 1 0.5 8
7.99e+07 1.49735e-09 2.02605e-07 2.79207e-11 7 1 0.5 7
8e+07 1.3799e-09 2.14805e-07 2.355e-11 8 1 0.5 8
8.01e+07 1.26833e-09 2.10734e-07 2.4373e-11 7 1 0.5 7
8.02e+07 1.0084e-09 2.11233e-07 2.26437e-11 6 1 0.5 6
8.03e+07 1.64976e-09 2.09794e-07 2.21045e-11 10 1 0.5 10
8.04e+07 1.34184e-09 2.10642e-07 3.0103e-11 6 1 0.5 6
8.05e+07 1.65311e-09 2.04793e-07 4.36381e-11 5 1 0.5 5
8.06e+07 1.91039e-09 2.06466e-07 3.62007e-11 7 1 0.5 7
8.07e+07 1.11865e-09 2.01273e-07 2.41974e-11 6 1 0.5 6
8.08e+07 1.70291e-09 2.2077e-07 2.3759e-11 10 1 0.5 10
8.09e+07 1.13024e-09 2.17004e-07 1.1942e-11 13 1 0.5 13
8.1e+07 1.21573e-09 2.06809e-07 2.3016e-11 7 1 0.5 7
8.11e+07 1.41834e-09 2.0638e-07 1.56169e-11 12 1 0.5 12
8.12e+07 1.60277e-09 2.07635e-07 4.27591e-11 5 1 0.5 5
8.13e+07 1.72197e-09 2.06583e-07 3.2625e-11 7 1 0.5 7
8.14e+07 1.46304e-09 2.08252e-07 2.16541e-11 9 1 0.5 9
8.15e+07 1.60627e-09 2.02846e-07 1.90473e-11 11 1 0.5 11
8.16e+07 1.79198e-09 2.09164e-07 2.9983e-11 8 1 0.5 8
8.17e+07 2.26901e-09 2.07995e-07 5.05766e-11 6 1 0.5 6
8.18e+07 1.42723e-09 2.08101e-07 3.81128e-11 5 1 0.5 5
8.19e+07 1.64313e-09 2.05698e-07 5.45084e-11 4 1 0.5 4
8.2e+07 1.22548e-09 2.16383e-07 2.80697e-11 6 1 0.5 6
8.21e+07 1.22127e-09 2.07342e-07 1.61973e-11 10 1 0.5 10
8.22e+07 2.02052e-09 2.08827e-07 3.37859e-11 8 1 0.5 8
8.23e+07 1.37165e-09 2.0995e-07 1.83775e-11 10 1 0.5 10
8.24e+07 1.22007e-09 2.06387e-07 1.79202e-11 9 1 0.5 9
8.25e+07 1.34764e-09 1.97856e-07 2.46577e-11 7 1 0.5 7
8.26e+07 1.50965e-09 1.96657e-07 2.7506e-11 7 1 0.5 7
8.27e+07 1.17759e-09 2.04853e-07 2.21259e-11 7 1 0.5 7
8.28e+07 1.75204e-09 2.03438e-07 2.86802e-11 8 1 0.5 8
8.29e+07 1.52399e-09 2.04643e-07 5.03192e-11 4 1 0.5 4
8.3e+07 1.73329e-09 2.09195e-07 3.87319e-11 6 1 0.5 6
8.31e+07 1.48043e-09 2.01609e-07 1.92198e-11 10 1 0.5 10
8.32e+07 1.94274e-09 2.16469e-07 6.72137e-11 4 1 0.5 4
8.33e+07 1.39101e-09 2.13097e-07 2.69772e-11 7 1 0.5 7
8.34e+07 1.20168e-09 2.11253e-07 1.34707e-11 12 1 0.5 12
8.35e+07 1.84219e-09 2.09122e-07 3.52532e-11 7 1 0.5 7
8.36e+07 1.30177e-09 2.11657e-07 1.75499e-11 10 1 0.5 10
8.37e+07 1.64807e-09 2.04685e-07 1.96829e-11 11 1 0.5 11
8.38e+07 1.98232e-09 2.02742e-07 4.33209e-11 6 1 0.5 6
8.39e+07 1.69275e-09 1.9656e-07 3.08477e-11 7 1 0.5 7
8.4e+07 1.83456e-09 2.0583e-07 3.46714e-11 7 1 0.5 7
8.41e+07 1.59886e-09 2.07058e-07 3.0335e-11 7 1 0.5 7
8.42e+07 1.24803e-09 2.04645e-07 2.04957e-11 8 1 0.5 8
8.43e+07 2.12057e-09 2.13199e-07 4.12615e-11 7 1 0.5 7
8.44e+07 1.4805e-09 2.0531e-07 2.16705e-11 9 1 0.5 9
8.45e+07 1.67128e-09 2.05261e-07 2.447e-11 9 1 0.5 9
8.46e+07 1.59373e-09 2.02931e-07 2.60263e-11 8 1 0.5 8
8.47e+07 1.07845e-09 2.09944e-07 1.20275e-11 12 1 0.5 12
8.48e+07 1.46823e-09 2.02643e-07 2.39421e-11 8 1 0.5 8
8.49e+07 1.84631e-09 2.04824e-07 2.69993e-11 9 1 0.5 9
8.5e+07 1.22765e-09 1.98899e-07 1.31289e-11 12 1 0.5 12
8.51e+07 1.58108e-09 2.1914e-07 3.13697e-11 7 1 0.5 7
8.52e+07 1.14395e-09 2.16079e-07 1.56702e-11 10 1 0.5 10
8.53e+07 1.66108e-09 2.11792e-07 4.50239e-11 5 1 0.5 5
8.54e+07 1.42675e-09 2.06454e-07 3.7863e-11 5 1 0.5 5
8.55e+07 1.59688e-09 2.05763e-07 3.01488e-11 7 1 0.5 7
8.56e+07 1.70944e-09 2.07431e-07 5.71045e-11 4 1 0.5 4
8.57e+07 1.75786e-09 2.04956e-07 3.32239e-11 7 1 0.5 7
8.58e+07 1.45563e-09 2.11727e-07 2.45664e-11 8 1 0.5 8
8.59e+07 1.4241e-09 2.13039e-07 1.93032e-11 10 1 0.5 10
8.6e+07 1.62662e-09 1.99941e-07 3.5069e-11 6 1 0.5 6
8.61e+07 1.20858e-09 2.0325e-07 1.57805e-11 10 1 0.5 10
8.62e+07 1.31016e-09 2.01757e-07 1.21411e-11 14 1 0.5 14
8.63e+07 1.39745e-09 2.09458e-07 3.12184e-11 6 1 0.5 6
8.64e+07 1.11287e-09 2.14943e-07 1.37967e-11 11 1 0.5 11
8.65e+07 1.72191e-09 1.96877e-07 3.14212e-11 7 1 0.5 7
8.66e+07 1.62161e-09 2.02768e-07 2.64673e-11 8 1 0.5 8
8.67e+07 1.34405e-09 2.10582e-07 2.00617e-11 9 1 0.5 9
8.68e+07 1.58358e-09 2.07683e-07 1.75281e-11 12 1 0.5 12
8.69e+07 1.92373e-09 2.09069e-07 5.16756e-11 5 1 0.5 5
8.7e+07 1.56312e-09 2.04853e-07 3.43368e-11 6 1 0.5 6
8.71e+07 1.82945e-09 1.99967e-07 4.74378e-11 5 1 0.5 5
8.72e+07 1.44625e-09 2.04126e-07 3.80445e-11 5 1 0.5 5
8.73e+07 1.5888e-09 2.11653e-07 2.68168e-11 8 1 0.5 8
8.74e+07 9.78657e-10 2.22308e-07 1.96e-11 7 1 0.5 7
8.75e+07 1.52182e-09 2.25271e-07 3.60448e-11 6 1 0.5 6
8.76e+07 1.15712e-09 2.1012e-07 1.29152e-11 12 1 0.5 12
8.77e+07 1.47462e-09 2.02839e-07 3.86042e-11 5 1 0.5 5
8.78e+07 1.13781e-09 2.07704e-07 1.6792e-11 9 1 0.5 9
8.79e+07 2.16655e-09 2.00547e-07 4.6913e-11 6 1 0.5 6
8.8e+07 1.91207e-09 2.00413e-07 3.09496e-11 8 1 0.5 8
8.81e+07 1.01353e-09 2.14522e-07 1.97354e-11 7 1 0.5 7
8.82e+07 1.44911e-09 2.02589e-07 2.36241e-11 8 1 0.5 8
8.83e+07 2.47807e-09 2.01781e-07 8.13555e-11 4 1 0.5 4
8.84e+07 8.35133e-10 2.21617e-07 1.66761e-11 7 1 0.5 7
8.85e+07 1.25555e-09 2.16044e-07 1.72015e-11 10 1 0.5 10
8.86e+07 1.55464e-09 2.14751e-07 2.12127e-11 10 1 0.5 10
8.87e+07 1.5591e-09 1.97125e-07 3.99323e-11 5 1 0.5 5
8.88e+07 1.51317e-09 1.96941e-07 2.76603e-11 7 1 0.5 7
8.89e+07 1.32687e-09 2.04867e-07 2.18137e-11 8 1 0.5 8
8.9e+07 8.55244e-10 2.02354e-07 1.01071e-11 11 1 0.5 11
8.91e+07 1.29068e-09 2.11304e-07 2.48571e-11 7 1 0.5 7
8.92e+07 1.21228e-09 2.0491e-07 1.32685e-11 12 1 0.5 12
8.93e+07 1.41635e-09 2.05596e-07 3.11841e-11 6 1 0.5 6
8.94e+07 1.95712e-09 2.10161e-07 4.39301e-11 6 1 0.5 6
8.95e+07 1.69898e-09 2.05774e-07 2.49259e-11 9 1 0.5 9
8.96e+07 1.78356e-09 2.07576e-07 2.96632e-11 8 1 0.5 8
8.97e+07 1.8121e-09 2.01577e-07 3.36895e-11 7 1 0.5 7
8.98e+07 1.24864e-09 2.2197e-07 1.09112e-11 16 1 0.5 16
8.99e+07 9.43666e-10 2.05221e-07 1.77423e-11 7 1 0.5 7
9e+07 9.34834e-10 2.06199e-07 1.23369e-11 10 1 0.5 10
9.01e+07 1.58195e-09 2.11332e-07 3.04988e-11 7 1 0.5 7
9.02e+07 1.60327e-09 2.09402e-07 2.3841e-11 9 1 0.5 9
9.03e+07 1.6326e-09 2.07273e-07 2.16671e-11 10 1 0.5 10
9.04e+07 1.58153e-09 2.06063e-07 2.61378e-11 8 1 0.5 8
9.05e+07 1.55546e-09 2.07434e-07 2.29563e-11 9 1 0.5 9
9.06e+07 1.29322e-09 2.03747e-07 2.42049e-11 7 1 0.5 7
9.07e+07 1.35225e-09 2.06398e-07 1.37404e-11 13 1 0.5 13
9.08e+07 1.78228e-09 2.07982e-07 2.37251e-11 10 1 0.5 10
9.09e+07 1.60974e-09 2.01257e-07 2.98711e-11 7 1 0.5 7
9.1e+07 1.79095e-09 2.09822e-07 4.82161e-11 5 1 0.5 5
9.11e+07 1.17472e-09 2.08153e-07 1.42019e-11 11 1 0.5 11
9.12e+07 1.0569e-09 2.01106e-07 1.95668e-11 7 1 0.5 7
9.13e+07 1.22757e-09 2.1196e-07 2.07219e-11 8 1 0.5 8
9.14e+07 1.42497e-09 2.11619e-07 2.13563e-11 9 1 0.5 9
9.15e+07 1.36794e-09 2.05748e-07 2.29005e-10 8 1 0.5 8
9.16e+07 1.53366e-09 2.15225e-07 4.20892e-11 5 1 0.5 5
9.17e+07 1.19558e-09 2.05291e-07 1.31044e-11 12 1 0.5 12
9.18e+07 1.1517e-09 2.06535e-07 2.17767e-11 7 1 0.5 7
9.19e+07 2.00854e-09 2.06038e-07 3.32315e-11 8 1 0.5 8
9.2e+07 2.05362e-09 2.09118e-07 3.93256e-11 7 1 0.5 7
9.21e+07 1.61635e-09 2.04173e-07 4.50158e-11 5 1 0.5 5
9.22e+07 1.14937e-09 2.13391e-07 1.73273e-11 9 1 0.5 9
9.23e+07 1.37413e-09 2.01947e-07 1.98503e-11 9 1 0.5 9
9.24e+07 1.88938e-09 2.14436e-07 3.68852e-11 7 1 0.5 7
9.25e+07 1.16253e-09 2.16198e-07 1.59693e-11 10 1 0.5 10
9.26e+07 1.64439e-09 2.13564e-07 1.71722e-11 13 1 0.5 13
9.27e+07 1.33127e-09 2.142e-07 1.39272e-11 13 1 0.5 13
9.28e+07 1.26051e-09 2.05918e-07 2.0802e-11 8 1 0.5 8
9.29e+07 1.73151e-09 2.13656e-07 2.35404e-11 10 1 0.5 10
9.3e+07 1.53039e-09 2.09301e-07 2.27444e-11 9 1 0.5 9
9.31e+07 1.84162e-09 2.15396e-07 3.60743e-11 7 1 0.5 7
9.32e+07 1.65852e-09 1.99678e-07 5.37602e-11 4 1 0.5 4
9.33e+07 1.81891e-09 2.01171e-07 2.62253e-11 9 1 0.5 9
9.34e+07 2.2492e-09 2.19524e-07 3.47764e-11 9 1 0.5 9
9.35e+07 1.33994e-09 2.06618e-07 2.21767e-11 8 1 0.5 8
9.36e+07 1.32632e-09 2.21323e-07 2.31748e-11 8 1 0.5 8
9.37e+07 2.05222e-09 2.04626e-07 3.37757e-11 8 1 0.5 8
9.38e+07 1.34511e-09 2.1426e-07 2.61954e-11 7 1 0.5 7
9.39e+07 1.32596e-09 2.10617e-07 2.22773e-11 8 1 0.5 8
9.4e+07 1.34883e-09 2.14989e-07 2.30333e-11 8 1 0.5 8
9.41e+07 1.49483e-09 1.9824e-07 2.3964e-11 8 1 0.5 8
9.42e+07 1.51885e-09 2.03501e-07 3.31864e-11 6 1 0.5 6
9.43e+07 1.25037e-09 2.11054e-07 1.40073e-11 12 1 0.5 12
9.44e+07 9.40111e-10 2.24007e-07 1.10335e-11 12 1 0.5 12
9.45e+07 1.47472e-09 2.06542e-07 2.16529e-11 10 1 0.5 10
9.46e+07 1.08712e-09 2.00959e-07 2.01167e-11 7 1 0.5 7
9.47e+07 1.55396e-09 2.05627e-07 2.93192e-11 7 1 0.5 7
9.48e+07 1.45447e-09 2.04168e-07 1.46566e-11 13 1 0.5 13
9.49e+07 1.46526e-09 2.11782e-07 1.97705e-11 10 1 0.5 10
9.5e+07 1.47549e-09 2.07604e-07 3.27419e-11 6 1 0.5 6
9.51e+07 1.71978e-09 2.07941e-07 3.27514e-11 7 1 0.5 7
9.52e+07 1.50231e-09 2.09061e-07 3.35243e-11 6 1 0.5 6
9.53e+07 1.17718e-09 2.02521e-07 1.91716e-11 8 1 0.5 8
9.54e+07 1.72053e-09 2.08184e-07 4.61807e-11 5 1 0.5 5
9.55e+07 1.34433e-09 2.05226e-07 2.53082e-11 7 1 0.5 7
9.56e+07 2.02065e-09 1.99152e-07 3.72381e-11 7 1 0.5 7
9.57e+07 1.40857e-09 2.08357e-07 2.08534e-11 9 1 0.5 9
9.58e+07 1.47625e-09 2.10548e-07 2.8368e-11 7 1 0.5 7
9.59e+07 1.49724e-09 2.11806e-07 3.37553e-11 6 1 0.5 6
9.6e+07 1.16961e-09 2.05527e-07 1.4e-11 11 1 0.5 11
9.61e+07 1.24121e-09 2.04657e-07 4.09197e-11 4 1 0.5 4
9.62e+07 1.44304e-09 2.08217e-07 2.40348e-11 8 1 0.5 8
9.63e+07 1.47961e-09 2.07123e-07 2.45448e-11 8 1 0.5 8
9.64e+07 1.49333e-09 2.11376e-07 1.82853e-11 11 1 0.5 11
9.65e+07 1.55762e-09 2.01938e-07 5.09065e-11 4 1 0.5 4
9.66e+07 1.94974e-09 2.11184e-07 3.28853e-11 8 1 0.5 8
9.67e+07 1.60023e-09 1.93064e-07 1.82609e-11 11 1 0.5 11
9.68e+07 1.8052e-09 2.18026e-07 3.56986e-11 7 1 0.5 7
9.69e+07 1.23566e-09 2.14985e-07 1.68624e-11 10 1 0.5 10
9.7e+07 1.72833e-09 2.19056e-07 2.66413e-11 9 1 0.5 9
9.71e+07 1.3727e-09 2.11115e-07 1.67876e-11 11 1 0.5 11
9.72e+07 1.37753e-09 2.12638e-07 1.86422e-11 10 1 0.5 10
9.73e+07 1.44299e-09 2.04238e-07 2.70719e-11 7 1 0.5 7
9.74e+07 1.67731e-09 2.06511e-07 2.77754e-11 8 1 0.5 8
9.75e+07 1.30915e-09 2.11161e-07 2.20385e-11 8 1 0.5 8
9.76e+07 1.47731e-09 2.06685e-07 2.79785e-11 7 1 0.5 7
9.77e+07 1.68445e-09 2.12719e-07 3.2654e-11 7 1 0.5 7
9.78e+07 1.88848e-09 2.15641e-07 3.70356e-11 7 1 0.5 7
9.79e+07 1.47848e-09 2.0836e-07 1.64034e-11 12 1 0.5 12
9.8e+07 1.312e-09 2.07925e-07 1.58524e-11 11 1 0.5 11
9.81e+07 1.10382e-09 2.11745e-07 1.48793e-11 10 1 0.5 10
9.82e+07 1.75062e-09 2.11639e-07 3.94815e-11 6 1 0.5 6
9.83e+07 1.58667e-09 1.99143e-07 3.40965e-11 6 1 0.5 6
9.84e+07 1.90146e-09 2.01157e-07 2.46655e-11 10 1 0.5 10
9.85e+07 1.27651e-09 2.10485e-07 2.86133e-11 6 1 0.5 6
9.86e+07 1.08955e-09 2.12202e-07 1.22543e-11 12 1 0.5 12
9.87e+07 1.61126e-09 2.0779e-07 2.68062e-11 8 1 0.5 8
9.88e+07 1.72614e-09 2.07489e-07 2.29321e-11 10 1 0.5 10
9.89e+07 1.51705e-09 2.22168e-07 2.36352e-11 9 1 0.5 9
9.9e+07 1.73305e-09 2.03452e-07 2.06038e-11 11 1 0.5 11
9.91e+07 1.36752e-09 2.07194e-07 1.81327e-11 10 1 0.5 10
9.92e+07 1.50776e-09 2.06711e-07 4.00663e-11 5 1 0.5 5
9.93e+07 2.12609e-09 2.00531e-07 6.93252e-11 4 1 0.5 4
9.94e+07 1.97735e-09 2.00346e-07 2.84295e-11 9 1 0.5 9
9.95e+07 1.37311e-09 1.98493e-07 1.60022e-11 11 1 0.5 11
9.96e+07 9.57084e-10 2.06319e-07 1.14857e-11 11 1 0.5 11
9.97e+07 1.4085e-09 1.95363e-07 2.23204e-11 8 1 0.5 8
9.98e+07 1.15864e-09 2.02686e-07 2.15885e-11 7 1 0.5 7
9.99e+07 1.00656e-09 2.08307e-07 1.33919e-11 10 1 0.5 10
1e+08 1.76149e-09 2.05223e-07 1.93224e-11 12 1 0.5 12
