0 1.50659e-09 2.07143e-07 1.91083e-11 11 1 0.5 11
100000 1.28277e-09 2.0889e-07 2.14099e-11 8 1 0.5 8
200000 1.48548e-09 1.97274e-07 2.10773e-11 9 1 0.5 9
300000 1.4113e-09 2.12902e-07 3.19371e-11 6 1 0.5 6
400000 1.47716e-09 2.05496e-07 2.78495e-11 7 1 0.5 7
500000 1.28813e-09 2.05865e-07 2.83764e-11 6 1 0.5 6
600000 1.56995e-09 2.04406e-07 2.29056e-11 9 1 0.5 9
700000 1.30237e-09 2.03352e-07 2.43398e-11 7 1 0.5 7
800000 1.97696e-09 2.0517e-07 2.89575e-11 9 1 0.5 9
900000 1.72993e-09 2.06602e-07 1.9075e-11 12 1 0.5 12
1e+06 1.78228e-09 2.01148e-07 2.89208e-11 8 1 0.5 8
1.1e+06 1.94944e-09 2.05626e-07 1.44139e-10 8 1 0.5 8
1.2e+06 1.67804e-09 2.06297e-07 1.84796e-11 12 1 0.5 12
1.3e+06 1.35264e-09 2.05085e-07 2.22575e-11 8 1 0.5 8
1.4e+06 1.3759e-09 2.09198e-07 3.07045e-11 6 1 0.5 6
1.5e+06 1.53186e-09 2.0471e-07 2.51831e-11 8 1 0.5 8
1.6e+06 1.55086e-09 2.07732e-07 2.57913e-11 8 1 0.5 8
1.7e+06 1.28818e-09 1.97996e-07 2.35785e-11 7 1 0.5 7
1.8e+06 1.54911e-09 2.02589e-07 1.68154e-11 12 1 0.5 12
1.9e+06 1.1443e-09 2.11416e-07 1.54076e-11 10 1 0.5 10
2e+06 1.4688e-09 2.05502e-07 3.23335e-11 6 1 0.5 6
2.1e+06 1.27403e-09 2.12228e-07 2.15305e-11 8 1 0.5 8
2.2e+06 1.34014e-09 2.21206e-07 3.12514e-11 6 1 0.5 6
2.3e+06 1.63612e-09 2.06331e-07 3.09602e-11 7 1 0.5 7
2.4e+06 2.22547e-09 2.13076e-07 6.26559e-11 5 1 0.5 5
2.5e+06 1.38854e-09 2.07151e-07 3.07496e-11 6 1 0.5 6
2.6e+06 1.73193e-09 2.05761e-07 2.28588e-11 10 1 0.5 10
2.7e+06 1.28538e-09 2.04166e-07 1.68453e-11 10 1 0.5 10
2.8e+06 1.56742e-09 2.05467e-07 3.45127e-11 6 1 0.5 6
2.9e+06 1.08161e-09 2.09112e-07 1.44365e-11 10 1 0.5 10
3e+06 1.30398e-09 2.08099e-07 1.73469e-11 10 1 0.5 10
3.1e+06 1.43204e-09 2.10733e-07 2.75334e-11 7 1 0.5 7
3.2e+06 1.69884e-09 1.99316e-07 3.65466e-11 6 1 0.5 6
3.3e+06 1.69597e-09 2.05661e-07 3.73888e-11 6 1 0.5 6
3.4e+06 1.42488e-09 2.06063e-07 2.69172e-11 7 1 0.5 7
3.5e+06 9.42517e-10 2.11667e-07 1.41109e-11 9 1 0.5 9
3.6e+06 1.86399e-09 1.96764e-07 4.77368e-11 5 1 0.5 5
3.7e+06 1.33974e-09 2.00444e-07 1.92396e-11 9 1 0.5 9
3.8e+06 1.70921e-09 2.12244e-07 2.56945e-11 9 1 0.5 9
3.9e+06 1.03458e-09 2.14279e-07 7.81089e-12 18 1 0.5 18
4e+06 1.66752e-09 2.09917e-07 2.79698e-11 8 1 0.5 8
4.1e+06 1.00189e-09 2.11006e-07 2.69952e-11 5 1 0.5 5
4.2e+06 1.51646e-09 2.15687e-07 1.59569e-11 13 1 0.5 13
4.3e+06 1.80325e-09 2.0075e-07 2.92176e-11 8 1 0.5 8
4.4e+06 1.48737e-09 1.96322e-07 1.71904e-11 11 1 0.5 11
4.5e+06 1.15043e-09 2.0138e-07 1.86522e-11 8 1 0.5 8
4.6e+06 1.73964e-09 2.13579e-07 1.47551e-11 16 1 0.5 16
4.7e+06 1.71804e-09 2.09402e-07 5.78234e-11 4 1 0.5 4
4.8e+06 1.90338e-09 1.96038e-07 3.02837e-11 8 1 0.5 8
4.9e+06 1.41997e-09 2.15195e-07 2.77555e-11 7 1 0.5 7
5e+06 1.46008e-09 2.21506e-07 3.41013e-11 6 1 0.5 6
5.1e+06 1.26428e-09 2.05435e-07 2.08262e-11 8 1 0.5 8
5.2e+06 1.54366e-09 2.15422e-07 2.34699e-11 9 1 0.5 9
5.3e+06 1.16223e-09 2.15617e-07 1.98819e-11 8 1 0.5 8
5.4e+06 1.32959e-09 2.16045e-07 3.65567e-11 5 1 0.5 5
5.5e+06 1.21746e-09 1.99505e-07 5.25827e-11 3 1 0.5 3
5.6e+06 1.73304e-09 2.01535e-07 2.81602e-11 8 1 0.5 8
5.7e+06 1.66714e-09 2.01344e-07 2.16304e-11 10 1 0.5 10
5.8e+06 1.63826e-09 2.03386e-07 3.0654e-11 7 1 0.5 7
5.9e+06 1.10209e-09 2.10707e-07 2.47078e-11 6 1 0.5 6
6e+06 1.58177e-09 2.06372e-07 2.61724e-11 8 1 0.5 8
6.1e+06 1.40452e-09 2.12324e-07 2.71624e-11 7 1 0.5 7
6.2e+06 1.45582e-09 1.94127e-07 4.61169e-11 4 1 0.5 4
6.3e+06 1.47143e-09 2.06419e-07 4.88996e-11 4 1 0.5 4
6.4e+06 1.54744e-09 2.00923e-07 3.348e-11 6 1 0.5 6
6.5e+06 1.07429e-09 2.11219e-07 1.80767e-11 8 1 0.5 8
6.6e+06 1.46887e-09 2.05616e-07 1.93647e-11 10 1 0.5 10
6.7e+06 1.66546e-09 2.08347e-07 2.46714e-11 9 1 0.5 9
6.8e+06 1.79663e-09 2.13726e-07 3.49717e-11 7 1 0.5 7
6.9e+06 1.22898e-09 2.06039e-07 2.70855e-11 6 1 0.5 6
7e+06 1.54408e-09 1.98271e-07 2.47599e-11 8 1 0.5 8
7.1e+06 9.1671e-10 2.16411e-07 1.39657e-11 9 1 0.5 9
7.2e+06 1.36861e-09 2.04254e-07 1.79454e-11 10 1 0.5 10
7.3e+06 1.09641e-09 2.11833e-07 1.64316e-11 9 1 0.5 9
7.4e+06 1.49906e-09 2.04563e-07 3.28854e-11 6 1 0.5 6
7.5e+06 1.8689e-09 2.04147e-07 2.72604e-11 9 1 0.5 9
7.6e+06 1.40475e-09 2.19741e-07 1.95126e-11 10 1 0.5 10
7.7e+06 1.39325e-09 1.94752e-07 1.95682e-11 9 1 0.5 9
7.8e+06 1.63885e-09 2.07296e-07 3.68011e-11 6 1 0.5 6
7.9e+06 1.15932e-09 2.05749e-07 1.38883e-11 11 1 0.5 11
8e+06 1.69163e-09 2.0839e-07 3.2267e-11 7 1 0.5 7
8.1e+06 1.70792e-09 1.96824e-07 2.42036e-11 9 1 0.5 9
8.2e+06 1.61341e-09 2.0159e-07 1.7448e-11 12 1 0.5 12
8.3e+06 1.51876e-09 2.16073e-07 2.08223e-11 10 1 0.5 10
8.4e+06 1.54676e-09 2.07169e-07 2.28046e-11 9 1 0.5 9
8.5e+06 1.54889e-09 2.04188e-07 2.90628e-11 7 1 0.5 7
8.6e+06 2.38492e-09 2.14028e-07 6.54019e-11 5 1 0.5 5
8.7e+06 9.4627e-10 2.1134e-07 2.12519e-11 6 1 0.5 6
8.8e+06 1.80684e-09 2.08027e-07 3.01036e-11 8 1 0.5 8
8.9e+06 1.00958e-09 2.09395e-07 1.68692e-11 8 1 0.5 8
9e+06 1.81171e-09 1.97445e-07 2.31585e-11 10 1 0.5 10
9.1e+06 1.47276e-09 2.05499e-07 3.89502e-11 5 1 0.5 5
9.2e+06 1.34558e-09 2.06589e-07 1.9785e-11 9 1 0.5 9
9.3e+06 1.20557e-09 2.14857e-07 2.35187e-11 7 1 0.5 7
9.4e+06 1.34862e-09 2.05557e-07 1.97522e-11 9 1 0.5 9
9.5e+06 1.58966e-09 2.10662e-07 4.28923e-11 5 1 0.5 5
9.6e+06 1.37555e-09 1.95921e-07 2.49795e-11 7 1 0.5 7
9.7e+06 1.57629e-09 2.00147e-07 2.91215e-11 7 1 0.5 7
9.8e+06 1.75052e-09 2.00076e-07 3.23491e-11 7 1 0.5 7
9.9e+06 1.32526e-09 2.09617e-07 1.77318e-11 10 1 0.5 10
1e+07 1.73666e-09 1.997e-07 2.48916e-11 9 1 0.5 9
1.01e+07 1.04493e-09 2.15469e-07 1.58696e-11 9 1 0.5 9
1.02e+07 1.28295e-09 2.02471e-07 2.08962e-11 8 1 0.5 8
1.03e+07 1.61324e-09 2.12132e-07 3.11981e-11 7 1 0.5 7
1.04e+07 1.33539e-09 2.11224e-07 1.99798e-11 9 1 0.5 9
1.05e+07 1.26636e-09 2.1009e-07 2.42765e-11 7 1 0.5 7
1.06e+07 1.79006e-09 2.05089e-07 1.96268e-11 12 1 0.5 12
1.07e+07 1.43844e-09 2.07074e-07 1.90675e-11 10 1 0.5 10
1.08e+07 1.45307e-09 2.06074e-07 3.20551e-11 6 1 0.5 6
1.09e+07 1.44174e-09 2.05996e-07 1.46297e-11 13 1 0.5 13
1.1e+07 1.83979e-09 2.09869e-07 2.05421e-11 12 1 0.5 12
1.11e+07 1.24637e-09 2.09806e-07 2.0872e-11 8 1 0.5 8
1.12e+07 1.66664e-09 2.07851e-07 5.57499e-11 4 1 0.5 4
1.13e+07 1.52451e-09 2.02823e-07 3.99167e-11 5 1 0.5 5
1.14e+07 1.6475e-09 2.03442e-07 2.69615e-11 8 1 0.5 8
1.15e+07 1.34764e-09 2.10962e-07 1.81232e-11 10 1 0.5 10
1.16e+07 1.3386e-09 2.11921e-07 2.008e-11 9 1 0.5 9
1.17e+07 1.51967e-09 2.0816e-07 4.06073e-11 5 1 0.5 5
1.18e+07 1.29054e-09 2.01069e-07 2.39065e-11 7 1 0.5 7
1.19e+07 1.88523e-09 2.06786e-07 5.01969e-11 5 1 0.5 5
1.2e+07 1.18294e-09 2.04443e-07 1.10755e-11 14 1 0.5 14
1.21e+07 1.83404e-09 2.1154e-07 1.90157e-11 13 1 0.5 13
1.22e+07 1.9302e-09 2.14634e-07 3.29734e-11 8 1 0.5 8
1.23e+07 1.40871e-09 2.14053e-07 2.39771e-11 8 1 0.5 8
1.24e+07 1.26678e-09 2.20561e-07 2.52364e-11 7 1 0.5 7
1.25e+07 2.02643e-09 2.09316e-07 5.45106e-11 5 1 0.5 5
1.26e+07 1.02391e-09 2.11116e-07 1.05843e-11 13 1 0.5 13
1.27e+07 1.96023e-09 2.02575e-07 2.84267e-11 9 1 0.5 9
1.28e+07 1.52828e-09 2.09043e-07 2.55401e-11 8 1 0.5 8
1.29e+07 1.54212e-09 2.14538e-07 3.51269e-11 6 1 0.5 6
1.3e+07 1.53151e-09 1.98497e-07 2.81088e-11 7 1 0.5 7
1.31e+07 1.26015e-09 2.08198e-07 3.05235e-10 5 1 0.5 5
1.32e+07 1.13191e-09 2.18144e-07 2.60838e-11 6 1 0.5 6
1.33e+07 1.24866e-09 2.10285e-07 1.19512e-11 14 1 0.5 14
1.34e+07 2.06286e-09 2.08171e-07 5.52605e-11 5 1 0.5 5
1.35e+07 1.56416e-09 2.10497e-07 3.00603e-11 7 1 0.5 7
1.36e+07 1.03988e-09 2.0027e-07 1.67823e-11 8 1 0.5 8
1.37e+07 1.28439e-09 2.00941e-07 1.84778e-11 9 1 0.5 9
1.38e+07 1.35943e-09 2.05932e-07 1.37891e-11 13 1 0.5 13
1.39e+07 1.65133e-09 2.08286e-07 3.14818e-11 7 1 0.5 7
1.4e+07 1.25581e-09 1.9985e-07 2.02461e-11 8 1 0.5 8
1.41e+07 1.98168e-09 2.06173e-07 3.28015e-11 8 1 0.5 8
1.42e+07 1.41466e-09 1.97243e-07 1.80532e-11 10 1 0.5 10
1.43e+07 1.71209e-09 2.05082e-07 2.04812e-11 11 1 0.5 11
1.44e+07 1.46731e-09 2.13057e-07 2.48869e-11 8 1 0.5 8
1.45e+07 1.59673e-09 2.02267e-07 2.97445e-11 7 1 0.5 7
1.46e+07 1.46372e-09 1.96007e-07 3.10551e-11 6 1 0.5 6
1.47e+07 1.92261e-09 2.0731e-07 6.42738e-11 4 1 0.5 4
1.48e+07 1.481e-09 2.01868e-07 2.75361e-11 7 1 0.5 7
1.49e+07 1.41242e-09 2.093e-07 2.70092e-11 7 1 0.5 7
1.5e+07 7.74443e-10 2.11328e-07 8.00834e-12 13 1 0.5 13
1.51e+07 2.03327e-09 2.02197e-07 4.51207e-11 6 1 0.5 6
1.52e+07 1.69584e-09 2.04345e-07 2.47443e-11 9 1 0.5 9
1.53e+07 2.13579e-09 1.96288e-07 4.54748e-11 6 1 0.5 6
1.54e+07 1.10516e-09 2.07041e-07 1.62679e-11 9 1 0.5 9
1.55e+07 1.09306e-09 2.00472e-07 1.56894e-11 9 1 0.5 9
1.56e+07 1.62614e-09 2.10372e-07 1.81836e-11 12 1 0.5 12
1.57e+07 1.03103e-09 2.13697e-07 2.00164e-11 7 1 0.5 7
1.58e+07 2.01878e-09 2.07107e-07 6.74735e-11 4 1 0.5 4
1.59e+07 1.56914e-09 2.05451e-07 2.58717e-11 8 1 0.5 8
1.6e+07 1.30731e-09 2.07886e-07 1.845e-11 10 1 0.5 10
1.61e+07 1.36462e-09 2.02082e-07 3.56031e-11 5 1 0.5 5
1.62e+07 1.51379e-09 2.14734e-07 1.71998e-11 12 1 0.5 12
1.63e+07 1.67806e-09 2.02183e-07 2.42811e-11 9 1 0.5 9
1.64e+07 1.02094e-09 2.00445e-07 1.88505e-11 7 1 0.5 7
1.65e+07 1.4996e-09 2.02118e-07 2.16839e-11 9 1 0.5 9
1.66e+07 1.87608e-09 2.07625e-07 2.77304e-11 9 1 0.5 9
1.67e+07 1.05295e-09 2.08938e-07 1.75658e-11 8 1 0.5 8
1.68e+07 1.42896e-09 2.10765e-07 1.37055e-11 14 1 0.5 14
1.69e+07 1.49429e-09 2.15737e-07 2.04603e-11 10 1 0.5 10
1.7e+07 1.52846e-09 2.14349e-07 3.47895e-11 6 1 0.5 6
1.71e+07 1.46364e-09 1.98404e-07 2.68474e-11 7 1 0.5 7
1.72e+07 1.91204e-09 2.10219e-07 2.5903e-11 10 1 0.5 10
1.73e+07 1.16187e-09 2.09033e-07 2.21778e-11 7 1 0.5 7
1.74e+07 1.5599e-09 2.04447e-07 3.42126e-11 6 1 0.5 6
1.75e+07 1.65405e-09 2.04636e-07 1.97509e-11 11 1 0.5 11
1.76e+07 1.65701e-09 2.02703e-07 2.70407e-11 8 1 0.5 8
1.77e+07 1.86004e-09 2.06581e-07 3.52563e-11 7 1 0.5 7
1.78e+07 1.69059e-09 2.00447e-07 1.98654e-11 11 1 0.5 11
1.79e+07 1.86752e-09 2.0154e-07 4.87302e-11 5 1 0.5 5
1.8e+07 1.24076e-09 2.10284e-07 1.84945e-11 9 1 0.5 9
1.81e+07 1.88342e-09 1.98325e-07 3.4582e-11 7 1 0.5 7
1.82e+07 1.65749e-09 2.17683e-07 6.96216e-10 6 1 0.5 6
1.83e+07 1.40073e-09 2.02964e-07 3.05292e-11 6 1 0.5 6
1.84e+07 1.36004e-09 2.13395e-07 1.53722e-11 12 1 0.5 12
1.85e+07 1.23012e-09 2.04407e-07 2.69425e-11 6 1 0.5 6
1.86e+07 9.11705e-10 2.00171e-07 1.96221e-11 6 1 0.5 6
1.87e+07 1.0436e-09 2.17518e-07 1.59683e-11 9 1 0.5 9
1.88e+07 1.69096e-09 2.13593e-07 3.28872e-11 7 1 0.5 7
1.89e+07 1.02575e-09 2.09902e-07 1.24789e-11 11 1 0.5 11
1.9e+07 1.19381e-09 2.06956e-07 1.58091e-11 10 1 0.5 10
1.91e+07 1.5976e-09 1.98487e-07 1.70692e-11 12 1 0.5 12
1.92e+07 1.03072e-09 2.06813e-07 1.95019e-11 7 1 0.5 7
1.93e+07 1.38316e-09 2.04207e-07 1.39383e-11 13 1 0.5 13
1.94e+07 1.48305e-09 2.0899e-07 1.2361e-11 16 1 0.5 16
1.95e+07 1.50788e-09 2.01282e-07 2.79747e-11 7 1 0.5 7
1.96e+07 1.59542e-09 2.03777e-07 1.49067e-11 14 1 0.5 14
1.97e+07 1.2838e-09 2.10531e-07 2.15594e-11 8 1 0.5 8
1.98e+07 1.37422e-09 2.15935e-07 2.0924e-11 9 1 0.5 9
1.99e+07 1.47134e-09 2.07046e-07 2.79033e-11 7 1 0.5 7
2e+07 1.20947e-09 2.00975e-07 1.73992e-11 9 1 0.5 9
2.01e+07 1.8804e-09 2.05129e-07 2.75321e-11 9 1 0.5 9
2.02e+07 1.92117e-09 2.20346e-07 5.38e-11 5 1 0.5 5
2.03e+07 1.13319e-09 2.09931e-07 1.89793e-11 8 1 0.5 8
2.04e+07 1.29148e-09 2.15484e-07 1.60489e-11 11 1 0.5 11
2.05e+07 1.18727e-09 2.19369e-07 2.0591e-11 8 1 0.5 8
2.06e+07 1.59708e-09 2.0936e-07 5.3707e-11 4 1 0.5 4
2.07e+07 1.82391e-09 2.05164e-07 4.01525e-11 6 1 0.5 6
2.08e+07 1.68254e-09 2.0922e-07 3.75941e-11 6 1 0.5 6
2.09e+07 1.56471e-09 2.01136e-07 3.08231e-11 7 1 0.5 7
2.1e+07 1.63933e-09 2.08471e-07 2.73456e-11 8 1 0.5 8
2.11e+07 1.34582e-09 2.10108e-07 2.00527e-11 9 1 0.5 9
2.12e+07 1.33896e-09 2.08522e-07 1.98317e-11 9 1 0.5 9
2.13e+07 1.67233e-09 2.0718e-07 2.21884e-11 10 1 0.5 10
2.14e+07 1.53295e-09 2.02137e-07 4.00332e-11 5 1 0.5 5
2.15e+07 1.65057e-09 2.0656e-07 1.81944e-11 12 1 0.5 12
2.16e+07 1.28856e-09 1.98812e-07 2.0692e-11 8 1 0.5 8
2.17e+07 1.63057e-09 2.01697e-07 3.03112e-11 7 1 0.5 7
2.18e+07 1.50736e-09 1.95661e-07 1.59243e-11 12 1 0.5 12
2.19e+07 1.65235e-09 2.05163e-07 3.6352e-11 6 1 0.5 6
2.2e+07 1.22936e-09 2.07413e-07 2.04016e-11 8 1 0.5 8
2.21e+07 1.1233e-09 2.00211e-07 1.81286e-11 8 1 0.5 8
2.22e+07 1.42877e-09 2.03047e-07 2.33322e-11 8 1 0.5 8
2.23e+07 1.28949e-09 2.00431e-07 1.28045e-11 13 1 0.5 13
2.24e+07 1.78612e-09 2.09344e-07 2.65665e-11 9 1 0.5 9
2.25e+07 1.44394e-09 2.01583e-07 2.68145e-11 7 1 0.5 7
2.26e+07 1.543e-09 2.09427e-07 2.58244e-11 8 1 0.5 8
2.27e+07 1.24072e-09 2.02471e-07 1.46805e-11 11 1 0.5 11
2.28e+07 1.56819e-09 2.1993e-07 1.67596e-11 13 1 0.5 13
2.29e+07 1.62708e-09 2.10411e-07 5.49413e-11 4 1 0.5 4
2.3e+07 1.95909e-09 2.10923e-07 3.30118e-11 8 1 0.5 8
2.31e+07 1.32096e-09 2.11867e-07 1.37002e-11 13 1 0.5 13
2.32e+07 1.19737e-09 1.98532e-07 3.85411e-11 4 1 0.5 4
2.33e+07 1.3473e-09 2.26587e-07 3.2027e-11 6 1 0.5 6
2.34e+07 1.30597e-09 2.1019e-07 2.50485e-11 7 1 0.5 7
2.35e+07 1.51909e-09 2.07552e-07 3.37085e-11 6 1 0.5 6
2.36e+07 1.50074e-09 2.04592e-07 2.19077e-11 9 1 0.5 9
2.37e+07 1.38508e-09 2.07728e-07 3.07397e-11 6 1 0.5 6
2.38e+07 1.48901e-09 2.1935e-07 2.95562e-11 7 1 0.5 7
2.39e+07 1.51129e-09 2.03243e-07 1.97459e-11 10 1 0.5 10
2.4e+07 1.5619e-09 2.04989e-07 2.57064e-11 8 1 0.5 8
2.41e+07 1.20289e-09 2.08262e-07 2.67318e-11 6 1 0.5 6
2.42e+07 1.2558e-09 2.07083e-07 1.51234e-11 11 1 0.5 11
2.43e+07 1.55572e-09 2.13295e-07 2.11137e-11 10 1 0.5 10
2.44e+07 1.31553e-09 2.02179e-07 1.90181e-11 9 1 0.5 9
2.45e+07 1.34291e-09 2.04155e-07 1.95633e-11 9 1 0.5 9
2.46e+07 1.73652e-09 2.15422e-07 4.77222e-11 5 1 0.5 5
2.47e+07 1.30513e-09 2.08903e-07 3.49383e-11 5 1 0.5 5
2.48e+07 1.45053e-09 2.18173e-07 2.22713e-11 9 1 0.5 9
2.49e+07 2.0374e-09 2.06914e-07 3.38242e-11 8 1 0.5 8
2.5e+07 1.21107e-09 2.00941e-07 3.93524e-11 4 1 0.5 4
2.51e+07 1.27968e-09 2.11243e-07 2.87661e-11 6 1 0.5 6
2.52e+07 1.55456e-09 2.08638e-07 1.88431e-11 11 1 0.5 11
2.53e+07 1.46479e-09 2.13123e-07 1.16674e-11 17 1 0.5 17
2.54e+07 1.55796e-09 2.11607e-07 1.74993e-11 12 1 0.5 12
2.55e+07 1.76467e-09 2.0453e-07 3.87455e-11 6 1 0.5 6
2.56e+07 1.08689e-09 2.03324e-07 1.41918e-11 10 1 0.5 10
2.57e+07 1.36919e-09 2.09693e-07 3.06109e-11 6 1 0.5 6
2.58e+07 1.93176e-09 2.0428e-07 5.09569e-11 5 1 0.5 5
2.59e+07 1.54328e-09 2.05259e-07 1.56188e-11 13 1 0.5 13
2.6e+07 1.58884e-09 2.12491e-07 2.38996e-11 9 1 0.5 9
2.61e+07 1.42638e-09 2.05708e-07 1.70942e-11 11 1 0.5 11
2.62e+07 2.22455e-09 2.11632e-07 4.30261e-11 7 1 0.5 7
2.63e+07 1.74851e-09 2.0228e-07 3.80577e-11 6 1 0.5 6
2.64e+07 1.42149e-09 2.00656e-07 2.29994e-11 8 1 0.5 8
2.65e+07 1.58326e-09 2.09599e-07 2.65184e-11 8 1 0.5 8
2.66e+07 1.72488e-09 2.10681e-07 2.31919e-11 10 1 0.5 10
2.67e+07 1.52545e-09 2.10928e-07 4.11888e-11 5 1 0.5 5
2.68e+07 1.73556e-09 2.08086e-07 5.81304e-11 4 1 0.5 4
2.69e+07 2.21671e-09 2.05937e-07 4.19621e-11 7 1 0.5 7
2.7e+07 1.29868e-09 2.22584e-07 1.822e-11 10 1 0.5 10
2.71e+07 1.09223e-09 2.12857e-07 2.96447e-11 5 1 0.5 5
2.72e+07 1.36809e-09 2.14211e-07 3.73658e-11 5 1 0.5 5
2.73e+07 1.50093e-09 2.03614e-07 2.4569e-11 8 1 0.5 8
2.74e+07 1.87406e-09 2.10524e-07 4.21094e-11 6 1 0.5 6
2.75e+07 1.01452e-09 2.02845e-07 1.90816e-11 7 1 0.5 7
2.76e+07 1.82162e-09 2.05745e-07 3.44143e-11 7 1 0.5 7
2.77e+07 1.90711e-09 2.04611e-07 6.30968e-11 4 1 0.5 4
2.78e+07 1.30983e-09 2.07157e-07 1.92991e-11 9 1 0.5 9
2.79e+07 1.18794e-09 2.10588e-07 1.99484e-11 8 1 0.5 8
2.8e+07 1.34326e-09 2.06867e-07 2.22529e-11 8 1 0.5 8
2.81e+07 1.79151e-09 2.07434e-07 3.48739e-10 7 1 0.5 7
2.82e+07 1.00121e-09 2.09556e-07 1.21639e-11 11 1 0.5 11
2.83e+07 1.32323e-09 2.06033e-07 3.50432e-11 5 1 0.5 5
2.84e+07 1.16564e-09 2.01641e-07 1.68101e-11 9 1 0.5 9
2.85e+07 1.50916e-09 2.15038e-07 1.87318e-11 11 1 0.5 11
2.86e+07 1.44717e-09 1.98719e-07 3.72802e-11 5 1 0.5 5
2.87e+07 1.351e-09 2.07763e-07 2.56804e-11 7 1 0.5 7
2.88e+07 1.55774e-09 2.08625e-07 2.07759e-11 10 1 0.5 10
2.89e+07 1.29448e-09 1.95681e-07 2.0533e-11 8 1 0.5 8
2.9e+07 1.13086e-09 2.05348e-07 1.86153e-11 8 1 0.5 8
2.91e+07 1.30454e-09 1.99467e-07 1.86614e-11 9 1 0.5 9
2.92e+07 1.68058e-09 2.03044e-07 2.43985e-11 9 1 0.5 9
2.93e+07 1.53291e-09 2.15124e-07 2.68199e-11 8 1 0.5 8
2.94e+07 1.79206e-09 1.97599e-07 7.71482e-11 3 1 0.5 3
2.95e+07 1.79825e-09 2.00697e-07 3.89081e-11 6 1 0.5 6
2.96e+07 1.43956e-09 2.09665e-07 4.84219e-11 4 1 0.5 4
2.97e+07 1.16601e-09 2.13439e-07 1.97874e-11 8 1 0.5 8
2.98e+07 1.47628e-09 2.14987e-07 1.6788e-11 12 1 0.5 12
2.99e+07 1.49084e-09 1.97134e-07 2.11419e-11 9 1 0.5 9
3e+07 1.52144e-09 2.07445e-07 1.83576e-11 11 1 0.5 11
3.01e+07 1.47349e-09 1.99565e-07 2.71519e-11 7 1 0.5 7
3.02e+07 2.01594e-09 2.07509e-07 5.38566e-11 5 1 0.5 5
3.03e+07 1.54158e-09 2.0681e-07 1.70056e-11 12 1 0.5 12
3.04e+07 1.80397e-09 2.03196e-07 2.62133e-11 9 1 0.5 9
3.05e+07 1.62953e-09 2.11392e-07 4.40962e-11 5 1 0.5 5
3.06e+07 1.53222e-09 1.9878e-07 2.8153e-11 7 1 0.5 7
3.07e+07 1.5278e-09 2.02615e-07 3.32696e-11 6 1 0.5 6
3.08e+07 1.76472e-09 2.04846e-07 3.87936e-11 6 1 0.5 6
3.09e+07 1.1379e-09 2.10532e-07 1.52707e-11 10 1 0.5 10
3.1e+07 1.93159e-09 2.03588e-07 2.10628e-11 12 1 0.5 12
3.11e+07 1.56771e-09 2.17664e-07 1.54272e-11 14 1 0.5 14
3.12e+07 1.46834e-09 2.04177e-07 2.1399e-11 9 1 0.5 9
3.13e+07 1.33143e-09 2.10656e-07 2.55834e-11 7 1 0.5 7
3.14e+07 1.66851e-09 2.04217e-07 4.395e-11 5 1 0.5 5
3.15e+07 1.35936e-09 2.14077e-07 2.64564e-11 7 1 0.5 7
3.16e+07 1.85485e-09 2.01123e-07 3.01016e-11 8 1 0.5 8
3.17e+07 1.18525e-09 2.05795e-07 1.95468e-11 8 1 0.5 8
3.18e+07 1.65158e-09 2.06496e-07 4.38809e-11 5 1 0.5 5
3.19e+07 1.50905e-09 2.12795e-07 2.92452e-11 7 1 0.5 7
3.2e+07 1.35172e-09 1.98251e-07 2.16624e-11 8 1 0.5 8
3.21e+07 1.70843e-09 2.03299e-07 2.58266e-11 9 1 0.5 9
3.22e+07 1.53171e-09 2.0703e-07 4.07565e-11 5 1 0.5 5
3.23e+07 1.30248e-09 2.01926e-07 2.82641e-11 6 1 0.5 6
3.24e+07 1.37566e-09 2.05761e-07 2.26961e-11 8 1 0.5 8
3.25e+07 1.46501e-09 2.03599e-07 4.81624e-11 4 1 0.5 4
3.26e+07 1.32706e-09 2.06106e-07 1.75223e-11 10 1 0.5 10
3.27e+07 1.40082e-09 2.15566e-07 2.74168e-11 7 1 0.5 7
3.28e+07 1.25991e-09 2.15411e-07 3.45459e-11 5 1 0.5 5
3.29e+07 1.15726e-09 2.10201e-07 2.21863e-11 7 1 0.5 7
3.3e+07 1.91568e-09 2.06172e-07 3.17031e-11 8 1 0.5 8
3.31e+07 1.60643e-09 2.14853e-07 2.7439e-11 8 1 0.5 8
3.32e+07 1.41717e-09 2.04527e-07 6.24999e-11 3 1 0.5 3
3.33e+07 1.30088e-09 2.04359e-07 2.13433e-11 8 1 0.5 8
3.34e+07 1.90211e-09 2.00331e-07 2.4595e-11 10 1 0.5 10
3.35e+07 1.84151e-09 2.06693e-07 8.81023e-11 3 1 0.5 3
3.36e+07 1.3208e-09 2.04649e-07 1.73428e-11 10 1 0.5 10
3.37e+07 1.62449e-09 2.13275e-07 2.45096e-11 9 1 0.5 9
3.38e+07 1.64274e-09 2.03028e-07 3.06959e-11 7 1 0.5 7
3.39e+07 1.97646e-09 2.04231e-07 4.33802e-11 6 1 0.5 6
3.4e+07 2.1704e-09 2.07523e-07 4.13277e-11 7 1 0.5 7
3.41e+07 1.73704e-09 2.05161e-07 5.75364e-11 4 1 0.5 4
3.42e+07 1.67336e-09 2.14738e-07 2.53866e-11 9 1 0.5 9
3.43e+07 1.4835e-09 1.98332e-07 2.72058e-11 7 1 0.5 7
3.44e+07 1.87329e-09 2.03641e-07 3.51123e-11 7 1 0.5 7
3.45e+07 1.7136e-09 2.04994e-07 2.04928e-11 11 1 0.5 11
3.46e+07 1.49912e-09 2.07128e-07 3.32093e-11 6 1 0.5 6
3.47e+07 1.34969e-09 2.06929e-07 2.98599e-11 6 1 0.5 6
3.48e+07 1.53735e-09 2.01021e-07 3.99757e-11 5 1 0.5 5
3.49e+07 1.08171e-09 2.09359e-07 2.41269e-11 6 1 0.5 6
3.5e+07 1.68703e-09 2.09602e-07 3.77492e-11 6 1 0.5 6
3.51e+07 1.47798e-09 2.0227e-07 2.13826e-11 9 1 0.5 9
3.52e+07 1.59209e-09 2.01401e-07 3.45156e-11 6 1 0.5 6
3.53e+07 6.89973e-10 2.07537e-07 7.62007e-12 12 1 0.5 12
3.54e+07 1.65352e-09 2.07832e-07 1.99858e-11 11 1 0.5 11
3.55e+07 1.7631e-09 2.14469e-07 1.71536e-11 14 1 0.5 14
3.56e+07 1.68113e-09 2.1352e-07 3.81701e-11 6 1 0.5 6
3.57e+07 1.45517e-09 2.10621e-07 2.17296e-11 9 1 0.5 9
3.58e+07 1.5426e-09 2.1572e-07 2.64278e-11 8 1 0.5 8
3.59e+07 1.16301e-09 2.11541e-07 1.74137e-11 9 1 0.5 9
3.6e+07 1.65424e-09 2.10507e-07 3.18019e-11 7 1 0.5 7
3.61e+07 1.76774e-09 2.02717e-07 2.88583e-11 8 1 0.5 8
3.62e+07 1.4036e-09 2.0136e-07 1.82017e-11 10 1 0.5 10
3.63e+07 1.58587e-09 2.06714e-07 4.21575e-11 5 1 0.5 5
3.64e+07 1.95685e-09 2.12806e-07 6.67972e-11 4 1 0.5 4
3.65e+07 1.03352e-09 2.05398e-07 1.04562e-11 13 1 0.5 13
3.66e+07 1.83153e-09 2.12341e-07 6.23659e-11 4 1 0.5 4
3.67e+07 9.91363e-10 2.04833e-07 1.44669e-11 9 1 0.5 9
3.68e+07 1.756e-09 1.98923e-07 3.23052e-11 7 1 0.5 7
3.69e+07 1.70352e-09 2.00619e-07 3.15425e-11 7 1 0.5 7
3.7e+07 1.15321e-09 2.03753e-07 2.15752e-11 7 1 0.5 7
3.71e+07 1.65564e-09 1.96921e-07 3.02109e-11 7 1 0.5 7
3.72e+07 1.56605e-09 2.00588e-07 1.6877e-11 12 1 0.5 12
3.73e+07 1.16565e-09 2.08795e-07 1.41261e-11 11 1 0.5 11
3.74e+07 1.66789e-09 2.10822e-07 2.49382e-11 9 1 0.5 9
3.75e+07 1.85062e-09 2.12526e-07 3.13611e-11 8 1 0.5 8
3.76e+07 1.61114e-09 2.13487e-07 2.43261e-11 9 1 0.5 9
3.77e+07 1.48735e-09 2.11283e-07 2.22669e-11 9 1 0.5 9
3.78e+07 1.48062e-09 2.02219e-07 2.41055e-11 8 1 0.5 8
3.79e+07 1.22226e-09 1.99535e-07 9.82177e-12 16 1 0.5 16
3.8e+07 1.76686e-09 2.06575e-07 2.92728e-11 8 1 0.5 8
3.81e+07 1.41456e-09 2.10646e-07 4.77492e-11 4 1 0.5 4
3.82e+07 1.53928e-09 1.98231e-07 2.19258e-11 9 1 0.5 9
3.83e+07 1.93465e-09 2.00117e-07 2.27149e-11 11 1 0.5 11
3.84e+07 1.54209e-09 2.07127e-07 3.41667e-11 6 1 0.5 6
3.85e+07 1.88887e-09 2.12823e-07 4.28101e-11 6 1 0.5 6
3.86e+07 1.23846e-09 2.05836e-07 2.72742e-11 6 1 0.5 6
3.87e+07 1.18646e-09 2.10896e-07 2.28075e-11 7 1 0.5 7
3.88e+07 1.19621e-09 2.07658e-07 2.27178e-11 7 1 0.5 7
3.89e+07 1.32916e-09 2.01778e-07 2.46925e-11 7 1 0.5 7
3.9e+07 1.77812e-09 2.0147e-07 3.85852e-11 6 1 0.5 6
3.91e+07 1.40446e-09 2.03222e-07 2.29492e-11 8 1 0.5 8
3.92e+07 1.03249e-09 2.06866e-07 2.28097e-11 6 1 0.5 6
3.93e+07 1.49825e-09 2.1685e-07 2.57711e-11 8 1 0.5 8
3.94e+07 1.70683e-09 1.95648e-07 3.09937e-11 7 1 0.5 7
3.95e+07 1.27082e-09 2.09888e-07 1.70187e-11 10 1 0.5 10
3.96e+07 1.47237e-09 2.06575e-07 2.78728e-11 7 1 0.5 7
3.97e+07 1.81825e-09 2.14094e-07 3.54432e-11 7 1 0.5 7
3.98e+07 1.31365e-09 1.96088e-07 2.38667e-11 7 1 0.5 7
3.99e+07 1.9009e-09 2.03874e-07 3.1182e-11 8 1 0.5 8
4e+07 1.52533e-09 2.21257e-07 4.27749e-11 5 1 0.5 5
4.01e+07 1.6715e-09 1.99744e-07 3.08413e-11 7 1 0.5 7
4.02e+07 1.06957e-09 2.10529e-07 2.05245e-11 7 1 0.5 7
4.03e+07 1.56026e-09 2.03211e-07 2.55049e-11 8 1 0.5 8
4.04e+07 1.58207e-09 1.99968e-07 2.55406e-11 8 1 0.5 8
4.05e+07 1.79566e-09 2.03681e-07 5.91606e-11 4 1 0.5 4
4.06e+07 1.70014e-09 2.07481e-07 4.53501e-11 5 1 0.5 5
4.07e+07 1.32187e-09 2.09048e-07 1.76486e-11 10 1 0.5 10
4.08e+07 1.07516e-09 2.10347e-07 2.40693e-11 6 1 0.5 6
4.09e+07 1.70698e-09 1.99799e-07 1.83352e-11 12 1 0.5 12
4.1e+07 1.40233e-09 2.01959e-07 2.60761e-11 7 1 0.5 7
4.11e+07 1.91401e-09 2.05044e-07 3.15393e-11 8 1 0.5 8
4.12e+07 1.59172e-09 2.0515e-07 3.50085e-11 6 1 0.5 6
4.13e+07 1.64794e-09 2.07955e-07 3.13776e-11 7 1 0.5 7
4.14e+07 1.88414e-09 2.08456e-07 3.59705e-11 7 1 0.5 7
4.15e+07 1.33686e-09 2.04743e-07 1.34984e-11 13 1 0.5 13
4.16e+07 1.34709e-09 2.01229e-07 1.94045e-11 9 1 0.5 9
4.17e+07 1.54222e-09 2.02594e-07 5.05267e-11 4 1 0.5 4
4.18e+07 1.28223e-09 1.99913e-07 3.31612e-11 5 1 0.5 5
4.19e+07 1.46922e-09 2.10784e-07 3.29941e-11 6 1 0.5 6
4.2e+07 1.4725e-09 2.11162e-07 2.83606e-11 7 1 0.5 7
4.21e+07 1.59049e-09 2.04822e-07 1.90029e-11 11 1 0.5 11
4.22e+07 1.80019e-09 2.11536e-07 4.05915e-11 6 1 0.5 6
4.23e+07 1.54807e-09 1.9877e-07 1.65569e-11 12 1 0.5 12
4.24e+07 1.6926e-09 2.10124e-07 4.55995e-11 5 1 0.5 5
4.25e+07 1.28777e-09 2.03184e-07 1.86877e-11 9 1 0.5 9
4.26e+07 1.52261e-09 2.05867e-07 2.51411e-11 8 1 0.5 8
4.27e+07 1.54102e-09 2.12442e-07 2.08475e-11 10 1 0.5 10
4.28e+07 1.86754e-09 1.95276e-07 3.38786e-11 7 1 0.5 7
4.29e+07 2.13286e-09 2.07666e-07 4.74581e-11 6 1 0.5 6
4.3e+07 1.29445e-09 2.06587e-07 3.43489e-11 5 1 0.5 5
4.31e+07 1.48026e-09 2.07412e-07 2.45826e-11 8 1 0.5 8
4.32e+07 1.22475e-09 2.13941e-07 2.78023e-11 6 1 0.5 6
4.33e+07 1.80463e-09 2.09689e-07 6.08337e-11 4 1 0.5 4
4.34e+07 1.2022e-09 2.0458e-07 1.21283e-11 13 1 0.5 13
4.35e+07 1.22623e-09 2.09006e-07 2.73291e-11 6 1 0.5 6
4.36e+07 1.57057e-09 2.13538e-07 1.63976e-11 13 1 0.5 13
4.37e+07 1.37742e-09 2.03218e-07 3.0048e-11 6 1 0.5 6
4.38e+07 1.4089e-09 2.11156e-07 2.10783e-11 9 1 0.5 9
4.39e+07 1.55987e-09 2.08721e-07 4.17773e-11 5 1 0.5 5
4.4e+07 1.34728e-09 2.10035e-07 1.38787e-11 13 1 0.5 13
4.41e+07 1.18216e-09 2.15929e-07 1.34822e-11 12 1 0.5 12
4.42e+07 1.34767e-09 2.01241e-07 9.68978e-12 18 1 0.5 18
4.43e+07 1.49186e-09 2.16027e-07 4.10429e-11 5 1 0.5 5
4.44e+07 1.26898e-09 2.12863e-07 1.43122e-11 12 1 0.5 12
4.45e+07 1.67335e-09 2.02656e-07 2.42568e-11 9 1 0.5 9
4.46e+07 1.66217e-09 2.11441e-07 3.74463e-11 6 1 0.5 6
4.47e+07 1.56806e-09 2.13626e-07 1.77458e-11 12 1 0.5 12
4.48e+07 1.52422e-09 2.09002e-07 2.26269e-11 9 1 0.5 9
4.49e+07 1.20645e-09 2.03157e-07 1.5747e-11 10 1 0.5 10
4.5e+07 1.7714e-09 2.02944e-07 3.86581e-11 6 1 0.5 6
4.51e+07 1.10648e-09 2.19811e-07 1.27966e-11 12 1 0.5 12
4.52e+07 1.13841e-09 2.23684e-07 1.60281e-11 10 1 0.5 10
4.53e+07 1.52627e-09 2.1267e-07 2.95668e-11 7 1 0.5 7
4.54e+07 2.11741e-09 2.02785e-07 3.07428e-11 9 1 0.5 9
4.55e+07 1.60046e-09 2.00903e-07 2.59328e-11 8 1 0.5 8
4.56e+07 1.81887e-09 1.99334e-07 2.93098e-11 8 1 0.5 8
4.57e+07 1.34614e-09 2.1798e-07 3.1028e-11 6 1 0.5 6
4.58e+07 1.45562e-09 2.03118e-07 1.46091e-11 13 1 0.5 13
4.59e+07 1.41807e-09 1.93103e-07 2.97363e-11 6 1 0.5 6
4.6e+07 1.8413e-09 2.10001e-07 3.53526e-11 7 1 0.5 7
4.61e+07 1.4428e-09 2.12396e-07 3.25926e-11 6 1 0.5 6
4.62e+07 1.45239e-09 2.05121e-07 3.83528e-11 5 1 0.5 5
4.63e+07 1.27732e-09 1.98387e-07 2.34147e-11 7 1 0.5 7
4.64e+07 1.43034e-09 2.11493e-07 1.60552e-11 12 1 0.5 12
4.65e+07 1.29395e-09 2.10735e-07 2.48675e-11 7 1 0.5 7
4.66e+07 1.21425e-09 2.02798e-07 3.97406e-11 4 1 0.5 4
4.67e+07 1.17439e-09 2.0108e-07 2.17477e-11 7 1 0.5 7
4.68e+07 1.64681e-09 2.01678e-07 3.06124e-11 7 1 0.5 7
4.69e+07 2.22397e-09 2.06376e-07 2.94543e-11 10 1 0.5 10
4.7e+07 1.32957e-09 2.15283e-07 2.27276e-11 8 1 0.5 8
4.71e+07 1.74392e-09 2.06574e-07 2.88906e-11 8 1 0.5 8
4.72e+07 1.47376e-09 2.04004e-07 3.22583e-11 6 1 0.5 6
4.73e+07 1.36529e-09 2.08608e-07 1.65406e-11 11 1 0.5 11
4.74e+07 1.29594e-09 2.04268e-07 1.88849e-11 9 1 0.5 9
4.75e+07 1.61107e-09 2.02744e-07 3.51111e-11 6 1 0.5 6
4.76e+07 1.99045e-09 2.17197e-07 2.10783e-11 13 1 0.5 13
4.77e+07 1.80813e-09 2.02893e-07 2.9541e-11 8 1 0.5 8
4.78e+07 1.63454e-09 2.01904e-07 2.65903e-11 8 1 0.5 8
4.79e+07 1.46117e-09 2.05954e-07 1.60639e-11 12 1 0.5 12
4.8e+07 1.58407e-09 2.08241e-07 2.63968e-11 8 1 0.5 8
4.81e+07 1.37116e-09 2.07023e-07 2.59925e-11 7 1 0.5 7
4.82e+07 1.54534e-09 2.04257e-07 4.06895e-11 5 1 0.5 5
4.83e+07 1.19158e-09 1.99917e-07 2.19679e-11 7 1 0.5 7
4.84e+07 1.57279e-09 2.15841e-07 2.39605e-11 9 1 0.5 9
4.85e+07 1.22988e-09 2.10888e-07 2.06782e-11 8 1 0.5 8
4.86e+07 1.16899e-09 2.07431e-07 2.21798e-11 7 1 0.5 7
4.87e+07 1.68367e-09 2.06702e-07 4.4775e-11 5 1 0.5 5
4.88e+07 1.18093e-09 2.00887e-07 1.38862e-11 11 1 0.5 11
4.89e+07 1.25214e-09 2.10182e-07 2.09985e-11 8 1 0.5 8
4.9e+07 1.15334e-09 2.08679e-07 1.53713e-11 10 1 0.5 10
4.91e+07 1.04362e-09 2.11871e-07 2.01251e-11 7 1 0.5 7
4.92e+07 1.90678e-09 2.05479e-07 2.79576e-11 9 1 0.5 9
4.93e+07 1.76001e-09 2.1695e-07 3.46632e-11 7 1 0.5 7
4.94e+07 1.28085e-09 2.08074e-07 2.13121e-11 8 1 0.5 8
4.95e+07 1.0627e-09 2.09494e-07 1.57865e-11 9 1 0.5 9
4.96e+07 1.72701e-09 2.09505e-07 3.30842e-11 7 1 0.5 7
4.97e+07 1.20527e-09 2.10123e-07 1.61527e-11 10 1 0.5 10
4.98e+07 1.31973e-09 2.08194e-07 1.46286e-11 12 1 0.5 12
4.99e+07 1.176e-09 1.96145e-07 1.49351e-11 10 1 0.5 10
5e+07 1.33967e-09 2.03966e-07 1.46136e-11 12 1 0.5 12
5.01e+07 1.28578e-09 2.09386e-07 1.56204e-11 11 1 0.5 11
5.02e+07 1.87101e-09 1.98455e-07 4.01402e-11 6 1 0.5 6
5.03e+07 1.41685e-09 2.11347e-07 2.73027e-11 7 1 0.5 7
5.04e+07 1.18774e-09 2.16091e-07 2.71721e-11 6 1 0.5 6
5.05e+07 1.42368e-09 2.04043e-07 3.11609e-11 6 1 0.5 6
5.06e+07 1.35768e-09 2.11662e-07 1.52471e-11 12 1 0.5 12
5.07e+07 1.47062e-09 2.0238e-07 2.12848e-11 9 1 0.5 9
5.08e+07 1.11003e-09 2.01999e-07 1.80383e-11 8 1 0.5 8
5.09e+07 1.13057e-09 2.12017e-07 1.90832e-11 8 1 0.5 8
5.1e+07 1.87603e-09 2.05839e-07 4.14144e-11 6 1 0.5 6
5.11e+07 1.24448e-09 2.04288e-07 1.63153e-11 10 1 0.5 10
5.12e+07 1.82401e-09 2.07086e-07 4.86088e-11 5 1 0.5 5
5.13e+07 1.982e-09 2.01462e-07 2.57454e-11 10 1 0.5 10
5.14e+07 1.7031e-09 2.14507e-07 2.11064e-11 11 1 0.5 11
5.15e+07 1.34549e-09 2.04949e-07 1.35963e-11 13 1 0.5 13
5.16e+07 2.15618e-09 2.1037e-07 5.82658e-11 5 1 0.5 5
5.17e+07 1.54523e-09 2.12272e-07 2.08915e-11 10 1 0.5 10
5.18e+07 1.57711e-09 2.06029e-07 5.23649e-11 4 1 0.5 4
5.19e+07 1.43273e-09 2.05116e-07 1.71318e-11 11 1 0.5 11
5.2e+07 1.60158e-09 2.0725e-07 1.7699e-11 12 1 0.5 12
5.21e+07 1.21708e-09 1.99729e-07 1.96103e-11 8 1 0.5 8
5.22e+07 1.5603e-09 2.06874e-07 1.37651e-11 15 1 0.5 15
5.23e+07 1.38995e-09 2.06182e-07 3.0668e-11 6 1 0.5 6
5.24e+07 1.79786e-09 1.99961e-07 2.57989e-11 9 1 0.5 9
5.25e+07 1.79587e-09 2.04812e-07 2.36205e-11 10 1 0.5 10
5.26e+07 1.23748e-09 2.14732e-07 2.41327e-11 7 1 0.5 7
5.27e+07 1.66406e-09 2.20099e-07 3.314e-11 7 1 0.5 7
5.28e+07 1.94328e-09 2.02349e-07 3.62514e-11 7 1 0.5 7
5.29e+07 1.3181e-09 1.97665e-07 1.87236e-11 9 1 0.5 9
5.3e+07 1.01856e-09 2.15612e-07 1.74165e-11 8 1 0.5 8
5.31e+07 1.42179e-09 2.15462e-07 2.16133e-11 9 1 0.5 9
5.32e+07 1.56933e-09 2.13817e-07 5.36499e-11 4 1 0.5 4
5.33e+07 1.0225e-09 1.94545e-07 1.61343e-11 8 1 0.5 8
5.34e+07 1.52431e-09 2.12477e-07 2.95075e-11 7 1 0.5 7
5.35e+07 1.25529e-09 2.08244e-07 3.35131e-11 5 1 0.5 5
5.36e+07 1.18587e-09 2.13528e-07 2.01322e-11 8 1 0.5 8
5.37e+07 1.24829e-09 2.0775e-07 2.76919e-11 6 1 0.5 6
5.38e+07 1.62181e-09 2.19887e-07 1.60903e-11 14 1 0.5 14
5.39e+07 1.6222e-09 2.0179e-07 3.52251e-11 6 1 0.5 6
5.4e+07 1.29995e-09 2.02245e-07 1.69114e-11 10 1 0.5 10
5.41e+07 1.09377e-09 2.18033e-07 2.15788e-11 7 1 0.5 7
5.42e+07 1.73069e-09 2.05598e-07 3.81502e-11 6 1 0.5 6
5.43e+07 2.23988e-09 2.06842e-07 4.97036e-11 6 1 0.5 6
5.44e+07 1.21623e-09 2.14239e-07 2.76384e-11 6 1 0.5 6
5.45e+07 1.62673e-09 1.96202e-07 2.2992e-11 9 1 0.5 9
5.46e+07 1.61214e-09 2.11136e-07 2.17074e-11 10 1 0.5 10
5.47e+07 1.91928e-09 2.02951e-07 4.19095e-11 6 1 0.5 6
5.48e+07 2.02276e-09 2.05506e-07 5.363e-11 5 1 0.5 5
5.49e+07 1.77241e-09 2.05033e-07 3.89918e-11 6 1 0.5 6
5.5e+07 1.88735e-09 1.93997e-07 3.40663e-11 7 1 0.5 7
5.51e+07 1.55737e-09 2.10922e-07 2.99767e-11 7 1 0.5 7
5.52e+07 1.21599e-09 2.0963e-07 2.71635e-11 6 1 0.5 6
5.53e+07 1.68516e-09 2.19679e-07 7.72754e-11 9 1 0.5 9
5.54e+07 1.51131e-09 2.00919e-07 2.17526e-11 9 1 0.5 9
5.55e+07 1.03204e-09 2.05813e-07 2.27087e-11 6 1 0.5 6
5.56e+07 1.20437e-09 2.12452e-07 2.32875e-11 7 1 0.5 7
5.57e+07 1.94355e-09 2.03324e-07 1.95379e-11 13 1 0.5 13
5.58e+07 1.26101e-09 2.11391e-07 1.41446e-11 12 1 0.5 12
5.59e+07 1.4734e-09 2.17914e-07 1.45101e-11 14 1 0.5 14
5.6e+07 1.18887e-09 1.98287e-07 1.90468e-11 8 1 0.5 8
5.61e+07 1.21904e-09 1.99873e-07 1.30862e-11 12 1 0.5 12
5.62e+07 1.53181e-09 2.10464e-07 2.05703e-11 10 1 0.5 10
5.63e+07 9.93428e-10 2.06578e-07 1.09379e-11 12 1 0.5 12
5.64e+07 1.79815e-09 2.13467e-07 2.44332e-11 10 1 0.5 10
5.65e+07 1.77435e-09 2.02392e-07 3.30878e-11 7 1 0.5 7
5.66e+07 1.68177e-09 2.08071e-07 1.49067e-11 15 1 0.5 15
5.67e+07 1.38317e-09 2.03757e-07 2.26464e-11 8 1 0.5 8
5.68e+07 1.75567e-09 2.06056e-07 2.90291e-11 8 1 0.5 8
5.69e+07 1.44721e-09 2.22566e-07 2.5409e-11 8 1 0.5 8
5.7e+07 1.5125e-09 2.02798e-07 3.29577e-11 6 1 0.5 6
5.71e+07 2.04293e-09 2.14087e-07 4.6547e-11 6 1 0.5 6
5.72e+07 1.58886e-09 2.09694e-07 2.12777e-11 10 1 0.5 10
5.73e+07 1.56381e-09 2.13378e-07 3.54716e-11 6 1 0.5 6
5.74e+07 1.66513e-09 2.20232e-07 2.90098e-11 8 1 0.5 8
5.75e+07 1.18031e-09 2.08147e-07 1.20692e-11 13 1 0.5 13
5.76e+07 1.54203e-09 2.03411e-07 3.36843e-11 6 1 0.5 6
5.77e+07 1.71361e-09 2.06282e-07 2.05934e-11 11 1 0.5 11
5.78e+07 1.59714e-09 1.99871e-07 4.13668e-11 5 1 0.5 5
5.79e+07 1.5594e-09 2.10346e-07 2.32683e-11 9 1 0.5 9
5.8e+07 1.50845e-09 2.04409e-07 2.4768e-11 8 1 0.5 8
5.81e+07 1.5331e-09 2.15225e-07 1.61051e-11 13 1 0.5 13
5.82e+07 1.48457e-09 2.14437e-07 1.18827e-11 17 1 0.5 17
5.83e+07 1.41319e-09 2.06673e-07 1.87033e-11 10 1 0.5 10
5.84e+07 1.59975e-09 2.03695e-07 1.1615e-11 18 1 0.5 18
5.85e+07 2.04654e-09 2.13813e-07 2.53159e-11 11 1 0.5 11
5.86e+07 1.91344e-09 2.12488e-07 2.59123e-11 10 1 0.5 10
5.87e+07 1.20693e-09 2.0914e-07 1.23883e-11 13 1 0.5 13
5.88e+07 1.77966e-09 2.01005e-07 2.8862e-11 8 1 0.5 8
5.89e+07 1.54372e-09 2.03015e-07 2.88351e-11 7 1 0.5 7
5.9e+07 1.48295e-09 2.05128e-07 2.44147e-11 8 1 0.5 8
5.91e+07 1.99883e-09 2.02969e-07 3.26834e-11 8 1 0.5 8
5.92e+07 1.57169e-09 2.0043e-07 3.39426e-11 6 1 0.5 6
5.93e+07 1.24833e-09 2.14583e-07 3.41227e-11 5 1 0.5 5
5.94e+07 1.78482e-09 2.03631e-07 4.69325e-11 5 1 0.5 5
5.95e+07 1.42537e-09 2.00258e-07 2.30269e-11 8 1 0.5 8
5.96e+07 1.71346e-09 2.08019e-07 3.81167e-11 6 1 0.5 6
5.97e+07 1.78807e-09 2.08917e-07 4.79743e-11 5 1 0.5 5
5.98e+07 1.85766e-09 2.00071e-07 2.39936e-11 10 1 0.5 10
5.99e+07 1.55524e-09 2.07099e-07 2.58026e-11 8 1 0.5 8
6e+07 1.44217e-09 2.01591e-07 1.7013e-11 11 1 0.5 11
6.01e+07 9.98651e-10 2.07613e-07 1.47281e-11 9 1 0.5 9
6.02e+07 1.49173e-09 2.06082e-07 3.29138e-11 6 1 0.5 6
6.03e+07 1.54835e-09 2.08569e-07 2.95401e-11 7 1 0.5 7
6.04e+07 1.42922e-09 2.0864e-07 1.90573e-11 10 1 0.5 10
6.05e+07 1.20655e-09 2.00377e-07 1.55801e-11 10 1 0.5 10
6.06e+07 1.04771e-09 2.04906e-07 2.75937e-11 5 1 0.5 5
6.07e+07 1.55273e-09 2.04802e-07 1.45639e-11 14 1 0.5 14
6.08e+07 1.03034e-09 2.0477e-07 2.25813e-11 6 1 0.5 6
6.09e+07 1.6226e-09 2.04783e-07 3.05224e-11 7 1 0.5 7
6.1e+07 1.26084e-09 2.16951e-07 1.57515e-11 11 1 0.5 11
6.11e+07 1.79219e-09 2.08661e-07 4.80394e-11 5 1 0.5 5
6.12e+07 1.59627e-09 2.08129e-07 3.57684e-11 6 1 0.5 6
6.13e+07 1.6093e-09 2.13211e-07 3.64871e-11 6 1 0.5 6
6.14e+07 1.37042e-09 2.06262e-07 1.81073e-11 10 1 0.5 10
6.15e+07 1.35624e-09 2.13225e-07 2.30101e-11 8 1 0.5 8
6.16e+07 1.16447e-09 2.12171e-07 2.24896e-11 7 1 0.5 7
6.17e+07 2.16911e-09 1.97641e-07 3.69423e-11 9 1 0.5 9
6.18e+07 1.41561e-09 1.98001e-07 2.59218e-11 7 1 0.5 7
6.19e+07 1.25023e-09 2.0525e-07 1.49517e-11 11 1 0.5 11
6.2e+07 9.69672e-10 2.14063e-07 1.64841e-11 8 1 0.5 8
6.21e+07 1.49353e-09 2.10918e-07 2.87415e-11 7 1 0.5 7
6.22e+07 1.47218e-09 2.01863e-07 2.73708e-11 7 1 0.5 7
6.23e+07 1.62827e-09 2.07874e-07 3.63537e-11 6 1 0.5 6
6.24e+07 1.06724e-09 2.07057e-07 1.17736e-11 12 1 0.5 12
6.25e+07 1.68235e-09 2.05036e-07 2.21407e-11 10 1 0.5 10
6.26e+07 1.77474e-09 2.02781e-07 3.31449e-11 7 1 0.5 7
6.27e+07 1.03375e-09 2.01136e-07 1.48741e-11 9 1 0.5 9
6.28e+07 1.09103e-09 2.09708e-07 1.32651e-11 11 1 0.5 11
6.29e+07 1.55286e-09 2.10197e-07 2.60653e-11 8 1 0.5 8
6.3e+07 1.8433e-09 2.12291e-07 2.77249e-11 9 1 0.5 9
6.31e+07 1.09853e-09 2.00828e-07 2.03184e-11 7 1 0.5 7
6.32e+07 1.71198e-09 2.11412e-07 3.85717e-11 6 1 0.5 6
6.33e+07 1.28315e-09 2.05647e-07 3.39259e-11 5 1 0.5 5
6.34e+07 1.75978e-09 2.03787e-07 2.88462e-11 8 1 0.5 8
6.35e+07 1.9306e-09 2.09118e-07 2.14991e-11 12 1 0.5 12
6.36e+07 1.7554e-09 2.01063e-07 2.27552e-11 10 1 0.5 10
6.37e+07 1.1439e-09 2.05629e-07 1.50703e-11 10 1 0.5 10
6.38e+07 1.6602e-09 2.07355e-07 4.43026e-11 5 1 0.5 5
6.39e+07 1.23277e-09 2.04579e-07 1.07757e-11 15 1 0.5 15
6.4e+07 1.37678e-09 2.17661e-07 2.10956e-11 9 1 0.5 9
6.41e+07 1.52776e-09 2.02435e-07 1.98998e-11 10 1 0.5 10
6.42e+07 1.74788e-09 2.08474e-07 2.91655e-11 8 1 0.5 8
6.43e+07 7.95541e-10 1.9962e-07 1.27981e-11 8 1 0.5 8
6.44e+07 1.26252e-09 2.18771e-07 1.94173e-11 9 1 0.5 9
6.45e+07 1.54148e-09 2.06011e-07 1.84992e-11 11 1 0.5 11
6.46e+07 1.62485e-09 1.9805e-07 4.178e-11 5 1 0.5 5
6.47e+07 1.37981e-09 2.10634e-07 2.06014e-11 9 1 0.5 9
6.48e+07 1.15433e-09 2.09835e-07 2.57998e-11 6 1 0.5 6
6.49e+07 1.27322e-09 2.01805e-07 2.36516e-11 7 1 0.5 7
6.5e+07 1.72588e-09 2.14205e-07 3.92922e-11 6 1 0.5 6
6.51e+07 1.91576e-09 2.10596e-07 8.67871e-11 3 1 0.5 3
6.52e+07 1.45109e-09 2.08482e-07 2.7667e-11 7 1 0.5 7
6.53e+07 1.32631e-09 2.10884e-07 2.23054e-11 8 1 0.5 8
6.54e+07 1.9083e-09 2.09978e-07 2.56014e-11 10 1 0.5 10
6.55e+07 1.8062e-09 2.06294e-07 2.98958e-11 8 1 0.5 8
6.56e+07 1.50446e-09 2.02998e-07 3.2807e-11 6 1 0.5 6
6.57e+07 1.59964e-09 2.19155e-07 2.7755e-11 8 1 0.5 8
6.58e+07 1.27857e-09 2.03351e-07 1.51807e-11 11 1 0.5 11
6.59e+07 1.95656e-09 2.02402e-07 2.83543e-11 9 1 0.5 9
6.6e+07 1.83459e-09 1.99954e-07 2.15222e-11 11 1 0.5 11
6.61e+07 1.29003e-09 2.02096e-07 2.39919e-11 7 1 0.5 7
6.62e+07 1.40739e-09 2.05944e-07 1.68811e-11 11 1 0.5 11
6.63e+07 1.40064e-09 2.13151e-07 1.89921e-11 10 1 0.5 10
6.64e+07 9.9515e-10 2.09771e-07 1.90377e-11 7 1 0.5 7
6.65e+07 1.34698e-09 2.05138e-07 4.45145e-11 4 1 0.5 4
6.66e+07 1.83199e-09 2.07133e-07 3.04216e-11 8 1 0.5 8
6.67e+07 1.32508e-09 1.97369e-07 2.11606e-11 8 1 0.5 8
6.68e+07 1.60834e-09 1.98255e-07 4.13857e-11 5 1 0.5 5
6.69e+07 1.43921e-09 2.07015e-07 1.73343e-11 11 1 0.5 11
6.7e+07 1.18986e-09 2.01095e-07 1.02616e-11 15 1 0.5 15
6.71e+07 1.86858e-09 2.12196e-07 2.80968e-11 9 1 0.5 9
6.72e+07 1.68065e-09 2.06544e-07 2.22455e-11 10 1 0.5 10
6.73e+07 1.30927e-09 2.12326e-07 2.21363e-11 8 1 0.5 8
6.74e+07 1.50741e-09 1.95641e-07 2.12522e-11 9 1 0.5 9
6.75e+07 1.24295e-09 2.01474e-07 1.34266e-11 12 1 0.5 12
6.76e+07 1.35469e-09 2.0799e-07 3.00914e-11 6 1 0.5 6
6.77e+07 2.11639e-09 2.00428e-07 3.92089e-11 7 1 0.5 7
6.78e+07 1.04471e-09 2.08675e-07 9.27219e-12 15 1 0.5 15
6.79e+07 1.42117e-09 2.03324e-07 2.65673e-11 7 1 0.5 7
6.8e+07 1.4825e-09 1.98913e-07 2.38283e-11 8 1 0.5 8
6.81e+07 1.3166e-09 2.12206e-07 2.22508e-11 8 1 0.5 8
6.82e+07 1.77524e-09 2.09373e-07 2.15874e-11 11 1 0.5 11
6.83e+07 1.33635e-09 2.10445e-07 1.6301e-11 11 1 0.5 11
6.84e+07 1.31693e-09 2.11531e-07 1.61287e-11 11 1 0.5 11
6.85e+07 1.30781e-09 2.01361e-07 2.42551e-11 7 1 0.5 7
6.86e+07 1.55638e-09 2.07726e-07 1.76346e-10 6 1 0.5 6
6.87e+07 1.42008e-09 2.06284e-07 2.68487e-11 7 1 0.5 7
6.88e+07 1.49802e-09 2.05134e-07 2.46643e-11 8 1 0.5 8
6.89e+07 1.75185e-09 2.10882e-07 3.93979e-11 6 1 0.5 6
6.9e+07 1.25114e-09 2.11319e-07 1.40298e-11 12 1 0.5 12
6.91e+07 1.42535e-09 2.03568e-07 1.55268e-11 12 1 0.5 12
6.92e+07 1.82363e-09 1.98702e-07 1.62651e-10 6 1 0.5 6
6.93e+07 1.51896e-09 2.0348e-07 3.98711e-11 5 1 0.5 5
6.94e+07 1.64728e-09 2.04786e-07 2.40734e-11 9 1 0.5 9
6.95e+07 1.19015e-09 1.93979e-07 1.87458e-11 8 1 0.5 8
6.96e+07 1.90795e-09 2.10328e-07 4.28452e-11 6 1 0.5 6
6.97e+07 1.41068e-09 2.07862e-07 2.34624e-11 8 1 0.5 8
6.98e+07 1.65835e-09 2.07107e-07 2.75221e-11 8 1 0.5 8
6.99e+07 2.0831e-09 2.00113e-07 4.5016e-11 6 1 0.5 6
7e+07 1.49385e-09 1.90434e-07 2.65487e-11 7 1 0.5 7
7.01e+07 1.55888e-09 2.08978e-07 2.31414e-11 9 1 0.5 9
7.02e+07 1.48781e-09 2.16721e-07 3.41552e-11 6 1 0.5 6
7.03e+07 1.57012e-09 2.20741e-07 3.13318e-11 7 1 0.5 7
7.04e+07 2.20557e-09 2.13099e-07 3.3304e-11 9 1 0.5 9
7.05e+07 1.75822e-09 2.20623e-07 3.50928e-11 7 1 0.5 7
7.06e+07 1.77326e-09 2.08776e-07 2.96249e-11 8 1 0.5 8
7.07e+07 1.71054e-09 2.09508e-07 1.90686e-11 12 1 0.5 12
7.08e+07 1.41782e-09 2.0729e-07 1.56651e-11 12 1 0.5 12
7.09e+07 1.65725e-09 2.0682e-07 3.66913e-11 6 1 0.5 6
7.1e+07 1.434e-09 2.03651e-07 1.33885e-11 14 1 0.5 14
7.11e+07 1.52333e-09 2.1391e-07 1.09523e-10 13 1 0.5 13
7.12e+07 1.70342e-09 2.1077e-07 2.54668e-11 9 1 0.5 9
7.13e+07 1.5662e-09 2.09871e-07 2.62581e-11 8 1 0.5 8
7.14e+07 1.56475e-09 2.14917e-07 3.05689e-11 7 1 0.5 7
7.15e+07 1.02393e-09 2.03736e-07 9.5568e-12 14 1 0.5 14
7.16e+07 2.00057e-09 2.19406e-07 1.98261e-11 14 1 0.5 14
7.17e+07 1.53938e-09 2.04247e-07 3.37341e-11 6 1 0.5 6
7.18e+07 1.67494e-09 2.08393e-07 5.61451e-11 4 1 0.5 4
7.19e+07 1.61894e-09 2.03126e-07 3.02604e-11 7 1 0.5 7
7.2e+07 1.5014e-09 2.01927e-07 2.79234e-11 7 1 0.5 7
7.21e+07 1.50837e-09 2.03871e-07 2.19588e-11 9 1 0.5 9
7.22e+07 1.69274e-09 2.09106e-07 2.26242e-11 10 1 0.5 10
7.23e+07 1.6234e-09 2.02944e-07 3.03228e-11 7 1 0.5 7
7.24e+07 1.51943e-09 2.0112e-07 2.81724e-11 7 1 0.5 7
7.25e+07 1.09771e-09 2.10021e-07 2.45461e-11 6 1 0.5 6
7.26e+07 1.68174e-09 2.15366e-07 3.87069e-11 6 1 0.5 6
7.27e+07 1.75915e-09 2.17943e-07 3.4772e-11 7 1 0.5 7
7.28e+07 1.3874e-09 2.12291e-07 3.76283e-11 5 1 0.5 5
7.29e+07 1.75895e-09 2.04413e-07 3.86017e-11 6 1 0.5 6
7.3e+07 1.70747e-09 2.04863e-07 2.81002e-11 8 1 0.5 8
7.31e+07 1.7746e-09 2.07207e-07 4.7303e-11 5 1 0.5 5
7.32e+07 2.05898e-09 2.19137e-07 3.57709e-11 8 1 0.5 8
7.33e+07 1.29217e-09 2.00479e-07 2.78829e-11 6 1 0.5 6
7.34e+07 1.2665e-09 2.02989e-07 1.50162e-11 11 1 0.5 11
7.35e+07 1.64042e-09 2.13862e-07 2.792e-11 8 1 0.5 8
7.36e+07 1.78157e-09 2.17174e-07 2.72782e-11 9 1 0.5 9
7.37e+07 1.6333e-09 2.07358e-07 2.41028e-11 9 1 0.5 9
7.38e+07 1.62465e-09 2.1181e-07 1.82646e-11 12 1 0.5 12
7.39e+07 1.22925e-09 2.11556e-07 4.15909e-11 4 1 0.5 4
7.4e+07 1.63641e-09 2.00119e-07 3.5306e-11 6 1 0.5 6
7.41e+07 1.0677e-09 2.04461e-07 2.00242e-11 7 1 0.5 7
7.42e+07 1.47825e-09 2.06421e-07 2.79683e-11 7 1 0.5 7
7.43e+07 1.40379e-09 2.04961e-07 1.53731e-11 12 1 0.5 12
7.44e+07 1.25092e-09 2.05002e-07 2.05714e-11 8 1 0.5 8
7.45e+07 1.76726e-09 1.98748e-07 1.89071e-11 12 1 0.5 12
7.46e+07 1.35892e-09 2.01401e-07 1.25766e-11 14 1 0.5 14
7.47e+07 1.5119e-09 2.0452e-07 1.17289e-10 8 1 0.5 8
7.48e+07 1.50347e-09 2.14872e-07 4.11892e-11 5 1 0.5 5
7.49e+07 1.83201e-09 2.04125e-07 3.43979e-11 7 1 0.5 7
7.5e+07 1.6569e-09 2.10716e-07 2.7874e-11 8 1 0.5 8
7.51e+07 2.05868e-09 2.09763e-07 4.61586e-11 6 1 0.5 6
7.52e+07 1.91663e-09 2.05033e-07 4.2187e-11 6 1 0.5 6
7.53e+07 1.8434e-09 2.09032e-07 2.46394e-11 10 1 0.5 10
7.54e+07 1.52846e-09 2.12194e-07 2.06579e-11 10 1 0.5 10
7.55e+07 1.47583e-09 2.03772e-07 1.28652e-11 15 1 0.5 15
7.56e+07 1.52888e-09 2.00787e-07 2.19952e-11 9 1 0.5 9
7.57e+07 1.30317e-09 1.98291e-07 3.34932e-11 5 1 0.5 5
7.58e+07 1.6243e-09 2.10462e-07 4.38014e-11 5 1 0.5 5
7.59e+07 1.47197e-09 2.09329e-07 2.81565e-11 7 1 0.5 7
7.6e+07 1.78106e-09 2.1244e-07 3.01666e-11 8 1 0.5 8
7.61e+07 1.24415e-09 2.11976e-07 1.29072e-11 13 1 0.5 13
7.62e+07 1.56095e-09 2.01842e-07 2.53834e-11 8 1 0.5 8
7.63e+07 2.11467e-09 2.01878e-07 3.44433e-11 8 1 0.5 8
7.64e+07 1.18736e-09 2.13725e-07 2.01723e-11 8 1 0.5 8
7.65e+07 1.41219e-09 2.1299e-07 3.84044e-11 5 1 0.5 5
7.66e+07 1.69877e-09 2.11358e-07 1.90683e-11 12 1 0.5 12
7.67e+07 1.70242e-09 2.12703e-07 2.88563e-11 8 1 0.5 8
7.68e+07 1.68391e-09 1.9845e-07 3.09148e-11 7 1 0.5 7
7.69e+07 1.41238e-09 2.05898e-07 1.69381e-11 11 1 0.5 11
7.7e+07 1.29284e-09 2.22347e-07 2.26705e-11 8 1 0.5 8
7.71e+07 1.69104e-09 2.15935e-07 2.10666e-11 11 1 0.5 11
7.72e+07 1.39962e-09 2.10639e-07 2.35217e-11 8 1 0.5 8
7.73e+07 1.04612e-09 2.08092e-07 9.92729e-12 14 1 0.5 14
7.74e+07 1.43234e-09 2.02555e-07 2.66979e-11 7 1 0.5 7
7.75e+07 1.47936e-09 2.15454e-07 2.24912e-11 9 1 0.5 9
7.76e+07 1.62808e-09 2.10866e-07 2.74023e-11 8 1 0.5 8
7.77e+07 1.14244e-09 2.14919e-07 2.60191e-11 6 1 0.5 6
7.78e+07 1.4814e-09 2.17141e-07 2.55071e-11 8 1 0.5 8
7.79e+07 1.40806e-09 2.02613e-07 2.62491e-11 7 1 0.5 7
7.8e+07 1.47899e-09 2.0998e-07 3.3115e-11 6 1 0.5 6
7.81e+07 1.50607e-09 2.06586e-07 2.85152e-11 7 1 0.5 7
7.82e+07 1.31485e-09 2.0057e-07 1.69954e-11 10 1 0.5 10
7.83e+07 1.59985e-09 2.17376e-07 1.83574e-11 12 1 0.5 12
7.84e+07 1.62003e-09 2.13624e-07 2.75471e-11 8 1 0.5 8
7.85e+07 1.85155e-09 2.1021e-07 2.76339e-11 9 1 0.5 9
7.86e+07 1.05327e-09 2.00346e-07 9.70345e-12 14 1 0.5 14
7.87e+07 1.52274e-09 1.98235e-07 3.2599e-11 6 1 0.5 6
7.88e+07 1.63109e-09 2.06977e-07 2.16227e-11 10 1 0.5 10
7.89e+07 2.06124e-09 2.08751e-07 3.06115e-11 9 1 0.5 9
7.9e+07 1.30049e-09 2.10458e-07 1.24564e-11 14 1 0.5 14
7.91e+07 1.69926e-09 2.07928e-07 4.54033e-11 5 1 0.5 5
7.92e+07 1.51946e-09 2.13221e-07 2.29139e-11 9 1 0.5 9
7.93e+07 1.32488e-09 2.08177e-07 1.46849e-11 12 1 0.5 12
7.94e+07 1.89881e-09 2.07673e-07 2.80733e-11 9 1 0.5 9
7.95e+07 1.4409e-09 2.09554e-07 2.41201e-11 8 1 0.5 8
7.96e+07 1.46291e-09 2.08179e-07 2.78614e-11 7 1 0.5 7
7.97e+07 1.52124e-09 2.0673e-07 1.43728e-11 14 1 0.5 14
7.98e+07 1.81998e-09 2.15252e-07 2.26223e-11 11 1 0.5 11
7.99e+07 1.6089e-09 2.09173e-07 2.69066e-11 8 1 0.5 8
8e+07 1.31866e-09 1.99624e-07 1.88755e-11 9 1 0.5 9
8.01e+07 1.43758e-09 2.07744e-07 1.59114e-11 12 1 0.5 12
8.02e+07 1.15348e-09 2.08743e-07 2.19929e-11 7 1 0.5 7
8.03e+07 1.36755e-09 2.14362e-07 1.86252e-11 10 1 0.5 10
8.04e+07 1.77509e-09 2.07912e-07 1.03245e-10 6 1 0.5 6
8.05e+07 2.08565e-09 2.04082e-07 3.42956e-11 8 1 0.5 8
8.06e+07 1.591e-09 2.04744e-07 1.74156e-11 12 1 0.5 12
8.07e+07 1.34723e-09 2.04668e-07 2.95498e-11 6 1 0.5 6
8.08e+07 1.52334e-09 2.0253e-07 3.31611e-11 6 1 0.5 6
8.09e+07 1.26355e-09 2.04736e-07 2.07587e-11 8 1 0.5 8
8.1e+07 1.7911e-09 2.10824e-07 4.02779e-11 6 1 0.5 6
8.11e+07 1.11309e-09 2.17055e-07 1.17627e-11 13 1 0.5 13
8.12e+07 1.722e-09 2.11997e-07 4.67239e-11 5 1 0.5 5
8.13e+07 1.94653e-09 2.02117e-07 3.17192e-11 8 1 0.5 8
8.14e+07 1.3688e-09 2.12422e-07 3.09152e-11 6 1 0.5 6
8.15e+07 1.44674e-09 2.12947e-07 2.1791e-11 9 1 0.5 9
8.16e+07 1.82566e-09 2.21302e-07 4.267e-11 6 1 0.5 6
8.17e+07 1.2137e-09 2.12307e-07 1.63989e-11 10 1 0.5 10
8.18e+07 1.40078e-09 2.13891e-07 2.38274e-11 8 1 0.5 8
8.19e+07 2.16781e-09 2.0424e-07 4.76157e-11 6 1 0.5 6
8.2e+07 1.47467e-09 2.10379e-07 3.30669e-11 6 1 0.5 6
8.21e+07 1.08037e-09 2.06424e-07 1.18902e-11 12 1 0.5 12
8.22e+07 1.66208e-09 2.06593e-07 1.99956e-11 11 1 0.5 11
8.23e+07 1.33573e-09 2.03409e-07 2.49713e-11 7 1 0.5 7
8.24e+07 1.62302e-09 2.06664e-07 1.99937e-11 11 1 0.5 11
8.25e+07 1.29567e-09 2.13892e-07 1.95764e-11 9 1 0.5 9
8.26e+07 1.39583e-09 2.04065e-07 3.67012e-11 5 1 0.5 5
8.27e+07 1.58685e-09 2.07891e-07 4.23724e-11 5 1 0.5 5
8.28e+07 1.53961e-09 2.18292e-07 3.55546e-11 6 1 0.5 6
8.29e+07 1.09673e-09 2.10371e-07 2.10351e-11 7 1 0.5 7
8.3e+07 1.71279e-09 2.15629e-07 2.34547e-11 10 1 0.5 10
8.31e+07 1.62543e-09 2.02041e-07 1.92155e-11 11 1 0.5 11
8.32e+07 1.53866e-09 2.06419e-07 2.54606e-11 8 1 0.5 8
8.33e+07 7.52214e-10 2.05689e-07 9.90363e-12 10 1 0.5 10
8.34e+07 1.50237e-09 2.16535e-07 1.71828e-11 12 1 0.5 12
8.35e+07 1.4242e-09 2.08241e-07 2.71271e-11 7 1 0.5 7
8.36e+07 1.18811e-09 2.0264e-07 3.10402e-11 5 1 0.5 5
8.37e+07 1.29152e-09 2.07052e-07 2.44792e-11 7 1 0.5 7
8.38e+07 1.71105e-09 2.01369e-07 2.46826e-11 9 1 0.5 9
8.39e+07 1.60048e-09 2.09209e-07 2.1395e-11 10 1 0.5 10
8.4e+07 1.50362e-09 2.05334e-07 3.97468e-11 5 1 0.5 5
8.41e+07 1.51829e-09 2.14952e-07 3.46335e-11 6 1 0.5 6
8.42e+07 2.1417e-09 2.07562e-07 5.72606e-11 5 1 0.5 5
8.43e+07 1.49132e-09 1.91552e-07 2.06841e-11 9 1 0.5 9
8.44e+07 1.57201e-09 2.01579e-07 3.41011e-11 6 1 0.5 6
8.45e+07 1.00036e-09 2.19659e-07 2.31673e-11 6 1 0.5 6
8.46e+07 1.40781e-09 2.10025e-07 1.88688e-11 10 1 0.5 10
8.47e+07 1.72162e-09 2.03897e-07 4.53041e-11 5 1 0.5 5
8.48e+07 1.3704e-09 2.06614e-07 2.01531e-11 9 1 0.5 9
8.49e+07 1.0576e-09 2.10367e-07 1.77384e-11 8 1 0.5 8
8.5e+07 9.51405e-10 2.06398e-07 1.25655e-11 10 1 0.5 10
8.51e+07 1.68777e-09 2.01738e-07 2.19326e-11 10 1 0.5 10
8.52e+07 1.50798e-09 2.14144e-07 3.42947e-11 6 1 0.5 6
8.53e+07 1.1325e-09 2.07208e-07 3.7677e-11 4 1 0.5 4
8.54e+07 1.43981e-09 2.12178e-07 2.16245e-11 9 1 0.5 9
8.55e+07 1.07459e-09 2.13415e-07 1.82297e-11 8 1 0.5 8
8.56e+07 1.66165e-09 2.07223e-07 3.15525e-11 7 1 0.5 7
8.57e+07 1.66408e-09 2.14053e-07 2.83446e-11 8 1 0.5 8
8.58e+07 1.41115e-09 2.06382e-07 2.66891e-11 7 1 0.5 7
8.59e+07 1.24853e-09 2.14859e-07 3.41629e-11 5 1 0.5 5
8.6e+07 1.18541e-09 2.12986e-07 2.29649e-11 7 1 0.5 7
8.61e+07 1.76789e-09 2.10748e-07 3.403e-11 7 1 0.5 7
8.62e+07 1.1796e-09 2.02516e-07 1.92107e-11 8 1 0.5 8
8.63e+07 1.51301e-09 1.96818e-07 2.41216e-11 8 1 0.5 8
8.64e+07 1.47767e-09 1.94325e-07 1.86434e-11 10 1 0.5 10
8.65e+07 1.61658e-09 1.98091e-07 1.72457e-11 12 1 0.5 12
8.66e+07 1.76313e-09 2.13606e-07 3.43008e-11 7 1 0.5 7
8.67e+07 1.80524e-09 1.93878e-07 2.84693e-11 8 1 0.5 8
8.68e+07 1.35152e-09 2.13696e-07 2.04084e-11 9 1 0.5 9
8.69e+07 1.44392e-09 1.94892e-07 2.61199e-11 7 1 0.5 7
8.7e+07 1.80696e-09 2.02085e-07 1.46764e-11 16 1 0.5 16
8.71e+07 1.19661e-09 2.02539e-07 1.94905e-11 8 1 0.5 8
8.72e+07 1.24138e-09 2.09004e-07 1.10347e-11 15 1 0.5 15
8.73e+07 1.53014e-09 2.08393e-07 3.40629e-11 6 1 0.5 6
8.74e+07 1.58673e-09 2.13717e-07 2.69876e-11 8 1 0.5 8
8.75e+07 1.75119e-09 2.01696e-07 3.80304e-11 6 1 0.5 6
8.76e+07 9.69723e-10 2.12601e-07 1.31093e-11 10 1 0.5 10
8.77e+07 1.4433e-09 2.13584e-07 3.93424e-11 5 1 0.5 5
8.78e+07 1.50666e-09 2.02744e-07 1.96473e-11 10 1 0.5 10
8.79e+07 1.40396e-09 2.05685e-07 2.31581e-11 8 1 0.5 8
8.8e+07 1.49831e-09 2.02329e-07 2.4405e-11 8 1 0.5 8
8.81e+07 1.57027e-09 2.04413e-07 2.94915e-11 7 1 0.5 7
8.82e+07 1.65954e-09 2.10679e-07 6.82144e-11 5 1 0.5 5
8.83e+07 1.57575e-09 2.05035e-07 2.594e-11 8 1 0.5 8
8.84e+07 1.41356e-09 2.07238e-07 2.08393e-11 9 1 0.5 9
8.85e+07 1.58905e-09 2.0965e-07 1.9336e-11 11 1 0.5 11
8.86e+07 1.83163e-09 2.17848e-07 6.36487e-11 4 1 0.5 4
8.87e+07 1.50706e-09 2.11751e-07 1.56288e-11 13 1 0.5 13
8.88e+07 1.94073e-09 2.02141e-07 5.07752e-11 5 1 0.5 5
8.89e+07 1.16841e-09 2.04664e-07 1.70469e-11 9 1 0.5 9
8.9e+07 1.27907e-09 2.00716e-07 2.36607e-11 7 1 0.5 7
8.91e+07 1.80702e-09 2.0123e-07 2.1303e-11 11 1 0.5 11
8.92e+07 1.79511e-09 2.00226e-07 2.31965e-11 10 1 0.5 10
8.93e+07 1.48989e-09 2.0529e-07 4.93056e-11 4 1 0.5 4
8.94e+07 1.32097e-09 2.05254e-07 1.33635e-11 13 1 0.5 13
8.95e+07 1.71769e-09 2.03994e-07 5.66351e-11 4 1 0.5 4
8.96e+07 1.34969e-09 2.06496e-07 2.23282e-11 8 1 0.5 8
8.97e+07 1.05599e-09 2.11161e-07 2.37102e-11 6 1 0.5 6
8.98e+07 1.39564e-09 2.08181e-07 6.24008e-11 3 1 0.5 3
8.99e+07 1.35872e-09 2.18104e-07 1.56246e-11 12 1 0.5 12
9e+07 1.45155e-09 1.99184e-07 2.07489e-11 9 1 0.5 9
9.01e+07 1.24039e-09 2.19952e-07 2.15611e-11 8 1 0.5 8
9.02e+07 1.19828e-09 2.14924e-07 1.36162e-11 12 1 0.5 12
9.03e+07 1.80428e-09 2.06392e-07 3.99037e-11 6 1 0.5 6
9.04e+07 1.01582e-09 2.13428e-07 1.53109e-11 9 1 0.5 9
9.05e+07 1.68625e-09 1.99932e-07 3.63614e-11 6 1 0.5 6
9.06e+07 1.66766e-09 2.01382e-07 2.70769e-11 8 1 0.5 8
9.07e+07 1.46876e-09 2.04526e-07 2.75879e-11 7 1 0.5 7
9.08e+07 1.79045e-09 2.15154e-07 3.06323e-11 8 1 0.5 8
9.09e+07 1.13654e-09 2.05167e-07 2.49564e-11 6 1 0.5 6
9.1e+07 1.74299e-09 2.04969e-07 3.83309e-11 6 1 0.5 6
9.11e+07 1.57341e-09 2.00356e-07 1.6933e-11 12 1 0.5 12
9.12e+07 1.29321e-09 2.03444e-07 1.40772e-11 12 1 0.5 12
9.13e+07 1.2826e-09 2.12736e-07 1.15617e-11 15 1 0.5 15
9.14e+07 1.27796e-09 2.02291e-07 2.08002e-11 8 1 0.5 8
9.15e+07 1.17016e-09 2.1407e-07 1.99044e-11 8 1 0.5 8
9.16e+07 1.29673e-09 1.99995e-07 3.35492e-11 5 1 0.5 5
9.17e+07 1.72531e-09 2.15999e-07 3.95393e-11 6 1 0.5 6
9.18e+07 2.02286e-09 2.11298e-07 5.48198e-11 5 1 0.5 5
9.19e+07 1.61256e-09 2.13202e-07 3.65604e-11 6 1 0.5 6
9.2e+07 1.24088e-09 2.06807e-07 2.05461e-11 8 1 0.5 8
9.21e+07 1.7315e-09 1.97777e-07 2.21583e-11 10 1 0.5 10
9.22e+07 1.73698e-09 2.16589e-07 2.98698e-11 8 1 0.5 8
9.23e+07 2.02702e-09 2.08069e-07 5.42705e-11 5 1 0.5 5
9.24e+07 1.60461e-09 2.09925e-07 3.07757e-11 7 1 0.5 7
9.25e+07 1.46769e-09 2.11702e-07 2.47684e-11 8 1 0.5 8
9.26e+07 1.68129e-09 2.15815e-07 3.30122e-11 7 1 0.5 7
9.27e+07 1.5649e-09 2.07486e-07 3.47221e-11 6 1 0.5 6
9.28e+07 1.37527e-09 2.117e-07 1.42561e-11 13 1 0.5 13
9.29e+07 1.46798e-09 2.1167e-07 2.20075e-11 9 1 0.5 9
9.3e+07 1.38152e-09 1.97899e-07 2.21112e-11 8 1 0.5 8
9.31e+07 1.19612e-09 2.11917e-07 2.69466e-11 6 1 0.5 6
9.32e+07 1.25934e-09 2.18066e-07 1.57967e-11 11 1 0.5 11
9.33e+07 1.49718e-09 2.07976e-07 2.84954e-11 7 1 0.5 7
9.34e+07 1.75589e-09 1.93087e-07 4.42946e-11 5 1 0.5 5
9.35e+07 1.61161e-09 2.07088e-07 1.42303e-11 15 1 0.5 15
9.36e+07 1.02527e-09 2.09248e-07 1.71228e-11 8 1 0.5 8
9.37e+07 1.32697e-09 2.01707e-07 2.87738e-11 6 1 0.5 6
9.38e+07 1.16651e-09 2.14929e-07 1.76864e-11 9 1 0.5 9
9.39e+07 1.78611e-09 2.10662e-07 2.66979e-11 9 1 0.5 9
9.4e+07 2.08374e-09 1.95663e-07 4.42487e-11 6 1 0.5 6
9.41e+07 1.57153e-09 1.93498e-07 4.96883e-11 4 1 0.5 4
9.42e+07 1.46426e-09 2.10318e-07 2.81124e-11 7 1 0.5 7
9.43e+07 1.34082e-09 2.03297e-07 3.51425e-11 5 1 0.5 5
9.44e+07 1.41133e-09 2.03571e-07 3.08332e-11 6 1 0.5 6
9.45e+07 1.58583e-09 2.14546e-07 2.70548e-11 8 1 0.5 8
9.46e+07 1.75132e-09 1.97966e-07 2.24296e-11 10 1 0.5 10
9.47e+07 1.26264e-09 2.10185e-07 2.42134e-11 7 1 0.5 7
9.48e+07 1.53201e-09 2.06706e-07 2.90217e-11 7 1 0.5 7
9.49e+07 1.41395e-09 2.04136e-07 4.77258e-11 5 1 0.5 5
9.5e+07 1.41405e-09 2.06487e-07 2.67549e-11 7 1 0.5 7
9.51e+07 1.41544e-09 2.09793e-07 2.10689e-11 9 1 0.5 9
9.52e+07 1.74217e-09 2.10928e-07 4.70873e-11 5 1 0.5 5
9.53e+07 1.64376e-09 2.11636e-07 1.84681e-11 12 1 0.5 12
9.54e+07 1.32186e-09 2.02951e-07 1.91669e-11 9 1 0.5 9
9.55e+07 1.12348e-09 2.20585e-07 1.95668e-11 8 1 0.5 8
9.56e+07 1.3476e-09 2.16715e-07 1.54182e-11 12 1 0.5 12
9.57e+07 1.34854e-09 2.08317e-07 2.5687e-11 7 1 0.5 7
9.58e+07 1.55122e-09 2.04968e-07 3.40889e-11 6 1 0.5 6
9.59e+07 1.38798e-09 2.1954e-07 1.37477e-11 14 1 0.5 14
9.6e+07 2.03682e-09 2.1428e-07 5.58175e-11 5 1 0.5 5
9.61e+07 1.62043e-09 2.02314e-07 3.01936e-11 7 1 0.5 7
9.62e+07 1.48722e-09 2.01536e-07 2.76166e-11 7 1 0.5 7
9.63e+07 1.11897e-09 2.01052e-07 2.07156e-11 7 1 0.5 7
9.64e+07 1.49967e-09 1.98493e-07 2.40659e-11 8 1 0.5 8
9.65e+07 1.59558e-09 2.09016e-07 3.04972e-11 7 1 0.5 7
9.66e+07 1.9763e-09 2.09518e-07 2.94285e-11 9 1 0.5 9
9.67e+07 1.76163e-09 1.991e-07 5.08902e-11 5 1 0.5 5
9.68e+07 1.24954e-09 2.00763e-07 2.69882e-11 6 1 0.5 6
9.69e+07 1.41264e-09 2.149e-07 2.41194e-11 8 1 0.5 8
9.7e+07 1.33242e-09 2.10039e-07 2.2338e-11 8 1 0.5 8
9.71e+07 1.43713e-09 1.9815e-07 3.07463e-11 6 1 0.5 6
9.72e+07 1.67679e-09 2.09836e-07 3.75516e-11 6 1 0.5 6
9.73e+07 1.20846e-09 2.21942e-07 1.87968e-11 9 1 0.5 9
9.74e+07 1.05551e-09 2.12606e-07 1.29716e-11 11 1 0.5 11
9.75e+07 1.71949e-09 2.04449e-07 4.53434e-11 5 1 0.5 5
9.76e+07 1.6669e-09 2.08676e-07 2.02123e-11 11 1 0.5 11
9.77e+07 2.1221e-09 2.06011e-07 7.06727e-11 4 1 0.5 4
9.78e+07 1.5911e-09 1.99427e-07 2.04872e-11 10 1 0.5 10
9.79e+07 1.50243e-09 2.08542e-07 2.50591e-11 8 1 0.5 8
9.8e+07 1.66178e-09 2.00287e-07 2.68665e-11 8 1 0.5 8
9.81e+07 1.48781e-09 2.04911e-07 1.62926e-11 12 1 0.5 12
9.82e+07 1.87436e-09 2.11692e-07 3.62195e-11 7 1 0.5 7
9.83e+07 1.21464e-09 2.07329e-07 2.68991e-11 6 1 0.5 6
9.84e+07 1.68174e-09 2.11237e-07 2.83491e-11 8 1 0.5 8
9.85e+07 1.82599e-09 2.03213e-07 4.79469e-11 5 1 0.5 5
9.86e+07 1.63036e-09 2.03285e-07 5.35832e-11 4 1 0.5 4
9.87e+07 1.26059e-09 2.02843e-07 2.35098e-11 7 1 0.5 7
9.88e+07 1.37618e-09 2.12922e-07 2.66711e-11 7 1 0.5 7
9.89e+07 1.73796e-09 2.03987e-07 3.8076e-11 6 1 0.5 6
9.9e+07 1.61616e-09 2.08898e-07 1.7972e-11 12 1 0.5 12
9.91e+07 1.59444e-09 2.03742e-07 1.89717e-11 11 1 0.5 11
9.92e+07 1.78597e-09 2.12882e-07 2.42143e-11 10 1 0.5 10
9.93e+07 1.41928e-09 2.09202e-07 2.10794e-11 9 1 0.5 9
9.94e+07 1.41535e-09 2.14023e-07 2.4088e-11 8 1 0.5 8
9.95e+07 1.45793e-09 2.05272e-07 1.91949e-11 10 1 0.5 10
9.96e+07 1.53551e-09 2.14538e-07 5.62972e-11 4 1 0.5 4
9.97e+07 9.59551e-10 2.10307e-07 2.14685e-11 6 1 0.5 6
9.98e+07 1.28249e-09 2.14764e-07 1.58948e-11 11 1 0.5 11
9.99e+07 1.58753e-09 2.09134e-07 2.65437e-11 8 1 0.5 8
1e+08 1.1914e-09 2.08782e-07 2.27221e-11 7 1 0.5 7
