0 1.50659e-09 2.07143e-07 1.91083e-11 11 1 0.5 11
100000 1.64102e-09 2.1007e-07 5.71897e-11 4 1 0.5 4
200000 1.51974e-09 2.06974e-07 2.88175e-11 7 1 0.5 7
300000 1.44263e-09 2.09476e-07 2.04736e-10 7 1 0.5 7
400000 1.94497e-09 2.06939e-07 2.86792e-11 9 1 0.5 9
500000 1.6617e-09 2.19325e-07 2.56348e-11 9 1 0.5 9
600000 2.10814e-09 2.07676e-07 5.6379e-11 5 1 0.5 5
700000 1.64661e-09 1.99637e-07 2.65528e-11 8 1 0.5 8
800000 1.29796e-09 2.15986e-07 1.77802e-11 10 1 0.5 10
900000 1.45217e-09 2.08756e-07 2.77161e-11 7 1 0.5 7
1e+06 1.02314e-09 2.10214e-07 1.7149e-11 8 1 0.5 8
1.1e+06 1.95849e-09 2.08859e-07 5.2576e-11 5 1 0.5 5
1.2e+06 1.59728e-09 2.18697e-07 2.76679e-11 8 1 0.5 8
1.3e+06 1.83479e-09 2.06143e-07 5.61978e-11 8 1 0.5 8
1.4e+06 1.62088e-09 2.01904e-07 2.34251e-11 9 1 0.5 9
1.5e+06 1.44341e-09 2.13041e-07 1.77818e-11 11 1 0.5 11
1.6e+06 1.12025e-09 2.06204e-07 1.47903e-11 10 1 0.5 10
1.7e+06 1.62079e-09 2.0795e-07 2.69818e-11 8 1 0.5 8
1.8e+06 1.23018e-09 2.00072e-07 2.2696e-11 7 1 0.5 7
1.9e+06 1.41016e-09 2.02482e-07 3.06788e-11 6 1 0.5 6
2e+06 1.54926e-09 2.06008e-07 3.4181e-11 6 1 0.5 6
2.1e+06 1.5645e-09 2.04678e-07 2.94123e-11 7 1 0.5 7
2.2e+06 1.31066e-09 2.02135e-07 1.7044e-11 10 1 0.5 10
2.3e+06 1.38451e-09 2.038e-07 1.81229e-11 10 1 0.5 10
2.4e+06 1.4767e-09 2.03195e-07 1.92889e-11 10 1 0.5 10
2.5e+06 1.56908e-09 2.0815e-07 3.49031e-11 6 1 0.5 6
2.6e+06 1.60834e-09 2.12343e-07 1.81165e-11 12 1 0.5 12
2.7e+06 1.40168e-09 2.08414e-07 1.69703e-11 11 1 0.5 11
2.8e+06 1.56e-09 2.06343e-07 3.44631e-11 6 1 0.5 6
2.9e+06 1.57517e-09 2.11748e-07 2.36278e-11 9 1 0.5 9
3e+06 1.41785e-09 2.08478e-07 1.88937e-11 10 1 0.5 10
3.1e+06 1.58038e-09 2.10754e-07 3.55014e-11 6 1 0.5 6
3.2e+06 1.8327e-09 2.04571e-07 4.02558e-11 6 1 0.5 6
3.3e+06 1.52518e-09 2.0565e-07 3.36009e-11 6 1 0.5 6
3.4e+06 1.29785e-09 2.08343e-07 1.23328e-11 14 1 0.5 14
3.5e+06 1.65575e-09 2.06292e-07 2.73939e-11 8 1 0.5 8
3.6e+06 1.24114e-09 2.10418e-07 1.51351e-11 11 1 0.5 11
3.7e+06 1.06601e-09 2.08291e-07 1.77412e-11 8 1 0.5 8
3.8e+06 1.67325e-09 2.02975e-07 7.3495e-11 3 1 0.5 3
3.9e+06 1.40251e-09 2.05111e-07 2.30835e-11 8 1 0.5 8
4e+06 1.69648e-09 2.10152e-07 4.57096e-11 5 1 0.5 5
4.1e+06 1.32656e-09 2.10323e-07 2.54576e-11 7 1 0.5 7
4.2e+06 1.51361e-09 2.10497e-07 1.56237e-11 13 1 0.5 13
4.3e+06 1.72336e-09 2.02453e-07 1.60236e-11 14 1 0.5 14
4.4e+06 1.93089e-09 2.0067e-07 3.12871e-11 8 1 0.5 8
4.5e+06 1.59602e-09 2.05404e-07 4.22183e-11 5 1 0.5 5
4.6e+06 1.28619e-09 2.03872e-07 1.8714e-11 9 1 0.5 9
4.7e+06 1.00587e-09 2.03679e-07 1.88045e-11 7 1 0.5 7
4.8e+06 1.49573e-09 2.10171e-07 3.35159e-11 6 1 0.5 6
4.9e+06 1.11515e-09 2.12621e-07 1.50815e-11 10 1 0.5 10
5e+06 1.02021e-09 2.25223e-07 1.03062e-11 14 1 0.5 14
5.1e+06 1.76061e-09 2.1061e-07 2.3668e-11 10 1 0.5 10
5.2e+06 1.4138e-09 2.158e-07 2.76957e-11 7 1 0.5 7
5.3e+06 1.28961e-09 2.10178e-07 2.47321e-11 7 1 0.5 7
5.4e+06 1.45179e-09 2.04824e-07 3.18746e-11 6 1 0.5 6
5.5e+06 1.68491e-09 2.03123e-07 4.48615e-11 5 1 0.5 5
5.6e+06 1.20345e-09 2.02529e-07 2.61663e-11 6 1 0.5 6
5.7e+06 1.71179e-09 1.99976e-07 4.43652e-11 5 1 0.5 5
5.8e+06 9.7178e-10 2.02534e-07 1.4056e-11 9 1 0.5 9
5.9e+06 1.41099e-09 2.07185e-07 2.34076e-11 8 1 0.5 8
6e+06 1.00818e-09 2.07425e-07 2.23178e-11 6 1 0.5 6
6.1e+06 1.79487e-09 2.2169e-07 3.14468e-11 8 1 0.5 8
6.2e+06 1.79424e-09 2.07995e-07 4.79741e-11 5 1 0.5 5
6.3e+06 1.47943e-09 2.08191e-07 3.95296e-11 5 1 0.5 5
6.4e+06 1.32443e-09 2.10447e-07 1.97578e-11 9 1 0.5 9
6.5e+06 1.69234e-09 2.08049e-07 4.52376e-11 5 1 0.5 5
6.6e+06 1.21619e-09 1.98276e-07 1.94851e-11 8 1 0.5 8
6.7e+06 1.23855e-09 1.96955e-07 1.75412e-11 9 1 0.5 9
6.8e+06 1.80884e-09 2.02189e-07 5.92572e-11 4 1 0.5 4
6.9e+06 1.59307e-09 2.1165e-07 1.78978e-11 12 1 0.5 12
7e+06 1.72831e-09 2.04186e-07 2.26741e-11 10 1 0.5 10
7.1e+06 1.55798e-09 2.12756e-07 3.52572e-11 6 1 0.5 6
7.2e+06 1.11257e-09 2.06367e-07 9.17684e-12 16 1 0.5 16
7.3e+06 1.43487e-09 2.01082e-07 3.10506e-11 6 1 0.5 6
7.4e+06 1.61001e-09 2.05057e-07 3.54007e-11 6 1 0.5 6
7.5e+06 1.54325e-09 2.05114e-07 2.54104e-11 8 1 0.5 8
7.6e+06 1.83213e-09 2.09896e-07 2.45678e-11 10 1 0.5 10
7.7e+06 1.97887e-09 2.11546e-07 4.46529e-11 6 1 0.5 6
7.8e+06 1.83979e-09 2.10983e-07 4.14053e-11 6 1 0.5 6
7.9e+06 1.6356e-09 2.07036e-07 2.71354e-11 8 1 0.5 8
8e+06 1.36003e-09 2.01943e-07 2.52846e-11 7 1 0.5 7
8.1e+06 1.58605e-09 2.20444e-07 3.69202e-11 6 1 0.5 6
8.2e+06 1.44344e-09 2.18482e-07 2.49722e-11 8 1 0.5 8
8.3e+06 1.45057e-09 2.08998e-07 2.4232e-11 8 1 0.5 8
8.4e+06 1.13629e-09 2.02129e-07 2.4662e-11 6 1 0.5 6
8.5e+06 1.44449e-09 2.00313e-07 1.69564e-11 11 1 0.5 11
8.6e+06 1.61011e-09 2.00668e-07 2.6066e-11 8 1 0.5 8
8.7e+06 1.26312e-09 2.08257e-07 2.10307e-11 8 1 0.5 8
8.8e+06 1.62692e-09 2.06877e-07 3.08491e-11 7 1 0.5 7
8.9e+06 2.21243e-09 2.02271e-07 5.79827e-11 5 1 0.5 5
9e+06 1.45835e-09 2.10694e-07 1.22326e-11 16 1 0.5 16
9.1e+06 1.29523e-09 2.13427e-07 2.51424e-11 7 1 0.5 7
9.2e+06 2.04051e-09 2.08213e-07 4.54814e-11 6 1 0.5 6
9.3e+06 1.60129e-09 2.11713e-07 4.33785e-11 5 1 0.5 5
9.4e+06 1.51499e-09 2.01406e-07 1.6369e-11 12 1 0.5 12
9.5e+06 2.02891e-09 2.13013e-07 2.75369e-11 10 1 0.5 10
9.6e+06 1.49349e-09 2.06387e-07 1.97482e-11 10 1 0.5 10
9.7e+06 1.35358e-09 2.16275e-07 2.06343e-11 9 1 0.5 9
9.8e+06 1.47039e-09 2.06831e-07 3.25327e-11 6 1 0.5 6
9.9e+06 1.14918e-09 2.06186e-07 2.53494e-11 6 1 0.5 6
1e+07 1.8819e-09 2.08925e-07 2.5146e-11 10 1 0.5 10
1.01e+07 1.71202e-09 2.05864e-07 3.77741e-11 6 1 0.5 6
1.02e+07 1.75892e-09 2.06696e-07 3.89388e-11 6 1 0.5 6
1.03e+07 1.49618e-09 2.04974e-07 1.51245e-11 13 1 0.5 13
1.04e+07 1.43324e-09 2.12479e-07 2.77365e-11 7 1 0.5 7
1.05e+07 1.40097e-09 2.11198e-07 1.34581e-11 14 1 0.5 14
1.06e+07 1.38163e-09 2.13832e-07 2.08751e-11 9 1 0.5 9
1.07e+07 1.12875e-09 2.07081e-07 1.35897e-11 11 1 0.5 11
1.08e+07 1.51541e-09 2.12054e-07 1.70484e-11 12 1 0.5 12
1.09e+07 1.68511e-09 2.13043e-07 5.74813e-11 4 1 0.5 4
1.1e+07 1.77163e-09 2.00669e-07 4.60878e-11 5 1 0.5 5
1.11e+07 1.621e-09 2.01914e-07 4.23127e-11 5 1 0.5 5
1.12e+07 1.01365e-09 2.05602e-07 9.52845e-12 14 1 0.5 14
1.13e+07 1.5018e-09 2.08304e-07 5.02751e-11 4 1 0.5 4
1.14e+07 1.96113e-09 2.10293e-07 3.77091e-11 7 1 0.5 7
1.15e+07 7.89354e-10 2.20145e-07 1.21855e-11 9 1 0.5 9
1.16e+07 1.23617e-09 2.08287e-07 2.35354e-11 7 1 0.5 7
1.17e+07 1.60854e-09 2.06579e-07 1.93484e-11 11 1 0.5 11
1.18e+07 1.30544e-09 2.06861e-07 2.47263e-11 7 1 0.5 7
1.19e+07 1.51657e-09 2.06555e-07 4.02784e-11 5 1 0.5 5
1.2e+07 1.12877e-09 2.06126e-07 1.86358e-11 8 1 0.5 8
1.21e+07 2.0517e-09 2.06088e-07 4.53653e-11 6 1 0.5 6
1.22e+07 1.67166e-09 2.05314e-07 2.75555e-11 8 1 0.5 8
1.23e+07 1.23794e-09 2.02241e-07 3.22996e-11 5 1 0.5 5
1.24e+07 1.30447e-09 2.10007e-07 2.50024e-11 7 1 0.5 7
1.25e+07 1.46635e-09 2.09352e-07 3.27532e-11 6 1 0.5 6
1.26e+07 1.13034e-09 2.07022e-07 2.14106e-11 7 1 0.5 7
1.27e+07 9.42893e-10 2.1729e-07 1.0802e-11 12 1 0.5 12
1.28e+07 1.80252e-09 2.07391e-07 4.00161e-11 6 1 0.5 6
1.29e+07 2.33272e-09 2.06522e-07 6.21758e-11 5 1 0.5 5
1.3e+07 1.75922e-09 2.07053e-07 2.91985e-11 8 1 0.5 8
1.31e+07 1.40857e-09 2.07667e-07 1.87123e-11 10 1 0.5 10
1.32e+07 1.80819e-09 2.153e-07 3.54031e-11 7 1 0.5 7
1.33e+07 1.6647e-09 2.08356e-07 2.4661e-11 9 1 0.5 9
1.34e+07 1.07681e-09 2.08852e-07 8.43703e-12 17 1 0.5 17
1.35e+07 1.70112e-09 2.07725e-07 4.54184e-11 5 1 0.5 5
1.36e+07 1.24342e-09 2.21646e-07 1.7384e-11 10 1 0.5 10
1.37e+07 1.39862e-09 2.04271e-07 1.40979e-11 13 1 0.5 13
1.38e+07 1.72066e-09 2.18394e-07 3.40626e-11 7 1 0.5 7
1.39e+07 1.26251e-09 2.13805e-07 2.86499e-11 6 1 0.5 6
1.4e+07 8.3297e-10 2.163e-07 1.14113e-11 10 1 0.5 10
1.41e+07 1.41496e-09 2.07935e-07 1.71007e-11 11 1 0.5 11
1.42e+07 1.27918e-09 1.98665e-07 1.09295e-11 15 1 0.5 15
1.43e+07 1.13743e-09 2.00541e-07 2.10169e-11 7 1 0.5 7
1.44e+07 1.36513e-09 2.18104e-07 3.14822e-11 6 1 0.5 6
1.45e+07 1.60319e-09 2.0494e-07 2.10875e-11 10 1 0.5 10
1.46e+07 1.45897e-09 2.07635e-07 2.7729e-11 7 1 0.5 7
1.47e+07 1.77587e-09 2.00936e-07 2.87926e-11 8 1 0.5 8
1.48e+07 1.49343e-09 2.17995e-07 3.44447e-11 6 1 0.5 6
1.49e+07 1.81344e-09 2.0929e-07 3.47216e-11 7 1 0.5 7
1.5e+07 1.49333e-09 2.1133e-07 2.23606e-11 9 1 0.5 9
1.51e+07 1.48649e-09 2.01251e-07 2.41111e-11 8 1 0.5 8
1.52e+07 1.35909e-09 2.08422e-07 2.58991e-11 7 1 0.5 7
1.53e+07 1.53967e-09 2.1186e-07 3.22191e-11 8 1 0.5 8
1.54e+07 1.29286e-09 2.07827e-07 2.14928e-11 8 1 0.5 8
1.55e+07 1.47666e-09 2.0967e-07 3.30241e-11 6 1 0.5 6
1.56e+07 1.5681e-09 2.06879e-07 2.97284e-11 7 1 0.5 7
1.57e+07 1.67052e-09 2.10565e-07 4.50744e-11 5 1 0.5 5
1.58e+07 1.05601e-09 2.12036e-07 2.03773e-11 7 1 0.5 7
1.59e+07 1.3044e-09 2.24012e-07 2.30105e-11 8 1 0.5 8
1.6e+07 1.06189e-09 2.09758e-07 1.77701e-11 8 1 0.5 8
1.61e+07 1.69124e-09 2.05185e-07 2.0239e-11 11 1 0.5 11
1.62e+07 1.70054e-09 2.12918e-07 4.62952e-11 5 1 0.5 5
1.63e+07 2.10773e-09 2.0313e-07 3.94631e-11 7 1 0.5 7
1.64e+07 1.78697e-09 2.05908e-07 1.6838e-11 14 1 0.5 14
1.65e+07 1.38193e-09 2.05721e-07 6.12078e-11 3 1 0.5 3
1.66e+07 1.8154e-09 2.07169e-07 1.48979e-10 7 1 0.5 7
1.67e+07 1.6694e-09 2.1002e-07 3.74109e-11 6 1 0.5 6
1.68e+07 1.43319e-09 2.03831e-07 2.34755e-11 8 1 0.5 8
1.69e+07 1.62086e-09 2.06559e-07 2.68412e-11 8 1 0.5 8
1.7e+07 1.82157e-09 2.05021e-07 3.43182e-11 7 1 0.5 7
1.71e+07 1.34973e-09 2.11374e-07 1.81793e-11 10 1 0.5 10
1.72e+07 1.69452e-09 2.03189e-07 2.21442e-11 10 1 0.5 10
1.73e+07 1.4692e-09 2.0546e-07 2.42181e-11 8 1 0.5 8
1.74e+07 1.10576e-09 2.08508e-07 1.63672e-11 9 1 0.5 9
1.75e+07 1.55015e-09 2.1332e-07 2.3387e-11 9 1 0.5 9
1.76e+07 1.48163e-09 2.07502e-07 1.78796e-11 11 1 0.5 11
1.77e+07 1.40461e-09 2.11282e-07 2.70594e-11 7 1 0.5 7
1.78e+07 1.4277e-09 2.10655e-07 2.13206e-11 9 1 0.5 9
1.79e+07 1.85673e-09 2.0727e-07 3.08508e-11 8 1 0.5 8
1.8e+07 1.47735e-09 1.97194e-07 2.35856e-11 8 1 0.5 8
1.81e+07 1.63349e-09 2.04414e-07 3.06851e-11 7 1 0.5 7
1.82e+07 1.48394e-09 1.98511e-07 3.82024e-11 5 1 0.5 5
1.83e+07 1.77916e-09 2.13962e-07 5.62562e-11 6 1 0.5 6
1.84e+07 1.55452e-09 2.08514e-07 1.88338e-11 11 1 0.5 11
1.85e+07 1.28183e-09 2.08048e-07 1.70482e-11 10 1 0.5 10
1.86e+07 1.96515e-09 2.09784e-07 4.40492e-11 6 1 0.5 6
1.87e+07 1.54702e-09 2.11827e-07 2.32107e-11 9 1 0.5 9
1.88e+07 1.41509e-09 2.13854e-07 2.40684e-11 8 1 0.5 8
1.89e+07 1.31052e-09 2.20718e-07 2.61263e-11 7 1 0.5 7
1.9e+07 1.01004e-09 2.05666e-07 1.10827e-11 12 1 0.5 12
1.91e+07 1.88234e-09 2.09265e-07 5.05918e-11 5 1 0.5 5
1.92e+07 1.24573e-09 2.10263e-07 2.38949e-11 7 1 0.5 7
1.93e+07 1.28746e-09 2.03711e-07 1.8721e-11 9 1 0.5 9
1.94e+07 1.53038e-09 2.09481e-07 2.92961e-11 7 1 0.5 7
1.95e+07 1.13243e-09 2.0084e-07 1.83212e-11 8 1 0.5 8
1.96e+07 1.88412e-09 2.06248e-07 2.49222e-11 10 1 0.5 10
1.97e+07 2.22396e-09 2.0159e-07 4.14025e-11 7 1 0.5 7
1.98e+07 1.64558e-09 2.14563e-07 3.21145e-11 7 1 0.5 7
1.99e+07 2.02191e-09 2.01038e-07 5.26921e-11 5 1 0.5 5
2e+07 1.39701e-09 2.0792e-07 2.32391e-11 8 1 0.5 8
2.01e+07 1.20005e-09 2.11159e-07 2.30923e-11 7 1 0.5 7
2.02e+07 1.44648e-09 2.02905e-07 3.78725e-11 5 1 0.5 5
2.03e+07 1.74401e-09 2.04754e-07 3.28153e-11 7 1 0.5 7
2.04e+07 1.09761e-09 2.11537e-07 9.23088e-12 16 1 0.5 16
2.05e+07 1.27454e-09 2.17345e-07 1.3487e-11 13 1 0.5 13
2.06e+07 1.167e-09 1.98135e-07 1.24416e-11 12 1 0.5 12
2.07e+07 1.6626e-09 1.91878e-07 2.60007e-11 8 1 0.5 8
2.08e+07 2.14808e-09 2.00131e-07 4.64345e-11 6 1 0.5 6
2.09e+07 1.89929e-09 1.94431e-07 4.81999e-11 5 1 0.5 5
2.1e+07 1.26429e-09 2.05771e-07 2.0853e-11 8 1 0.5 8
2.11e+07 1.49297e-09 2.05745e-07 3.95255e-11 5 1 0.5 5
2.12e+07 1.43864e-09 2.07133e-07 2.12019e-11 9 1 0.5 9
2.13e+07 1.6945e-09 2.06925e-07 2.81055e-11 8 1 0.5 8
2.14e+07 1.88812e-09 2.05547e-07 2.07421e-11 12 1 0.5 12
2.15e+07 1.73153e-09 2.06268e-07 2.28976e-11 10 1 0.5 10
2.16e+07 1.74507e-09 2.11032e-07 2.34953e-11 10 1 0.5 10
2.17e+07 1.62825e-09 2.07438e-07 2.70541e-11 8 1 0.5 8
2.18e+07 1.25509e-09 2.00309e-07 2.31787e-11 7 1 0.5 7
2.19e+07 1.6741e-09 2.0324e-07 3.13106e-11 7 1 0.5 7
2.2e+07 1.68599e-09 2.10518e-07 3.78556e-11 6 1 0.5 6
2.21e+07 1.04488e-09 2.05163e-07 2.29356e-11 6 1 0.5 6
2.22e+07 1.81949e-09 2.14401e-07 4.98455e-11 5 1 0.5 5
2.23e+07 2.08785e-09 1.96988e-07 4.45695e-11 6 1 0.5 6
2.24e+07 1.07931e-09 2.19859e-07 1.36214e-11 11 1 0.5 11
2.25e+07 1.52846e-09 2.03975e-07 2.86542e-11 7 1 0.5 7
2.26e+07 1.38154e-09 2.01588e-07 1.49341e-11 12 1 0.5 12
2.27e+07 1.91437e-09 2.05811e-07 4.90688e-11 7 1 0.5 7
2.28e+07 1.25478e-09 2.15557e-07 2.1466e-11 8 1 0.5 8
2.29e+07 1.27873e-09 2.06526e-07 1.53678e-11 11 1 0.5 11
2.3e+07 1.56583e-09 2.00014e-07 2.24612e-11 9 1 0.5 9
2.31e+07 1.62631e-09 2.10889e-07 3.6558e-11 6 1 0.5 6
2.32e+07 1.23896e-09 2.0996e-07 1.50825e-11 11 1 0.5 11
2.33e+07 1.25801e-09 2.16176e-07 2.46651e-11 7 1 0.5 7
2.34e+07 1.47969e-09 2.16794e-07 2.26069e-11 9 1 0.5 9
2.35e+07 1.29884e-09 2.10465e-07 2.91142e-11 6 1 0.5 6
2.36e+07 1.13353e-09 2.0835e-07 2.51922e-11 6 1 0.5 6
2.37e+07 8.79572e-10 2.12758e-07 1.48767e-11 8 1 0.5 8
2.38e+07 1.73694e-09 2.05735e-07 2.08313e-11 11 1 0.5 11
2.39e+07 1.60315e-09 1.99925e-07 3.45581e-11 6 1 0.5 6
2.4e+07 1.33851e-09 2.15268e-07 1.5233e-11 12 1 0.5 12
2.41e+07 1.47654e-09 2.15389e-07 3.37299e-11 6 1 0.5 6
2.42e+07 1.2488e-09 2.05249e-07 2.74416e-11 6 1 0.5 6
2.43e+07 1.3937e-09 2.04415e-07 1.82866e-11 10 1 0.5 10
2.44e+07 1.61031e-09 2.03871e-07 2.10949e-11 10 1 0.5 10
2.45e+07 1.51693e-09 2.07266e-07 2.23712e-11 9 1 0.5 9
2.46e+07 1.11689e-09 2.01254e-07 2.41574e-11 6 1 0.5 6
2.47e+07 1.09489e-09 1.9477e-07 1.72952e-11 8 1 0.5 8
2.48e+07 1.18202e-09 2.21163e-07 1.64945e-11 10 1 0.5 10
2.49e+07 1.23999e-09 2.06984e-07 2.74272e-11 6 1 0.5 6
2.5e+07 1.03303e-09 2.139e-07 2.81384e-11 5 1 0.5 5
2.51e+07 1.9128e-09 2.05167e-07 3.15459e-11 8 1 0.5 8
2.52e+07 1.86015e-09 2.02122e-07 2.20075e-11 11 1 0.5 11
2.53e+07 1.54377e-09 2.13498e-07 2.62323e-11 8 1 0.5 8
2.54e+07 1.49724e-09 2.12918e-07 2.25523e-11 9 1 0.5 9
2.55e+07 1.30333e-09 2.01704e-07 1.40929e-11 12 1 0.5 12
2.56e+07 1.44022e-09 2.15996e-07 2.46915e-11 8 1 0.5 8
2.57e+07 1.10224e-09 2.06994e-07 1.45955e-11 10 1 0.5 10
2.58e+07 1.44599e-09 2.02901e-07 3.15133e-11 6 1 0.5 6
2.59e+07 1.03129e-09 2.08658e-07 1.96492e-11 7 1 0.5 7
2.6e+07 1.79857e-09 2.04429e-07 3.94797e-11 6 1 0.5 6
2.61e+07 1.22144e-09 2.09391e-07 2.72614e-11 6 1 0.5 6
2.62e+07 1.94072e-09 2.00861e-07 2.79564e-11 9 1 0.5 9
2.63e+07 1.59e-09 2.02309e-07 1.29215e-11 16 1 0.5 16
2.64e+07 1.98733e-09 2.15603e-07 3.40763e-11 8 1 0.5 8
2.65e+07 2.05665e-09 2.05392e-07 3.88314e-11 7 1 0.5 7
2.66e+07 1.54615e-09 2.04743e-07 2.25861e-11 9 1 0.5 9
2.67e+07 1.68677e-09 2.03957e-07 4.43903e-11 5 1 0.5 5
2.68e+07 1.49823e-09 2.0106e-07 1.76402e-11 11 1 0.5 11
2.69e+07 1.43613e-09 2.11357e-07 3.2316e-11 6 1 0.5 6
2.7e+07 1.67648e-09 2.0545e-07 2.2098e-11 10 1 0.5 10
2.71e+07 1.76858e-09 2.07166e-07 4.71342e-11 5 1 0.5 5
2.72e+07 1.37637e-09 2.02278e-07 2.56227e-11 7 1 0.5 7
2.73e+07 1.273e-09 2.07711e-07 2.82385e-11 6 1 0.5 6
2.74e+07 1.18352e-09 2.15503e-07 1.4705e-11 11 1 0.5 11
2.75e+07 1.65526e-09 2.17893e-07 2.54024e-11 9 1 0.5 9
2.76e+07 1.1565e-09 2.07762e-07 3.08058e-11 5 1 0.5 5
2.77e+07 1.27607e-09 2.14333e-07 2.90149e-11 6 1 0.5 6
2.78e+07 1.47364e-09 1.99062e-07 1.57766e-11 12 1 0.5 12
2.79e+07 1.36789e-09 2.29207e-07 1.96488e-11 10 1 0.5 10
2.8e+07 9.7059e-10 2.10417e-07 1.44647e-11 9 1 0.5 9
2.81e+07 1.09055e-09 2.02573e-07 1.41987e-11 10 1 0.5 10
2.82e+07 1.56043e-09 2.06823e-07 2.06706e-11 10 1 0.5 10
2.83e+07 1.62825e-09 2.05467e-07 2.68523e-11 8 1 0.5 8
2.84e+07 1.67931e-09 2.01589e-07 5.48468e-11 4 1 0.5 4
2.85e+07 1.42291e-09 1.94123e-07 2.24387e-11 8 1 0.5 8
2.86e+07 1.51768e-09 2.0525e-07 4.01083e-11 5 1 0.5 5
2.87e+07 2.08058e-09 2.16027e-07 3.57405e-11 8 1 0.5 8
2.88e+07 2.05788e-09 1.98558e-07 3.30824e-11 8 1 0.5 8
2.89e+07 1.7161e-09 2.0727e-07 2.27793e-11 10 1 0.5 10
2.9e+07 1.93284e-09 2.08017e-07 5.17167e-11 5 1 0.5 5
2.91e+07 1.68341e-09 2.06744e-07 3.72634e-11 6 1 0.5 6
2.92e+07 1.44294e-09 2.09512e-07 2.1457e-11 9 1 0.5 9
2.93e+07 1.4558e-09 2.11473e-07 2.18083e-11 9 1 0.5 9
2.94e+07 1.48694e-09 2.09021e-07 2.84114e-11 7 1 0.5 7
2.95e+07 1.58168e-09 2.03656e-07 1.3784e-11 15 1 0.5 15
2.96e+07 1.33072e-09 2.09527e-07 2.97282e-11 6 1 0.5 6
2.97e+07 1.4754e-09 2.0682e-07 2.44466e-11 8 1 0.5 8
2.98e+07 1.41626e-09 2.0533e-07 1.4334e-11 13 1 0.5 13
2.99e+07 1.5976e-09 2.02945e-07 2.60914e-11 8 1 0.5 8
3e+07 1.61338e-09 2.09442e-07 2.39956e-11 9 1 0.5 9
3.01e+07 1.41945e-09 2.03612e-07 2.65643e-11 7 1 0.5 7
3.02e+07 1.43261e-09 2.04789e-07 2.09252e-11 9 1 0.5 9
3.03e+07 1.50806e-09 2.05823e-07 3.99394e-11 5 1 0.5 5
3.04e+07 1.15005e-09 2.14227e-07 1.42213e-11 11 1 0.5 11
3.05e+07 1.65225e-09 2.0098e-07 2.3795e-11 9 1 0.5 9
3.06e+07 1.48745e-09 2.11661e-07 4.02657e-11 5 1 0.5 5
3.07e+07 1.71356e-09 2.18871e-07 2.1578e-11 11 1 0.5 11
3.08e+07 1.79283e-09 2.07269e-07 1.9821e-11 12 1 0.5 12
3.09e+07 1.4137e-09 2.01214e-07 2.29225e-11 8 1 0.5 8
3.1e+07 1.49339e-09 2.06705e-07 1.6466e-11 12 1 0.5 12
3.11e+07 1.47171e-09 2.06841e-07 2.1667e-11 9 1 0.5 9
3.12e+07 1.45152e-09 2.03553e-07 1.89849e-11 10 1 0.5 10
3.13e+07 1.52114e-09 2.06765e-07 2.52025e-11 8 1 0.5 8
3.14e+07 1.49075e-09 2.09789e-07 3.33559e-11 6 1 0.5 6
3.15e+07 1.53078e-09 1.96816e-07 2.16833e-11 9 1 0.5 9
3.16e+07 1.34252e-09 2.08854e-07 2.2408e-11 8 1 0.5 8
3.17e+07 1.50287e-09 2.00654e-07 2.43215e-11 8 1 0.5 8
3.18e+07 1.77545e-09 1.99246e-07 2.8597e-11 8 1 0.5 8
3.19e+07 1.91969e-09 2.09562e-07 4.29869e-11 6 1 0.5 6
3.2e+07 1.60442e-09 2.04652e-07 3.52227e-11 6 1 0.5 6
3.21e+07 1.53536e-09 2.19035e-07 2.66231e-11 8 1 0.5 8
3.22e+07 1.37151e-09 2.02801e-07 1.6253e-11 11 1 0.5 11
3.23e+07 1.4083e-09 2.10354e-07 1.88985e-11 10 1 0.5 10
3.24e+07 1.33471e-09 2.07928e-07 3.56038e-11 5 1 0.5 5
3.25e+07 1.55517e-09 2.0592e-07 3.43005e-11 6 1 0.5 6
3.26e+07 1.72231e-09 2.03265e-07 2.81724e-11 8 1 0.5 8
3.27e+07 1.29469e-09 2.14154e-07 2.94211e-11 6 1 0.5 6
3.28e+07 1.49469e-09 2.16246e-07 4.11543e-11 5 1 0.5 5
3.29e+07 1.61902e-09 1.97763e-07 4.15822e-11 5 1 0.5 5
3.3e+07 1.55351e-09 2.09727e-07 3.56109e-10 5 1 0.5 5
3.31e+07 1.81476e-09 2.09193e-07 2.42697e-11 10 1 0.5 10
3.32e+07 1.33534e-09 2.01578e-07 3.4767e-11 5 1 0.5 5
3.33e+07 1.14098e-09 2.05433e-07 1.25114e-11 12 1 0.5 12
3.34e+07 1.37483e-09 2.09289e-07 2.6286e-11 7 1 0.5 7
3.35e+07 1.85724e-09 2.0657e-07 2.23505e-11 11 1 0.5 11
3.36e+07 1.26756e-09 2.01835e-07 1.82981e-11 9 1 0.5 9
3.37e+07 1.60683e-09 2.06654e-07 3.55459e-11 6 1 0.5 6
3.38e+07 1.87554e-09 2.08134e-07 3.57617e-11 7 1 0.5 7
3.39e+07 1.36568e-09 2.04994e-07 1.79576e-11 10 1 0.5 10
3.4e+07 1.5321e-09 2.0354e-07 3.34828e-11 6 1 0.5 6
3.41e+07 1.08886e-09 2.05506e-07 2.0504e-11 7 1 0.5 7
3.42e+07 1.63102e-09 2.11771e-07 5.53563e-11 4 1 0.5 4
3.43e+07 1.04707e-09 2.09947e-07 2.00476e-11 7 1 0.5 7
3.44e+07 1.74365e-09 2.0211e-07 2.83966e-11 8 1 0.5 8
3.45e+07 1.13624e-09 2.08636e-07 1.89391e-11 8 1 0.5 8
3.46e+07 1.81102e-09 2.08878e-07 7.54107e-10 5 1 0.5 5
3.47e+07 1.36201e-09 1.92788e-07 2.85191e-11 6 1 0.5 6
3.48e+07 1.81685e-09 2.07638e-07 4.85179e-11 5 1 0.5 5
3.49e+07 1.59722e-09 2.10805e-07 3.07342e-11 7 1 0.5 7
3.5e+07 1.5587e-09 2.05125e-07 2.56669e-11 8 1 0.5 8
3.51e+07 1.73355e-09 2.18133e-07 2.66326e-11 9 1 0.5 9
3.52e+07 1.57949e-09 2.02127e-07 2.57131e-11 8 1 0.5 8
3.53e+07 1.24297e-09 2.15891e-07 2.12894e-11 8 1 0.5 8
3.54e+07 1.98171e-09 2.15769e-07 4.54223e-11 6 1 0.5 6
3.55e+07 1.44103e-09 1.92314e-07 3.01247e-11 6 1 0.5 6
3.56e+07 1.79738e-09 2.06742e-07 2.97998e-11 8 1 0.5 8
3.57e+07 1.29315e-09 2.02944e-07 2.81711e-11 6 1 0.5 6
3.58e+07 1.06816e-09 2.00836e-07 1.72779e-11 8 1 0.5 8
3.59e+07 1.2953e-09 2.16784e-07 1.36792e-11 13 1 0.5 13
3.6e+07 1.70433e-09 2.08666e-07 2.27421e-11 10 1 0.5 10
3.61e+07 1.39031e-09 2.17115e-07 6.76632e-11 6 1 0.5 6
3.62e+07 1.5622e-09 2.09799e-07 2.32624e-11 9 1 0.5 9
3.63e+07 1.56977e-09 2.05127e-07 4.1475e-11 5 1 0.5 5
3.64e+07 1.45592e-09 2.10496e-07 4.01247e-11 6 1 0.5 6
3.65e+07 1.49381e-09 2.06736e-07 2.47451e-11 8 1 0.5 8
3.66e+07 1.69597e-09 2.05528e-07 3.20011e-11 7 1 0.5 7
3.67e+07 1.30994e-09 2.00313e-07 2.41962e-11 7 1 0.5 7
3.68e+07 1.77323e-09 2.07981e-07 3.94536e-11 6 1 0.5 6
3.69e+07 1.44855e-09 2.11505e-07 1.39322e-11 14 1 0.5 14
3.7e+07 1.48162e-09 2.0886e-07 2.82919e-11 7 1 0.5 7
3.71e+07 1.45316e-09 2.13314e-07 2.19178e-11 9 1 0.5 9
3.72e+07 1.9813e-09 2.06379e-07 2.38322e-11 11 1 0.5 11
3.73e+07 1.80836e-09 2.14107e-07 4.98547e-11 9 1 0.5 9
3.74e+07 1.07731e-09 2.00367e-07 1.54564e-11 9 1 0.5 9
3.75e+07 1.52732e-09 2.07437e-07 3.38773e-11 6 1 0.5 6
3.76e+07 1.13504e-09 2.1343e-07 1.92596e-11 8 1 0.5 8
3.77e+07 1.03013e-09 2.08324e-07 2.28828e-11 6 1 0.5 6
3.78e+07 1.36189e-09 2.10588e-07 1.66223e-11 11 1 0.5 11
3.79e+07 1.58415e-09 1.93137e-07 2.8469e-11 7 1 0.5 7
3.8e+07 1.39702e-09 2.07464e-07 2.06122e-11 9 1 0.5 9
3.81e+07 1.139e-09 2.04995e-07 1.66376e-11 9 1 0.5 9
3.82e+07 1.45326e-09 1.99893e-07 1.87408e-11 10 1 0.5 10
3.83e+07 1.43017e-09 2.09711e-07 3.19837e-11 6 1 0.5 6
3.84e+07 1.72004e-09 2.03555e-07 2.04567e-11 11 1 0.5 11
3.85e+07 1.56504e-09 2.10276e-07 4.21622e-11 5 1 0.5 5
3.86e+07 1.9674e-09 2.09281e-07 3.29491e-11 8 1 0.5 8
3.87e+07 1.74868e-09 2.06182e-07 2.31178e-11 10 1 0.5 10
3.88e+07 1.35597e-09 2.18512e-07 2.34555e-11 8 1 0.5 8
3.89e+07 1.9055e-09 2.03845e-07 2.77646e-11 9 1 0.5 9
3.9e+07 1.48704e-09 2.06111e-07 1.22602e-11 16 1 0.5 16
3.91e+07 1.60992e-09 1.9247e-07 4.04868e-11 5 1 0.5 5
3.92e+07 1.48969e-09 2.06638e-07 3.95721e-11 5 1 0.5 5
3.93e+07 1.05531e-09 2.04194e-07 1.53649e-11 9 1 0.5 9
3.94e+07 1.86387e-09 2.14456e-07 3.63868e-11 7 1 0.5 7
3.95e+07 1.43154e-09 2.01495e-07 2.6574e-11 7 1 0.5 7
3.96e+07 1.10838e-09 2.04379e-07 1.21045e-11 12 1 0.5 12
3.97e+07 1.47215e-09 2.08341e-07 3.27585e-11 6 1 0.5 6
3.98e+07 1.54885e-09 2.00669e-07 4.02219e-11 5 1 0.5 5
3.99e+07 1.21376e-09 2.06449e-07 4.02822e-11 4 1 0.5 4
4e+07 1.49894e-09 2.06368e-07 3.97787e-11 5 1 0.5 5
4.01e+07 1.62274e-09 2.14202e-07 2.45668e-11 9 1 0.5 9
4.02e+07 1.62318e-09 2.0537e-07 2.13864e-11 10 1 0.5 10
4.03e+07 1.10796e-09 2.01515e-07 2.88108e-11 5 1 0.5 5
4.04e+07 9.74746e-10 2.1249e-07 9.40225e-12 14 1 0.5 14
4.05e+07 1.63321e-09 2.1067e-07 1.68726e-11 13 1 0.5 13
4.06e+07 2.09919e-09 2.0431e-07 4.6109e-11 6 1 0.5 6
4.07e+07 1.82459e-09 2.12108e-07 2.24178e-11 11 1 0.5 11
4.08e+07 1.57197e-09 2.1288e-07 2.36789e-11 9 1 0.5 9
4.09e+07 1.58797e-09 1.97921e-07 1.84725e-11 11 1 0.5 11
4.1e+07 2.03605e-09 2.08435e-07 4.54193e-11 6 1 0.5 6
4.11e+07 1.38768e-09 2.05863e-07 4.60171e-11 4 1 0.5 4
4.12e+07 1.83001e-09 2.09204e-07 2.22417e-11 11 1 0.5 11
4.13e+07 1.46517e-09 2.14438e-07 2.21916e-11 9 1 0.5 9
4.14e+07 1.74388e-09 2.00746e-07 2.82507e-11 8 1 0.5 8
4.15e+07 1.73621e-09 2.10383e-07 2.91784e-11 8 1 0.5 8
4.16e+07 1.26737e-09 2.01865e-07 2.74922e-11 6 1 0.5 6
4.17e+07 1.29792e-09 2.07197e-07 2.46145e-11 7 1 0.5 7
4.18e+07 1.30467e-09 2.00884e-07 2.81981e-11 6 1 0.5 6
4.19e+07 1.55544e-09 2.17655e-07 3.58393e-11 6 1 0.5 6
4.2e+07 1.45141e-09 2.07122e-07 3.21459e-11 6 1 0.5 6
4.21e+07 1.41553e-09 2.12233e-07 2.73672e-11 7 1 0.5 7
4.22e+07 1.4753e-09 2.02535e-07 1.92215e-11 10 1 0.5 10
4.23e+07 1.37406e-09 2.03274e-07 6.02883e-11 3 1 0.5 3
4.24e+07 1.4942e-09 2.10817e-07 2.2331e-11 9 1 0.5 9
4.25e+07 1.46508e-09 2.16045e-07 1.67251e-11 12 1 0.5 12
4.26e+07 1.9664e-09 2.09626e-07 5.29455e-11 5 1 0.5 5
4.27e+07 1.06311e-09 2.22403e-07 1.65569e-11 9 1 0.5 9
4.28e+07 1.48636e-09 2.02745e-07 3.23785e-11 6 1 0.5 6
4.29e+07 1.49994e-09 2.10681e-07 2.88399e-11 7 1 0.5 7
4.3e+07 1.31948e-09 2.22172e-07 1.84855e-11 10 1 0.5 10
4.31e+07 1.4731e-09 1.95051e-07 2.66669e-11 7 1 0.5 7
4.32e+07 1.58979e-09 2.03264e-07 2.97285e-11 7 1 0.5 7
4.33e+07 2.15423e-09 2.20557e-07 4.30443e-11 7 1 0.5 7
4.34e+07 2.03906e-09 2.04236e-07 4.47654e-11 6 1 0.5 6
4.35e+07 1.86515e-09 2.03809e-07 2.71701e-11 9 1 0.5 9
4.36e+07 1.73304e-09 2.14108e-07 2.36006e-11 10 1 0.5 10
4.37e+07 1.43686e-09 2.05204e-07 3.79541e-11 5 1 0.5 5
4.38e+07 1.48316e-09 2.09803e-07 2.48537e-11 8 1 0.5 8
4.39e+07 1.61539e-09 2.08966e-07 3.08721e-11 7 1 0.5 7
4.4e+07 1.6743e-09 2.11304e-07 1.87891e-11 12 1 0.5 12
4.41e+07 1.86726e-09 2.13801e-07 3.6365e-11 7 1 0.5 7
4.42e+07 1.14302e-09 2.23694e-07 1.78875e-11 9 1 0.5 9
4.43e+07 1.21413e-09 1.91243e-07 1.68077e-11 9 1 0.5 9
4.44e+07 2.24669e-09 2.08442e-07 4.29401e-11 7 1 0.5 7
4.45e+07 1.78301e-09 2.05917e-07 3.93589e-11 6 1 0.5 6
4.46e+07 1.51724e-09 2.13675e-07 2.95005e-11 7 1 0.5 7
4.47e+07 1.69348e-09 2.12622e-07 2.54929e-11 9 1 0.5 9
4.48e+07 1.07235e-09 1.9372e-07 1.68676e-11 8 1 0.5 8
4.49e+07 1.61487e-09 2.07205e-07 1.13255e-10 9 1 0.5 9
4.5e+07 1.4831e-09 1.99998e-07 2.39391e-11 8 1 0.5 8
4.51e+07 1.64786e-09 2.07561e-07 1.56214e-11 14 1 0.5 14
4.52e+07 1.40609e-09 2.16432e-07 1.75382e-11 11 1 0.5 11
4.53e+07 1.50126e-09 2.10997e-07 2.88995e-11 7 1 0.5 7
4.54e+07 1.45326e-09 2.09953e-07 2.16468e-11 9 1 0.5 9
4.55e+07 1.579e-09 2.03688e-07 1.72134e-11 12 1 0.5 12
4.56e+07 1.14048e-09 2.09927e-07 2.1841e-11 7 1 0.5 7
4.57e+07 1.52302e-09 2.08027e-07 3.38568e-11 6 1 0.5 6
4.58e+07 1.54301e-09 2.01217e-07 3.34217e-11 6 1 0.5 6
4.59e+07 2.03666e-09 2.05115e-07 4.48631e-11 6 1 0.5 6
4.6e+07 8.5428e-10 2.11692e-07 1.43909e-11 8 1 0.5 8
4.61e+07 1.76717e-09 2.09886e-07 3.95967e-11 6 1 0.5 6
4.62e+07 1.38575e-09 2.00325e-07 1.78975e-11 10 1 0.5 10
4.63e+07 1.54148e-09 2.0804e-07 2.56644e-11 8 1 0.5 8
4.64e+07 1.74519e-09 2.03521e-07 2.5387e-11 9 1 0.5 9
4.65e+07 2.02051e-09 2.03764e-07 3.31412e-11 8 1 0.5 8
4.66e+07 1.54419e-09 2.07188e-07 2.04831e-11 10 1 0.5 10
4.67e+07 1.30573e-09 2.10638e-07 1.75367e-11 10 1 0.5 10
4.68e+07 1.50856e-09 2.15332e-07 2.29266e-11 9 1 0.5 9
4.69e+07 1.30406e-09 1.9995e-07 1.68149e-11 10 1 0.5 10
4.7e+07 1.31789e-09 2.03692e-07 1.72412e-11 10 1 0.5 10
4.71e+07 1.65043e-09 2.02941e-07 2.69577e-11 8 1 0.5 8
4.72e+07 1.71063e-09 2.07558e-07 4.56456e-11 5 1 0.5 5
4.73e+07 1.37345e-09 2.04567e-07 1.63866e-11 11 1 0.5 11
4.74e+07 1.30572e-09 1.97724e-07 1.66906e-11 10 1 0.5 10
4.75e+07 1.70477e-09 2.04502e-07 4.49615e-11 5 1 0.5 5
4.76e+07 1.67827e-09 2.07607e-07 2.02688e-11 11 1 0.5 11
4.77e+07 1.19628e-09 2.09046e-07 1.99734e-11 8 1 0.5 8
4.78e+07 1.35945e-09 2.10341e-07 2.28187e-11 8 1 0.5 8
4.79e+07 1.58637e-09 2.12799e-07 4.31452e-11 5 1 0.5 5
4.8e+07 1.12467e-09 2.16303e-07 2.20512e-11 7 1 0.5 7
4.81e+07 1.47607e-09 2.12334e-07 2.2184e-11 9 1 0.5 9
4.82e+07 1.65784e-09 2.06778e-07 1.99584e-11 11 1 0.5 11
4.83e+07 1.80348e-09 2.1284e-07 4.08642e-11 6 1 0.5 6
4.84e+07 1.68331e-09 2.09865e-07 3.2286e-11 7 1 0.5 7
4.85e+07 1.5668e-09 2.05875e-07 4.15143e-11 5 1 0.5 5
4.86e+07 1.12818e-09 2.0815e-07 2.50537e-11 6 1 0.5 6
4.87e+07 1.69163e-09 2.12862e-07 2.54875e-11 9 1 0.5 9
4.88e+07 1.69378e-09 2.09659e-07 4.5552e-11 5 1 0.5 5
4.89e+07 1.35785e-09 2.03205e-07 1.97096e-11 9 1 0.5 9
4.9e+07 1.74303e-09 2.04789e-07 2.5479e-11 9 1 0.5 9
4.91e+07 1.64141e-09 2.02058e-07 2.37372e-11 9 1 0.5 9
4.92e+07 1.71861e-09 2.01686e-07 2.79409e-11 8 1 0.5 8
4.93e+07 1.13808e-09 2.0338e-07 2.12606e-11 7 1 0.5 7
4.94e+07 1.52149e-09 2.05533e-07 6.7412e-11 3 1 0.5 3
4.95e+07 1.40773e-09 2.12846e-07 3.82619e-11 5 1 0.5 5
4.96e+07 1.97812e-09 2.15471e-07 5.44327e-11 5 1 0.5 5
4.97e+07 1.46632e-09 2.0719e-07 3.24864e-11 6 1 0.5 6
4.98e+07 9.86369e-10 2.07383e-07 1.18856e-11 11 1 0.5 11
4.99e+07 1.17905e-09 2.07444e-07 2.61189e-11 6 1 0.5 6
5e+07 1.58024e-09 2.01974e-07 4.1251e-11 5 1 0.5 5
5.01e+07 1.44837e-09 2.10331e-07 2.16042e-11 9 1 0.5 9
5.02e+07 1.5786e-09 2.1444e-07 3.07868e-11 7 1 0.5 7
5.03e+07 1.34214e-09 2.08462e-07 1.98744e-11 9 1 0.5 9
5.04e+07 1.29878e-09 2.12314e-07 1.46194e-11 12 1 0.5 12
5.05e+07 1.87557e-09 2.16495e-07 2.86534e-11 9 1 0.5 9
5.06e+07 1.42892e-09 2.13164e-07 2.42428e-11 8 1 0.5 8
5.07e+07 1.32272e-09 2.11357e-07 2.22841e-11 8 1 0.5 8
5.08e+07 1.67752e-09 1.98011e-07 3.59012e-11 6 1 0.5 6
5.09e+07 1.44917e-09 2.06866e-07 2.40144e-11 8 1 0.5 8
5.1e+07 1.52607e-09 2.01852e-07 3.3134e-11 6 1 0.5 6
5.11e+07 1.71054e-09 2.08578e-07 3.26528e-11 7 1 0.5 7
5.12e+07 1.74361e-09 2.07759e-07 2.90156e-11 8 1 0.5 8
5.13e+07 1.67898e-09 2.1442e-07 4.59585e-11 5 1 0.5 5
5.14e+07 1.20264e-09 2.17855e-07 1.50721e-11 11 1 0.5 11
5.15e+07 1.88555e-09 2.0717e-07 4.18373e-11 6 1 0.5 6
5.16e+07 1.3705e-09 1.95527e-07 3.48525e-11 5 1 0.5 5
5.17e+07 2.02163e-09 2.08434e-07 3.37546e-11 8 1 0.5 8
5.18e+07 1.45919e-09 2.05229e-07 2.7481e-11 7 1 0.5 7
5.19e+07 1.0333e-09 2.02125e-07 1.49246e-11 9 1 0.5 9
5.2e+07 1.34553e-09 1.95427e-07 8.95803e-12 19 1 0.5 19
5.21e+07 1.39301e-09 2.12151e-07 1.56734e-11 12 1 0.5 12
5.22e+07 1.49118e-09 2.04308e-07 1.77778e-11 11 1 0.5 11
5.23e+07 1.07407e-09 2.08704e-07 1.19229e-11 12 1 0.5 12
5.24e+07 1.68603e-09 2.03725e-07 5.55241e-11 4 1 0.5 4
5.25e+07 1.73486e-09 2.12802e-07 2.94198e-11 8 1 0.5 8
5.26e+07 1.85279e-09 2.11006e-07 5.01171e-11 5 1 0.5 5
5.27e+07 1.31444e-09 2.04028e-07 3.5766e-11 5 1 0.5 5
5.28e+07 1.35835e-09 2.07324e-07 2.57781e-11 7 1 0.5 7
5.29e+07 1.52516e-09 2.06543e-07 2.52482e-11 8 1 0.5 8
5.3e+07 1.73013e-09 2.09191e-07 3.86604e-11 6 1 0.5 6
5.31e+07 1.67593e-09 2.07526e-07 2.47504e-11 9 1 0.5 9
5.32e+07 9.21181e-10 2.06716e-07 2.44149e-11 5 1 0.5 5
5.33e+07 1.67459e-09 1.94645e-07 2.64804e-11 8 1 0.5 8
5.34e+07 1.61093e-09 2.11941e-07 1.81186e-11 12 1 0.5 12
5.35e+07 1.40981e-09 2.06766e-07 1.6963e-11 11 1 0.5 11
5.36e+07 1.39393e-09 2.06101e-07 2.63339e-11 7 1 0.5 7
5.37e+07 1.61249e-09 2.00522e-07 2.60899e-11 8 1 0.5 8
5.38e+07 2.06177e-09 2.0226e-07 6.76568e-11 4 1 0.5 4
5.39e+07 1.39209e-09 2.03403e-07 2.02238e-11 9 1 0.5 9
5.4e+07 9.69318e-10 2.07568e-07 1.60837e-11 8 1 0.5 8
5.41e+07 1.02799e-09 2.14895e-07 1.274e-11 11 1 0.5 11
5.42e+07 1.62875e-09 1.9642e-07 1.72622e-11 12 1 0.5 12
5.43e+07 1.39854e-09 2.16337e-07 2.4004e-11 8 1 0.5 8
5.44e+07 1.56088e-09 2.0919e-07 2.98501e-11 7 1 0.5 7
5.45e+07 1.54302e-09 2.1014e-07 2.58939e-11 8 1 0.5 8
5.46e+07 1.49294e-09 2.19206e-07 3.45852e-11 6 1 0.5 6
5.47e+07 1.58285e-09 2.15309e-07 3.61627e-11 6 1 0.5 6
5.48e+07 1.61541e-09 2.0661e-07 3.5731e-11 6 1 0.5 6
5.49e+07 7.46127e-10 2.09646e-07 1.24696e-11 8 1 0.5 8
5.5e+07 1.63155e-09 2.12268e-07 3.157e-11 7 1 0.5 7
5.51e+07 1.13486e-09 2.07946e-07 3.02476e-11 5 1 0.5 5
5.52e+07 1.57883e-09 1.95957e-07 1.82244e-11 11 1 0.5 11
5.53e+07 1.72623e-09 2.13338e-07 5.89625e-11 4 1 0.5 4
5.54e+07 1.48873e-09 2.04442e-07 2.17192e-11 9 1 0.5 9
5.55e+07 1.5207e-09 2.06665e-07 4.04055e-11 5 1 0.5 5
5.56e+07 1.55754e-09 2.12481e-07 3.52113e-11 6 1 0.5 6
5.57e+07 1.07384e-09 2.0806e-07 2.38341e-11 6 1 0.5 6
5.58e+07 1.5609e-09 2.06338e-07 2.58223e-11 8 1 0.5 8
5.59e+07 1.42593e-09 2.11546e-07 1.92213e-11 10 1 0.5 10
5.6e+07 1.52218e-09 2.00458e-07 2.81512e-11 7 1 0.5 7
5.61e+07 1.53424e-09 2.0377e-07 2.23281e-11 9 1 0.5 9
5.62e+07 1.55672e-09 2.10669e-07 3.10763e-11 7 1 0.5 7
5.63e+07 8.96257e-10 2.03864e-07 1.46605e-11 8 1 0.5 8
5.64e+07 1.23431e-09 2.05311e-07 2.03211e-11 8 1 0.5 8
5.65e+07 1.60967e-09 2.10192e-07 2.40076e-11 9 1 0.5 9
5.66e+07 1.40709e-09 2.10579e-07 1.17966e-11 16 1 0.5 16
5.67e+07 1.67374e-09 2.04786e-07 3.14899e-11 7 1 0.5 7
5.68e+07 1.20901e-09 2.11945e-07 1.63134e-11 10 1 0.5 10
5.69e+07 1.7661e-09 2.08199e-07 2.61544e-11 9 1 0.5 9
5.7e+07 1.6407e-09 2.19075e-07 2.84626e-11 8 1 0.5 8
5.71e+07 9.70408e-10 2.11505e-07 1.45208e-11 9 1 0.5 9
5.72e+07 1.44712e-09 2.08805e-07 3.87501e-11 5 1 0.5 5
5.73e+07 1.64583e-09 2.10633e-07 2.76783e-11 8 1 0.5 8
5.74e+07 1.13331e-09 2.02974e-07 1.34326e-11 11 1 0.5 11
5.75e+07 1.77867e-09 2.1075e-07 2.65949e-11 9 1 0.5 9
5.76e+07 1.76665e-09 2.05558e-07 2.59018e-11 9 1 0.5 9
5.77e+07 1.34766e-09 1.96829e-07 2.14767e-11 8 1 0.5 8
5.78e+07 1.38384e-09 2.11936e-07 1.55575e-11 12 1 0.5 12
5.79e+07 1.46896e-09 2.02707e-07 2.73998e-11 7 1 0.5 7
5.8e+07 1.63741e-09 2.0227e-07 2.13195e-11 10 1 0.5 10
5.81e+07 1.2504e-09 2.07566e-07 1.50857e-11 11 1 0.5 11
5.82e+07 1.39314e-09 2.0371e-07 2.28061e-11 8 1 0.5 8
5.83e+07 1.10362e-09 2.05601e-07 1.45367e-11 10 1 0.5 10
5.84e+07 1.19588e-09 2.09396e-07 1.59828e-11 10 1 0.5 10
5.85e+07 1.14479e-09 2.11594e-07 1.28478e-11 12 1 0.5 12
5.86e+07 2.16782e-09 2.04312e-07 4.7629e-11 6 1 0.5 6
5.87e+07 1.28182e-09 2.05517e-07 2.81993e-11 6 1 0.5 6
5.88e+07 1.67925e-09 2.16497e-07 3.85471e-11 6 1 0.5 6
5.89e+07 1.67201e-09 2.02121e-07 2.17593e-11 10 1 0.5 10
5.9e+07 1.84638e-09 2.14479e-07 3.60463e-11 7 1 0.5 7
5.91e+07 1.5677e-09 2.00845e-07 2.72441e-11 9 1 0.5 9
5.92e+07 2.16501e-09 2.04277e-07 4.75604e-11 6 1 0.5 6
5.93e+07 1.14723e-09 2.10486e-07 1.71093e-11 9 1 0.5 9
5.94e+07 1.61915e-09 2.12859e-07 2.19422e-11 10 1 0.5 10
5.95e+07 1.47405e-09 2.00068e-07 2.72157e-11 7 1 0.5 7
5.96e+07 1.56946e-09 1.98236e-07 2.51653e-11 8 1 0.5 8
5.97e+07 1.6854e-09 2.06312e-07 3.72464e-11 6 1 0.5 6
5.98e+07 1.38916e-09 2.00334e-07 2.24463e-11 8 1 0.5 8
5.99e+07 1.5758e-09 2.09416e-07 1.91573e-11 11 1 0.5 11
6e+07 1.43547e-09 2.0542e-07 2.10178e-11 9 1 0.5 9
6.01e+07 1.39292e-09 2.15957e-07 2.73005e-11 7 1 0.5 7
6.02e+07 1.39663e-09 2.15816e-07 1.91243e-11 10 1 0.5 10
6.03e+07 2.12372e-09 2.06369e-07 4.0256e-11 7 1 0.5 7
6.04e+07 1.99332e-09 2.09338e-07 6.71779e-11 4 1 0.5 4
6.05e+07 1.68349e-09 2.11372e-07 2.52242e-11 9 1 0.5 9
6.06e+07 1.24126e-09 2.03895e-07 1.80599e-11 9 1 0.5 9
6.07e+07 1.39135e-09 2.12404e-07 2.35364e-11 8 1 0.5 8
6.08e+07 1.3175e-09 2.04063e-07 2.16167e-11 8 1 0.5 8
6.09e+07 1.12351e-09 2.10062e-07 1.15702e-11 13 1 0.5 13
6.1e+07 1.59557e-09 2.14189e-07 5.46303e-11 4 1 0.5 4
6.11e+07 1.42861e-09 2.0254e-07 2.66265e-11 7 1 0.5 7
6.12e+07 1.35274e-09 2.00595e-07 2.18777e-11 8 1 0.5 8
6.13e+07 1.3648e-09 2.19115e-07 1.8913e-11 10 1 0.5 10
6.14e+07 1.51709e-09 2.13089e-07 1.36982e-11 15 1 0.5 15
6.15e+07 1.45756e-09 2.15037e-07 2.21286e-11 9 1 0.5 9
6.16e+07 1.54608e-09 2.05002e-07 5.16709e-11 4 1 0.5 4
6.17e+07 1.3185e-09 2.0128e-07 1.70897e-11 10 1 0.5 10
6.18e+07 1.60268e-09 2.09136e-07 5.38513e-11 4 1 0.5 4
6.19e+07 1.27987e-09 2.09221e-07 2.44567e-11 7 1 0.5 7
6.2e+07 1.40526e-09 2.11092e-07 1.18039e-11 16 1 0.5 16
6.21e+07 1.62032e-09 2.02545e-07 3.38362e-11 7 1 0.5 7
6.22e+07 1.48637e-09 2.01642e-07 1.75395e-11 11 1 0.5 11
6.23e+07 1.95849e-09 2.08916e-07 3.74637e-11 7 1 0.5 7
6.24e+07 1.67025e-09 1.99093e-07 2.14821e-11 10 1 0.5 10
6.25e+07 1.58197e-09 2.10711e-07 1.93261e-11 11 1 0.5 11
6.26e+07 1.723e-09 2.13579e-07 3.35122e-11 7 1 0.5 7
6.27e+07 1.10556e-09 2.10987e-07 1.85884e-11 8 1 0.5 8
6.28e+07 1.2515e-09 2.08029e-07 2.77926e-11 6 1 0.5 6
6.29e+07 1.60767e-09 2.14295e-07 1.82403e-11 12 1 0.5 12
6.3e+07 1.47228e-09 2.07778e-07 2.44834e-11 8 1 0.5 8
6.31e+07 2.03111e-09 1.97718e-07 3.72222e-11 7 1 0.5 7
6.32e+07 1.58109e-09 2.09684e-07 2.35347e-11 9 1 0.5 9
6.33e+07 1.49475e-09 2.06037e-07 2.82407e-11 7 1 0.5 7
6.34e+07 1.28639e-09 2.06131e-07 2.42964e-11 7 1 0.5 7
6.35e+07 1.22937e-09 2.13227e-07 2.08502e-11 8 1 0.5 8
6.36e+07 1.49035e-09 2.15083e-07 3.4009e-11 6 1 0.5 6
6.37e+07 1.36406e-09 2.09223e-07 3.65696e-11 5 1 0.5 5
6.38e+07 1.40771e-09 2.13472e-07 2.12423e-11 9 1 0.5 9
6.39e+07 1.63212e-09 2.12076e-07 1.83669e-11 12 1 0.5 12
6.4e+07 1.51169e-09 2.10096e-07 2.02712e-11 10 1 0.5 10
6.41e+07 1.26537e-09 2.11925e-07 2.44241e-11 7 1 0.5 7
6.42e+07 1.41115e-09 2.08248e-07 3.77014e-11 5 1 0.5 5
6.43e+07 1.17588e-09 2.14985e-07 2.00695e-11 8 1 0.5 8
6.44e+07 1.91858e-09 2.14085e-07 3.74102e-11 7 1 0.5 7
6.45e+07 1.64115e-09 2.01379e-07 2.66442e-11 8 1 0.5 8
6.46e+07 1.15124e-09 2.16625e-07 1.12782e-11 14 1 0.5 14
6.47e+07 1.37507e-09 2.06395e-07 2.6005e-11 7 1 0.5 7
6.48e+07 1.94489e-09 2.0325e-07 2.82765e-11 9 1 0.5 9
6.49e+07 1.66319e-09 2.10363e-07 2.4825e-11 9 1 0.5 9
6.5e+07 1.53757e-09 2.01586e-07 2.49755e-11 8 1 0.5 8
6.51e+07 1.27335e-09 2.05316e-07 1.52327e-11 11 1 0.5 11
6.52e+07 1.56339e-09 2.0242e-07 3.40234e-11 6 1 0.5 6
6.53e+07 1.4805e-09 2.02136e-07 2.14082e-11 9 1 0.5 9
6.54e+07 2.22645e-09 2.05629e-07 5.78714e-11 6 1 0.5 6
6.55e+07 1.55291e-09 2.02951e-07 2.53589e-11 8 1 0.5 8
6.56e+07 1.42944e-09 2.00856e-07 3.71282e-11 5 1 0.5 5
6.57e+07 1.45604e-09 2.09146e-07 1.9453e-11 10 1 0.5 10
6.58e+07 1.34353e-09 2.03943e-07 2.51694e-11 7 1 0.5 7
6.59e+07 1.80413e-09 2.08815e-07 4.02682e-11 6 1 0.5 6
6.6e+07 1.83781e-09 2.0438e-07 3.02005e-11 8 1 0.5 8
6.61e+07 1.37774e-09 2.09859e-07 2.3085e-11 8 1 0.5 8
6.62e+07 1.73417e-09 1.98078e-07 3.71309e-11 6 1 0.5 6
6.63e+07 1.9049e-09 2.01385e-07 3.53986e-11 7 1 0.5 7
6.64e+07 1.71941e-09 2.09659e-07 2.30299e-11 10 1 0.5 10
6.65e+07 1.56693e-09 1.97428e-07 2.50449e-11 8 1 0.5 8
6.66e+07 1.42294e-09 2.05613e-07 1.8757e-11 10 1 0.5 10
6.67e+07 1.69968e-09 2.09949e-07 3.26121e-11 7 1 0.5 7
6.68e+07 1.88591e-09 2.15173e-07 2.34382e-11 11 1 0.5 11
6.69e+07 8.30454e-10 2.13959e-07 1.61274e-11 7 1 0.5 7
6.7e+07 1.3523e-09 2.07939e-07 2.57224e-11 7 1 0.5 7
6.71e+07 1.51763e-09 2.0714e-07 4.03962e-11 5 1 0.5 5
6.72e+07 2.15978e-09 1.9776e-07 3.96025e-11 7 1 0.5 7
6.73e+07 1.13708e-09 2.08624e-07 1.5151e-11 10 1 0.5 10
6.74e+07 1.93854e-09 2.03022e-07 3.16988e-11 8 1 0.5 8
6.75e+07 1.43547e-09 2.07804e-07 2.12086e-11 9 1 0.5 9
6.76e+07 1.42696e-09 2.0526e-07 2.088e-11 9 1 0.5 9
6.77e+07 1.52819e-09 2.1888e-07 3.02864e-11 7 1 0.5 7
6.78e+07 2.2013e-09 2.22007e-07 4.42224e-11 7 1 0.5 7
6.79e+07 1.2152e-09 2.09179e-07 2.70999e-11 6 1 0.5 6
6.8e+07 1.31837e-09 1.9972e-07 2.83669e-11 6 1 0.5 6
6.81e+07 1.45201e-09 2.12487e-07 1.96432e-11 10 1 0.5 10
6.82e+07 1.08192e-09 2.08843e-07 1.60335e-11 9 1 0.5 9
6.83e+07 1.37715e-09 2.15985e-07 2.69929e-11 7 1 0.5 7
6.84e+07 1.2733e-09 2.00254e-07 1.64366e-11 10 1 0.5 10
6.85e+07 1.41124e-09 2.08089e-07 2.34936e-11 8 1 0.5 8
6.86e+07 8.52068e-10 2.06613e-07 1.61003e-11 7 1 0.5 7
6.87e+07 1.7312e-09 2.00098e-07 5.62306e-11 4 1 0.5 4
6.88e+07 1.52029e-09 2.05201e-07 2.86342e-11 7 1 0.5 7
6.89e+07 1.48538e-09 2.10891e-07 4.00938e-11 5 1 0.5 5
6.9e+07 1.31717e-09 2.09691e-07 2.52169e-11 7 1 0.5 7
6.91e+07 1.67561e-09 2.10521e-07 2.25135e-11 10 1 0.5 10
6.92e+07 1.28844e-09 2.12143e-07 1.9341e-11 9 1 0.5 9
6.93e+07 1.62169e-09 2.04082e-07 2.66024e-11 8 1 0.5 8
6.94e+07 1.19387e-09 2.11427e-07 1.60776e-11 10 1 0.5 10
6.95e+07 1.02815e-09 2.08521e-07 7.59767e-12 18 1 0.5 18
6.96e+07 1.16173e-09 2.18288e-07 2.00678e-11 8 1 0.5 8
6.97e+07 1.52328e-09 2.04613e-07 5.02898e-11 4 1 0.5 4
6.98e+07 1.22475e-09 2.01955e-07 1.59127e-11 10 1 0.5 10
6.99e+07 1.26355e-09 2.1083e-07 1.69808e-11 10 1 0.5 10
7e+07 1.47822e-09 2.12717e-07 2.50412e-11 8 1 0.5 8
7.01e+07 1.18154e-09 2.09008e-07 2.6329e-11 6 1 0.5 6
7.02e+07 1.6968e-09 2.09246e-07 5.70682e-11 4 1 0.5 4
7.03e+07 1.198e-09 2.09393e-07 1.79652e-11 9 1 0.5 9
7.04e+07 1.5202e-09 2.08247e-07 1.55598e-11 13 1 0.5 13
7.05e+07 1.76862e-09 2.1922e-07 2.23022e-11 11 1 0.5 11
7.06e+07 1.57342e-09 2.12534e-07 3.04696e-11 7 1 0.5 7
7.07e+07 1.31863e-09 2.03128e-07 1.72136e-11 10 1 0.5 10
7.08e+07 1.98471e-09 1.97961e-07 3.64014e-11 7 1 0.5 7
7.09e+07 1.89181e-09 2.00196e-07 5.01909e-11 5 1 0.5 5
7.1e+07 9.68176e-10 2.0908e-07 9.22069e-12 14 1 0.5 14
7.11e+07 1.65192e-09 2.04953e-07 2.71911e-11 8 1 0.5 8
7.12e+07 1.74379e-09 2.04507e-07 2.86617e-11 8 1 0.5 8
7.13e+07 1.44373e-09 2.06856e-07 2.73573e-11 7 1 0.5 7
7.14e+07 1.0841e-09 2.14553e-07 2.11169e-11 7 1 0.5 7
7.15e+07 2.16722e-09 2.0321e-07 4.05923e-11 7 1 0.5 7
7.16e+07 1.49332e-09 2.01075e-07 1.38059e-11 14 1 0.5 14
7.17e+07 9.73177e-10 2.12243e-07 1.31387e-11 10 1 0.5 10
7.18e+07 1.05278e-09 2.158e-07 1.44036e-11 10 1 0.5 10
7.19e+07 1.43583e-09 2.03503e-07 1.70633e-11 11 1 0.5 11
7.2e+07 1.26794e-09 2.06496e-07 2.79966e-11 6 1 0.5 6
7.21e+07 1.17793e-09 2.06683e-07 2.22869e-11 7 1 0.5 7
7.22e+07 1.95717e-09 1.98252e-07 1.79093e-11 14 1 0.5 14
7.23e+07 1.05776e-09 2.07814e-07 1.40486e-11 10 1 0.5 10
7.24e+07 1.77649e-09 2.09711e-07 2.97836e-11 8 1 0.5 8
7.25e+07 1.63577e-09 2.01457e-07 4.26254e-11 5 1 0.5 5
7.26e+07 1.27612e-09 2.04868e-07 2.8004e-11 6 1 0.5 6
7.27e+07 1.45415e-09 2.05769e-07 1.7432e-11 11 1 0.5 11
7.28e+07 1.07284e-09 2.09912e-07 2.05399e-11 7 1 0.5 7
7.29e+07 1.43107e-09 2.16785e-07 3.28531e-11 6 1 0.5 6
7.3e+07 1.20072e-09 2.01754e-07 2.60288e-11 6 1 0.5 6
7.31e+07 1.38534e-09 2.13134e-07 2.34978e-11 8 1 0.5 8
7.32e+07 1.53912e-09 2.14507e-07 4.21162e-11 5 1 0.5 5
7.33e+07 1.17719e-09 2.06025e-07 1.10864e-11 14 1 0.5 14
7.34e+07 1.12644e-09 2.1156e-07 2.17031e-11 7 1 0.5 7
7.35e+07 1.64723e-09 2.04224e-07 5.4403e-11 4 1 0.5 4
7.36e+07 1.04592e-09 2.08273e-07 1.74047e-11 8 1 0.5 8
7.37e+07 1.37695e-09 2.07192e-07 2.61196e-11 7 1 0.5 7
7.38e+07 1.1711e-09 2.12991e-07 2.2687e-11 7 1 0.5 7
7.39e+07 1.2129e-09 2.02035e-07 1.57632e-11 10 1 0.5 10
7.4e+07 1.27256e-09 2.09516e-07 2.12889e-11 8 1 0.5 8
7.41e+07 1.96355e-09 2.12158e-07 3.324e-11 8 1 0.5 8
7.42e+07 1.7143e-09 2.09633e-07 3.83679e-11 6 1 0.5 6
7.43e+07 1.21393e-09 2.03329e-07 9.89894e-12 16 1 0.5 16
7.44e+07 1.41119e-09 2.04181e-07 2.05634e-11 9 1 0.5 9
7.45e+07 1.55084e-09 2.14326e-07 3.02298e-11 7 1 0.5 7
7.46e+07 1.73254e-09 2.07866e-07 2.88421e-11 8 1 0.5 8
7.47e+07 1.34833e-09 2.12302e-07 2.71957e-11 8 1 0.5 8
7.48e+07 1.38279e-09 2.12268e-07 2.67349e-11 7 1 0.5 7
7.49e+07 1.45497e-09 2.01308e-07 2.09704e-11 9 1 0.5 9
7.5e+07 1.81823e-09 1.98653e-07 2.92216e-11 8 1 0.5 8
7.51e+07 1.77251e-09 1.96259e-07 5.67393e-11 4 1 0.5 4
7.52e+07 1.90581e-09 1.99411e-07 2.45549e-11 10 1 0.5 10
7.53e+07 1.76893e-09 2.08582e-07 3.94425e-11 6 1 0.5 6
7.54e+07 1.71384e-09 2.07567e-07 3.25915e-11 7 1 0.5 7
7.55e+07 1.43362e-09 2.10694e-07 1.9264e-11 10 1 0.5 10
7.56e+07 1.90923e-09 2.15737e-07 5.25715e-11 5 1 0.5 5
7.57e+07 1.24033e-09 1.97251e-07 1.5823e-11 10 1 0.5 10
7.58e+07 1.35919e-09 2.04646e-07 2.98109e-11 6 1 0.5 6
7.59e+07 1.44905e-09 2.03567e-07 2.38025e-11 8 1 0.5 8
7.6e+07 1.12459e-09 2.0789e-07 2.13714e-11 7 1 0.5 7
7.61e+07 1.20609e-09 2.01347e-07 2.23602e-11 7 1 0.5 7
7.62e+07 1.54692e-09 2.07501e-07 2.93941e-11 7 1 0.5 7
7.63e+07 1.38288e-09 2.09621e-07 2.05691e-11 9 1 0.5 9
7.64e+07 1.74697e-09 2.0371e-07 2.28779e-11 10 1 0.5 10
7.65e+07 1.28667e-09 2.0913e-07 3.44705e-11 5 1 0.5 5
7.66e+07 1.28362e-09 2.05621e-07 2.4197e-11 7 1 0.5 7
7.67e+07 1.66737e-09 2.06005e-07 3.68026e-11 6 1 0.5 6
7.68e+07 1.57101e-09 2.07824e-07 1.89847e-11 11 1 0.5 11
7.69e+07 1.05085e-09 2.06148e-07 2.31537e-11 6 1 0.5 6
7.7e+07 1.47138e-09 2.06742e-07 2.78717e-11 7 1 0.5 7
7.71e+07 1.3557e-09 2.12553e-07 2.62364e-11 7 1 0.5 7
7.72e+07 1.38706e-09 2.07974e-07 2.30776e-11 8 1 0.5 8
7.73e+07 1.02339e-09 2.18084e-07 1.08536e-11 13 1 0.5 13
7.74e+07 1.95018e-09 2.07897e-07 4.34013e-11 6 1 0.5 6
7.75e+07 1.43154e-09 2.12858e-07 2.77425e-11 7 1 0.5 7
7.76e+07 1.28247e-09 2.11482e-07 1.72777e-11 10 1 0.5 10
7.77e+07 1.06074e-09 2.04889e-07 1.99257e-11 7 1 0.5 7
7.78e+07 1.37691e-09 2.09437e-07 2.30347e-11 8 1 0.5 8
7.79e+07 1.84849e-09 2.05632e-07 4.89948e-11 5 1 0.5 5
7.8e+07 1.68174e-09 2.04826e-07 4.44045e-11 5 1 0.5 5
7.81e+07 2.02465e-09 2.00458e-07 5.26454e-11 5 1 0.5 5
7.82e+07 1.26858e-09 2.12968e-07 1.22641e-11 14 1 0.5 14
7.83e+07 1.81969e-09 2.08472e-07 2.02106e-11 12 1 0.5 12
7.84e+07 1.75033e-09 2.08547e-07 3.34128e-11 7 1 0.5 7
7.85e+07 1.33453e-09 2.13998e-07 3.64149e-11 5 1 0.5 5
7.86e+07 1.66265e-09 2.08758e-07 5.58059e-11 4 1 0.5 4
7.87e+07 1.13913e-09 1.96504e-07 2.07188e-11 7 1 0.5 7
7.88e+07 2.05503e-09 1.93114e-07 3.69813e-11 7 1 0.5 7
7.89e+07 1.34221e-09 1.96448e-07 2.13575e-11 8 1 0.5 8
7.9e+07 1.52537e-09 2.03492e-07 1.99494e-11 10 1 0.5 10
7.91e+07 1.25472e-09 2.19842e-07 2.91061e-11 6 1 0.5 6
7.92e+07 1.81765e-09 2.07469e-07 3.02208e-11 8 1 0.5 8
7.93e+07 1.55753e-09 2.11293e-07 3.50556e-11 6 1 0.5 6
7.94e+07 1.30941e-09 2.04834e-07 2.15229e-11 8 1 0.5 8
7.95e+07 1.25337e-09 2.06138e-07 1.83934e-11 9 1 0.5 9
7.96e+07 1.01889e-09 2.07239e-07 1.93085e-11 7 1 0.5 7
7.97e+07 1.31341e-09 2.0329e-07 2.45412e-11 7 1 0.5 7
7.98e+07 1.38839e-09 2.20662e-07 2.76822e-11 7 1 0.5 7
7.99e+07 9.78469e-10 2.14395e-07 1.66545e-11 8 1 0.5 8
8e+07 1.46491e-09 2.10775e-07 2.4636e-11 8 1 0.5 8
8.01e+07 1.50415e-09 2.12152e-07 2.03663e-11 10 1 0.5 10
8.02e+07 1.64294e-09 2.08625e-07 3.13611e-11 7 1 0.5 7
8.03e+07 1.11719e-09 2.0501e-07 2.09996e-11 7 1 0.5 7
8.04e+07 1.41044e-09 1.98992e-07 3.63667e-11 5 1 0.5 5
8.05e+07 1.41929e-09 2.06516e-07 1.44298e-11 13 1 0.5 13
8.06e+07 1.31383e-09 2.06249e-07 2.17125e-11 8 1 0.5 8
8.07e+07 1.74116e-09 2.06475e-07 2.8834e-11 8 1 0.5 8
8.08e+07 1.65393e-09 2.16162e-07 3.24688e-11 7 1 0.5 7
8.09e+07 1.65434e-09 2.14539e-07 1.60967e-11 14 1 0.5 14
8.1e+07 1.6967e-09 2.03477e-07 2.77741e-11 8 1 0.5 8
8.11e+07 1.77807e-09 2.04544e-07 2.92322e-11 8 1 0.5 8
8.12e+07 1.09968e-09 2.09003e-07 1.63073e-11 9 1 0.5 9
8.13e+07 1.57145e-09 2.1059e-07 2.34701e-11 9 1 0.5 9
8.14e+07 1.61502e-09 2.15824e-07 3.69722e-11 6 1 0.5 6
8.15e+07 1.05262e-09 2.2333e-07 2.11635e-11 7 1 0.5 7
8.16e+07 1.7239e-09 2.02084e-07 3.74903e-11 6 1 0.5 6
8.17e+07 9.0811e-10 2.12684e-07 1.75571e-11 7 1 0.5 7
8.18e+07 1.23364e-09 2.14759e-07 3.37406e-11 5 1 0.5 5
8.19e+07 1.80596e-09 2.07855e-07 4.01632e-11 6 1 0.5 6
8.2e+07 1.94314e-09 2.05509e-07 5.15012e-11 5 1 0.5 5
8.21e+07 1.6266e-09 2.04142e-07 1.93853e-11 11 1 0.5 11
8.22e+07 1.23848e-09 2.1386e-07 1.68311e-11 10 1 0.5 10
8.23e+07 2.01257e-09 2.11148e-07 4.53514e-11 6 1 0.5 6
8.24e+07 1.89918e-09 2.03541e-07 1.77836e-11 14 1 0.5 14
8.25e+07 1.35573e-09 2.05831e-07 2.2372e-11 8 1 0.5 8
8.26e+07 1.41395e-09 2.081e-07 2.69168e-11 7 1 0.5 7
8.27e+07 1.39661e-09 2.04987e-07 3.33618e-11 10 1 0.5 10
8.28e+07 1.31111e-09 1.96718e-07 2.38795e-11 7 1 0.5 7
8.29e+07 1.90066e-09 2.13431e-07 3.69694e-11 7 1 0.5 7
8.3e+07 1.50094e-09 2.06572e-07 2.20764e-11 9 1 0.5 9
8.31e+07 1.09997e-09 1.99327e-07 2.02267e-11 7 1 0.5 7
8.32e+07 1.29325e-09 2.12234e-07 1.94201e-11 9 1 0.5 9
8.33e+07 1.77985e-09 2.0131e-07 3.30523e-11 7 1 0.5 7
8.34e+07 1.45105e-09 2.06787e-07 3.8561e-11 5 1 0.5 5
8.35e+07 1.98291e-09 2.00981e-07 3.67998e-11 7 1 0.5 7
8.36e+07 1.69474e-09 2.14684e-07 2.89367e-11 8 1 0.5 8
8.37e+07 1.801e-09 2.01443e-07 3.34646e-11 7 1 0.5 7
8.38e+07 1.50153e-09 2.05013e-07 2.82589e-11 7 1 0.5 7
8.39e+07 1.27643e-09 1.99586e-07 2.35081e-11 7 1 0.5 7
8.4e+07 1.86445e-09 2.08097e-07 2.7607e-11 9 1 0.5 9
8.41e+07 2.11802e-09 2.1116e-07 7.19227e-11 4 1 0.5 4
8.42e+07 1.53461e-09 1.97238e-07 1.78022e-11 11 1 0.5 11
8.43e+07 1.56628e-09 1.99999e-07 2.52875e-11 8 1 0.5 8
8.44e+07 1.9359e-09 2.11234e-07 3.73524e-11 7 1 0.5 7
8.45e+07 1.62524e-09 2.01401e-07 5.30261e-11 4 1 0.5 4
8.46e+07 1.69071e-09 2.07828e-07 2.81384e-11 8 1 0.5 8
8.47e+07 1.17224e-09 2.0293e-07 1.9121e-11 8 1 0.5 8
8.48e+07 1.13798e-09 2.07375e-07 2.15848e-11 7 1 0.5 7
8.49e+07 1.19384e-09 2.08001e-07 2.2702e-11 7 1 0.5 7
8.5e+07 1.35441e-09 2.11385e-07 2.28225e-11 8 1 0.5 8
8.51e+07 1.5516e-09 2.05637e-07 2.55994e-11 8 1 0.5 8
8.52e+07 1.50169e-09 2.06658e-07 1.98774e-11 10 1 0.5 10
8.53e+07 1.57154e-09 2.00514e-07 2.54237e-11 8 1 0.5 8
8.54e+07 1.85718e-09 2.02916e-07 3.0349e-11 8 1 0.5 8
8.55e+07 1.41695e-09 2.02541e-07 2.0518e-11 9 1 0.5 9
8.56e+07 1.27446e-09 1.97142e-07 1.62527e-11 10 1 0.5 10
8.57e+07 1.09192e-09 2.13136e-07 1.85054e-11 8 1 0.5 8
8.58e+07 1.30707e-09 1.99019e-07 2.80458e-11 6 1 0.5 6
8.59e+07 1.17268e-09 2.04772e-07 2.57147e-11 6 1 0.5 6
8.6e+07 1.53811e-09 2.09319e-07 3.43611e-11 6 1 0.5 6
8.61e+07 1.66121e-09 2.08749e-07 2.21714e-11 10 1 0.5 10
8.62e+07 2.21375e-09 2.07895e-07 4.93157e-11 6 1 0.5 6
8.63e+07 1.59141e-09 2.13248e-07 2.40058e-11 9 1 0.5 9
8.64e+07 1.55372e-09 2.01732e-07 3.37221e-11 6 1 0.5 6
8.65e+07 1.14608e-09 2.15696e-07 1.11895e-11 14 1 0.5 14
8.66e+07 1.57759e-09 1.99797e-07 3.39868e-11 6 1 0.5 6
8.67e+07 1.32113e-09 2.08176e-07 1.09752e-11 16 1 0.5 16
8.68e+07 1.68862e-09 1.95514e-07 5.38551e-11 4 1 0.5 4
8.69e+07 1.661e-09 2.0581e-07 2.74308e-11 8 1 0.5 8
8.7e+07 1.73059e-09 2.06271e-07 2.54397e-11 9 1 0.5 9
8.71e+07 1.99491e-09 2.03768e-07 4.37105e-11 6 1 0.5 6
8.72e+07 1.52716e-09 2.08711e-07 2.54895e-11 8 1 0.5 8
8.73e+07 1.30545e-09 2.13265e-07 2.53265e-11 7 1 0.5 7
8.74e+07 1.51892e-09 2.06007e-07 2.86963e-11 7 1 0.5 7
8.75e+07 1.85809e-09 2.03183e-07 2.02271e-11 12 1 0.5 12
8.76e+07 1.39406e-09 2.07083e-07 3.08647e-11 6 1 0.5 6
8.77e+07 1.68667e-09 2.05963e-07 1.48314e-11 15 1 0.5 15
8.78e+07 1.06958e-09 2.16921e-07 1.83794e-11 8 1 0.5 8
8.79e+07 1.34073e-09 2.09672e-07 2.2853e-11 8 1 0.5 8
8.8e+07 1.90204e-09 2.11558e-07 3.67394e-11 7 1 0.5 7
8.81e+07 1.32612e-09 2.02529e-07 2.16067e-11 8 1 0.5 8
8.82e+07 1.34477e-09 2.02128e-07 1.74885e-11 10 1 0.5 10
8.83e+07 1.4511e-09 2.08399e-07 2.76584e-11 7 1 0.5 7
8.84e+07 1.52428e-09 2.03274e-07 2.49203e-11 8 1 0.5 8
8.85e+07 1.26468e-09 2.14384e-07 1.4344e-11 12 1 0.5 12
8.86e+07 1.37009e-09 2.07754e-07 2.6044e-11 7 1 0.5 7
8.87e+07 1.06621e-09 1.95957e-07 2.25846e-11 6 1 0.5 6
8.88e+07 1.56507e-09 2.00126e-07 2.89108e-11 7 1 0.5 7
8.89e+07 9.15055e-10 2.05952e-07 1.72507e-11 7 1 0.5 7
8.9e+07 1.46134e-09 2.11978e-07 2.82303e-11 7 1 0.5 7
8.91e+07 1.29923e-09 2.0954e-07 1.57933e-11 11 1 0.5 11
8.92e+07 2.04695e-09 2.03034e-07 4.47327e-11 6 1 0.5 6
8.93e+07 1.48796e-09 2.0462e-07 2.17228e-11 9 1 0.5 9
8.94e+07 1.60084e-09 2.05223e-07 1.91563e-11 11 1 0.5 11
8.95e+07 9.60228e-10 2.11621e-07 1.29336e-11 10 1 0.5 10
8.96e+07 1.22909e-09 2.08335e-07 2.04682e-11 8 1 0.5 8
8.97e+07 1.96429e-09 1.95804e-07 2.26772e-11 11 1 0.5 11
8.98e+07 1.21457e-09 2.12547e-07 1.82561e-11 9 1 0.5 9
8.99e+07 1.82402e-09 2.11149e-07 3.51696e-11 7 1 0.5 7
9e+07 1.35029e-09 2.00335e-07 1.58489e-11 11 1 0.5 11
9.01e+07 1.39723e-09 2.00662e-07 3.01829e-11 6 1 0.5 6
9.02e+07 1.34771e-09 2.04268e-07 1.47184e-11 12 1 0.5 12
9.03e+07 1.93017e-09 2.10104e-07 5.20523e-11 5 1 0.5 5
9.04e+07 1.3174e-09 2.04339e-07 1.43905e-11 12 1 0.5 12
9.05e+07 1.3478e-09 2.08706e-07 1.79728e-11 10 1 0.5 10
9.06e+07 1.57427e-09 2.03898e-07 2.58029e-11 8 1 0.5 8
9.07e+07 1.2691e-09 2.16263e-07 3.49082e-11 5 1 0.5 5
9.08e+07 9.79074e-10 2.13156e-07 2.21401e-11 6 1 0.5 6
9.09e+07 1.29013e-09 2.16919e-07 1.77331e-11 10 1 0.5 10
9.1e+07 1.6573e-09 2.11958e-07 2.03439e-11 11 1 0.5 11
9.11e+07 1.53094e-09 2.13822e-07 2.60446e-11 8 1 0.5 8
9.12e+07 1.44802e-09 2.08633e-07 1.97279e-11 10 1 0.5 10
9.13e+07 1.54458e-09 2.0507e-07 3.39554e-11 6 1 0.5 6
9.14e+07 1.30178e-09 2.04798e-07 3.43099e-11 5 1 0.5 5
9.15e+07 1.34845e-09 2.09099e-07 3.61317e-11 5 1 0.5 5
9.16e+07 1.39112e-09 2.09369e-07 2.32674e-11 8 1 0.5 8
9.17e+07 1.36963e-09 2.05451e-07 2.58087e-11 7 1 0.5 7
9.18e+07 1.62528e-09 1.99801e-07 2.3298e-11 9 1 0.5 9
9.19e+07 1.18605e-09 2.01327e-07 1.39702e-11 11 1 0.5 11
9.2e+07 1.55703e-09 2.12874e-07 3.01885e-11 7 1 0.5 7
9.21e+07 1.246e-09 2.13678e-07 2.82595e-11 6 1 0.5 6
9.22e+07 1.28419e-09 2.03188e-07 1.19657e-11 14 1 0.5 14
9.23e+07 1.50875e-09 2.08773e-07 2.88031e-11 7 1 0.5 7
9.24e+07 1.58735e-09 2.12161e-07 3.06981e-11 7 1 0.5 7
9.25e+07 9.95436e-10 2.04983e-07 1.30778e-11 10 1 0.5 10
9.26e+07 1.07659e-09 2.12336e-07 1.03804e-11 14 1 0.5 14
9.27e+07 1.53052e-09 2.14567e-07 1.89649e-11 11 1 0.5 11
9.28e+07 1.45638e-09 2.06092e-07 2.13797e-11 9 1 0.5 9
9.29e+07 1.8324e-09 2.09524e-07 4.92863e-11 5 1 0.5 5
9.3e+07 1.5133e-09 2.02899e-07 3.96328e-11 5 1 0.5 5
9.31e+07 1.01447e-09 2.05635e-07 1.48502e-11 9 1 0.5 9
9.32e+07 1.54122e-09 2.0324e-07 2.23845e-11 9 1 0.5 9
9.33e+07 1.40866e-09 2.11562e-07 1.45956e-11 13 1 0.5 13
9.34e+07 1.4486e-09 2.0495e-07 2.72515e-11 7 1 0.5 7
9.35e+07 1.26473e-09 1.96846e-07 2.6903e-11 6 1 0.5 6
9.36e+07 1.36585e-09 2.13169e-07 2.64941e-11 7 1 0.5 7
9.37e+07 1.35874e-09 2.09518e-07 1.51373e-11 12 1 0.5 12
9.38e+07 1.8122e-09 2.00024e-07 2.33998e-11 10 1 0.5 10
9.39e+07 1.78194e-09 2.15313e-07 3.05038e-11 8 1 0.5 8
9.4e+07 1.86519e-09 2.10665e-07 2.78859e-11 9 1 0.5 9
9.41e+07 1.36499e-09 2.12078e-07 2.30608e-11 8 1 0.5 8
9.42e+07 1.46782e-09 2.04417e-07 2.40989e-11 8 1 0.5 8
9.43e+07 1.47635e-09 2.06089e-07 3.25735e-11 6 1 0.5 6
9.44e+07 1.41077e-09 2.08824e-07 2.35491e-11 8 1 0.5 8
9.45e+07 1.76129e-09 2.04611e-07 3.86827e-11 6 1 0.5 6
9.46e+07 1.2721e-09 2.13253e-07 2.88091e-11 6 1 0.5 6
9.47e+07 1.65048e-09 2.06292e-07 3.12287e-11 7 1 0.5 7
9.48e+07 1.94788e-09 2.06656e-07 3.70094e-11 7 1 0.5 7
9.49e+07 2.01573e-09 2.13873e-07 4.5886e-11 6 1 0.5 6
9.5e+07 1.11356e-09 2.11048e-07 1.87275e-11 8 1 0.5 8
9.51e+07 1.34836e-09 2.05593e-07 2.542e-11 7 1 0.5 7
9.52e+07 1.36624e-09 2.06874e-07 1.507e-11 12 1 0.5 12
9.53e+07 1.70289e-09 2.04198e-07 2.23403e-11 10 1 0.5 10
9.54e+07 2.29669e-09 2.10569e-07 6.21495e-11 5 1 0.5 5
9.55e+07 1.36929e-09 2.0859e-07 1.5202e-11 12 1 0.5 12
9.56e+07 1.58147e-09 2.08725e-07 3.01931e-11 7 1 0.5 7
9.57e+07 1.42942e-09 2.00244e-07 2.6406e-11 7 1 0.5 7
9.58e+07 1.69261e-09 2.11199e-07 1.75227e-11 13 1 0.5 13
9.59e+07 1.80369e-09 2.04828e-07 2.96876e-11 8 1 0.5 8
9.6e+07 1.36222e-09 2.00921e-07 2.94523e-11 6 1 0.5 6
9.61e+07 1.38448e-09 1.96891e-07 2.2071e-11 8 1 0.5 8
9.62e+07 1.72459e-09 2.07766e-07 2.29354e-11 10 1 0.5 10
9.63e+07 1.57361e-09 2.09417e-07 2.10509e-11 10 1 0.5 10
9.64e+07 1.07361e-09 2.16404e-07 2.10543e-11 7 1 0.5 7
9.65e+07 1.22068e-09 2.14813e-07 2.77986e-11 6 1 0.5 6
9.66e+07 1.58186e-09 2.014e-07 3.42924e-11 6 1 0.5 6
9.67e+07 1.31793e-09 2.06213e-07 2.90745e-11 6 1 0.5 6
9.68e+07 1.64668e-09 2.02843e-07 3.59057e-11 6 1 0.5 6
9.69e+07 1.52687e-09 2.03289e-07 1.66181e-11 12 1 0.5 12
9.7e+07 1.55963e-09 2.10265e-07 1.74307e-11 12 1 0.5 12
9.71e+07 1.71229e-09 2.04187e-07 2.81071e-11 8 1 0.5 8
9.72e+07 1.61799e-09 2.09093e-07 3.09367e-11 7 1 0.5 7
9.73e+07 1.14608e-09 2.06395e-07 1.51431e-11 10 1 0.5 10
9.74e+07 1.85533e-09 2.05226e-07 3.05885e-11 8 1 0.5 8
9.75e+07 1.41542e-09 2.21228e-07 2.19717e-11 9 1 0.5 9
9.76e+07 1.21086e-09 1.97588e-07 1.93471e-11 8 1 0.5 8
9.77e+07 1.18119e-09 2.05705e-07 9.30321e-11 13 1 0.5 13
9.78e+07 1.59236e-09 2.13395e-07 4.34051e-11 5 1 0.5 5
9.79e+07 1.76331e-09 2.04928e-07 2.57904e-11 9 1 0.5 9
9.8e+07 1.83709e-09 2.03916e-07 4.83712e-11 5 1 0.5 5
9.81e+07 1.40537e-09 1.97007e-07 1.49232e-11 12 1 0.5 12
9.82e+07 1.68343e-09 2.15478e-07 3.29683e-11 7 1 0.5 7
9.83e+07 1.01716e-09 2.02818e-07 1.01893e-11 13 1 0.5 13
9.84e+07 1.91427e-09 2.01854e-07 5.00213e-11 5 1 0.5 5
9.85e+07 1.42811e-09 2.08585e-07 1.73024e-11 11 1 0.5 11
9.86e+07 1.47725e-09 2.00138e-07 1.90693e-11 10 1 0.5 10
9.87e+07 1.45198e-09 2.06245e-07 1.59802e-11 12 1 0.5 12
9.88e+07 1.10123e-09 2.17016e-07 1.26072e-11 12 1 0.5 12
9.89e+07 1.75345e-09 1.98443e-07 2.50101e-11 9 1 0.5 9
9.9e+07 1.2936e-09 2.15958e-07 2.53456e-11 7 1 0.5 7
9.91e+07 1.02817e-09 2.04225e-07 1.12202e-11 12 1 0.5 12
9.92e+07 1.94034e-09 2.07874e-07 3.69687e-11 7 1 0.5 7
9.93e+07 1.47637e-09 2.12616e-07 3.33826e-11 6 1 0.5 6
9.94e+07 1.46606e-09 2.14566e-07 4.01122e-11 5 1 0.5 5
9.95e+07 1.42525e-09 2.04787e-07 2.35119e-11 8 1 0.5 8
9.96e+07 1.31371e-09 2.05098e-07 1.57037e-11 11 1 0.5 11
9.97e+07 1.49133e-09 2.02375e-07 2.42952e-11 8 1 0.5 8
9.98e+07 1.00078e-09 2.01916e-07 1.85826e-11 7 1 0.5 7
9.99e+07 1.28372e-09 2.06693e-07 1.41479e-11 12 1 0.5 12
1e+08 1.49406e-09 2.11142e-07 1.82782e-11 11 1 0.5 11
