0 1.50659e-09 2.07143e-07 1.91083e-11 11 1 0.5 11
100000 1.43855e-09 2.11642e-07 3.89304e-11 5 1 0.5 5
200000 1.31498e-09 2.08345e-07 2.19046e-11 8 1 0.5 8
300000 1.5169e-09 2.04906e-07 2.49548e-11 8 1 0.5 8
400000 1.15649e-09 2.14506e-07 1.31201e-11 12 1 0.5 12
500000 8.62362e-10 2.14889e-07 1.96169e-11 6 1 0.5 6
600000 1.07313e-09 2.13147e-07 1.81867e-11 8 1 0.5 8
700000 1.4762e-09 2.14755e-07 3.36437e-11 6 1 0.5 6
800000 1.45294e-09 2.03067e-07 3.16858e-11 6 1 0.5 6
900000 1.41912e-09 2.02282e-07 3.08511e-11 6 1 0.5 6
1e+06 1.05774e-09 2.11161e-07 1.18497e-11 12 1 0.5 12
1.1e+06 1.32451e-09 1.98027e-07 1.69516e-11 10 1 0.5 10
1.2e+06 1.48914e-09 2.11127e-07 3.34869e-11 6 1 0.5 6
1.3e+06 1.10442e-09 2.11937e-07 1.65584e-11 9 1 0.5 9
1.4e+06 1.43207e-09 2.11497e-07 3.2241e-11 6 1 0.5 6
1.5e+06 1.19182e-09 2.10044e-07 1.99732e-11 8 1 0.5 8
1.6e+06 1.92723e-09 2.12911e-07 3.27132e-11 8 1 0.5 8
1.7e+06 1.11172e-09 1.9354e-07 1.74761e-11 8 1 0.5 8
1.8e+06 1.58239e-09 2.08328e-07 1.75576e-11 12 1 0.5 12
1.9e+06 1.48975e-09 1.98973e-07 2.73896e-11 7 1 0.5 7
2e+06 1.65467e-09 2.19959e-07 3.84606e-11 6 1 0.5 6
2.1e+06 1.77051e-09 2.09805e-07 2.96934e-11 8 1 0.5 8
2.2e+06 1.2296e-09 2.14244e-07 2.09324e-11 8 1 0.5 8
2.3e+06 1.45722e-09 2.18186e-07 1.82944e-11 11 1 0.5 11
2.4e+06 1.21932e-09 2.069e-07 3.23828e-11 5 1 0.5 5
2.5e+06 1.52754e-09 2.04053e-07 3.34484e-11 6 1 0.5 6
2.6e+06 1.50368e-09 2.07415e-07 2.21876e-11 9 1 0.5 9
2.7e+06 1.61201e-09 2.06896e-07 1.77906e-11 12 1 0.5 12
2.8e+06 1.07666e-09 2.04164e-07 1.56749e-11 9 1 0.5 9
2.9e+06 1.32131e-09 2.12926e-07 1.98939e-11 9 1 0.5 9
3e+06 1.16484e-09 2.05283e-07 1.7035e-11 9 1 0.5 9
3.1e+06 1.30203e-09 2.15104e-07 1.36661e-11 13 1 0.5 13
3.2e+06 1.43607e-09 2.05657e-07 3.16279e-11 6 1 0.5 6
3.3e+06 1.16015e-09 2.04192e-07 1.2662e-11 12 1 0.5 12
3.4e+06 1.15059e-09 2.02195e-07 1.15009e-11 13 1 0.5 13
3.5e+06 1.21933e-09 2.00691e-07 1.21186e-11 13 1 0.5 13
3.6e+06 1.33506e-09 2.06731e-07 1.767e-11 10 1 0.5 10
3.7e+06 1.33016e-09 2.04593e-07 2.49799e-11 7 1 0.5 7
3.8e+06 1.68192e-09 2.06812e-07 2.02519e-11 11 1 0.5 11
3.9e+06 1.14467e-09 2.06719e-07 1.68307e-11 9 1 0.5 9
4e+06 1.382e-09 2.04911e-07 2.59893e-11 7 1 0.5 7
4.1e+06 1.87706e-09 2.01046e-07 3.04547e-11 8 1 0.5 8
4.2e+06 1.61856e-09 2.05726e-07 2.67183e-11 8 1 0.5 8
4.3e+06 1.3795e-09 2.04399e-07 1.80987e-11 10 1 0.5 10
4.4e+06 1.40099e-09 2.00158e-07 3.02051e-11 6 1 0.5 6
4.5e+06 1.14821e-09 2.04694e-07 1.67533e-11 9 1 0.5 9
4.6e+06 1.32503e-09 2.07103e-07 2.51219e-11 7 1 0.5 7
4.7e+06 1.34534e-09 2.0234e-07 2.92456e-11 6 1 0.5 6
4.8e+06 1.67819e-09 2.02185e-07 2.73334e-11 8 1 0.5 8
4.9e+06 8.86564e-10 2.13372e-07 1.2017e-11 10 1 0.5 10
5e+06 1.38301e-09 2.02672e-07 2.0035e-11 9 1 0.5 9
5.1e+06 1.48519e-09 2.12501e-07 1.54444e-11 13 1 0.5 13
5.2e+06 1.18204e-09 2.03394e-07 1.71628e-11 9 1 0.5 9
5.3e+06 1.68411e-09 2.08092e-07 3.20867e-11 7 1 0.5 7
5.4e+06 1.37184e-09 2.11968e-07 1.8519e-11 10 1 0.5 10
5.5e+06 1.3725e-09 2.11157e-07 1.3182e-11 14 1 0.5 14
5.6e+06 1.45584e-09 2.01267e-07 2.09798e-11 9 1 0.5 9
5.7e+06 1.24502e-09 2.12652e-07 2.10716e-11 8 1 0.5 8
5.8e+06 1.82045e-09 2.06668e-07 4.0306e-11 6 1 0.5 6
5.9e+06 1.63726e-09 2.06486e-07 4.34959e-11 5 1 0.5 5
6e+06 1.84933e-09 2.04013e-07 3.47101e-11 7 1 0.5 7
6.1e+06 1.73354e-09 2.12215e-07 3.91776e-11 6 1 0.5 6
6.2e+06 1.36659e-09 1.96784e-07 2.90734e-11 6 1 0.5 6
6.3e+06 1.20022e-09 2.02439e-07 1.95419e-11 8 1 0.5 8
6.4e+06 1.64764e-09 2.09744e-07 3.68822e-11 6 1 0.5 6
6.5e+06 1.31765e-09 2.00839e-07 3.42056e-11 5 1 0.5 5
6.6e+06 1.75102e-09 1.9905e-07 3.76372e-11 6 1 0.5 6
6.7e+06 1.86741e-09 1.98122e-07 1.92539e-10 3 1 0.5 3
6.8e+06 1.54694e-09 2.1122e-07 2.31571e-11 9 1 0.5 9
6.9e+06 1.19322e-09 2.04848e-07 1.96078e-11 8 1 0.5 8
7e+06 1.89783e-09 2.0597e-07 4.192e-11 6 1 0.5 6
7.1e+06 1.79094e-09 2.08704e-07 2.65744e-11 9 1 0.5 9
7.2e+06 1.13715e-09 2.14695e-07 2.21657e-11 7 1 0.5 7
7.3e+06 1.24683e-09 2.15566e-07 1.31076e-11 13 1 0.5 13
7.4e+06 2.25263e-09 2.04617e-07 2.27697e-11 13 1 0.5 13
7.5e+06 1.43237e-09 1.9998e-07 1.67919e-11 11 1 0.5 11
7.6e+06 1.82814e-09 2.0314e-07 2.98981e-11 8 1 0.5 8
7.7e+06 2.1478e-09 2.00454e-07 7.00204e-11 4 1 0.5 4
7.8e+06 1.20901e-09 2.07457e-07 2.29443e-11 7 1 0.5 7
7.9e+06 1.53494e-09 2.1496e-07 2.99884e-11 7 1 0.5 7
8e+06 1.26071e-09 2.08473e-07 1.86656e-11 9 1 0.5 9
8.1e+06 1.39527e-09 2.05961e-07 3.10293e-11 6 1 0.5 6
8.2e+06 1.64803e-09 2.11966e-07 4.46962e-11 5 1 0.5 5
8.3e+06 1.37337e-09 2.06463e-07 3.03327e-11 6 1 0.5 6
8.4e+06 1.38547e-09 2.1386e-07 1.71177e-11 11 1 0.5 11
8.5e+06 1.73733e-09 2.07083e-07 2.30458e-11 10 1 0.5 10
8.6e+06 1.10117e-09 2.12434e-07 2.98418e-11 5 1 0.5 5
8.7e+06 1.78511e-09 2.02308e-07 3.32787e-11 7 1 0.5 7
8.8e+06 1.7114e-09 2.00886e-07 2.77371e-11 8 1 0.5 8
8.9e+06 9.67004e-10 2.15359e-07 1.46772e-11 9 1 0.5 9
9e+06 1.9392e-09 2.00575e-07 4.19595e-11 6 1 0.5 6
9.1e+06 1.19003e-09 2.0594e-07 3.14857e-11 5 1 0.5 5
9.2e+06 1.55855e-09 2.14753e-07 3.04288e-11 7 1 0.5 7
9.3e+06 1.72895e-09 2.13761e-07 3.92982e-11 6 1 0.5 6
9.4e+06 1.4174e-09 2.1089e-07 1.90593e-11 10 1 0.5 10
9.5e+06 1.18161e-09 2.16151e-07 2.02541e-11 8 1 0.5 8
9.6e+06 1.74769e-09 2.01626e-07 5.71096e-11 4 1 0.5 4
9.7e+06 1.3561e-09 2.12175e-07 2.62073e-11 7 1 0.5 7
9.8e+06 1.75705e-09 2.08172e-07 3.91152e-11 6 1 0.5 6
9.9e+06 9.42464e-10 2.07723e-07 1.78886e-11 7 1 0.5 7
1e+07 1.8676e-09 2.05137e-07 3.07814e-11 8 1 0.5 8
1.01e+07 1.50174e-09 2.0248e-07 1.95631e-11 10 1 0.5 10
1.02e+07 1.35836e-09 2.18617e-07 1.34087e-11 14 1 0.5 14
1.03e+07 1.38966e-09 2.18292e-07 2.40216e-11 8 1 0.5 8
1.04e+07 1.51134e-09 2.09216e-07 2.01997e-11 10 1 0.5 10
1.05e+07 1.17611e-09 1.99761e-07 2.16685e-11 7 1 0.5 7
1.06e+07 1.33531e-09 2.11004e-07 2.24674e-11 8 1 0.5 8
1.07e+07 1.8591e-09 1.95703e-07 2.95364e-11 8 1 0.5 8
1.08e+07 1.56839e-09 2.07643e-07 2.982e-11 7 1 0.5 7
1.09e+07 1.61188e-09 2.10645e-07 3.61987e-11 6 1 0.5 6
1.1e+07 1.27655e-09 2.02971e-07 1.66527e-11 10 1 0.5 10
1.11e+07 1.617e-09 2.07946e-07 4.31923e-11 5 1 0.5 5
1.12e+07 1.30288e-09 2.17081e-07 2.99276e-11 6 1 0.5 6
1.13e+07 1.64736e-09 2.1381e-07 2.80333e-11 8 1 0.5 8
1.14e+07 1.52098e-09 1.99637e-07 1.63214e-11 12 1 0.5 12
1.15e+07 2.51486e-09 2.0609e-07 4.76795e-11 7 1 0.5 7
1.16e+07 1.61794e-09 2.07696e-07 3.07733e-11 7 1 0.5 7
1.17e+07 1.47477e-09 2.04622e-07 2.15296e-11 9 1 0.5 9
1.18e+07 1.42698e-09 2.03119e-07 1.69329e-11 11 1 0.5 11
1.19e+07 1.86626e-09 2.20482e-07 1.99957e-11 13 1 0.5 13
1.2e+07 1.45112e-09 2.10769e-07 1.95054e-11 10 1 0.5 10
1.21e+07 1.03626e-09 2.12859e-07 1.75414e-11 8 1 0.5 8
1.22e+07 1.9892e-09 2.10366e-07 3.34522e-11 8 1 0.5 8
1.23e+07 1.6024e-09 2.07177e-07 2.65964e-11 8 1 0.5 8
1.24e+07 1.53651e-09 2.15886e-07 2.34005e-11 9 1 0.5 9
1.25e+07 1.67857e-09 1.9498e-07 1.76906e-11 12 1 0.5 12
1.26e+07 1.71651e-09 2.03381e-07 4.50791e-11 5 1 0.5 5
1.27e+07 1.78224e-09 1.9788e-07 2.53665e-11 9 1 0.5 9
1.28e+07 2.02702e-09 2.01536e-07 6.66696e-11 4 1 0.5 4
1.29e+07 1.36118e-09 1.99502e-07 7.79276e-10 5 1 0.5 5
1.3e+07 1.26069e-09 2.03672e-07 2.35868e-11 7 1 0.5 7
1.31e+07 1.20461e-09 2.1556e-07 1.83083e-11 9 1 0.5 9
1.32e+07 2.48399e-09 2.06196e-07 5.50356e-11 6 1 0.5 6
1.33e+07 1.66528e-09 2.0527e-07 3.66533e-11 6 1 0.5 6
1.34e+07 1.50195e-09 2.12505e-07 2.54249e-11 8 1 0.5 8
1.35e+07 1.22076e-09 1.98713e-07 1.9592e-11 8 1 0.5 8
1.36e+07 1.48113e-09 2.13695e-07 1.54704e-11 13 1 0.5 13
1.37e+07 1.59255e-09 1.97115e-07 2.0321e-11 10 1 0.5 10
1.38e+07 1.30066e-09 2.11846e-07 2.93058e-11 6 1 0.5 6
1.39e+07 1.1913e-09 2.0479e-07 2.23792e-11 7 1 0.5 7
1.4e+07 1.44736e-09 2.11103e-07 1.94789e-11 10 1 0.5 10
1.41e+07 1.36221e-09 2.147e-07 2.06466e-11 9 1 0.5 9
1.42e+07 1.24439e-09 2.07277e-07 3.30993e-11 5 1 0.5 5
1.43e+07 1.38402e-09 2.03667e-07 2.59038e-11 7 1 0.5 7
1.44e+07 1.30203e-09 2.19594e-07 2.26074e-11 8 1 0.5 8
1.45e+07 1.3192e-09 2.09142e-07 2.94267e-11 6 1 0.5 6
1.46e+07 1.43928e-09 2.09938e-07 2.41276e-11 8 1 0.5 8
1.47e+07 1.5713e-09 2.09338e-07 2.33581e-11 9 1 0.5 9
1.48e+07 1.44006e-09 1.99168e-07 2.31665e-11 8 1 0.5 8
1.49e+07 1.52815e-09 2.06021e-07 2.88731e-11 7 1 0.5 7
1.5e+07 1.79976e-09 2.0507e-07 2.63403e-11 9 1 0.5 9
1.51e+07 1.80251e-09 2.14522e-07 4.10971e-11 6 1 0.5 6
1.52e+07 1.58792e-09 2.0091e-07 4.12822e-11 5 1 0.5 5
1.53e+07 1.39284e-09 2.12163e-07 2.09155e-11 9 1 0.5 9
1.54e+07 1.5253e-09 2.15885e-07 3.52007e-11 6 1 0.5 6
1.55e+07 1.47146e-09 2.05908e-07 1.38581e-11 14 1 0.5 14
1.56e+07 1.33902e-09 1.99513e-07 2.15642e-11 8 1 0.5 8
1.57e+07 1.77137e-09 2.13739e-07 3.01464e-11 8 1 0.5 8
1.58e+07 1.39716e-09 2.09648e-07 3.12342e-11 6 1 0.5 6
1.59e+07 1.37499e-09 1.97972e-07 2.51717e-11 7 1 0.5 7
1.6e+07 1.6999e-09 2.12225e-07 4.61586e-11 5 1 0.5 5
1.61e+07 1.47526e-09 2.07834e-07 2.45384e-11 8 1 0.5 8
1.62e+07 1.64382e-09 2.02809e-07 2.38411e-11 9 1 0.5 9
1.63e+07 1.22473e-09 2.06618e-07 2.31701e-11 7 1 0.5 7
1.64e+07 2.03924e-09 2.10559e-07 3.04894e-11 9 1 0.5 9
1.65e+07 1.24404e-09 2.07594e-07 1.50105e-11 11 1 0.5 11
1.66e+07 1.33674e-09 2.02489e-07 2.49021e-11 7 1 0.5 7
1.67e+07 1.81137e-09 2.11518e-07 3.05776e-11 8 1 0.5 8
1.68e+07 1.91255e-09 2.05933e-07 3.16222e-11 8 1 0.5 8
1.69e+07 1.70532e-09 2.06327e-07 2.82218e-11 8 1 0.5 8
1.7e+07 1.05379e-09 2.04288e-07 1.97494e-11 7 1 0.5 7
1.71e+07 1.85782e-09 2.10328e-07 6.27964e-11 4 1 0.5 4
1.72e+07 1.65636e-09 2.04439e-07 3.63401e-11 6 1 0.5 6
1.73e+07 1.20425e-09 2.05931e-07 1.58858e-11 10 1 0.5 10
1.74e+07 1.09403e-09 2.05897e-07 2.40861e-11 6 1 0.5 6
1.75e+07 1.74772e-09 2.09266e-07 3.9067e-11 6 1 0.5 6
1.76e+07 1.89268e-09 2.06742e-07 3.59012e-11 7 1 0.5 7
1.77e+07 1.09428e-09 2.02142e-07 2.03447e-11 7 1 0.5 7
1.78e+07 1.36825e-09 2.12917e-07 2.06025e-11 9 1 0.5 9
1.79e+07 1.83056e-09 2.08654e-07 2.44323e-11 10 1 0.5 10
1.8e+07 1.21487e-09 2.08037e-07 1.4682e-11 11 1 0.5 11
1.81e+07 1.03854e-09 1.99908e-07 1.33813e-11 10 1 0.5 10
1.82e+07 1.82382e-09 2.09004e-07 3.48841e-11 7 1 0.5 7
1.83e+07 1.62196e-09 2.08308e-07 1.79966e-11 12 1 0.5 12
1.84e+07 1.14628e-09 2.04096e-07 1.50136e-11 10 1 0.5 10
1.85e+07 1.3955e-09 2.14868e-07 2.72423e-11 7 1 0.5 7
1.86e+07 1.38256e-09 2.09996e-07 2.3178e-11 8 1 0.5 8
1.87e+07 1.7735e-09 2.08167e-07 2.36241e-11 10 1 0.5 10
1.88e+07 1.54776e-09 2.08417e-07 3.44607e-11 6 1 0.5 6
1.89e+07 1.18752e-09 2.04663e-07 1.5589e-11 10 1 0.5 10
1.9e+07 1.02253e-09 2.10424e-07 1.14231e-11 12 1 0.5 12
1.91e+07 1.1099e-09 2.1702e-07 3.05909e-11 5 1 0.5 5
1.92e+07 1.39367e-09 2.13634e-07 3.16215e-11 6 1 0.5 6
1.93e+07 1.20794e-09 2.00678e-07 1.73571e-11 9 1 0.5 9
1.94e+07 1.79571e-09 2.01556e-07 2.91859e-11 8 1 0.5 8
1.95e+07 1.42462e-09 1.99224e-07 3.06056e-11 6 1 0.5 6
1.96e+07 1.93291e-09 2.027e-07 6.34907e-11 4 1 0.5 4
1.97e+07 8.42425e-10 2.29466e-07 1.20963e-11 10 1 0.5 10
1.98e+07 1.59608e-09 2.09546e-07 4.28873e-11 5 1 0.5 5
1.99e+07 1.3963e-09 2.10429e-07 2.68128e-11 7 1 0.5 7
2e+07 1.8674e-09 2.15647e-07 2.32478e-11 11 1 0.5 11
2.01e+07 1.48557e-09 2.01132e-07 3.21601e-11 6 1 0.5 6
2.02e+07 1.62741e-09 2.08526e-07 1.97208e-11 11 1 0.5 11
2.03e+07 1.53268e-09 2.05226e-07 2.24299e-11 9 1 0.5 9
2.04e+07 1.56746e-09 2.00213e-07 2.69439e-10 6 1 0.5 6
2.05e+07 1.8158e-09 2.05592e-07 2.17688e-11 11 1 0.5 11
2.06e+07 1.72823e-09 2.08669e-07 5.80195e-11 4 1 0.5 4
2.07e+07 1.18015e-09 2.0635e-07 1.95035e-11 8 1 0.5 8
2.08e+07 1.49886e-09 2.06422e-07 2.47996e-11 8 1 0.5 8
2.09e+07 1.73743e-09 2.03394e-07 3.25207e-11 7 1 0.5 7
2.1e+07 1.50461e-09 2.0866e-07 1.82373e-11 11 1 0.5 11
2.11e+07 1.55325e-09 2.25464e-07 2.20296e-11 10 1 0.5 10
2.12e+07 1.32026e-09 2.1329e-07 4.49818e-11 4 1 0.5 4
2.13e+07 1.29743e-09 2.11131e-07 3.5022e-11 5 1 0.5 5
2.14e+07 1.53289e-09 2.08947e-07 4.10847e-11 5 1 0.5 5
2.15e+07 1.38412e-09 2.0282e-07 2.25807e-11 8 1 0.5 8
2.16e+07 1.68382e-09 2.08427e-07 7.55213e-11 3 1 0.5 3
2.17e+07 1.42186e-09 2.01395e-07 1.53595e-11 12 1 0.5 12
2.18e+07 1.52793e-09 2.06331e-07 2.52739e-11 8 1 0.5 8
2.19e+07 1.16153e-09 2.08333e-07 1.54607e-11 10 1 0.5 10
2.2e+07 1.35498e-09 2.04779e-07 1.97868e-11 9 1 0.5 9
2.21e+07 1.56326e-09 2.09548e-07 5.25966e-11 4 1 0.5 4
2.22e+07 1.39366e-09 2.05394e-07 3.68305e-11 5 1 0.5 5
2.23e+07 1.2506e-09 2.06047e-07 1.83462e-11 9 1 0.5 9
2.24e+07 1.54074e-09 2.04859e-07 4.06612e-11 5 1 0.5 5
2.25e+07 9.12867e-10 2.02665e-07 1.18848e-11 10 1 0.5 10
2.26e+07 1.84437e-09 2.07053e-07 3.06191e-11 8 1 0.5 8
2.27e+07 1.465e-09 2.1121e-07 1.9725e-11 10 1 0.5 10
2.28e+07 1.93094e-09 2.1388e-07 4.39426e-11 6 1 0.5 6
2.29e+07 1.29003e-09 2.07003e-07 2.29576e-10 13 1 0.5 13
2.3e+07 1.21819e-09 2.07341e-07 2.69793e-11 6 1 0.5 6
2.31e+07 1.42892e-09 2.05976e-07 2.35976e-11 8 1 0.5 8
2.32e+07 1.311e-09 1.96978e-07 4.19679e-11 4 1 0.5 4
2.33e+07 1.53949e-09 2.07294e-07 2.27076e-11 9 1 0.5 9
2.34e+07 1.2584e-09 1.99267e-07 1.34778e-11 12 1 0.5 12
2.35e+07 1.63688e-09 2.1606e-07 4.50683e-11 5 1 0.5 5
2.36e+07 1.64067e-09 2.04755e-07 2.69847e-11 8 1 0.5 8
2.37e+07 1.77237e-09 1.96611e-07 3.23131e-11 7 1 0.5 7
2.38e+07 1.64017e-09 2.08855e-07 2.73994e-11 8 1 0.5 8
2.39e+07 1.10517e-09 2.12717e-07 1.66176e-11 9 1 0.5 9
2.4e+07 1.80187e-09 2.15194e-07 2.46404e-11 10 1 0.5 10
2.41e+07 1.51353e-09 2.04207e-07 3.98387e-11 5 1 0.5 5
2.42e+07 1.06027e-09 2.22773e-07 1.86079e-11 8 1 0.5 8
2.43e+07 2.10737e-09 2.07434e-07 5.63068e-11 5 1 0.5 5
2.44e+07 1.45223e-09 2.05702e-07 3.19913e-11 6 1 0.5 6
2.45e+07 1.19567e-09 2.0882e-07 1.77229e-11 9 1 0.5 9
2.46e+07 1.24811e-09 2.05876e-07 1.82977e-11 9 1 0.5 9
2.47e+07 1.56824e-09 2.07614e-07 2.9814e-11 7 1 0.5 7
2.48e+07 9.56992e-10 2.04888e-07 9.66182e-12 13 1 0.5 13
2.49e+07 1.64785e-09 2.05509e-07 2.41483e-11 9 1 0.5 9
2.5e+07 1.61935e-09 2.04589e-07 2.12721e-11 10 1 0.5 10
2.51e+07 1.712e-09 1.95333e-07 1.97179e-11 11 1 0.5 11
2.52e+07 2.0044e-09 2.09885e-07 4.49528e-11 6 1 0.5 6
2.53e+07 1.41116e-09 2.0185e-07 2.62298e-11 7 1 0.5 7
2.54e+07 1.28244e-09 2.03296e-07 2.09543e-11 8 1 0.5 8
2.55e+07 1.26302e-09 2.15944e-07 2.16382e-11 8 1 0.5 8
2.56e+07 2.04806e-09 2.02764e-07 5.37381e-11 5 1 0.5 5
2.57e+07 1.5173e-09 2.05769e-07 2.86395e-11 7 1 0.5 7
2.58e+07 1.35053e-09 2.1582e-07 2.64528e-11 7 1 0.5 7
2.59e+07 1.32004e-09 2.07519e-07 2.19208e-11 8 1 0.5 8
2.6e+07 1.10969e-09 2.05141e-07 1.82513e-11 8 1 0.5 8
2.61e+07 1.79323e-09 2.08925e-07 4.81154e-11 5 1 0.5 5
2.62e+07 1.16408e-09 1.99003e-07 1.87006e-11 8 1 0.5 8
2.63e+07 1.33576e-09 2.02568e-07 1.93405e-11 9 1 0.5 9
2.64e+07 1.06424e-09 2.07043e-07 1.56641e-11 9 1 0.5 9
2.65e+07 1.28147e-09 2.09109e-07 2.85773e-11 6 1 0.5 6
2.66e+07 1.47987e-09 2.04888e-07 2.16263e-11 9 1 0.5 9
2.67e+07 2.04798e-09 2.00146e-07 4.4257e-11 6 1 0.5 6
2.68e+07 1.56938e-09 2.01092e-07 2.90999e-11 7 1 0.5 7
2.69e+07 1.66092e-09 1.95919e-07 3.52519e-11 6 1 0.5 6
2.7e+07 1.10474e-09 2.03845e-07 1.03167e-11 14 1 0.5 14
2.71e+07 1.03173e-09 2.10596e-07 1.53886e-11 9 1 0.5 9
2.72e+07 1.35865e-09 1.98076e-07 4.3693e-11 4 1 0.5 4
2.73e+07 1.70374e-09 2.16164e-07 3.90654e-11 6 1 0.5 6
2.74e+07 1.56494e-09 2.09346e-07 2.99457e-11 7 1 0.5 7
2.75e+07 1.46135e-09 2.12051e-07 2.19388e-11 9 1 0.5 9
2.76e+07 1.75453e-09 2.08603e-07 1.6701e-11 14 1 0.5 14
2.77e+07 1.10076e-09 1.9762e-07 2.34726e-11 6 1 0.5 6
2.78e+07 1.12091e-09 2.08109e-07 2.13187e-11 7 1 0.5 7
2.79e+07 1.88494e-09 2.09208e-07 5.06512e-11 5 1 0.5 5
2.8e+07 1.77995e-09 2.06434e-07 3.93684e-11 6 1 0.5 6
2.81e+07 1.21654e-09 2.13828e-07 3.31563e-11 5 1 0.5 5
2.82e+07 1.78474e-09 2.02553e-07 2.32708e-11 10 1 0.5 10
2.83e+07 1.35201e-09 2.13598e-07 1.8361e-11 10 1 0.5 10
2.84e+07 1.51687e-09 2.0789e-07 1.25912e-11 16 1 0.5 16
2.85e+07 1.48943e-09 2.02225e-07 3.89024e-11 5 1 0.5 5
2.86e+07 1.24498e-09 2.06453e-07 2.05866e-11 8 1 0.5 8
2.87e+07 1.74038e-09 2.0305e-07 3.25333e-11 7 1 0.5 7
2.88e+07 1.6654e-09 2.04179e-07 3.65033e-11 6 1 0.5 6
2.89e+07 1.13904e-09 1.97948e-07 2.0835e-11 7 1 0.5 7
2.9e+07 1.48417e-09 2.05013e-07 2.79307e-11 7 1 0.5 7
2.91e+07 1.27623e-09 1.99646e-07 1.64356e-11 10 1 0.5 10
2.92e+07 1.40392e-09 2.06337e-07 3.09961e-11 6 1 0.5 6
2.93e+07 1.31103e-09 2.1481e-07 2.55806e-11 7 1 0.5 7
2.94e+07 1.14032e-09 1.98207e-07 1.82608e-11 8 1 0.5 8
2.95e+07 1.40766e-09 2.02591e-07 1.30886e-11 14 1 0.5 14
2.96e+07 1.14371e-09 2.16563e-07 2.62056e-11 6 1 0.5 6
2.97e+07 1.2919e-09 2.05076e-07 2.43031e-11 7 1 0.5 7
2.98e+07 1.8503e-09 2.0948e-07 3.10007e-11 8 1 0.5 8
2.99e+07 1.47777e-09 2.02487e-07 3.21583e-11 6 1 0.5 6
3e+07 1.91177e-09 2.09242e-07 5.1385e-11 5 1 0.5 5
3.01e+07 1.29474e-09 2.109e-07 1.93462e-11 9 1 0.5 9
3.02e+07 1.78718e-09 2.06495e-07 2.36569e-11 10 1 0.5 10
3.03e+07 1.51566e-09 1.96739e-07 2.41565e-11 8 1 0.5 8
3.04e+07 1.45325e-09 1.99996e-07 3.13181e-11 6 1 0.5 6
3.05e+07 1.70203e-09 2.09224e-07 4.57007e-11 5 1 0.5 5
3.06e+07 1.94368e-09 2.03165e-07 1.58556e-11 16 1 0.5 16
3.07e+07 1.27155e-09 2.02859e-07 2.07409e-11 8 1 0.5 8
3.08e+07 1.5522e-09 2.06435e-07 2.28215e-11 9 1 0.5 9
3.09e+07 1.16561e-09 2.1256e-07 1.21169e-11 13 1 0.5 13
3.1e+07 1.43583e-09 2.04621e-07 2.69764e-11 7 1 0.5 7
3.11e+07 1.53232e-09 2.03702e-07 2.50936e-11 8 1 0.5 8
3.12e+07 1.65483e-09 1.98511e-07 4.26335e-11 5 1 0.5 5
3.13e+07 1.52312e-09 2.10989e-07 1.86242e-11 11 1 0.5 11
3.14e+07 1.45997e-09 2.03338e-07 3.18731e-11 6 1 0.5 6
3.15e+07 1.462e-09 2.04951e-07 2.13694e-11 9 1 0.5 9
3.16e+07 1.72808e-09 2.03115e-07 2.2578e-11 10 1 0.5 10
3.17e+07 9.16632e-10 2.0821e-07 1.01534e-11 12 1 0.5 12
3.18e+07 1.47523e-09 2.01203e-07 2.73577e-11 7 1 0.5 7
3.19e+07 1.26337e-09 2.06292e-07 2.08791e-11 8 1 0.5 8
3.2e+07 1.83188e-09 2.1411e-07 2.77384e-11 9 1 0.5 9
3.21e+07 1.12596e-09 2.11185e-07 3.03755e-11 5 1 0.5 5
3.22e+07 1.38822e-09 2.02641e-07 2.58804e-11 7 1 0.5 7
3.23e+07 1.30713e-09 1.9848e-07 2.39722e-11 7 1 0.5 7
3.24e+07 1.68835e-09 2.13397e-07 2.86904e-11 8 1 0.5 8
3.25e+07 1.88355e-09 2.14184e-07 2.56665e-11 10 1 0.5 10
3.26e+07 1.33009e-09 2.07466e-07 2.52529e-11 7 1 0.5 7
3.27e+07 1.22232e-09 2.02868e-07 2.66132e-11 6 1 0.5 6
3.28e+07 1.35234e-09 2.0006e-07 1.58561e-11 11 1 0.5 11
3.29e+07 1.11388e-09 1.95692e-07 1.4119e-11 10 1 0.5 10
3.3e+07 1.13498e-09 2.00751e-07 1.63104e-11 9 1 0.5 9
3.31e+07 1.97425e-09 2.1084e-07 5.33991e-11 5 1 0.5 5
3.32e+07 1.6391e-09 2.1702e-07 3.22772e-11 7 1 0.5 7
3.33e+07 1.6182e-09 2.10781e-07 3.11373e-11 7 1 0.5 7
3.34e+07 1.47569e-09 2.05726e-07 2.78458e-11 7 1 0.5 7
3.35e+07 1.35861e-09 2.06883e-07 1.63525e-11 11 1 0.5 11
3.36e+07 1.06771e-09 2.1224e-07 1.31041e-11 11 1 0.5 11
3.37e+07 1.09386e-09 2.05545e-07 1.80178e-11 8 1 0.5 8
3.38e+07 7.41803e-10 2.07328e-07 8.93232e-12 11 1 0.5 11
3.39e+07 1.88331e-09 2.08258e-07 5.04259e-11 5 1 0.5 5
3.4e+07 2.26491e-09 2.07714e-07 4.31718e-11 7 1 0.5 7
3.41e+07 1.66827e-09 2.00541e-07 4.33245e-11 5 1 0.5 5
3.42e+07 2.03768e-09 2.11602e-07 3.93835e-11 7 1 0.5 7
3.43e+07 1.42733e-09 2.05107e-07 3.76849e-11 5 1 0.5 5
3.44e+07 1.73645e-09 1.99072e-07 4.48509e-11 5 1 0.5 5
3.45e+07 1.86282e-09 2.05898e-07 2.46064e-11 10 1 0.5 10
3.46e+07 1.1152e-09 2.06786e-07 2.1104e-11 7 1 0.5 7
3.47e+07 1.31287e-09 2.03609e-07 2.8909e-11 6 1 0.5 6
3.48e+07 1.23903e-09 2.11187e-07 1.66724e-11 10 1 0.5 10
3.49e+07 1.87811e-09 2.06978e-07 2.07441e-11 12 1 0.5 12
3.5e+07 1.45219e-09 2.14048e-07 3.30072e-11 6 1 0.5 6
3.51e+07 1.21215e-09 2.20583e-07 2.41455e-11 7 1 0.5 7
3.52e+07 1.45215e-09 2.12179e-07 1.9622e-11 10 1 0.5 10
3.53e+07 1.06002e-09 1.98193e-07 1.13015e-11 12 1 0.5 12
3.54e+07 1.20054e-09 2.08598e-07 2.67131e-11 6 1 0.5 6
3.55e+07 1.70327e-09 2.03962e-07 2.79342e-11 8 1 0.5 8
3.56e+07 1.37543e-09 2.13209e-07 3.11565e-11 6 1 0.5 6
3.57e+07 1.16919e-09 2.05288e-07 1.28144e-11 12 1 0.5 12
3.58e+07 1.1791e-09 2.14888e-07 2.30029e-11 7 1 0.5 7
3.59e+07 1.26595e-09 2.02937e-07 1.26926e-11 13 1 0.5 13
3.6e+07 1.84384e-09 2.04166e-07 3.02752e-11 8 1 0.5 8
3.61e+07 1.1584e-09 2.03214e-07 1.51216e-11 10 1 0.5 10
3.62e+07 1.50929e-09 2.0465e-07 3.97937e-11 5 1 0.5 5
3.63e+07 1.46398e-09 2.10707e-07 2.81479e-11 7 1 0.5 7
3.64e+07 1.47565e-09 2.04143e-07 2.76774e-11 7 1 0.5 7
3.65e+07 2.19016e-09 2.01548e-07 4.07622e-11 7 1 0.5 7
3.66e+07 1.62298e-09 1.99074e-07 2.31991e-11 9 1 0.5 9
3.67e+07 1.79768e-09 2.02654e-07 3.91916e-11 6 1 0.5 6
3.68e+07 1.67297e-09 2.01525e-07 5.46241e-11 4 1 0.5 4
3.69e+07 1.7008e-09 2.17281e-07 3.91573e-11 6 1 0.5 6
3.7e+07 1.6125e-09 2.08984e-07 1.79369e-11 12 1 0.5 12
3.71e+07 1.56219e-09 2.09832e-07 2.09301e-11 10 1 0.5 10
3.72e+07 1.73932e-09 2.08196e-07 3.31574e-11 7 1 0.5 7
3.73e+07 1.68493e-09 2.0667e-07 3.72867e-11 6 1 0.5 6
3.74e+07 1.27371e-09 2.00577e-07 2.05937e-11 8 1 0.5 8
3.75e+07 1.73996e-09 2.01036e-07 2.5069e-11 9 1 0.5 9
3.76e+07 1.67267e-09 2.01768e-07 2.4164e-11 9 1 0.5 9
3.77e+07 1.5985e-09 2.0507e-07 5.28877e-11 4 1 0.5 4
3.78e+07 1.66148e-09 2.0182e-07 2.40065e-11 9 1 0.5 9
3.79e+07 1.73145e-09 2.04246e-07 2.27206e-11 10 1 0.5 10
3.8e+07 1.27507e-09 2.13056e-07 2.16144e-11 8 1 0.5 8
3.81e+07 1.84227e-09 2.03514e-07 2.41131e-11 10 1 0.5 10
3.82e+07 1.16167e-09 2.12039e-07 1.30593e-11 12 1 0.5 12
3.83e+07 1.93051e-09 2.12669e-07 3.27397e-11 8 1 0.5 8
3.84e+07 1.44231e-09 2.00362e-07 3.73927e-11 5 1 0.5 5
3.85e+07 1.48532e-09 2.16872e-07 1.45723e-11 14 1 0.5 14
3.86e+07 1.59503e-09 2.03272e-07 4.18486e-11 5 1 0.5 5
3.87e+07 1.72914e-09 2.06887e-07 5.15716e-11 5 1 0.5 5
3.88e+07 1.75938e-09 2.12961e-07 3.9876e-11 6 1 0.5 6
3.89e+07 1.28847e-09 2.11544e-07 1.08393e-11 16 1 0.5 16
3.9e+07 1.27018e-09 2.13475e-07 1.72386e-11 10 1 0.5 10
3.91e+07 1.35592e-09 2.09381e-07 1.50979e-11 12 1 0.5 12
3.92e+07 1.5117e-09 2.05764e-07 2.85328e-11 7 1 0.5 7
3.93e+07 1.65948e-09 2.04007e-07 2.17528e-11 10 1 0.5 10
3.94e+07 2.19236e-09 2.06039e-07 4.15142e-11 7 1 0.5 7
3.95e+07 1.6759e-09 2.02721e-07 1.68006e-11 13 1 0.5 13
3.96e+07 1.29114e-09 2.1357e-07 2.50759e-11 7 1 0.5 7
3.97e+07 1.85153e-09 2.08013e-07 2.46537e-11 10 1 0.5 10
3.98e+07 1.10308e-09 2.12301e-07 2.13099e-11 7 1 0.5 7
3.99e+07 1.5569e-09 2.00394e-07 2.23657e-11 9 1 0.5 9
4e+07 1.60948e-09 2.02056e-07 3.49833e-11 6 1 0.5 6
4.01e+07 1.2478e-09 2.08381e-07 3.33295e-11 5 1 0.5 5
4.02e+07 1.64452e-09 2.091e-07 4.41246e-11 5 1 0.5 5
4.03e+07 1.58638e-09 2.01944e-07 5.18559e-11 4 1 0.5 4
4.04e+07 1.79331e-09 2.13618e-07 3.05081e-11 8 1 0.5 8
4.05e+07 1.42779e-09 2.13827e-07 2.4283e-11 8 1 0.5 8
4.06e+07 1.34885e-09 2.02757e-07 2.19978e-11 8 1 0.5 8
4.07e+07 1.59836e-09 2.03967e-07 2.32825e-11 9 1 0.5 9
4.08e+07 1.9711e-09 2.04284e-07 3.70485e-11 7 1 0.5 7
4.09e+07 1.51171e-09 2.13625e-07 2.05393e-11 10 1 0.5 10
4.1e+07 1.61492e-09 2.03671e-07 1.50832e-11 14 1 0.5 14
4.11e+07 1.95909e-09 2.11007e-07 6.64268e-11 4 1 0.5 4
4.12e+07 1.14474e-09 2.12283e-07 2.21163e-11 7 1 0.5 7
4.13e+07 1.32164e-09 2.09307e-07 2.20958e-11 8 1 0.5 8
4.14e+07 1.70125e-09 2.03838e-07 3.72455e-11 6 1 0.5 6
4.15e+07 1.43699e-09 2.08631e-07 3.20067e-11 6 1 0.5 6
4.16e+07 9.73049e-10 2.09919e-07 9.29637e-12 14 1 0.5 14
4.17e+07 1.52194e-09 2.09865e-07 2.55122e-11 8 1 0.5 8
4.18e+07 1.43919e-09 2.03496e-07 2.0918e-11 9 1 0.5 9
4.19e+07 1.53048e-09 2.08152e-07 3.40396e-11 6 1 0.5 6
4.2e+07 1.4001e-09 2.22617e-07 2.4583e-11 8 1 0.5 8
4.21e+07 1.33572e-09 2.06318e-07 1.47016e-11 12 1 0.5 12
4.22e+07 1.49328e-09 2.2615e-07 2.12273e-11 10 1 0.5 10
4.23e+07 1.6641e-09 2.09215e-07 4.46732e-11 5 1 0.5 5
4.24e+07 1.59573e-09 2.03114e-07 2.60776e-11 8 1 0.5 8
4.25e+07 2.05817e-09 2.02431e-07 2.06232e-11 13 1 0.5 13
4.26e+07 1.87756e-09 2.03891e-07 4.94409e-11 5 1 0.5 5
4.27e+07 1.59308e-09 2.06914e-07 4.23828e-11 5 1 0.5 5
4.28e+07 1.20674e-09 2.09246e-07 5.40938e-11 3 1 0.5 3
4.29e+07 1.42026e-09 2.04612e-07 2.66816e-11 7 1 0.5 7
4.3e+07 1.61109e-09 2.23092e-07 3.78653e-11 6 1 0.5 6
4.31e+07 9.26166e-10 2.04736e-07 1.73802e-11 7 1 0.5 7
4.32e+07 1.67938e-09 2.08254e-07 3.20156e-11 7 1 0.5 7
4.33e+07 1.53854e-09 2.0317e-07 1.82643e-11 11 1 0.5 11
4.34e+07 1.21649e-09 2.0051e-07 1.57169e-11 10 1 0.5 10
4.35e+07 1.69661e-09 2.08873e-07 3.78611e-11 6 1 0.5 6
4.36e+07 1.0925e-09 2.05891e-07 1.10747e-11 13 1 0.5 13
4.37e+07 1.2994e-09 2.04248e-07 3.4175e-11 5 1 0.5 5
4.38e+07 2.14349e-09 2.07007e-07 7.16652e-11 4 1 0.5 4
4.39e+07 1.71735e-09 2.0625e-07 3.24959e-11 7 1 0.5 7
4.4e+07 1.38255e-09 2.07539e-07 1.66828e-11 11 1 0.5 11
4.41e+07 1.21615e-09 2.12449e-07 2.74541e-11 6 1 0.5 6
4.42e+07 1.30912e-09 2.05406e-07 2.87906e-11 6 1 0.5 6
4.43e+07 1.36569e-09 2.07042e-07 3.02285e-11 6 1 0.5 6
4.44e+07 2.12759e-09 2.16589e-07 3.25359e-11 9 1 0.5 9
4.45e+07 2.01044e-09 2.04096e-07 5.30135e-11 5 1 0.5 5
4.46e+07 1.43955e-09 2.02176e-07 1.55982e-11 12 1 0.5 12
4.47e+07 1.76751e-09 2.11396e-07 4.78613e-11 5 1 0.5 5
4.48e+07 1.73437e-09 2.1026e-07 3.89117e-11 6 1 0.5 6
4.49e+07 1.60489e-09 2.21708e-07 3.75322e-11 6 1 0.5 6
4.5e+07 1.56959e-09 2.03238e-07 5.15592e-11 4 1 0.5 4
4.51e+07 1.63575e-09 2.03852e-07 3.06615e-11 7 1 0.5 7
4.52e+07 2.02317e-09 1.96592e-07 3.69114e-11 7 1 0.5 7
4.53e+07 1.80285e-09 1.98137e-07 7.77834e-11 3 1 0.5 3
4.54e+07 1.66853e-09 2.01702e-07 3.62252e-11 6 1 0.5 6
4.55e+07 1.36199e-09 2.1441e-07 4.66074e-11 4 1 0.5 4
4.56e+07 1.12753e-09 2.02757e-07 1.46918e-11 10 1 0.5 10
4.57e+07 1.61524e-09 2.16616e-07 1.47771e-11 15 1 0.5 15
4.58e+07 1.80556e-09 2.07643e-07 4.01223e-11 6 1 0.5 6
4.59e+07 1.55974e-09 1.98066e-07 4.0097e-11 5 1 0.5 5
4.6e+07 1.68105e-09 2.14189e-07 4.5986e-11 5 1 0.5 5
4.61e+07 1.42908e-09 2.06363e-07 2.3635e-11 8 1 0.5 8
4.62e+07 9.45493e-10 2.09833e-07 1.40591e-11 9 1 0.5 9
4.63e+07 1.69565e-09 2.11649e-07 3.27418e-11 7 1 0.5 7
4.64e+07 1.20319e-09 2.08666e-07 2.29378e-11 7 1 0.5 7
4.65e+07 1.12835e-09 2.14004e-07 1.17916e-11 13 1 0.5 13
4.66e+07 1.25985e-09 2.01379e-07 2.04323e-11 8 1 0.5 8
4.67e+07 1.55319e-09 2.07628e-07 2.58201e-11 8 1 0.5 8
4.68e+07 1.64862e-09 1.98727e-07 2.64911e-11 8 1 0.5 8
4.69e+07 2.00069e-09 2.04951e-07 4.40373e-11 6 1 0.5 6
4.7e+07 1.49075e-09 2.09052e-07 1.42081e-11 14 1 0.5 14
4.71e+07 1.22852e-09 2.04566e-07 1.79199e-11 9 1 0.5 9
4.72e+07 1.65913e-09 2.14085e-07 3.23236e-11 7 1 0.5 7
4.73e+07 1.85175e-09 2.12843e-07 3.59334e-11 7 1 0.5 7
4.74e+07 1.69012e-09 2.0253e-07 4.42357e-11 5 1 0.5 5
4.75e+07 1.11795e-09 2.10908e-07 1.50234e-11 10 1 0.5 10
4.76e+07 2.00658e-09 2.08816e-07 2.68085e-11 10 1 0.5 10
4.77e+07 1.65175e-09 2.01175e-07 5.38518e-11 4 1 0.5 4
4.78e+07 1.7155e-09 2.15103e-07 3.91837e-11 6 1 0.5 6
4.79e+07 1.48426e-09 2.0569e-07 3.26992e-11 6 1 0.5 6
4.8e+07 1.54524e-09 2.02712e-07 2.88301e-11 7 1 0.5 7
4.81e+07 1.34385e-09 1.93795e-07 3.39364e-11 5 1 0.5 5
4.82e+07 1.63106e-09 2.00259e-07 2.63647e-11 8 1 0.5 8
4.83e+07 1.82663e-09 1.97758e-07 3.3459e-11 7 1 0.5 7
4.84e+07 1.45814e-09 2.11374e-07 2.45765e-11 8 1 0.5 8
4.85e+07 1.95069e-09 2.09212e-07 3.2659e-11 8 1 0.5 8
4.86e+07 1.69106e-09 2.07696e-07 1.72779e-11 13 1 0.5 13
4.87e+07 1.41409e-09 2.10703e-07 2.11215e-11 9 1 0.5 9
4.88e+07 1.17365e-09 2.10994e-07 1.97375e-11 8 1 0.5 8
4.89e+07 1.01472e-09 2.11401e-07 1.95318e-11 7 1 0.5 7
4.9e+07 1.58258e-09 2.07232e-07 3.50831e-11 6 1 0.5 6
4.91e+07 8.68754e-10 2.05547e-07 1.14348e-11 10 1 0.5 10
4.92e+07 1.64542e-09 2.09574e-07 3.68086e-11 6 1 0.5 6
4.93e+07 1.99675e-09 1.98437e-07 5.15046e-11 5 1 0.5 5
4.94e+07 1.5729e-09 2.20885e-07 3.66706e-11 6 1 0.5 6
4.95e+07 1.48618e-09 2.07099e-07 3.29175e-11 6 1 0.5 6
4.96e+07 1.30497e-09 1.99956e-07 1.52931e-11 11 1 0.5 11
4.97e+07 1.55642e-09 2.11387e-07 1.61202e-11 13 1 0.5 13
4.98e+07 1.99734e-09 2.08364e-07 2.21821e-11 12 1 0.5 12
4.99e+07 1.24136e-09 2.08208e-07 2.7585e-11 6 1 0.5 6
5e+07 1.48222e-09 2.04795e-07 1.49727e-11 13 1 0.5 13
5.01e+07 1.46402e-09 2.01047e-07 2.37263e-11 8 1 0.5 8
5.02e+07 1.30576e-09 2.13912e-07 3.56137e-11 5 1 0.5 5
5.03e+07 1.56702e-09 2.12741e-07 3.5461e-11 6 1 0.5 6
5.04e+07 1.40869e-09 2.13164e-07 2.1233e-11 9 1 0.5 9
5.05e+07 1.35085e-09 2.10889e-07 3.64399e-11 5 1 0.5 5
5.06e+07 1.0121e-09 2.08071e-07 1.49527e-11 9 1 0.5 9
5.07e+07 1.22961e-09 2.02028e-07 1.59806e-11 10 1 0.5 10
5.08e+07 2.00268e-09 2.03213e-07 3.27776e-11 8 1 0.5 8
5.09e+07 1.0854e-09 2.02957e-07 2.36284e-11 6 1 0.5 6
5.1e+07 1.50018e-09 1.93161e-07 2.09423e-11 9 1 0.5 9
5.11e+07 1.69361e-09 2.13144e-07 2.87532e-11 8 1 0.5 8
5.12e+07 1.10624e-09 2.17069e-07 1.52073e-11 10 1 0.5 10
5.13e+07 1.43744e-09 2.04681e-07 4.60492e-10 7 1 0.5 7
5.14e+07 1.21903e-09 2.1125e-07 2.05229e-11 8 1 0.5 8
5.15e+07 1.90872e-09 2.05281e-07 2.0948e-11 12 1 0.5 12
5.16e+07 1.58421e-09 2.11308e-07 3.56619e-11 6 1 0.5 6
5.17e+07 1.28453e-09 2.07001e-07 1.54655e-11 11 1 0.5 11
5.18e+07 1.8792e-09 2.12207e-07 2.54201e-11 10 1 0.5 10
5.19e+07 1.88579e-09 2.12865e-07 3.20005e-11 8 1 0.5 8
5.2e+07 1.74344e-09 2.10971e-07 3.35849e-11 7 1 0.5 7
5.21e+07 1.66178e-09 2.04647e-07 3.12595e-11 7 1 0.5 7
5.22e+07 1.38605e-09 2.11978e-07 1.70059e-11 11 1 0.5 11
5.23e+07 2.08868e-09 2.08407e-07 2.32042e-11 12 1 0.5 12
5.24e+07 1.45648e-09 2.0028e-07 2.35335e-11 8 1 0.5 8
5.25e+07 1.63651e-09 2.05578e-07 3.60585e-11 6 1 0.5 6
5.26e+07 1.32151e-09 2.06689e-07 1.74875e-11 10 1 0.5 10
5.27e+07 1.22935e-09 2.09307e-07 1.36817e-11 12 1 0.5 12
5.28e+07 1.51372e-09 2.07471e-07 2.51462e-11 8 1 0.5 8
5.29e+07 1.77469e-09 2.04649e-07 2.91879e-11 8 1 0.5 8
5.3e+07 1.83824e-09 2.116e-07 4.14655e-11 6 1 0.5 6
5.31e+07 1.71947e-09 2.05995e-07 4.56117e-11 5 1 0.5 5
5.32e+07 1.39619e-09 2.05386e-07 1.83874e-11 10 1 0.5 10
5.33e+07 1.7505e-09 2.07209e-07 3.32504e-11 7 1 0.5 7
5.34e+07 1.63929e-09 1.99488e-07 1.75847e-11 12 1 0.5 12
5.35e+07 1.47294e-09 2.01753e-07 1.91329e-11 10 1 0.5 10
5.36e+07 1.79592e-09 2.07504e-07 3.41534e-11 7 1 0.5 7
5.37e+07 1.61297e-09 2.05686e-07 2.1277e-11 10 1 0.5 10
5.38e+07 1.12495e-09 2.02877e-07 2.44853e-11 6 1 0.5 6
5.39e+07 1.87765e-09 2.03965e-07 4.11543e-11 6 1 0.5 6
5.4e+07 1.46205e-09 2.09056e-07 2.83224e-11 7 1 0.5 7
5.41e+07 1.17709e-09 2.16739e-07 1.61645e-11 10 1 0.5 10
5.42e+07 1.33423e-09 2.05459e-07 1.75739e-11 10 1 0.5 10
5.43e+07 1.82695e-09 2.18563e-07 3.16522e-11 8 1 0.5 8
5.44e+07 1.76444e-09 2.13415e-07 2.6644e-11 9 1 0.5 9
5.45e+07 1.42075e-09 2.12129e-07 1.74426e-11 11 1 0.5 11
5.46e+07 1.60985e-09 2.15708e-07 3.68374e-11 6 1 0.5 6
5.47e+07 1.39824e-09 2.08916e-07 2.07434e-11 9 1 0.5 9
5.48e+07 1.37976e-09 2.06749e-07 2.61291e-11 7 1 0.5 7
5.49e+07 1.11389e-09 2.08464e-07 1.05863e-11 14 1 0.5 14
5.5e+07 1.15241e-09 2.07683e-07 3.84122e-11 4 1 0.5 4
5.51e+07 1.6786e-09 2.04014e-07 2.44606e-11 9 1 0.5 9
5.52e+07 1.42524e-09 2.09181e-07 1.586e-11 12 1 0.5 12
5.53e+07 1.79956e-09 1.99543e-07 4.65793e-11 5 1 0.5 5
5.54e+07 1.58555e-09 2.13478e-07 3.5981e-11 6 1 0.5 6
5.55e+07 1.712e-09 1.93469e-07 2.39406e-11 9 1 0.5 9
5.56e+07 1.58601e-09 2.14145e-07 3.08984e-11 7 1 0.5 7
5.57e+07 1.46447e-09 2.05935e-07 3.87941e-11 5 1 0.5 5
5.58e+07 9.71478e-10 2.13155e-07 1.19611e-11 11 1 0.5 11
5.59e+07 1.71663e-09 2.14047e-07 3.99052e-11 6 1 0.5 6
5.6e+07 1.73243e-09 2.08023e-07 3.30038e-11 7 1 0.5 7
5.61e+07 1.6279e-09 2.03306e-07 2.12799e-11 10 1 0.5 10
5.62e+07 1.45857e-09 2.12053e-07 2.18971e-11 9 1 0.5 9
5.63e+07 1.22206e-09 2.08155e-07 2.71487e-11 6 1 0.5 6
5.64e+07 1.37486e-09 2.08521e-07 2.29211e-11 8 1 0.5 8
5.65e+07 1.49136e-09 2.09446e-07 1.9949e-11 10 1 0.5 10
5.66e+07 1.60875e-09 2.03538e-07 2.33959e-11 9 1 0.5 9
5.67e+07 1.72927e-09 1.9725e-07 3.16027e-11 7 1 0.5 7
5.68e+07 1.52662e-09 1.9957e-07 3.28536e-11 6 1 0.5 6
5.69e+07 1.22626e-09 2.1346e-07 2.08152e-11 8 1 0.5 8
5.7e+07 1.13701e-09 2.12184e-07 2.56345e-11 6 1 0.5 6
5.71e+07 1.44987e-09 2.03985e-07 2.71751e-11 7 1 0.5 7
5.72e+07 1.60172e-09 1.97092e-07 3.41458e-11 6 1 0.5 6
5.73e+07 1.47114e-09 2.1271e-07 2.21405e-11 9 1 0.5 9
5.74e+07 1.39515e-09 2.06641e-07 3.08372e-11 6 1 0.5 6
5.75e+07 1.32346e-09 2.13353e-07 1.79559e-11 10 1 0.5 10
5.76e+07 1.57822e-09 2.03917e-07 1.87907e-11 11 1 0.5 11
5.77e+07 1.27693e-09 2.00722e-07 2.36215e-11 7 1 0.5 7
5.78e+07 2.12912e-09 1.97869e-07 2.72802e-11 10 1 0.5 10
5.79e+07 1.96781e-09 2.02862e-07 4.29621e-11 6 1 0.5 6
5.8e+07 1.16449e-09 2.11873e-07 1.57068e-11 10 1 0.5 10
5.81e+07 9.73166e-10 2.03684e-07 1.27213e-11 10 1 0.5 10
5.82e+07 1.39216e-09 2.04903e-07 3.90582e-11 6 1 0.5 6
5.83e+07 1.47572e-09 2.05531e-07 3.24905e-11 6 1 0.5 6
5.84e+07 1.41257e-09 2.04475e-07 2.31934e-11 8 1 0.5 8
5.85e+07 1.37808e-09 2.07177e-07 1.6606e-11 11 1 0.5 11
5.86e+07 1.8607e-09 2.07541e-07 4.96807e-11 5 1 0.5 5
5.87e+07 1.33299e-09 2.13373e-07 2.58736e-11 7 1 0.5 7
5.88e+07 1.30356e-09 2.09534e-07 2.91189e-11 6 1 0.5 6
5.89e+07 1.23329e-09 2.06304e-07 2.3305e-11 7 1 0.5 7
5.9e+07 1.43468e-09 2.12914e-07 2.16062e-11 9 1 0.5 9
5.91e+07 1.6002e-09 2.14502e-07 3.64531e-11 6 1 0.5 6
5.92e+07 2.02948e-09 2.1063e-07 7.45602e-11 4 1 0.5 4
5.93e+07 2.44842e-09 2.05741e-07 5.4146e-11 6 1 0.5 6
5.94e+07 1.69329e-09 2.03514e-07 3.17047e-11 7 1 0.5 7
5.95e+07 1.44501e-09 2.13358e-07 1.78225e-11 11 1 0.5 11
5.96e+07 1.8121e-09 2.07668e-07 2.4095e-11 10 1 0.5 10
5.97e+07 1.92447e-09 2.12471e-07 3.7302e-11 7 1 0.5 7
5.98e+07 1.8759e-09 2.06495e-07 2.48362e-11 10 1 0.5 10
5.99e+07 1.76868e-09 2.0602e-07 1.94731e-11 12 1 0.5 12
6e+07 1.3512e-09 2.01428e-07 2.92703e-11 6 1 0.5 6
6.01e+07 1.24116e-09 2.03208e-07 1.47274e-11 11 1 0.5 11
6.02e+07 2.2268e-09 1.98567e-07 4.78563e-11 6 1 0.5 6
6.03e+07 2.07917e-09 2.0348e-07 4.55204e-11 6 1 0.5 6
6.04e+07 1.64749e-09 2.07434e-07 2.43202e-11 9 1 0.5 9
6.05e+07 1.39709e-09 2.03267e-07 2.61095e-11 7 1 0.5 7
6.06e+07 1.74853e-09 2.14536e-07 2.65122e-11 9 1 0.5 9
6.07e+07 1.40766e-09 2.12765e-07 1.90604e-11 10 1 0.5 10
6.08e+07 1.39223e-09 2.09742e-07 2.07181e-11 9 1 0.5 9
6.09e+07 1.9403e-09 2.06062e-07 5.15341e-11 5 1 0.5 5
6.1e+07 1.29096e-09 2.0599e-07 1.419e-11 12 1 0.5 12
6.11e+07 1.54096e-09 2.0892e-07 2.5741e-11 8 1 0.5 8
6.12e+07 1.8007e-09 2.06453e-07 2.64933e-11 9 1 0.5 9
6.13e+07 1.56399e-09 2.16426e-07 2.68652e-11 8 1 0.5 8
6.14e+07 1.1526e-09 2.11952e-07 2.59653e-11 6 1 0.5 6
6.15e+07 1.74518e-09 2.02777e-07 3.80575e-11 6 1 0.5 6
6.16e+07 1.24713e-09 2.07336e-07 3.31801e-11 5 1 0.5 5
6.17e+07 1.34458e-09 2.0283e-07 2.19341e-11 8 1 0.5 8
6.18e+07 1.87049e-09 2.08196e-07 4.16622e-11 6 1 0.5 6
6.19e+07 1.38317e-09 2.06174e-07 2.03075e-11 9 1 0.5 9
6.2e+07 1.22221e-09 2.0634e-07 1.61484e-11 10 1 0.5 10
6.21e+07 1.36392e-09 2.14887e-07 1.69145e-11 11 1 0.5 11
6.22e+07 1.49957e-09 2.06708e-07 2.20677e-11 9 1 0.5 9
6.23e+07 1.44462e-09 2.05461e-07 3.17936e-11 6 1 0.5 6
6.24e+07 1.74034e-09 2.11241e-07 3.919e-11 6 1 0.5 6
6.25e+07 1.33224e-09 2.11815e-07 2.24833e-11 8 1 0.5 8
6.26e+07 1.25341e-09 2.0463e-07 2.74784e-11 6 1 0.5 6
6.27e+07 1.76839e-09 2.00025e-07 3.8158e-11 6 1 0.5 6
6.28e+07 1.57245e-09 1.98914e-07 2.89109e-11 7 1 0.5 7
6.29e+07 1.12316e-09 2.1024e-07 1.88326e-11 8 1 0.5 8
6.3e+07 1.6465e-09 2.14786e-07 3.75539e-11 6 1 0.5 6
6.31e+07 1.09686e-09 2.06392e-07 2.41941e-11 6 1 0.5 6
6.32e+07 1.97538e-09 2.10577e-07 4.44121e-11 6 1 0.5 6
6.33e+07 1.47735e-09 2.07413e-07 4.92832e-11 4 1 0.5 4
6.34e+07 1.0721e-09 2.05524e-07 2.01887e-11 7 1 0.5 7
6.35e+07 1.36133e-09 2.06978e-07 1.50217e-11 12 1 0.5 12
6.36e+07 1.2701e-09 2.05279e-07 2.391e-11 7 1 0.5 7
6.37e+07 1.81066e-09 2.0404e-07 2.97132e-11 8 1 0.5 8
6.38e+07 1.8017e-09 2.07713e-07 2.39603e-11 10 1 0.5 10
6.39e+07 1.34333e-09 1.99267e-07 2.88557e-11 6 1 0.5 6
6.4e+07 1.61298e-09 2.05791e-07 3.04575e-11 7 1 0.5 7
6.41e+07 1.60631e-09 2.05635e-07 1.92522e-11 11 1 0.5 11
6.42e+07 1.45554e-09 2.01143e-07 1.71416e-11 11 1 0.5 11
6.43e+07 1.148e-09 2.09468e-07 1.39469e-11 11 1 0.5 11
6.44e+07 1.06719e-09 2.09239e-07 1.42504e-11 10 1 0.5 10
6.45e+07 1.4176e-09 2.10561e-07 2.72371e-11 7 1 0.5 7
6.46e+07 1.26618e-09 2.03709e-07 2.76619e-11 6 1 0.5 6
6.47e+07 1.70184e-09 2.03947e-07 2.79091e-11 8 1 0.5 8
6.48e+07 2.00673e-09 1.94172e-07 5.08976e-11 5 1 0.5 5
6.49e+07 1.38667e-09 2.16685e-07 2.11723e-11 9 1 0.5 9
6.5e+07 1.28312e-09 2.12577e-07 1.73569e-11 10 1 0.5 10
6.51e+07 1.47978e-09 2.09145e-07 4.96895e-11 4 1 0.5 4
6.52e+07 1.64557e-09 2.17779e-07 2.27086e-11 10 1 0.5 10
6.53e+07 1.89267e-09 2.01112e-07 3.51329e-11 7 1 0.5 7
6.54e+07 1.95256e-09 2.05776e-07 3.2268e-11 8 1 0.5 8
6.55e+07 1.16829e-09 2.09375e-07 1.95285e-11 8 1 0.5 8
6.56e+07 1.53199e-09 2.05334e-07 3.37112e-11 6 1 0.5 6
6.57e+07 1.75085e-09 2.12935e-07 3.96775e-11 6 1 0.5 6
6.58e+07 1.23821e-09 1.99663e-07 1.99469e-11 8 1 0.5 8
6.59e+07 1.816e-09 1.90403e-07 2.82428e-11 8 1 0.5 8
6.6e+07 1.17946e-09 2.24826e-07 1.66753e-11 10 1 0.5 10
6.61e+07 1.27008e-09 2.10804e-07 2.13499e-11 8 1 0.5 8
6.62e+07 2.07949e-09 2.03943e-07 3.41376e-11 8 1 0.5 8
6.63e+07 1.56866e-09 2.08357e-07 1.89944e-11 11 1 0.5 11
6.64e+07 1.39009e-09 2.13172e-07 1.56997e-11 12 1 0.5 12
6.65e+07 1.50252e-09 2.14272e-07 3.4186e-11 6 1 0.5 6
6.66e+07 1.66252e-09 2.13281e-07 4.53131e-11 5 1 0.5 5
6.67e+07 9.3762e-10 2.161e-07 1.06949e-11 12 1 0.5 12
6.68e+07 1.50662e-09 2.07901e-07 3.34743e-11 6 1 0.5 6
6.69e+07 1.31361e-09 2.04508e-07 2.46598e-11 7 1 0.5 7
6.7e+07 1.8191e-09 2.02818e-07 2.63969e-11 9 1 0.5 9
6.71e+07 1.70143e-09 2.0379e-07 2.78854e-11 8 1 0.5 8
6.72e+07 1.36824e-09 2.13381e-07 3.72554e-11 5 1 0.5 5
6.73e+07 1.28003e-09 2.12476e-07 1.92383e-11 9 1 0.5 9
6.74e+07 1.60807e-09 2.0426e-07 3.525e-11 6 1 0.5 6
6.75e+07 1.61207e-09 2.16182e-07 2.21152e-11 10 1 0.5 10
6.76e+07 1.13684e-09 2.08182e-07 1.68079e-11 9 1 0.5 9
6.77e+07 1.33783e-09 2.07962e-07 1.97731e-11 9 1 0.5 9
6.78e+07 1.39507e-09 2.09768e-07 2.07626e-11 9 1 0.5 9
6.79e+07 2.06442e-09 1.99571e-07 4.45151e-11 6 1 0.5 6
6.8e+07 1.56848e-09 2.0918e-07 5.27009e-11 4 1 0.5 4
6.81e+07 1.77155e-09 2.09502e-07 3.96384e-11 6 1 0.5 6
6.82e+07 1.54093e-09 2.10905e-07 2.30396e-11 9 1 0.5 9
6.83e+07 1.40418e-09 2.16102e-07 1.92482e-11 10 1 0.5 10
6.84e+07 1.36168e-09 2.20988e-07 1.58229e-11 12 1 0.5 12
6.85e+07 1.27201e-09 2.03108e-07 2.77258e-11 6 1 0.5 6
6.86e+07 1.3166e-09 2.04679e-07 1.92172e-11 9 1 0.5 9
6.87e+07 1.21308e-09 1.95044e-07 2.56165e-11 6 1 0.5 6
6.88e+07 1.93378e-09 2.12593e-07 4.02816e-11 12 1 0.5 12
6.89e+07 1.93986e-09 2.10877e-07 1.87495e-11 15 1 0.5 15
6.9e+07 1.57699e-09 2.00573e-07 4.09424e-11 5 1 0.5 5
6.91e+07 1.18255e-09 1.94664e-07 2.13553e-11 7 1 0.5 7
6.92e+07 1.61172e-09 1.99456e-07 2.59695e-11 8 1 0.5 8
6.93e+07 1.4617e-09 2.11063e-07 2.81412e-11 7 1 0.5 7
6.94e+07 1.467e-09 2.09721e-07 2.81021e-11 7 1 0.5 7
6.95e+07 1.15759e-09 2.15288e-07 3.1711e-11 5 1 0.5 5
6.96e+07 1.7967e-09 2.04224e-07 3.94074e-11 6 1 0.5 6
6.97e+07 1.1089e-09 2.04239e-07 1.615e-11 9 1 0.5 9
6.98e+07 1.59953e-09 2.05867e-07 3.52778e-11 6 1 0.5 6
6.99e+07 1.70897e-09 2.13842e-07 3.32702e-11 7 1 0.5 7
7e+07 1.87751e-09 2.10073e-07 5.06142e-11 5 1 0.5 5
7.01e+07 1.24861e-09 2.10306e-07 3.35929e-11 5 1 0.5 5
7.02e+07 1.19293e-09 1.903e-07 2.47151e-11 6 1 0.5 6
7.03e+07 1.46062e-09 2.14261e-07 2.84558e-11 7 1 0.5 7
7.04e+07 2.0698e-09 2.07422e-07 6.92817e-11 4 1 0.5 4
7.05e+07 1.58019e-09 2.10244e-07 3.54295e-11 6 1 0.5 6
7.06e+07 1.74381e-09 2.18828e-07 4.85244e-11 5 1 0.5 5
7.07e+07 1.4031e-09 1.98762e-07 2.00209e-11 9 1 0.5 9
7.08e+07 1.27085e-09 2.12279e-07 1.56061e-11 11 1 0.5 11
7.09e+07 1.57685e-09 2.04034e-07 2.58589e-11 8 1 0.5 8
7.1e+07 1.50104e-09 1.96321e-07 2.3883e-11 8 1 0.5 8
7.11e+07 1.6057e-09 2.08278e-07 3.06065e-11 7 1 0.5 7
7.12e+07 1.26809e-09 2.06462e-07 1.8633e-11 9 1 0.5 9
7.13e+07 1.2185e-09 2.13414e-07 2.36459e-11 7 1 0.5 7
7.14e+07 1.7733e-09 2.04066e-07 3.32818e-11 7 1 0.5 7
7.15e+07 1.87592e-09 2.10345e-07 5.06227e-11 5 1 0.5 5
7.16e+07 1.82741e-09 1.9971e-07 3.373e-11 7 1 0.5 7
7.17e+07 1.37647e-09 2.16156e-07 3.7866e-11 5 1 0.5 5
7.18e+07 1.71631e-09 2.04304e-07 3.76443e-11 6 1 0.5 6
7.19e+07 8.73414e-10 2.07009e-07 1.65296e-11 7 1 0.5 7
7.2e+07 1.18946e-09 2.03373e-07 1.94357e-11 8 1 0.5 8
7.21e+07 1.34161e-09 2.00517e-07 2.89592e-11 6 1 0.5 6
7.22e+07 1.22591e-09 2.09712e-07 2.34646e-11 7 1 0.5 7
7.23e+07 1.49041e-09 2.01173e-07 2.14718e-11 9 1 0.5 9
7.24e+07 1.53287e-09 2.15953e-07 1.74953e-11 12 1 0.5 12
7.25e+07 1.19502e-09 2.08903e-07 2.28018e-11 7 1 0.5 7
7.26e+07 1.53297e-09 2.06494e-07 2.90167e-11 7 1 0.5 7
7.27e+07 1.62422e-09 2.18517e-07 3.21574e-11 7 1 0.5 7
7.28e+07 1.19449e-09 2.09066e-07 1.44912e-11 11 1 0.5 11
7.29e+07 1.70461e-09 2.01405e-07 5.5641e-11 4 1 0.5 4
7.3e+07 1.68566e-09 2.0505e-07 3.70735e-11 6 1 0.5 6
7.31e+07 1.69683e-09 2.05959e-07 1.72231e-11 13 1 0.5 13
7.32e+07 1.97462e-09 2.04522e-07 3.24785e-11 8 1 0.5 8
7.33e+07 1.40273e-09 2.14556e-07 2.12517e-11 9 1 0.5 9
7.34e+07 1.67961e-09 2.06832e-07 2.78475e-11 8 1 0.5 8
7.35e+07 1.36995e-09 2.02258e-07 1.98135e-11 9 1 0.5 9
7.36e+07 1.3873e-09 2.14752e-07 3.79696e-11 5 1 0.5 5
7.37e+07 1.37761e-09 2.13323e-07 1.69866e-11 11 1 0.5 11
7.38e+07 1.58735e-09 1.99975e-07 2.59365e-11 8 1 0.5 8
7.39e+07 1.35219e-09 2.16872e-07 3.10425e-11 6 1 0.5 6
7.4e+07 1.34528e-09 2.08534e-07 2.99428e-11 6 1 0.5 6
7.41e+07 1.54835e-09 2.11694e-07 2.6135e-11 8 1 0.5 8
7.42e+07 1.75478e-09 2.05611e-07 2.31484e-11 10 1 0.5 10
7.43e+07 1.37425e-09 1.99392e-07 1.76842e-11 10 1 0.5 10
7.44e+07 1.81947e-09 1.996e-07 2.60737e-11 9 1 0.5 9
7.45e+07 1.44879e-09 2.02589e-07 3.15368e-11 6 1 0.5 6
7.46e+07 1.23598e-09 2.19726e-07 2.14666e-11 8 1 0.5 8
7.47e+07 1.6632e-09 2.12977e-07 3.22706e-11 7 1 0.5 7
7.48e+07 1.35583e-09 2.10929e-07 3.04509e-11 6 1 0.5 6
7.49e+07 1.50915e-09 2.18374e-07 2.08645e-11 10 1 0.5 10
7.5e+07 1.1978e-09 2.07932e-07 1.99149e-11 8 1 0.5 8
7.51e+07 1.89674e-09 2.06636e-07 3.14433e-11 8 1 0.5 8
7.52e+07 2.09243e-09 2.0525e-07 6.94702e-11 4 1 0.5 4
7.53e+07 1.16177e-09 2.14443e-07 2.6415e-11 6 1 0.5 6
7.54e+07 2.18465e-09 1.96258e-07 3.98249e-11 7 1 0.5 7
7.55e+07 1.06865e-09 2.08193e-07 1.77788e-11 8 1 0.5 8
7.56e+07 1.30226e-09 2.19127e-07 2.33842e-11 8 1 0.5 8
7.57e+07 1.70774e-09 2.10081e-07 2.5466e-11 9 1 0.5 9
7.58e+07 1.35049e-09 2.04826e-07 1.2664e-11 14 1 0.5 14
7.59e+07 1.68754e-09 2.0576e-07 5.60089e-11 4 1 0.5 4
7.6e+07 1.33006e-09 2.10293e-07 3.57958e-11 5 1 0.5 5
7.61e+07 1.23998e-09 2.16961e-07 2.13213e-11 8 1 0.5 8
7.62e+07 1.15018e-09 2.13816e-07 2.23483e-11 7 1 0.5 7
7.63e+07 1.69723e-09 2.06572e-07 4.5116e-11 5 1 0.5 5
7.64e+07 1.28139e-09 2.07625e-07 2.84162e-11 6 1 0.5 6
7.65e+07 1.54309e-09 2.1811e-07 3.04978e-11 7 1 0.5 7
7.66e+07 1.76634e-09 1.98429e-07 5.70099e-11 4 1 0.5 4
7.67e+07 1.51502e-09 2.13534e-07 3.43782e-11 6 1 0.5 6
7.68e+07 1.65676e-09 2.1656e-07 4.57037e-11 5 1 0.5 5
7.69e+07 1.57303e-09 2.09601e-07 3.01302e-11 7 1 0.5 7
7.7e+07 1.70057e-09 2.03221e-07 2.47067e-11 9 1 0.5 9
7.71e+07 1.32123e-09 2.11395e-07 2.54565e-11 7 1 0.5 7
7.72e+07 1.57666e-09 2.02325e-07 3.24258e-11 7 1 0.5 7
7.73e+07 2.29277e-09 2.04568e-07 3.77517e-11 8 1 0.5 8
7.74e+07 1.68797e-09 2.03542e-07 3.69108e-11 6 1 0.5 6
7.75e+07 1.40947e-09 1.99521e-07 2.27037e-11 8 1 0.5 8
7.76e+07 1.32423e-09 2.11257e-07 1.98147e-11 9 1 0.5 9
7.77e+07 1.37639e-09 2.01599e-07 3.58449e-11 5 1 0.5 5
7.78e+07 1.7341e-09 2.14185e-07 4.85502e-11 5 1 0.5 5
7.79e+07 1.56724e-09 2.04556e-07 3.4389e-11 6 1 0.5 6
7.8e+07 1.33086e-09 2.07226e-07 2.94742e-11 6 1 0.5 6
7.81e+07 1.09626e-09 2.11585e-07 1.84727e-11 8 1 0.5 8
7.82e+07 1.37152e-09 2.00559e-07 1.87831e-11 10 1 0.5 10
7.83e+07 1.85813e-09 2.03029e-07 2.69864e-11 9 1 0.5 9
7.84e+07 1.45928e-09 1.97506e-07 2.33246e-11 8 1 0.5 8
7.85e+07 1.567e-09 2.12259e-07 4.25292e-11 5 1 0.5 5
7.86e+07 1.5445e-09 2.14334e-07 3.5155e-11 6 1 0.5 6
7.87e+07 1.77835e-09 2.10155e-07 2.65311e-11 9 1 0.5 9
7.88e+07 1.47801e-09 2.02899e-07 2.75897e-11 7 1 0.5 7
7.89e+07 2.08745e-09 2.04812e-07 2.49648e-11 11 1 0.5 11
7.9e+07 1.44046e-09 2.0899e-07 2.1378e-11 9 1 0.5 9
7.91e+07 1.12068e-09 2.02136e-07 1.45674e-11 10 1 0.5 10
7.92e+07 1.36026e-09 2.0908e-07 2.27245e-11 8 1 0.5 8
7.93e+07 2.00978e-09 2.12425e-07 3.40611e-11 8 1 0.5 8
7.94e+07 1.48784e-09 2.03487e-07 2.4342e-11 8 1 0.5 8
7.95e+07 1.73291e-09 2.04928e-07 3.2627e-11 7 1 0.5 7
7.96e+07 1.31719e-09 2.09055e-07 3.52833e-11 5 1 0.5 5
7.97e+07 1.18003e-09 2.09338e-07 2.25515e-11 7 1 0.5 7
7.98e+07 1.75508e-09 2.15768e-07 2.1854e-11 11 1 0.5 11
7.99e+07 1.21273e-09 2.09776e-07 1.352e-11 12 1 0.5 12
8e+07 1.4679e-09 2.01362e-07 3.18038e-11 6 1 0.5 6
8.01e+07 1.4852e-09 2.00052e-07 1.59622e-11 12 1 0.5 12
8.02e+07 1.69893e-09 2.15281e-07 3.32495e-11 7 1 0.5 7
8.03e+07 1.43672e-09 2.05232e-07 3.15912e-11 6 1 0.5 6
8.04e+07 1.42059e-09 2.22057e-07 3.99323e-11 5 1 0.5 5
8.05e+07 1.30334e-09 2.10867e-07 4.4003e-11 4 1 0.5 4
8.06e+07 1.61993e-09 2.05702e-07 2.67384e-11 8 1 0.5 8
8.07e+07 1.44965e-09 2.11162e-07 3.91626e-11 5 1 0.5 5
8.08e+07 1.28585e-09 1.97588e-07 1.82585e-11 9 1 0.5 9
8.09e+07 1.45631e-09 2.03053e-07 1.46124e-11 13 1 0.5 13
8.1e+07 1.67442e-09 2.06582e-07 1.58151e-11 14 1 0.5 14
8.11e+07 1.59784e-09 2.19473e-07 3.17422e-11 7 1 0.5 7
8.12e+07 9.86123e-10 2.1044e-07 1.32248e-11 10 1 0.5 10
8.13e+07 1.51881e-09 2.10245e-07 2.91567e-11 7 1 0.5 7
8.14e+07 1.69414e-09 1.96944e-07 5.43394e-11 4 1 0.5 4
8.15e+07 2.02882e-09 2.03723e-07 2.6587e-11 10 1 0.5 10
8.16e+07 1.30009e-09 1.98053e-07 4.17924e-11 4 1 0.5 4
8.17e+07 1.47987e-09 1.99388e-07 2.72513e-11 7 1 0.5 7
8.18e+07 1.04362e-09 2.16162e-07 1.58898e-11 9 1 0.5 9
8.19e+07 1.5139e-09 2.1723e-07 2.60776e-11 8 1 0.5 8
8.2e+07 1.21574e-09 2.02947e-07 1.98341e-11 8 1 0.5 8
8.21e+07 1.4194e-09 2.05535e-07 2.67596e-11 7 1 0.5 7
8.22e+07 1.2117e-09 2.04846e-07 1.76927e-11 9 1 0.5 9
8.23e+07 1.4846e-09 2.07912e-07 4.9625e-11 4 1 0.5 4
8.24e+07 9.86152e-10 2.08249e-07 1.19219e-11 11 1 0.5 11
8.25e+07 1.74412e-09 2.05089e-07 2.08663e-11 11 1 0.5 11
8.26e+07 1.73021e-09 2.05721e-07 2.85696e-11 8 1 0.5 8
8.27e+07 1.45514e-09 1.99526e-07 2.34428e-11 8 1 0.5 8
8.28e+07 1.21006e-09 2.0818e-07 2.30272e-11 7 1 0.5 7
8.29e+07 1.07493e-09 2.05166e-07 2.02146e-11 7 1 0.5 7
8.3e+07 1.71594e-09 1.97522e-07 3.6658e-11 6 1 0.5 6
8.31e+07 1.49828e-09 2.04061e-07 2.18272e-11 9 1 0.5 9
8.32e+07 1.35996e-09 2.03347e-07 1.48002e-11 12 1 0.5 12
8.33e+07 1.75333e-09 2.12069e-07 2.36984e-11 10 1 0.5 10
8.34e+07 1.18411e-09 2.11582e-07 1.99578e-11 8 1 0.5 8
8.35e+07 1.2659e-09 2.11164e-07 1.30936e-11 13 1 0.5 13
8.36e+07 1.31978e-09 2.07913e-07 2.93035e-11 6 1 0.5 6
8.37e+07 1.78482e-09 2.13212e-07 4.04942e-11 6 1 0.5 6
8.38e+07 1.86668e-09 2.13713e-07 5.10073e-11 5 1 0.5 5
8.39e+07 1.16259e-09 2.06152e-07 1.91979e-11 8 1 0.5 8
8.4e+07 1.64971e-09 2.11487e-07 4.46625e-11 5 1 0.5 5
8.41e+07 1.03614e-09 2.0744e-07 1.24893e-11 11 1 0.5 11
8.42e+07 1.8658e-09 2.01249e-07 4.04664e-11 6 1 0.5 6
8.43e+07 1.5675e-09 2.11991e-07 1.7632e-11 12 1 0.5 12
8.44e+07 1.6461e-09 2.09884e-07 1.83738e-11 12 1 0.5 12
8.45e+07 1.31563e-09 2.09982e-07 1.9592e-11 9 1 0.5 9
8.46e+07 1.40424e-09 2.07783e-07 3.74498e-11 5 1 0.5 5
8.47e+07 1.48934e-09 2.02119e-07 2.77188e-11 7 1 0.5 7
8.48e+07 1.77068e-09 1.97286e-07 2.2618e-11 10 1 0.5 10
8.49e+07 1.77856e-09 2.12491e-07 3.01298e-11 8 1 0.5 8
8.5e+07 1.3284e-09 2.00988e-07 1.43249e-11 12 1 0.5 12
8.51e+07 1.65152e-09 2.08947e-07 3.68589e-11 6 1 0.5 6
8.52e+07 1.73067e-09 2.02903e-07 4.53705e-11 5 1 0.5 5
8.53e+07 1.72699e-09 2.03534e-07 1.61243e-11 14 1 0.5 14
8.54e+07 1.43309e-09 2.1639e-07 3.94676e-11 5 1 0.5 5
8.55e+07 1.18051e-09 2.09002e-07 2.63052e-11 6 1 0.5 6
8.56e+07 1.46005e-09 1.97898e-07 2.67282e-11 7 1 0.5 7
8.57e+07 1.66327e-09 2.10059e-07 3.19227e-11 7 1 0.5 7
8.58e+07 1.28977e-09 2.06157e-07 2.1306e-11 8 1 0.5 8
8.59e+07 1.38215e-09 1.99193e-07 2.54247e-11 7 1 0.5 7
8.6e+07 1.27276e-09 2.11104e-07 2.14191e-11 8 1 0.5 8
8.61e+07 1.56249e-09 2.11479e-07 3.01383e-11 7 1 0.5 7
8.62e+07 1.03804e-09 2.02339e-07 2.70703e-11 5 1 0.5 5
8.63e+07 1.13633e-09 2.07102e-07 1.07447e-11 14 1 0.5 14
8.64e+07 1.84648e-09 2.00752e-07 3.42226e-11 7 1 0.5 7
8.65e+07 1.55339e-09 2.1188e-07 2.09717e-11 10 1 0.5 10
8.66e+07 1.50315e-09 2.12985e-07 2.54907e-11 8 1 0.5 8
8.67e+07 9.45614e-10 2.05337e-07 1.38242e-11 9 1 0.5 9
8.68e+07 1.26274e-09 2.06949e-07 1.04408e-11 16 1 0.5 16
8.69e+07 1.49634e-09 2.01385e-07 1.764e-11 11 1 0.5 11
8.7e+07 1.47299e-09 2.19717e-07 1.57273e-11 13 1 0.5 13
8.71e+07 1.4392e-09 2.13348e-07 2.44345e-11 8 1 0.5 8
8.72e+07 1.36175e-09 1.99446e-07 5.30783e-11 5 1 0.5 5
8.73e+07 1.88141e-09 2.03968e-07 2.74249e-11 9 1 0.5 9
8.74e+07 1.37962e-09 2.05989e-07 1.5167e-11 12 1 0.5 12
8.75e+07 1.75317e-09 2.09714e-07 3.36145e-11 7 1 0.5 7
8.76e+07 1.81494e-09 1.99781e-07 3.35079e-11 7 1 0.5 7
8.77e+07 1.49193e-09 2.03038e-07 3.90903e-11 5 1 0.5 5
8.78e+07 1.32371e-09 2.09981e-07 2.53702e-11 7 1 0.5 7
8.79e+07 1.39347e-09 2.07071e-07 2.31058e-11 8 1 0.5 8
8.8e+07 1.24241e-09 2.14965e-07 1.54081e-11 11 1 0.5 11
8.81e+07 1.28732e-09 2.15004e-07 2.51338e-11 7 1 0.5 7
8.82e+07 2.00901e-09 2.06934e-07 5.35528e-11 5 1 0.5 5
8.83e+07 1.69792e-09 2.08338e-07 3.78143e-11 6 1 0.5 6
8.84e+07 1.54671e-09 2.06926e-07 4.11422e-11 5 1 0.5 5
8.85e+07 1.51113e-09 1.9541e-07 1.91493e-11 10 1 0.5 10
8.86e+07 1.25989e-09 2.0227e-07 2.7372e-11 6 1 0.5 6
8.87e+07 1.84979e-09 2.04405e-07 3.04012e-11 8 1 0.5 8
8.88e+07 1.44636e-09 2.18145e-07 2.49925e-11 8 1 0.5 8
8.89e+07 1.05458e-09 2.09304e-07 1.4085e-11 10 1 0.5 10
8.9e+07 1.56562e-09 2.10982e-07 2.3417e-11 9 1 0.5 9
8.91e+07 1.3404e-09 2.1214e-07 1.50793e-11 12 1 0.5 12
8.92e+07 1.92739e-09 2.05969e-07 3.64559e-11 7 1 0.5 7
8.93e+07 1.55878e-09 2.05307e-07 2.5686e-11 8 1 0.5 8
8.94e+07 1.83038e-09 2.07531e-07 3.04408e-11 8 1 0.5 8
8.95e+07 1.14469e-09 2.07673e-07 1.90106e-11 8 1 0.5 8
8.96e+07 1.59136e-09 2.10921e-07 4.29801e-11 5 1 0.5 5
8.97e+07 1.68458e-09 2.03931e-07 2.45403e-11 9 1 0.5 9
8.98e+07 1.14097e-09 2.13821e-07 1.72276e-11 9 1 0.5 9
8.99e+07 1.7078e-09 2.13001e-07 3.8705e-11 6 1 0.5 6
9e+07 1.72558e-09 2.09508e-07 4.63876e-11 5 1 0.5 5
9.01e+07 1.5755e-09 2.07237e-07 2.991e-11 7 1 0.5 7
9.02e+07 1.80408e-09 2.07394e-07 4.00514e-11 6 1 0.5 6
9.03e+07 1.78277e-09 2.09635e-07 2.98809e-11 8 1 0.5 8
9.04e+07 1.89375e-09 2.06299e-07 4.18815e-11 6 1 0.5 6
9.05e+07 1.6341e-09 2.08003e-07 2.72098e-11 8 1 0.5 8
9.06e+07 1.10916e-09 2.04862e-07 1.61924e-11 9 1 0.5 9
9.07e+07 1.78181e-09 2.14437e-07 3.47728e-11 7 1 0.5 7
9.08e+07 1.72186e-09 2.16136e-07 2.95593e-11 8 1 0.5 8
9.09e+07 1.28362e-09 2.13606e-07 1.93732e-11 9 1 0.5 9
9.1e+07 7.7447e-10 2.11381e-07 1.48946e-11 7 1 0.5 7
9.11e+07 1.31968e-09 2.0734e-07 1.75062e-11 10 1 0.5 10
9.12e+07 1.77657e-09 2.05328e-07 3.91278e-11 6 1 0.5 6
9.13e+07 1.74087e-09 2.05475e-07 3.28462e-11 7 1 0.5 7
9.14e+07 1.11077e-09 2.13398e-07 1.07528e-11 14 1 0.5 14
9.15e+07 1.1255e-09 2.03138e-07 1.12905e-11 13 1 0.5 13
9.16e+07 1.19346e-09 2.10827e-07 2.00593e-11 8 1 0.5 8
9.17e+07 1.63462e-09 2.0251e-07 2.36798e-11 9 1 0.5 9
9.18e+07 1.71108e-09 1.98601e-07 5.52468e-11 4 1 0.5 4
9.19e+07 1.55303e-09 2.08418e-07 4.47096e-10 7 1 0.5 7
9.2e+07 1.46865e-09 2.07822e-07 2.44267e-11 8 1 0.5 8
9.21e+07 1.07898e-09 2.09334e-07 2.06133e-11 7 1 0.5 7
9.22e+07 1.42973e-09 2.05721e-07 2.09574e-11 9 1 0.5 9
9.23e+07 1.66444e-09 2.0162e-07 3.61244e-11 6 1 0.5 6
9.24e+07 1.74879e-09 2.11454e-07 2.35827e-11 10 1 0.5 10
9.25e+07 1.30611e-09 2.04991e-07 1.71718e-11 10 1 0.5 10
9.26e+07 1.68408e-09 2.07872e-07 2.80321e-11 8 1 0.5 8
9.27e+07 1.42676e-09 1.98885e-07 3.67749e-11 5 1 0.5 5
9.28e+07 1.45916e-09 2.01722e-07 2.37092e-11 8 1 0.5 8
9.29e+07 1.23093e-09 2.057e-07 2.70937e-11 6 1 0.5 6
9.3e+07 1.94727e-09 2.17295e-07 4.48772e-11 6 1 0.5 6
9.31e+07 1.40892e-09 2.09943e-07 3.78822e-11 5 1 0.5 5
9.32e+07 1.73658e-09 2.16376e-07 3.98546e-11 6 1 0.5 6
9.33e+07 1.9942e-09 1.99838e-07 2.57416e-11 10 1 0.5 10
9.34e+07 1.5239e-09 2.02012e-07 3.9776e-11 5 1 0.5 5
9.35e+07 1.32354e-09 2.03029e-07 1.9197e-11 9 1 0.5 9
9.36e+07 1.57688e-09 2.01985e-07 2.27939e-11 9 1 0.5 9
9.37e+07 1.53711e-09 2.03515e-07 2.87663e-11 7 1 0.5 7
9.38e+07 1.63092e-09 2.09782e-07 1.9857e-11 11 1 0.5 11
9.39e+07 2.33685e-09 2.15317e-07 4.0068e-11 8 1 0.5 8
9.4e+07 1.79729e-09 2.04415e-07 1.68393e-11 14 1 0.5 14
9.41e+07 1.69476e-09 2.11218e-07 2.53792e-11 9 1 0.5 9
9.42e+07 1.47857e-09 2.05989e-07 2.79284e-11 7 1 0.5 7
9.43e+07 1.89739e-09 2.02509e-07 2.24833e-11 11 1 0.5 11
9.44e+07 1.77379e-09 2.03526e-07 2.90478e-11 8 1 0.5 8
9.45e+07 1.42172e-09 1.98671e-07 3.66135e-11 5 1 0.5 5
9.46e+07 1.26407e-09 2.04793e-07 2.77304e-11 6 1 0.5 6
9.47e+07 1.81147e-09 2.13702e-07 1.53729e-11 16 1 0.5 16
9.48e+07 1.42945e-09 2.0077e-07 3.08953e-11 6 1 0.5 6
9.49e+07 1.72664e-09 2.06242e-07 5.74247e-11 4 1 0.5 4
9.5e+07 1.62774e-09 2.1202e-07 1.83137e-11 12 1 0.5 12
9.51e+07 1.03335e-09 1.99595e-07 1.66329e-11 8 1 0.5 8
9.52e+07 1.25196e-09 2.08559e-07 1.66819e-11 10 1 0.5 10
9.53e+07 1.61317e-09 1.97031e-07 2.57469e-11 8 1 0.5 8
9.54e+07 1.2599e-09 2.10682e-07 2.82602e-11 6 1 0.5 6
9.55e+07 1.30358e-09 2.04795e-07 2.14235e-11 8 1 0.5 8
9.56e+07 1.51637e-09 2.06121e-07 3.34655e-11 6 1 0.5 6
9.57e+07 1.28849e-09 2.06556e-07 1.54871e-11 11 1 0.5 11
9.58e+07 1.256e-09 1.99347e-07 3.24076e-11 5 1 0.5 5
9.59e+07 1.91653e-09 2.03598e-07 2.28064e-11 11 1 0.5 11
9.6e+07 1.52888e-09 2.03998e-07 2.86646e-11 7 1 0.5 7
9.61e+07 1.15309e-09 2.09765e-07 1.54308e-11 10 1 0.5 10
9.62e+07 1.7135e-09 2.10525e-07 3.29497e-11 7 1 0.5 7
9.63e+07 1.2901e-09 2.12613e-07 2.49671e-11 7 1 0.5 7
9.64e+07 1.62197e-09 2.14387e-07 2.00886e-11 11 1 0.5 11
9.65e+07 1.27292e-09 2.07278e-07 1.68802e-11 10 1 0.5 10
9.66e+07 1.28677e-09 2.03057e-07 2.10059e-11 8 1 0.5 8
9.67e+07 1.70732e-09 2.10619e-07 2.29496e-11 10 1 0.5 10
9.68e+07 1.71217e-09 2.07683e-07 3.80392e-11 6 1 0.5 6
9.69e+07 1.82254e-09 2.04451e-07 3.42617e-11 7 1 0.5 7
9.7e+07 1.80589e-09 1.96343e-07 1.76628e-11 13 1 0.5 13
9.71e+07 1.44384e-09 2.05702e-07 1.73037e-11 11 1 0.5 11
9.72e+07 1.60666e-09 1.97806e-07 3.43483e-11 6 1 0.5 6
9.73e+07 1.49201e-09 2.00376e-07 3.22056e-11 6 1 0.5 6
9.74e+07 1.31035e-09 2.01499e-07 3.08714e-11 10 1 0.5 10
9.75e+07 1.21225e-09 2.12203e-07 1.81979e-11 9 1 0.5 9
9.76e+07 1.53848e-09 2.0904e-07 2.05501e-11 10 1 0.5 10
9.77e+07 1.36085e-09 2.09937e-07 3.04512e-11 6 1 0.5 6
9.78e+07 1.39192e-09 2.09244e-07 1.69045e-11 11 1 0.5 11
9.79e+07 1.55076e-09 1.92882e-07 2.78378e-11 7 1 0.5 7
9.8e+07 1.45546e-09 2.12757e-07 1.51489e-11 13 1 0.5 13
9.81e+07 1.21951e-09 2.09325e-07 2.33078e-11 7 1 0.5 7
9.82e+07 1.8492e-09 2.09585e-07 4.14008e-11 6 1 0.5 6
9.83e+07 1.3243e-09 2.084e-07 1.60301e-11 11 1 0.5 11
9.84e+07 1.49115e-09 2.09415e-07 4.00288e-11 5 1 0.5 5
9.85e+07 1.63053e-09 1.99527e-07 2.62811e-11 8 1 0.5 8
9.86e+07 1.11159e-09 2.17112e-07 1.9117e-11 8 1 0.5 8
9.87e+07 1.29776e-09 2.05102e-07 1.70689e-11 10 1 0.5 10
9.88e+07 1.70504e-09 2.03841e-07 3.19661e-11 7 1 0.5 7
9.89e+07 1.37942e-09 2.06489e-07 3.047e-11 6 1 0.5 6
9.9e+07 1.61145e-09 2.04593e-07 4.24974e-11 5 1 0.5 5
9.91e+07 1.57475e-09 2.02485e-07 2.05178e-11 10 1 0.5 10
9.92e+07 1.42893e-09 2.09115e-07 3.18842e-11 6 1 0.5 6
9.93e+07 1.03158e-09 2.1353e-07 2.00149e-11 7 1 0.5 7
9.94e+07 1.24701e-09 2.10408e-07 1.67314e-11 10 1 0.5 10
9.95e+07 1.88389e-09 2.06249e-07 5.00587e-11 5 1 0.5 5
9.96e+07 1.52866e-09 2.00783e-07 1.97846e-11 10 1 0.5 10
9.97e+07 2.1684e-09 1.99004e-07 2.79096e-11 10 1 0.5 10
9.98e+07 1.8742e-09 2.09257e-07 4.19128e-11 6 1 0.5 6
9.99e+07 1.93286e-09 2.07326e-07 3.21295e-11 8 1 0.5 8
1e+08 1.65308e-09 2.22441e-07 2.90472e-11 8 1 0.5 8
