0 1.50659e-09 2.07143e-07 1.91083e-11 11 1 0.5 11
100000 1.60493e-09 2.13977e-07 2.42758e-11 9 1 0.5 9
200000 2.05246e-09 2.07289e-07 3.90324e-11 7 1 0.5 7
300000 1.38217e-09 2.04239e-07 1.5094e-11 12 1 0.5 12
400000 1.46212e-09 2.0146e-07 2.71406e-11 7 1 0.5 7
500000 2.08515e-09 2.07713e-07 3.97222e-11 7 1 0.5 7
600000 1.57602e-09 2.08254e-07 3.00351e-11 7 1 0.5 7
700000 2.02764e-09 2.09222e-07 4.53646e-11 6 1 0.5 6
800000 1.55418e-09 2.17208e-07 1.78209e-11 12 1 0.5 12
900000 1.28468e-09 2.02941e-07 2.79854e-11 6 1 0.5 6
1e+06 1.31868e-09 2.16247e-07 2.58666e-11 7 1 0.5 7
1.1e+06 1.72177e-09 2.17319e-07 2.37246e-11 10 1 0.5 10
1.2e+06 1.50666e-09 2.04789e-07 1.7996e-11 11 1 0.5 11
1.3e+06 1.35899e-09 2.1548e-07 2.6586e-11 7 1 0.5 7
1.4e+06 1.49088e-09 2.12911e-07 2.52748e-11 8 1 0.5 8
1.5e+06 1.58944e-09 2.06841e-07 3.51838e-11 6 1 0.5 6
1.6e+06 1.39563e-09 2.13048e-07 2.10264e-11 9 1 0.5 9
1.7e+06 1.49304e-09 2.14816e-07 2.54903e-11 8 1 0.5 8
1.8e+06 1.55078e-09 2.01928e-07 2.52242e-11 8 1 0.5 8
1.9e+06 1.80741e-09 1.99409e-07 3.89119e-11 6 1 0.5 6
2e+06 1.71867e-09 2.1223e-07 3.88449e-11 6 1 0.5 6
2.1e+06 8.73615e-10 2.25371e-07 1.76816e-11 7 1 0.5 7
2.2e+06 1.75817e-09 1.98443e-07 2.50777e-11 9 1 0.5 9
2.3e+06 1.4365e-09 2.02797e-07 2.68006e-11 7 1 0.5 7
2.4e+06 1.10066e-09 2.05758e-07 2.42198e-11 6 1 0.5 6
2.5e+06 1.13345e-09 2.05327e-07 1.49152e-11 10 1 0.5 10
2.6e+06 1.54913e-09 2.20667e-07 2.40072e-11 9 1 0.5 9
2.7e+06 1.40021e-09 2.07086e-07 1.856e-11 10 1 0.5 10
2.8e+06 1.444e-09 2.03071e-07 2.69698e-11 7 1 0.5 7
2.9e+06 1.64342e-09 2.14886e-07 2.80771e-11 8 1 0.5 8
3e+06 1.48076e-09 2.09251e-07 2.19999e-11 9 1 0.5 9
3.1e+06 1.26179e-09 2.12105e-07 2.1313e-11 8 1 0.5 8
3.2e+06 1.21375e-09 2.14789e-07 1.83954e-11 9 1 0.5 9
3.3e+06 1.51956e-09 2.08033e-07 2.89299e-11 7 1 0.5 7
3.4e+06 1.91972e-09 2.01139e-07 2.76822e-11 9 1 0.5 9
3.5e+06 1.08935e-09 2.05098e-07 2.87167e-11 5 1 0.5 5
3.6e+06 1.31158e-09 1.971e-07 3.35532e-11 5 1 0.5 5
3.7e+06 1.21919e-09 2.08143e-07 2.0288e-11 8 1 0.5 8
3.8e+06 1.56076e-09 2.1507e-07 2.37002e-11 9 1 0.5 9
3.9e+06 2.4488e-09 2.02833e-07 5.3553e-11 6 1 0.5 6
4e+06 1.57324e-09 1.97651e-07 2.87826e-11 7 1 0.5 7
4.1e+06 1.31584e-09 2.13424e-07 1.4873e-11 12 1 0.5 12
4.2e+06 2.13467e-09 2.12394e-07 3.21433e-11 9 1 0.5 9
4.3e+06 1.77823e-09 2.00239e-07 5.78052e-11 4 1 0.5 4
4.4e+06 1.66506e-09 2.04735e-07 4.39457e-11 5 1 0.5 5
4.5e+06 1.14648e-09 2.1024e-07 1.39687e-11 11 1 0.5 11
4.6e+06 1.3255e-09 2.03396e-07 2.89295e-11 6 1 0.5 6
4.7e+06 1.19355e-09 2.03666e-07 1.95247e-11 8 1 0.5 8
4.8e+06 1.5935e-09 2.08496e-07 3.03977e-11 7 1 0.5 7
4.9e+06 1.76469e-09 2.07619e-07 3.92044e-11 6 1 0.5 6
5e+06 1.51223e-09 2.02247e-07 2.1878e-11 9 1 0.5 9
5.1e+06 1.22979e-09 2.1381e-07 2.79037e-11 6 1 0.5 6
5.2e+06 1.59371e-09 2.05962e-07 1.75259e-11 12 1 0.5 12
5.3e+06 2.03473e-09 2.05069e-07 2.68026e-11 10 1 0.5 10
5.4e+06 1.2704e-09 2.01272e-07 2.74953e-11 6 1 0.5 6
5.5e+06 2.01336e-09 2.10964e-07 3.39367e-11 8 1 0.5 8
5.6e+06 1.2723e-09 2.05819e-07 1.67789e-11 10 1 0.5 10
5.7e+06 2.18568e-09 2.07994e-07 4.87035e-11 6 1 0.5 6
5.8e+06 1.23052e-09 2.07637e-07 2.337e-11 7 1 0.5 7
5.9e+06 1.17096e-09 2.11306e-07 2.25427e-11 7 1 0.5 7
6e+06 1.39203e-09 2.0441e-07 1.82642e-11 10 1 0.5 10
6.1e+06 1.40084e-09 2.05791e-07 2.31158e-11 8 1 0.5 8
6.2e+06 1.50606e-09 2.02511e-07 2.80738e-11 7 1 0.5 7
6.3e+06 1.68715e-09 1.96691e-07 2.38955e-11 9 1 0.5 9
6.4e+06 1.06074e-09 2.14102e-07 1.44225e-11 10 1 0.5 10
6.5e+06 1.71845e-09 2.02578e-07 2.49058e-11 9 1 0.5 9
6.6e+06 1.39295e-09 2.06283e-07 2.63334e-11 7 1 0.5 7
6.7e+06 1.19741e-09 2.03135e-07 1.11534e-11 14 1 0.5 14
6.8e+06 1.42173e-09 2.00093e-07 3.0647e-11 6 1 0.5 6
6.9e+06 1.77756e-09 2.08663e-07 4.76445e-11 5 1 0.5 5
7e+06 1.19357e-09 2.0449e-07 1.74036e-11 9 1 0.5 9
7.1e+06 1.44374e-09 2.0316e-07 1.57031e-11 12 1 0.5 12
7.2e+06 1.70708e-09 1.96864e-07 1.97804e-11 11 1 0.5 11
7.3e+06 1.47827e-09 2.05917e-07 2.79151e-11 7 1 0.5 7
7.4e+06 1.96674e-09 2.14305e-07 2.68172e-11 10 1 0.5 10
7.5e+06 1.50223e-09 2.07373e-07 3.33095e-11 6 1 0.5 6
7.6e+06 1.50429e-09 1.94823e-07 2.37934e-11 8 1 0.5 8
7.7e+06 1.6493e-09 2.07879e-07 4.12909e-11 6 1 0.5 6
7.8e+06 1.91183e-09 2.09839e-07 2.84983e-11 9 1 0.5 9
7.9e+06 1.56377e-09 2.17811e-07 2.39855e-11 9 1 0.5 9
8e+06 1.90732e-09 2.05957e-07 4.21289e-11 6 1 0.5 6
8.1e+06 1.74943e-09 2.03814e-07 3.83034e-11 6 1 0.5 6
8.2e+06 1.84745e-09 2.11131e-07 3.56218e-11 7 1 0.5 7
8.3e+06 1.59631e-09 1.98086e-07 2.27283e-11 9 1 0.5 9
8.4e+06 1.43703e-09 2.13902e-07 2.17209e-11 9 1 0.5 9
8.5e+06 1.33633e-09 2.09048e-07 1.11382e-11 16 1 0.5 16
8.6e+06 1.18603e-09 1.98586e-07 1.38218e-11 11 1 0.5 11
8.7e+06 1.58907e-09 2.05812e-07 2.33104e-11 9 1 0.5 9
8.8e+06 1.31236e-09 2.09603e-07 9.74088e-12 18 1 0.5 18
8.9e+06 1.8456e-09 2.14746e-07 3.60664e-11 7 1 0.5 7
9e+06 1.45306e-09 2.06889e-07 2.13954e-11 9 1 0.5 9
9.1e+06 1.59729e-09 2.14859e-07 3.12012e-11 7 1 0.5 7
9.2e+06 2.02199e-09 2.02089e-07 4.40223e-11 6 1 0.5 6
9.3e+06 1.46526e-09 2.01558e-07 1.90185e-11 10 1 0.5 10
9.4e+06 9.46934e-10 2.2531e-07 1.11653e-11 12 1 0.5 12
9.5e+06 1.48418e-09 2.10871e-07 3.33428e-11 6 1 0.5 6
9.6e+06 1.65148e-09 2.04389e-07 3.62254e-11 6 1 0.5 6
9.7e+06 2.09581e-09 2.08712e-07 5.62665e-11 5 1 0.5 5
9.8e+06 1.08563e-09 2.08539e-07 2.0679e-11 7 1 0.5 7
9.9e+06 1.99803e-09 2.10043e-07 4.48355e-11 6 1 0.5 6
1e+07 1.5342e-09 2.0462e-07 2.01521e-11 10 1 0.5 10
1.01e+07 1.05449e-09 2.10072e-07 1.76666e-11 8 1 0.5 8
1.02e+07 1.0186e-09 2.12154e-07 1.71965e-11 8 1 0.5 8
1.03e+07 1.66143e-09 2.04151e-07 7.33006e-11 3 1 0.5 3
1.04e+07 1.22714e-09 2.10088e-07 1.64443e-11 10 1 0.5 10
1.05e+07 1.80677e-09 2.15306e-07 3.09304e-11 8 1 0.5 8
1.06e+07 1.48234e-09 2.08824e-07 2.47488e-11 8 1 0.5 8
1.07e+07 1.23046e-09 2.06164e-07 3.2589e-11 5 1 0.5 5
1.08e+07 1.24834e-09 2.18074e-07 1.56587e-11 11 1 0.5 11
1.09e+07 1.70641e-09 2.0236e-07 2.22291e-11 10 1 0.5 10
1.1e+07 1.78134e-09 1.99036e-07 3.82911e-11 6 1 0.5 6
1.11e+07 1.35799e-09 2.11779e-07 2.05686e-11 9 1 0.5 9
1.12e+07 1.67491e-09 2.0016e-07 2.70664e-11 8 1 0.5 8
1.13e+07 1.2778e-09 2.08962e-07 2.84793e-11 6 1 0.5 6
1.14e+07 1.42926e-09 2.09023e-07 3.18807e-11 6 1 0.5 6
1.15e+07 1.50681e-09 2.05354e-07 2.83957e-11 7 1 0.5 7
1.16e+07 1.51205e-09 2.06743e-07 3.34486e-11 6 1 0.5 6
1.17e+07 1.98564e-09 2.06107e-07 2.0176e-11 13 1 0.5 13
1.18e+07 1.35587e-09 2.16335e-07 2.32685e-11 8 1 0.5 8
1.19e+07 1.68333e-09 1.99118e-07 4.34764e-11 5 1 0.5 5
1.2e+07 1.979e-09 1.99222e-07 4.26015e-11 6 1 0.5 6
1.21e+07 1.49645e-09 2.09723e-07 3.34759e-11 6 1 0.5 6
1.22e+07 1.08496e-09 2.08194e-07 1.44313e-11 10 1 0.5 10
1.23e+07 1.62895e-09 2.0203e-07 2.65118e-11 8 1 0.5 8
1.24e+07 1.32507e-09 2.16433e-07 3.64801e-11 5 1 0.5 5
1.25e+07 1.77954e-09 2.08593e-07 2.97098e-11 8 1 0.5 8
1.26e+07 1.37035e-09 2.0719e-07 1.81702e-11 10 1 0.5 10
1.27e+07 1.20176e-09 2.04483e-07 3.16218e-11 5 1 0.5 5
1.28e+07 1.35551e-09 2.11218e-07 2.02814e-11 9 1 0.5 9
1.29e+07 1.77408e-09 2.04568e-07 2.59129e-11 9 1 0.5 9
1.3e+07 1.73777e-09 2.06785e-07 4.62395e-11 5 1 0.5 5
1.31e+07 1.91894e-09 2.02894e-07 3.58698e-11 7 1 0.5 7
1.32e+07 1.48451e-09 2.08837e-07 1.80049e-11 11 1 0.5 11
1.33e+07 1.46122e-09 2.05877e-07 2.75874e-11 7 1 0.5 7
1.34e+07 1.79915e-09 1.99328e-07 3.3156e-11 7 1 0.5 7
1.35e+07 1.96222e-09 2.02316e-07 2.55715e-11 10 1 0.5 10
1.36e+07 1.81352e-09 2.1258e-07 2.04537e-11 12 1 0.5 12
1.37e+07 1.48639e-09 2.00539e-07 3.85698e-11 5 1 0.5 5
1.38e+07 1.79377e-09 2.04977e-07 1.81421e-11 13 1 0.5 13
1.39e+07 1.65799e-09 2.13463e-07 1.87553e-11 12 1 0.5 12
1.4e+07 1.34759e-09 2.07641e-07 2.98936e-11 6 1 0.5 6
1.41e+07 1.40028e-09 2.10771e-07 3.14362e-11 6 1 0.5 6
1.42e+07 1.46345e-09 2.04497e-07 1.59998e-11 12 1 0.5 12
1.43e+07 1.44218e-09 2.04256e-07 3.15938e-11 6 1 0.5 6
1.44e+07 1.03275e-09 2.11075e-07 1.73662e-11 8 1 0.5 8
1.45e+07 1.4134e-09 1.97211e-07 2.00461e-11 9 1 0.5 9
1.46e+07 1.42259e-09 2.09242e-07 1.7278e-11 11 1 0.5 11
1.47e+07 1.7369e-09 2.20004e-07 2.19628e-11 11 1 0.5 11
1.48e+07 1.47181e-09 2.19041e-07 2.26706e-11 9 1 0.5 9
1.49e+07 1.82856e-09 2.18979e-07 3.17282e-11 8 1 0.5 8
1.5e+07 1.2191e-09 2.02208e-07 1.98326e-11 8 1 0.5 8
1.51e+07 1.33386e-09 2.14643e-07 2.27476e-11 8 1 0.5 8
1.52e+07 1.35543e-09 2.09518e-07 1.81301e-11 10 1 0.5 10
1.53e+07 1.52938e-09 1.9266e-07 1.91702e-11 10 1 0.5 10
1.54e+07 1.48943e-09 2.07775e-07 3.30743e-11 6 1 0.5 6
1.55e+07 1.25365e-09 2.06101e-07 2.76381e-11 6 1 0.5 6
1.56e+07 1.33074e-09 2.06664e-07 2.20276e-11 8 1 0.5 8
1.57e+07 1.28903e-09 2.05809e-07 2.83903e-11 6 1 0.5 6
1.58e+07 1.10256e-09 1.99703e-07 1.77578e-11 8 1 0.5 8
1.59e+07 1.30553e-09 1.99948e-07 1.87107e-11 9 1 0.5 9
1.6e+07 1.13816e-09 2.02137e-07 2.47036e-11 6 1 0.5 6
1.61e+07 1.62424e-09 2.06039e-07 1.94978e-11 11 1 0.5 11
1.62e+07 1.6126e-09 2.12104e-07 3.64125e-11 6 1 0.5 6
1.63e+07 1.57879e-09 2.10213e-07 4.25255e-11 5 1 0.5 5
1.64e+07 1.58651e-09 1.95832e-07 3.3652e-11 6 1 0.5 6
1.65e+07 1.2463e-09 2.0136e-07 1.79573e-11 9 1 0.5 9
1.66e+07 1.45047e-09 2.12484e-07 2.18099e-11 9 1 0.5 9
1.67e+07 2.00018e-09 2.05856e-07 2.03049e-11 13 1 0.5 13
1.68e+07 1.6701e-09 2.02801e-07 2.72658e-11 8 1 0.5 8
1.69e+07 1.58282e-09 1.94847e-07 2.22493e-11 9 1 0.5 9
1.7e+07 1.33827e-09 2.10448e-07 1.49606e-11 12 1 0.5 12
1.71e+07 1.57965e-09 2.04843e-07 3.47009e-11 6 1 0.5 6
1.72e+07 1.55452e-09 2.04579e-07 2.26947e-11 9 1 0.5 9
1.73e+07 1.20074e-09 2.09676e-07 1.78554e-11 9 1 0.5 9
1.74e+07 1.3052e-09 2.03936e-07 1.89963e-11 9 1 0.5 9
1.75e+07 1.02495e-09 2.08074e-07 1.51433e-11 9 1 0.5 9
1.76e+07 2.23628e-09 2.04244e-07 4.20618e-11 7 1 0.5 7
1.77e+07 1.14265e-09 2.0957e-07 1.69825e-11 9 1 0.5 9
1.78e+07 1.47521e-09 2.05401e-07 2.78025e-11 7 1 0.5 7
1.79e+07 1.28612e-09 2.0918e-07 1.90937e-11 9 1 0.5 9
1.8e+07 1.75345e-09 2.04125e-07 2.87792e-11 8 1 0.5 8
1.81e+07 1.73043e-09 1.99034e-07 4.46874e-11 5 1 0.5 5
1.82e+07 1.22761e-09 2.11479e-07 1.10135e-11 15 1 0.5 15
1.83e+07 1.15765e-09 2.07181e-07 1.70518e-11 9 1 0.5 9
1.84e+07 9.28595e-10 2.19573e-07 1.43903e-11 11 1 0.5 11
1.85e+07 1.41172e-09 2.04629e-07 4.65805e-11 4 1 0.5 4
1.86e+07 1.48893e-09 2.12964e-07 3.37116e-11 6 1 0.5 6
1.87e+07 1.83278e-09 2.07767e-07 2.03024e-11 12 1 0.5 12
1.88e+07 1.38734e-09 2.01102e-07 1.99765e-11 9 1 0.5 9
1.89e+07 1.33899e-09 2.00437e-07 2.16414e-11 8 1 0.5 8
1.9e+07 1.4089e-09 2.10437e-07 2.70565e-11 7 1 0.5 7
1.91e+07 1.59892e-09 2.12181e-07 2.40242e-11 9 1 0.5 9
1.92e+07 1.98984e-09 2.00063e-07 3.21713e-11 8 1 0.5 8
1.93e+07 1.39903e-09 2.16817e-07 1.92276e-11 10 1 0.5 10
1.94e+07 1.85174e-09 2.10609e-07 3.56352e-11 7 1 0.5 7
1.95e+07 1.28709e-09 2.04434e-07 2.81991e-11 6 1 0.5 6
1.96e+07 1.57608e-09 2.08696e-07 5.28618e-11 4 1 0.5 4
1.97e+07 1.30871e-09 1.98061e-07 2.09549e-11 8 1 0.5 8
1.98e+07 1.23664e-09 2.01923e-07 3.22261e-11 5 1 0.5 5
1.99e+07 1.42154e-09 2.0349e-07 1.8587e-11 10 1 0.5 10
2e+07 1.71129e-09 2.05559e-07 3.22955e-11 7 1 0.5 7
2.01e+07 1.14163e-09 1.99649e-07 2.10218e-11 7 1 0.5 7
2.02e+07 1.49016e-09 2.00346e-07 2.84529e-11 7 1 0.5 7
2.03e+07 1.28905e-09 2.14591e-07 1.46322e-11 12 1 0.5 12
2.04e+07 1.99792e-09 2.1001e-07 2.98071e-11 9 1 0.5 9
2.05e+07 1.49912e-09 2.01859e-07 2.16552e-11 9 1 0.5 9
2.06e+07 1.26281e-09 2.05677e-07 2.38083e-11 7 1 0.5 7
2.07e+07 2.10722e-09 2.01314e-07 3.91726e-11 7 1 0.5 7
2.08e+07 1.22147e-09 2.13537e-07 1.38095e-11 12 1 0.5 12
2.09e+07 1.31415e-09 2.05444e-07 1.57298e-11 11 1 0.5 11
2.1e+07 1.4735e-09 2.12581e-07 2.85302e-11 7 1 0.5 7
2.11e+07 1.1059e-09 2.1066e-07 2.97734e-11 5 1 0.5 5
2.12e+07 9.01576e-10 2.07478e-07 1.49518e-11 8 1 0.5 8
2.13e+07 1.19401e-09 2.1184e-07 1.78991e-11 9 1 0.5 9
2.14e+07 1.34068e-09 1.97138e-07 1.9006e-11 9 1 0.5 9
2.15e+07 1.08339e-09 2.0352e-07 1.01044e-11 14 1 0.5 14
2.16e+07 1.28599e-09 2.10436e-07 2.15887e-11 8 1 0.5 8
2.17e+07 1.35281e-09 2.04477e-07 1.61342e-11 11 1 0.5 11
2.18e+07 1.48278e-09 2.02053e-07 2.41253e-11 8 1 0.5 8
2.19e+07 1.72366e-09 2.21483e-07 3.01702e-11 8 1 0.5 8
2.2e+07 1.8172e-09 2.08392e-07 4.04972e-11 6 1 0.5 6
2.21e+07 1.44677e-09 2.06076e-07 2.73341e-11 7 1 0.5 7
2.22e+07 9.67094e-10 2.14174e-07 1.31499e-11 10 1 0.5 10
2.23e+07 9.34362e-10 2.01668e-07 1.0095e-11 12 1 0.5 12
2.24e+07 1.78956e-09 2.0847e-07 2.16883e-11 11 1 0.5 11
2.25e+07 1.74712e-09 2.11374e-07 3.37066e-11 7 1 0.5 7
2.26e+07 1.44327e-09 2.10121e-07 3.57546e-11 7 1 0.5 7
2.27e+07 1.94258e-09 2.02173e-07 3.62136e-11 7 1 0.5 7
2.28e+07 1.35669e-09 2.11306e-07 3.05133e-11 6 1 0.5 6
2.29e+07 1.3101e-09 2.00054e-07 1.87842e-11 9 1 0.5 9
2.3e+07 1.52773e-09 2.10137e-07 4.11287e-11 5 1 0.5 5
2.31e+07 1.58404e-09 2.06772e-07 2.62501e-11 8 1 0.5 8
2.32e+07 1.38859e-09 2.021e-07 2.58336e-11 7 1 0.5 7
2.33e+07 1.74398e-09 1.98632e-07 2.23935e-11 10 1 0.5 10
2.34e+07 1.32273e-09 2.08686e-07 1.46891e-11 12 1 0.5 12
2.35e+07 1.25407e-09 2.1313e-07 2.83857e-11 6 1 0.5 6
2.36e+07 1.52229e-09 2.18765e-07 6.80495e-11 13 1 0.5 13
2.37e+07 1.43444e-09 2.00423e-07 3.09622e-11 6 1 0.5 6
2.38e+07 1.3936e-09 2.08893e-07 1.85985e-11 10 1 0.5 10
2.39e+07 1.02997e-09 2.11466e-07 2.31501e-11 6 1 0.5 6
2.4e+07 1.29576e-09 2.11233e-07 1.7441e-11 10 1 0.5 10
2.41e+07 1.67667e-09 2.2083e-07 3.34816e-11 7 1 0.5 7
2.42e+07 1.21716e-09 2.1137e-07 2.34413e-11 7 1 0.5 7
2.43e+07 1.72884e-09 2.08226e-07 3.31792e-11 7 1 0.5 7
2.44e+07 1.36787e-09 2.04978e-07 2.24999e-11 8 1 0.5 8
2.45e+07 1.53675e-09 2.0451e-07 2.88695e-11 7 1 0.5 7
2.46e+07 1.78706e-09 2.10802e-07 6.04874e-11 4 1 0.5 4
2.47e+07 1.31127e-09 2.02091e-07 4.28219e-11 4 1 0.5 4
2.48e+07 2.05751e-09 2.05875e-07 3.02246e-11 9 1 0.5 9
2.49e+07 1.48077e-09 2.0332e-07 1.61169e-11 12 1 0.5 12
2.5e+07 1.66513e-09 2.08022e-07 3.70351e-11 6 1 0.5 6
2.51e+07 1.35519e-09 2.17402e-07 2.33476e-11 8 1 0.5 8
2.52e+07 1.81844e-09 2.07383e-07 2.19499e-11 11 1 0.5 11
2.53e+07 1.75707e-09 2.1205e-07 7.9931e-11 3 1 0.5 3
2.54e+07 1.50831e-09 2.04081e-07 1.97701e-11 10 1 0.5 10
2.55e+07 1.10645e-09 2.08653e-07 1.84414e-11 8 1 0.5 8
2.56e+07 1.24156e-09 2.16162e-07 2.84168e-11 6 1 0.5 6
2.57e+07 1.35312e-09 2.03031e-07 2.9494e-11 6 1 0.5 6
2.58e+07 1.25774e-09 2.07913e-07 4.19843e-11 4 1 0.5 4
2.59e+07 1.44705e-09 2.01352e-07 2.3478e-11 8 1 0.5 8
2.6e+07 1.33828e-09 2.06925e-07 1.48179e-11 12 1 0.5 12
2.61e+07 1.61189e-09 2.17546e-07 2.78055e-11 8 1 0.5 8
2.62e+07 1.26179e-09 2.09776e-07 1.68903e-11 10 1 0.5 10
2.63e+07 1.77157e-09 2.04413e-07 2.11412e-11 11 1 0.5 11
2.64e+07 1.32052e-09 2.01479e-07 2.45029e-11 7 1 0.5 7
2.65e+07 1.68485e-09 2.09191e-07 3.22341e-11 7 1 0.5 7
2.66e+07 1.81515e-09 2.0346e-07 2.37517e-11 10 1 0.5 10
2.67e+07 1.36156e-09 2.07156e-07 1.64051e-11 11 1 0.5 11
2.68e+07 2.007e-09 2.32126e-07 4.17571e-11 7 1 0.5 7
2.69e+07 1.9215e-09 2.04897e-07 2.10577e-11 12 1 0.5 12
2.7e+07 1.36128e-09 1.99438e-07 1.94736e-11 9 1 0.5 9
2.71e+07 1.51367e-09 2.0216e-07 2.81781e-11 7 1 0.5 7
2.72e+07 1.45331e-09 2.14955e-07 1.98403e-11 10 1 0.5 10
2.73e+07 1.6139e-09 2.00365e-07 4.18737e-11 5 1 0.5 5
2.74e+07 1.57448e-09 2.13052e-07 3.5672e-11 6 1 0.5 6
2.75e+07 1.55099e-09 2.03478e-07 4.07175e-11 5 1 0.5 5
2.76e+07 1.26146e-09 2.03479e-07 1.64875e-11 10 1 0.5 10
2.77e+07 1.92535e-09 2.10621e-07 3.70625e-11 7 1 0.5 7
2.78e+07 2.04741e-09 2.14436e-07 1.8594e-11 15 1 0.5 15
2.79e+07 1.90897e-09 2.048e-07 6.32048e-11 4 1 0.5 4
2.8e+07 1.59526e-09 2.05131e-07 2.0998e-11 10 1 0.5 10
2.81e+07 1.36484e-09 2.00111e-07 2.20327e-11 8 1 0.5 8
2.82e+07 2.27725e-09 2.09251e-07 6.13131e-11 5 1 0.5 5
2.83e+07 1.75497e-09 2.0687e-07 3.32901e-11 7 1 0.5 7
2.84e+07 1.35108e-09 2.05982e-07 1.11316e-11 16 1 0.5 16
2.85e+07 1.99554e-09 2.10352e-07 6.7511e-11 4 1 0.5 4
2.86e+07 1.70506e-09 1.99183e-07 2.74511e-11 8 1 0.5 8
2.87e+07 1.80223e-09 2.12301e-07 4.0754e-11 6 1 0.5 6
2.88e+07 1.35615e-09 2.20992e-07 1.89206e-11 10 1 0.5 10
2.89e+07 1.2222e-09 2.13617e-07 3.32854e-11 5 1 0.5 5
2.9e+07 1.79256e-09 1.98999e-07 2.88461e-11 8 1 0.5 8
2.91e+07 1.36749e-09 2.05565e-07 3.00993e-11 6 1 0.5 6
2.92e+07 1.32523e-09 2.08299e-07 1.76438e-11 10 1 0.5 10
2.93e+07 1.23499e-09 2.08616e-07 2.05885e-11 8 1 0.5 8
2.94e+07 1.66486e-09 1.94782e-07 2.63893e-11 8 1 0.5 8
2.95e+07 1.97568e-09 2.09346e-07 3.30965e-11 8 1 0.5 8
2.96e+07 1.2156e-09 2.08488e-07 1.61917e-11 10 1 0.5 10
2.97e+07 1.94616e-09 2.07817e-07 2.1567e-11 12 1 0.5 12
2.98e+07 1.44336e-09 2.1071e-07 1.61545e-11 12 1 0.5 12
2.99e+07 1.4106e-09 2.05928e-07 2.32897e-11 8 1 0.5 8
3e+07 1.52288e-09 2.07292e-07 1.83644e-11 11 1 0.5 11
3.01e+07 1.48848e-09 2.05636e-07 1.63451e-11 12 1 0.5 12
3.02e+07 1.2839e-09 2.06681e-07 2.43e-11 7 1 0.5 7
3.03e+07 1.87587e-09 2.13254e-07 2.83179e-11 9 1 0.5 9
3.04e+07 1.13402e-09 1.99402e-07 1.82445e-11 8 1 0.5 8
3.05e+07 1.0292e-09 2.16624e-07 2.01967e-11 7 1 0.5 7
3.06e+07 1.57502e-09 2.03435e-07 2.57694e-11 8 1 0.5 8
3.07e+07 1.55647e-09 2.03004e-07 3.39483e-11 6 1 0.5 6
3.08e+07 1.41173e-09 2.10493e-07 2.71169e-11 7 1 0.5 7
3.09e+07 2.01021e-09 2.05751e-07 2.41236e-11 11 1 0.5 11
3.1e+07 1.53323e-09 1.99693e-07 2.82722e-11 7 1 0.5 7
3.11e+07 1.0935e-09 2.07304e-07 2.07325e-11 7 1 0.5 7
3.12e+07 1.76634e-09 2.00452e-07 3.81767e-11 6 1 0.5 6
3.13e+07 1.61078e-09 2.14091e-07 1.82619e-11 12 1 0.5 12
3.14e+07 1.16009e-09 2.06859e-07 1.53556e-11 10 1 0.5 10
3.15e+07 1.23534e-09 2.11834e-07 2.3834e-11 7 1 0.5 7
3.16e+07 1.75056e-09 2.06261e-07 3.62894e-10 9 1 0.5 9
3.17e+07 1.37764e-09 2.17163e-07 1.89566e-11 10 1 0.5 10
3.18e+07 1.09058e-09 2.08887e-07 1.81921e-11 8 1 0.5 8
3.19e+07 1.49244e-09 2.04079e-07 2.44731e-11 8 1 0.5 8
3.2e+07 1.26575e-09 2.08699e-07 1.68751e-11 10 1 0.5 10
3.21e+07 9.21452e-10 2.06586e-07 1.21778e-11 10 1 0.5 10
3.22e+07 1.26526e-09 2.06422e-07 2.09207e-11 8 1 0.5 8
3.23e+07 1.41518e-09 2.13685e-07 3.21183e-11 6 1 0.5 6
3.24e+07 1.62102e-09 2.06428e-07 3.5831e-11 6 1 0.5 6
3.25e+07 1.54522e-09 2.02044e-07 3.35772e-11 6 1 0.5 6
3.26e+07 1.30372e-09 2.13674e-07 2.5331e-11 7 1 0.5 7
3.27e+07 1.51454e-09 2.13842e-07 2.57663e-11 8 1 0.5 8
3.28e+07 1.2618e-09 2.13497e-07 2.14338e-11 8 1 0.5 8
3.29e+07 1.63992e-09 2.0164e-07 1.72542e-10 8 1 0.5 8
3.3e+07 1.85177e-09 2.11544e-07 2.77753e-11 9 1 0.5 9
3.31e+07 1.60595e-09 2.0788e-07 2.67265e-11 8 1 0.5 8
3.32e+07 1.74903e-09 1.99681e-07 4.52858e-11 5 1 0.5 5
3.33e+07 1.95385e-09 2.05837e-07 4.31446e-11 6 1 0.5 6
3.34e+07 1.47011e-09 2.04146e-07 2.41116e-11 8 1 0.5 8
3.35e+07 1.59318e-09 2.03064e-07 2.60308e-11 8 1 0.5 8
3.36e+07 1.33898e-09 2.10961e-07 2.00141e-11 9 1 0.5 9
3.37e+07 1.07281e-09 2.0403e-07 2.81635e-11 5 1 0.5 5
3.38e+07 1.75979e-09 2.11299e-07 2.15537e-11 11 1 0.5 11
3.39e+07 1.5764e-09 2.11035e-07 2.65453e-11 8 1 0.5 8
3.4e+07 2.04413e-09 2.04214e-07 2.43886e-11 11 1 0.5 11
3.41e+07 1.37932e-09 2.03361e-07 4.52825e-11 4 1 0.5 4
3.42e+07 1.26059e-09 2.00349e-07 2.32843e-11 7 1 0.5 7
3.43e+07 1.70845e-09 2.08989e-07 5.74081e-11 4 1 0.5 4
3.44e+07 1.32729e-09 2.20084e-07 1.53721e-11 12 1 0.5 12
3.45e+07 1.3063e-09 2.07415e-07 1.92658e-11 9 1 0.5 9
3.46e+07 2.21545e-09 2.13976e-07 6.06949e-11 5 1 0.5 5
3.47e+07 1.44787e-09 2.07427e-07 3.85692e-11 5 1 0.5 5
3.48e+07 1.30681e-09 2.08635e-07 1.74199e-11 10 1 0.5 10
3.49e+07 1.8737e-09 1.9848e-07 6.79931e-11 4 1 0.5 4
3.5e+07 1.60682e-09 2.09241e-07 2.68786e-11 8 1 0.5 8
3.51e+07 1.08163e-09 2.09326e-07 2.41223e-11 6 1 0.5 6
3.52e+07 1.47947e-09 2.05006e-07 1.94596e-11 10 1 0.5 10
3.53e+07 1.13038e-09 2.15084e-07 2.20648e-11 7 1 0.5 7
3.54e+07 1.68108e-09 2.13907e-07 4.59292e-11 5 1 0.5 5
3.55e+07 1.26544e-09 2.07891e-07 1.86948e-11 9 1 0.5 9
3.56e+07 1.36628e-09 2.13995e-07 1.42835e-11 13 1 0.5 13
3.57e+07 1.91434e-09 2.07794e-07 3.64592e-11 7 1 0.5 7
3.58e+07 1.46212e-09 2.00371e-07 3.15563e-11 6 1 0.5 6
3.59e+07 9.4247e-10 2.11606e-07 1.05736e-11 12 1 0.5 12
3.6e+07 1.92827e-09 2.03616e-07 2.80733e-11 9 1 0.5 9
3.61e+07 1.2892e-09 2.00091e-07 1.66319e-11 10 1 0.5 10
3.62e+07 1.05959e-09 2.14842e-07 9.07286e-12 16 1 0.5 16
3.63e+07 1.2395e-09 2.09365e-07 3.32291e-11 5 1 0.5 5
3.64e+07 1.53629e-09 2.04549e-07 2.52407e-11 8 1 0.5 8
3.65e+07 1.18156e-09 2.14924e-07 1.46494e-11 11 1 0.5 11
3.66e+07 1.40334e-09 2.04903e-07 3.70184e-11 5 1 0.5 5
3.67e+07 1.39685e-09 2.03513e-07 2.61296e-11 7 1 0.5 7
3.68e+07 1.21987e-09 2.06263e-07 2.30467e-11 7 1 0.5 7
3.69e+07 1.50722e-09 2.11092e-07 1.68953e-11 12 1 0.5 12
3.7e+07 1.30513e-09 2.02542e-07 3.41025e-11 5 1 0.5 5
3.71e+07 1.30984e-09 2.14768e-07 2.55534e-11 7 1 0.5 7
3.72e+07 1.47108e-09 2.19821e-07 4.10299e-11 5 1 0.5 5
3.73e+07 1.10094e-09 1.97957e-07 2.35073e-11 6 1 0.5 6
3.74e+07 1.44421e-09 2.05856e-07 2.72626e-11 7 1 0.5 7
3.75e+07 1.24843e-09 2.09282e-07 2.3859e-11 7 1 0.5 7
3.76e+07 1.52378e-09 2.05298e-07 3.35246e-11 6 1 0.5 6
3.77e+07 1.91984e-09 2.02324e-07 4.18204e-11 6 1 0.5 6
3.78e+07 1.84397e-09 2.0789e-07 2.72811e-11 9 1 0.5 9
3.79e+07 1.4163e-09 2.11749e-07 1.46852e-11 13 1 0.5 13
3.8e+07 1.88085e-09 1.98593e-07 4.85262e-11 5 1 0.5 5
3.81e+07 2.09333e-09 1.92676e-07 3.28856e-11 8 1 0.5 8
3.82e+07 1.65446e-09 2.11162e-07 2.78791e-11 8 1 0.5 8
3.83e+07 1.97887e-09 2.02625e-07 6.49984e-11 4 1 0.5 4
3.84e+07 1.39733e-09 2.1368e-07 2.71589e-11 7 1 0.5 7
3.85e+07 1.62383e-09 2.04803e-07 1.52325e-11 14 1 0.5 14
3.86e+07 1.47438e-09 2.14426e-07 2.23307e-11 9 1 0.5 9
3.87e+07 1.23771e-09 2.08464e-07 1.64856e-11 10 1 0.5 10
3.88e+07 1.54605e-09 2.03154e-07 4.05363e-11 5 1 0.5 5
3.89e+07 1.42255e-09 1.99822e-07 2.03835e-11 9 1 0.5 9
3.9e+07 1.11399e-09 2.08141e-07 2.11893e-11 7 1 0.5 7
3.91e+07 1.67584e-09 2.11019e-07 2.25586e-11 10 1 0.5 10
3.92e+07 1.80916e-09 2.1524e-07 3.54145e-11 7 1 0.5 7
3.93e+07 1.55907e-09 2.13081e-07 2.35014e-11 9 1 0.5 9
3.94e+07 1.35799e-09 1.99679e-07 1.74939e-11 10 1 0.5 10
3.95e+07 1.34535e-09 2.04395e-07 2.52472e-11 7 1 0.5 7
3.96e+07 1.69988e-09 2.03289e-07 2.78064e-11 8 1 0.5 8
3.97e+07 1.38403e-09 2.00189e-07 1.78658e-11 10 1 0.5 10
3.98e+07 1.02487e-09 2.08998e-07 1.36716e-11 10 1 0.5 10
3.99e+07 1.76894e-09 2.11798e-07 2.65524e-11 9 1 0.5 9
4e+07 1.56904e-09 2.06545e-07 3.46908e-11 6 1 0.5 6
4.01e+07 1.41228e-09 2.05754e-07 2.66469e-11 7 1 0.5 7
4.02e+07 1.51568e-09 2.10826e-07 2.91597e-11 7 1 0.5 7
4.03e+07 1.60319e-09 2.07643e-07 3.5598e-11 6 1 0.5 6
4.04e+07 1.76649e-09 2.16279e-07 3.11276e-11 10 1 0.5 10
4.05e+07 1.51129e-09 2.07197e-07 3.34892e-11 6 1 0.5 6
4.06e+07 1.6115e-09 2.09467e-07 3.60307e-11 6 1 0.5 6
4.07e+07 1.15995e-09 2.00364e-07 3.00356e-11 5 1 0.5 5
4.08e+07 1.73666e-09 2.07874e-07 4.6401e-11 5 1 0.5 5
4.09e+07 1.48421e-09 2.05527e-07 2.44725e-11 8 1 0.5 8
4.1e+07 1.66983e-09 2.11766e-07 3.76657e-11 6 1 0.5 6
4.11e+07 1.77749e-09 2.09031e-07 2.97245e-11 8 1 0.5 8
4.12e+07 1.42465e-09 2.04793e-07 2.67829e-11 7 1 0.5 7
4.13e+07 1.74694e-09 1.98568e-07 2.2426e-11 10 1 0.5 10
4.14e+07 1.49824e-09 2.13271e-07 2.5434e-11 8 1 0.5 8
4.15e+07 1.63715e-09 2.07554e-07 4.36696e-11 5 1 0.5 5
4.16e+07 1.43352e-09 2.10602e-07 2.40905e-11 8 1 0.5 8
4.17e+07 1.28012e-09 1.99234e-07 5.52561e-11 3 1 0.5 3
4.18e+07 1.08955e-09 2.05177e-07 1.30222e-11 11 1 0.5 11
4.19e+07 1.51282e-09 2.0003e-07 3.26133e-11 6 1 0.5 6
4.2e+07 1.51775e-09 2.10605e-07 2.55124e-11 8 1 0.5 8
4.21e+07 1.72781e-09 2.01526e-07 2.80739e-11 8 1 0.5 8
4.22e+07 1.00729e-09 2.23586e-07 1.18059e-11 12 1 0.5 12
4.23e+07 1.7969e-09 1.99879e-07 2.90158e-11 8 1 0.5 8
4.24e+07 1.75291e-09 2.15001e-07 4.00291e-11 6 1 0.5 6
4.25e+07 1.01697e-09 2.08165e-07 1.93394e-11 7 1 0.5 7
4.26e+07 1.36245e-09 1.96702e-07 2.89754e-11 6 1 0.5 6
4.27e+07 1.67226e-09 2.1358e-07 4.56314e-11 5 1 0.5 5
4.28e+07 1.42848e-09 2.11587e-07 3.86481e-11 5 1 0.5 5
4.29e+07 1.45054e-09 2.04973e-07 2.12029e-11 9 1 0.5 9
4.3e+07 1.16284e-09 2.1507e-07 1.98524e-11 8 1 0.5 8
4.31e+07 1.20041e-09 1.97722e-07 2.19424e-11 7 1 0.5 7
4.32e+07 1.44731e-09 2.1462e-07 2.19348e-11 9 1 0.5 9
4.33e+07 1.22505e-09 2.08408e-07 1.63131e-11 10 1 0.5 10
4.34e+07 1.71217e-09 2.06204e-07 3.23916e-11 7 1 0.5 7
4.35e+07 1.42758e-09 2.10272e-07 2.12883e-11 9 1 0.5 9
4.36e+07 1.61988e-09 2.09849e-07 5.45807e-11 4 1 0.5 4
4.37e+07 1.4058e-09 2.15378e-07 1.60073e-11 12 1 0.5 12
4.38e+07 1.21287e-09 2.00508e-07 2.24133e-11 7 1 0.5 7
4.39e+07 1.65265e-09 2.08194e-07 2.20106e-11 10 1 0.5 10
4.4e+07 1.37116e-09 2.01347e-07 2.96956e-11 6 1 0.5 6
4.41e+07 1.43726e-09 2.08249e-07 1.47089e-11 13 1 0.5 13
4.42e+07 1.43178e-09 2.0887e-07 3.19188e-11 6 1 0.5 6
4.43e+07 1.32044e-09 1.97087e-07 1.40236e-11 12 1 0.5 12
4.44e+07 1.42355e-09 2.18024e-07 1.40236e-11 14 1 0.5 14
4.45e+07 1.16107e-09 2.08721e-07 1.54772e-11 10 1 0.5 10
4.46e+07 1.66295e-09 1.9662e-07 4.25267e-11 5 1 0.5 5
4.47e+07 1.66022e-09 2.12508e-07 2.81172e-11 8 1 0.5 8
4.48e+07 1.64003e-09 2.08282e-07 2.42873e-11 9 1 0.5 9
4.49e+07 1.51356e-09 2.09817e-07 4.06959e-11 5 1 0.5 5
4.5e+07 1.7063e-09 2.07591e-07 2.06072e-11 11 1 0.5 11
4.51e+07 1.23616e-09 2.05135e-07 1.35421e-11 12 1 0.5 12
4.52e+07 1.56159e-09 2.07938e-07 3.17647e-10 5 1 0.5 5
4.53e+07 1.15337e-09 2.13857e-07 1.56712e-11 10 1 0.5 10
4.54e+07 2.14213e-09 2.03128e-07 4.68464e-11 6 1 0.5 6
4.55e+07 1.20894e-09 2.2091e-07 2.81472e-11 6 1 0.5 6
4.56e+07 1.67904e-09 2.07004e-07 3.72028e-11 6 1 0.5 6
4.57e+07 1.48418e-09 2.12608e-07 2.51394e-11 8 1 0.5 8
4.58e+07 1.37929e-09 2.01473e-07 1.62618e-11 11 1 0.5 11
4.59e+07 1.36335e-09 2.10082e-07 2.03127e-11 9 1 0.5 9
4.6e+07 1.47287e-09 2.14498e-07 1.6719e-11 12 1 0.5 12
4.61e+07 1.46001e-09 2.01921e-07 1.89767e-11 10 1 0.5 10
4.62e+07 1.26603e-09 2.1693e-07 2.90611e-11 6 1 0.5 6
4.63e+07 1.5458e-09 2.07836e-07 2.941e-11 7 1 0.5 7
4.64e+07 1.32543e-09 2.13253e-07 1.79759e-11 10 1 0.5 10
4.65e+07 1.23804e-09 2.11352e-07 2.38434e-11 7 1 0.5 7
4.66e+07 1.07236e-09 2.14526e-07 1.6231e-11 9 1 0.5 9
4.67e+07 1.37544e-09 2.01143e-07 2.54932e-11 7 1 0.5 7
4.68e+07 1.82105e-09 1.9882e-07 3.91171e-11 6 1 0.5 6
4.69e+07 1.87694e-09 2.09633e-07 2.51463e-11 10 1 0.5 10
4.7e+07 1.55241e-09 2.03033e-07 2.25297e-11 9 1 0.5 9
4.71e+07 1.01617e-09 2.08939e-07 2.26239e-11 6 1 0.5 6
4.72e+07 1.89394e-09 2.02092e-07 2.4658e-11 10 1 0.5 10
4.73e+07 1.75181e-09 2.09986e-07 2.34944e-11 10 1 0.5 10
4.74e+07 1.38355e-09 2.13311e-07 2.68532e-11 7 1 0.5 7
4.75e+07 1.26903e-09 1.99673e-07 2.04459e-11 8 1 0.5 8
4.76e+07 1.32611e-09 2.15622e-07 1.51111e-11 12 1 0.5 12
4.77e+07 1.21148e-09 2.0985e-07 1.80275e-11 9 1 0.5 9
4.78e+07 1.53053e-09 2.08466e-07 2.26752e-11 9 1 0.5 9
4.79e+07 1.36362e-09 2.09318e-07 1.82265e-11 10 1 0.5 10
4.8e+07 1.43261e-09 2.06846e-07 2.37371e-11 8 1 0.5 8
4.81e+07 1.92628e-09 1.99438e-07 4.98669e-11 5 1 0.5 5
4.82e+07 1.61859e-09 2.08849e-07 3.09199e-11 7 1 0.5 7
4.83e+07 1.46022e-09 2.13631e-07 3.98136e-11 5 1 0.5 5
4.84e+07 1.56098e-09 2.01376e-07 1.68655e-11 12 1 0.5 12
4.85e+07 1.2002e-09 1.89543e-07 2.47903e-11 6 1 0.5 6
4.86e+07 1.69959e-09 2.14025e-07 1.9974e-10 6 1 0.5 6
4.87e+07 1.81028e-09 2.15465e-07 2.25189e-11 11 1 0.5 11
4.88e+07 1.50543e-09 2.00121e-07 2.16007e-11 9 1 0.5 9
4.89e+07 1.843e-09 2.10036e-07 3.53899e-11 7 1 0.5 7
4.9e+07 1.7104e-09 2.15731e-07 2.60459e-11 9 1 0.5 9
4.91e+07 1.23331e-09 2.05952e-07 2.32742e-11 7 1 0.5 7
4.92e+07 1.26193e-09 2.14456e-07 3.44805e-11 5 1 0.5 5
4.93e+07 1.84397e-09 1.9902e-07 2.63666e-11 9 1 0.5 9
4.94e+07 1.32954e-09 2.08219e-07 1.26287e-11 14 1 0.5 14
4.95e+07 1.13029e-09 2.07013e-07 1.15075e-11 13 1 0.5 13
4.96e+07 1.59262e-09 2.03354e-07 3.47883e-11 6 1 0.5 6
4.97e+07 1.23061e-09 2.03739e-07 2.01388e-11 8 1 0.5 8
4.98e+07 1.33814e-09 2.03536e-07 4.395e-11 4 1 0.5 4
4.99e+07 1.86337e-09 2.08309e-07 2.48396e-11 10 1 0.5 10
5e+07 1.72857e-09 2.06237e-07 3.27077e-11 7 1 0.5 7
5.01e+07 1.56616e-09 2.00748e-07 5.09525e-11 4 1 0.5 4
5.02e+07 1.5906e-09 2.07679e-07 4.24389e-11 5 1 0.5 5
5.03e+07 1.57429e-09 2.09478e-07 3.51951e-11 6 1 0.5 6
5.04e+07 1.56281e-09 2.09325e-07 1.74049e-11 12 1 0.5 12
5.05e+07 1.25769e-09 2.09827e-07 1.68384e-11 10 1 0.5 10
5.06e+07 1.82271e-09 2.11593e-07 6.18896e-11 4 1 0.5 4
5.07e+07 1.84599e-09 2.00727e-07 3.42102e-11 7 1 0.5 7
5.08e+07 7.97569e-10 2.19097e-07 1.0032e-11 11 1 0.5 11
5.09e+07 1.40157e-09 2.17875e-07 1.93371e-11 10 1 0.5 10
5.1e+07 1.87352e-09 2.08415e-07 6.2878e-11 4 1 0.5 4
5.11e+07 1.62345e-09 1.97586e-07 2.30708e-11 9 1 0.5 9
5.12e+07 1.69985e-09 2.11609e-07 1.76248e-11 13 1 0.5 13
5.13e+07 1.28653e-09 2.0282e-07 2.39935e-11 7 1 0.5 7
5.14e+07 1.35358e-09 2.00017e-07 2.91621e-11 6 1 0.5 6
5.15e+07 1.85257e-09 2.08508e-07 4.9643e-11 5 1 0.5 5
5.16e+07 1.35545e-09 2.04992e-07 1.48442e-11 12 1 0.5 12
5.17e+07 1.51419e-09 2.03259e-07 2.83074e-11 7 1 0.5 7
5.18e+07 1.39098e-09 2.08702e-07 2.65376e-11 7 1 0.5 7
5.19e+07 1.78714e-09 2.04957e-07 4.72337e-11 5 1 0.5 5
5.2e+07 2.13388e-09 2.04268e-07 4.68695e-11 6 1 0.5 6
5.21e+07 1.69278e-09 2.05462e-07 5.61206e-11 4 1 0.5 4
5.22e+07 1.19831e-09 2.09705e-07 3.21598e-11 5 1 0.5 5
5.23e+07 1.49525e-09 2.1047e-07 2.23178e-11 9 1 0.5 9
5.24e+07 1.41304e-09 2.16245e-07 2.7726e-11 7 1 0.5 7
5.25e+07 1.29329e-09 2.1395e-07 2.51533e-11 7 1 0.5 7
5.26e+07 1.88806e-09 2.05403e-07 2.26221e-11 11 1 0.5 11
5.27e+07 1.58789e-09 2.04453e-07 5.24097e-11 4 1 0.5 4
5.28e+07 1.28325e-09 2.08903e-07 2.14191e-11 8 1 0.5 8
5.29e+07 9.42711e-10 2.02051e-07 1.02004e-11 12 1 0.5 12
5.3e+07 1.48629e-09 2.05914e-07 2.45432e-11 8 1 0.5 8
5.31e+07 2.47247e-09 1.99957e-07 5.34741e-11 6 1 0.5 6
5.32e+07 1.65608e-09 2.09316e-07 4.44731e-11 5 1 0.5 5
5.33e+07 1.50335e-09 2.12652e-07 2.54626e-11 8 1 0.5 8
5.34e+07 1.37362e-09 2.09099e-07 3.0642e-11 6 1 0.5 6
5.35e+07 1.98498e-09 2.03281e-07 4.34099e-11 6 1 0.5 6
5.36e+07 1.74652e-09 2.06362e-07 2.56838e-11 9 1 0.5 9
5.37e+07 1.46216e-09 2.15402e-07 5.05822e-11 4 1 0.5 4
5.38e+07 1.16881e-09 2.03457e-07 2.18434e-11 7 1 0.5 7
5.39e+07 1.77996e-09 2.06562e-07 1.96256e-11 12 1 0.5 12
5.4e+07 1.43573e-09 2.01024e-07 2.32641e-11 8 1 0.5 8
5.41e+07 2.07205e-09 1.97508e-07 4.43204e-11 6 1 0.5 6
5.42e+07 1.27528e-09 2.06422e-07 2.41125e-11 7 1 0.5 7
5.43e+07 1.63799e-09 2.07671e-07 2.42011e-11 9 1 0.5 9
5.44e+07 1.55273e-09 1.99635e-07 3.34271e-11 6 1 0.5 6
5.45e+07 1.7231e-09 1.95661e-07 2.43076e-11 9 1 0.5 9
5.46e+07 1.60131e-09 2.1585e-07 3.13943e-11 7 1 0.5 7
5.47e+07 1.58413e-09 1.97429e-07 2.89575e-11 7 1 0.5 7
5.48e+07 1.71072e-09 2.14322e-07 2.33139e-11 10 1 0.5 10
5.49e+07 1.46608e-09 2.13733e-07 3.32859e-11 6 1 0.5 6
5.5e+07 9.71769e-10 2.04723e-07 1.59513e-11 8 1 0.5 8
5.51e+07 1.58365e-09 2.11002e-07 2.36896e-11 9 1 0.5 9
5.52e+07 1.73297e-09 2.00881e-07 1.86937e-11 12 1 0.5 12
5.53e+07 1.93633e-09 2.07872e-07 3.68922e-11 7 1 0.5 7
5.54e+07 1.64676e-09 2.07222e-07 1.55909e-11 14 1 0.5 14
5.55e+07 1.79939e-09 2.08904e-07 2.67204e-11 9 1 0.5 9
5.56e+07 1.28143e-09 1.99358e-07 2.35797e-11 7 1 0.5 7
5.57e+07 1.34227e-09 2.12957e-07 2.27495e-11 8 1 0.5 8
5.58e+07 1.79101e-09 2.11679e-07 2.19686e-11 11 1 0.5 11
5.59e+07 1.3002e-09 2.13402e-07 1.76424e-11 10 1 0.5 10
5.6e+07 1.50932e-09 2.13027e-07 5.14295e-11 4 1 0.5 4
5.61e+07 2.105e-09 2.0437e-07 5.55887e-11 5 1 0.5 5
5.62e+07 1.23646e-09 2.06458e-07 2.04456e-11 8 1 0.5 8
5.63e+07 1.3795e-09 2.05352e-07 1.29626e-11 14 1 0.5 14
5.64e+07 1.40096e-09 2.01419e-07 2.59962e-11 7 1 0.5 7
5.65e+07 1.57675e-09 2.17869e-07 2.41906e-11 9 1 0.5 9
5.66e+07 1.58435e-09 2.07696e-07 2.63471e-11 8 1 0.5 8
5.67e+07 2.05145e-09 1.90663e-07 4.26936e-11 6 1 0.5 6
5.68e+07 1.80612e-09 1.99548e-07 4.46535e-11 9 1 0.5 9
5.69e+07 1.31451e-09 2.05493e-07 2.47696e-11 7 1 0.5 7
5.7e+07 1.19768e-09 2.176e-07 2.06394e-11 8 1 0.5 8
5.71e+07 1.46517e-09 2.07716e-07 2.16419e-11 9 1 0.5 9
5.72e+07 1.88271e-09 2.1378e-07 5.14619e-11 5 1 0.5 5
5.73e+07 1.08137e-09 2.01175e-07 1.75153e-11 8 1 0.5 8
5.74e+07 1.62156e-09 2.1376e-07 2.00371e-11 11 1 0.5 11
5.75e+07 1.2998e-09 2.09428e-07 1.93154e-11 9 1 0.5 9
5.76e+07 1.83939e-09 2.07938e-07 2.44844e-11 10 1 0.5 10
5.77e+07 1.63133e-09 2.17524e-07 3.75809e-11 6 1 0.5 6
5.78e+07 1.83811e-09 2.11589e-07 5.03311e-11 5 1 0.5 5
5.79e+07 1.37153e-09 2.07557e-07 2.02419e-11 9 1 0.5 9
5.8e+07 1.25099e-09 2.08196e-07 1.66462e-11 10 1 0.5 10
5.81e+07 1.45249e-09 2.00673e-07 1.87877e-11 10 1 0.5 10
5.82e+07 1.54028e-09 2.04722e-07 2.53233e-11 8 1 0.5 8
5.83e+07 1.32856e-09 2.23187e-07 2.67231e-11 7 1 0.5 7
5.84e+07 1.28159e-09 2.00848e-07 3.32651e-11 5 1 0.5 5
5.85e+07 1.18461e-09 2.10787e-07 1.99072e-11 8 1 0.5 8
5.86e+07 1.64966e-09 2.15185e-07 2.25502e-11 10 1 0.5 10
5.87e+07 1.48442e-09 2.07288e-07 2.18918e-11 9 1 0.5 9
5.88e+07 1.61651e-09 2.03854e-07 2.11752e-11 10 1 0.5 10
5.89e+07 1.31796e-09 2.15063e-07 1.49873e-11 12 1 0.5 12
5.9e+07 1.16003e-09 2.11016e-07 1.41752e-11 11 1 0.5 11
5.91e+07 1.20554e-09 2.01069e-07 1.56088e-11 10 1 0.5 10
5.92e+07 1.65858e-09 2.03873e-07 3.63104e-11 6 1 0.5 6
5.93e+07 1.43566e-09 2.14537e-07 1.77839e-11 11 1 0.5 11
5.94e+07 1.71083e-09 2.09478e-07 2.86525e-11 8 1 0.5 8
5.95e+07 1.828e-09 2.00268e-07 3.38143e-11 7 1 0.5 7
5.96e+07 1.50935e-09 2.03166e-07 2.4665e-11 8 1 0.5 8
5.97e+07 1.56049e-09 2.15822e-07 3.57161e-11 6 1 0.5 6
5.98e+07 2.19734e-09 2.09036e-07 3.679e-11 8 1 0.5 8
5.99e+07 1.65104e-09 1.97736e-07 2.64273e-11 8 1 0.5 8
6e+07 1.70537e-09 2.1245e-07 3.30288e-11 7 1 0.5 7
6.01e+07 1.14602e-09 2.06051e-07 1.25964e-11 12 1 0.5 12
6.02e+07 2.10482e-09 1.98932e-07 4.52795e-11 6 1 0.5 6
6.03e+07 1.51562e-09 2.0024e-07 2.44892e-11 8 1 0.5 8
6.04e+07 1.68989e-09 2.08602e-07 2.04864e-11 11 1 0.5 11
6.05e+07 1.41891e-09 2.02406e-07 2.05358e-11 9 1 0.5 9
6.06e+07 1.79479e-09 2.02679e-07 5.89037e-11 4 1 0.5 4
6.07e+07 1.48149e-09 2.09541e-07 2.8362e-11 7 1 0.5 7
6.08e+07 1.70007e-09 2.04725e-07 3.19804e-11 7 1 0.5 7
6.09e+07 1.66691e-09 2.13655e-07 1.88699e-11 12 1 0.5 12
6.1e+07 1.37079e-09 2.09502e-07 2.62294e-11 7 1 0.5 7
6.11e+07 1.28098e-09 2.05553e-07 1.8758e-11 9 1 0.5 9
6.12e+07 1.87902e-09 1.99644e-07 4.05013e-11 6 1 0.5 6
6.13e+07 1.27464e-09 2.147e-07 1.57935e-11 11 1 0.5 11
6.14e+07 1.72657e-09 2.05438e-07 4.57043e-11 5 1 0.5 5
6.15e+07 1.3784e-09 2.03202e-07 1.80014e-11 10 1 0.5 10
6.16e+07 2.2892e-09 1.9806e-07 2.66814e-11 11 1 0.5 11
6.17e+07 1.35357e-09 2.07859e-07 3.00516e-11 6 1 0.5 6
6.18e+07 1.59064e-09 2.02851e-07 2.59677e-11 8 1 0.5 8
6.19e+07 1.34245e-09 2.03269e-07 2.92871e-11 6 1 0.5 6
6.2e+07 1.7344e-09 1.97201e-07 2.46169e-11 9 1 0.5 9
6.21e+07 1.30947e-09 2.16579e-07 1.79774e-11 10 1 0.5 10
6.22e+07 1.73376e-09 2.06938e-07 3.84135e-11 6 1 0.5 6
6.23e+07 1.62062e-09 2.03913e-07 3.54797e-11 6 1 0.5 6
6.24e+07 1.29355e-09 2.06409e-07 1.42412e-11 12 1 0.5 12
6.25e+07 1.3711e-09 2.05187e-07 2.00541e-11 9 1 0.5 9
6.26e+07 1.34605e-09 2.07456e-07 2.2349e-11 8 1 0.5 8
6.27e+07 1.2205e-09 2.18459e-07 2.10999e-11 8 1 0.5 8
6.28e+07 1.36867e-09 2.19803e-07 2.12046e-11 9 1 0.5 9
6.29e+07 1.15835e-09 2.08975e-07 1.28737e-11 12 1 0.5 12
6.3e+07 1.68962e-09 2.025e-07 2.75539e-11 8 1 0.5 8
6.31e+07 1.99708e-09 2.01953e-07 4.34529e-11 6 1 0.5 6
6.32e+07 1.27108e-09 2.10999e-07 1.55348e-11 11 1 0.5 11
6.33e+07 1.44842e-09 2.10108e-07 1.61748e-11 12 1 0.5 12
6.34e+07 9.72959e-10 2.10732e-07 1.18721e-11 11 1 0.5 11
6.35e+07 1.85975e-09 2.07406e-07 4.12977e-11 6 1 0.5 6
6.36e+07 1.48797e-09 2.145e-07 1.84314e-11 11 1 0.5 11
6.37e+07 1.63231e-09 2.13301e-07 3.17061e-11 7 1 0.5 7
6.38e+07 1.36851e-09 2.15841e-07 3.1301e-11 6 1 0.5 6
6.39e+07 1.11357e-09 2.04438e-07 2.43821e-11 6 1 0.5 6
6.4e+07 1.56165e-09 2.08745e-07 3.48147e-11 6 1 0.5 6
6.41e+07 1.38501e-09 2.14724e-07 2.70221e-11 7 1 0.5 7
6.42e+07 1.41819e-09 2.06243e-07 1.56072e-11 12 1 0.5 12
6.43e+07 1.73466e-09 2.20299e-07 2.41627e-11 10 1 0.5 10
6.44e+07 1.46081e-09 1.88516e-07 2.25242e-11 8 1 0.5 8
6.45e+07 2.17761e-09 2.05027e-07 5.76701e-11 5 1 0.5 5
6.46e+07 1.35284e-09 2.15403e-07 2.64576e-11 7 1 0.5 7
6.47e+07 1.49086e-09 2.17393e-07 2.56943e-11 8 1 0.5 8
6.48e+07 1.3428e-09 2.00584e-07 2.48319e-11 7 1 0.5 7
6.49e+07 1.29775e-09 2.07395e-07 1.32353e-11 13 1 0.5 13
6.5e+07 1.4227e-09 2.05278e-07 1.873e-11 10 1 0.5 10
6.51e+07 1.5472e-09 2.08243e-07 2.0605e-11 10 1 0.5 10
6.52e+07 1.24687e-09 2.12601e-07 2.81669e-11 6 1 0.5 6
6.53e+07 1.76168e-09 2.07404e-07 2.92784e-11 8 1 0.5 8
6.54e+07 1.14319e-09 2.05233e-07 2.15084e-11 7 1 0.5 7
6.55e+07 1.59341e-09 2.03967e-07 3.48877e-11 6 1 0.5 6
6.56e+07 1.46669e-09 2.17692e-07 2.24811e-11 9 1 0.5 9
6.57e+07 1.57739e-09 2.03969e-07 2.29761e-11 9 1 0.5 9
6.58e+07 1.29537e-09 2.12322e-07 2.50425e-11 7 1 0.5 7
6.59e+07 1.14063e-09 2.09343e-07 1.90623e-11 8 1 0.5 8
6.6e+07 1.46575e-09 1.98911e-07 1.88301e-11 10 1 0.5 10
6.61e+07 2.09252e-09 2.09986e-07 4.02067e-11 7 1 0.5 7
6.62e+07 1.5124e-09 2.03838e-07 2.47789e-11 8 1 0.5 8
6.63e+07 1.33845e-09 2.10576e-07 2.57111e-11 7 1 0.5 7
6.64e+07 1.63656e-09 1.95126e-07 2.30332e-11 9 1 0.5 9
6.65e+07 1.21802e-09 2.15457e-07 2.08274e-11 8 1 0.5 8
6.66e+07 1.47379e-09 2.17916e-07 2.91007e-11 7 1 0.5 7
6.67e+07 1.44896e-09 2.05535e-07 1.90955e-11 10 1 0.5 10
6.68e+07 1.33539e-09 2.10538e-07 1.62949e-11 11 1 0.5 11
6.69e+07 2.10934e-09 1.99181e-07 1.40061e-10 2 1 0.5 2
6.7e+07 1.69867e-09 2.07394e-07 2.50751e-11 9 1 0.5 9
6.71e+07 1.13697e-09 2.03813e-07 1.48753e-11 10 1 0.5 10
6.72e+07 1.83771e-09 2.12625e-07 1.77602e-11 14 1 0.5 14
6.73e+07 1.5486e-09 2.12708e-07 1.74652e-11 12 1 0.5 12
6.74e+07 1.64302e-09 2.11423e-07 2.462e-11 9 1 0.5 9
6.75e+07 1.83798e-09 2.04634e-07 4.85283e-11 5 1 0.5 5
6.76e+07 1.95253e-09 2.07406e-07 4.33732e-11 6 1 0.5 6
6.77e+07 9.21437e-10 2.09564e-07 1.76097e-11 7 1 0.5 7
6.78e+07 9.35654e-10 2.04886e-07 1.36548e-11 9 1 0.5 9
6.79e+07 1.44425e-09 2.16622e-07 2.83804e-11 7 1 0.5 7
6.8e+07 1.48589e-09 2.04323e-07 1.21674e-11 16 1 0.5 16
6.81e+07 1.32223e-09 1.95126e-07 2.79413e-11 6 1 0.5 6
6.82e+07 1.73905e-09 2.00812e-07 3.2228e-11 7 1 0.5 7
6.83e+07 1.43688e-09 1.94256e-07 2.26719e-11 8 1 0.5 8
6.84e+07 1.21254e-09 2.05108e-07 1.77227e-11 9 1 0.5 9
6.85e+07 1.42228e-09 2.13515e-07 3.22601e-11 6 1 0.5 6
6.86e+07 1.55127e-09 2.09312e-07 2.30569e-11 9 1 0.5 9
6.87e+07 1.60337e-09 2.06108e-07 2.12648e-11 10 1 0.5 10
6.88e+07 1.48177e-09 2.00164e-07 2.12634e-11 9 1 0.5 9
6.89e+07 2.09352e-09 2.01865e-07 4.5552e-11 6 1 0.5 6
6.9e+07 1.30324e-09 2.03451e-07 1.70333e-11 10 1 0.5 10
6.91e+07 2.03093e-09 2.02357e-07 3.31329e-11 8 1 0.5 8
6.92e+07 1.37005e-09 2.01264e-07 2.96618e-11 6 1 0.5 6
6.93e+07 2.17524e-09 2.01624e-07 7.12496e-11 4 1 0.5 4
6.94e+07 1.56331e-09 2.05136e-07 2.28721e-11 9 1 0.5 9
6.95e+07 1.13259e-09 2.08187e-07 1.50662e-11 10 1 0.5 10
6.96e+07 1.37643e-09 2.00756e-07 2.97421e-11 6 1 0.5 6
6.97e+07 1.20889e-09 2.19976e-07 1.39921e-11 12 1 0.5 12
6.98e+07 1.69719e-09 2.09131e-07 2.83858e-11 8 1 0.5 8
6.99e+07 1.9781e-09 2.02356e-07 6.49053e-11 4 1 0.5 4
7e+07 1.49922e-09 2.10566e-07 3.36441e-11 6 1 0.5 6
7.01e+07 1.87737e-09 2.05303e-07 4.13596e-11 6 1 0.5 6
7.02e+07 1.51104e-09 2.07742e-07 1.67266e-11 12 1 0.5 12
7.03e+07 1.77639e-09 2.08444e-07 1.9726e-11 12 1 0.5 12
7.04e+07 1.92488e-09 2.06149e-07 2.54541e-11 10 1 0.5 10
7.05e+07 1.67388e-09 1.959e-07 5.34624e-11 4 1 0.5 4
7.06e+07 1.62157e-09 2.1131e-07 2.42871e-11 9 1 0.5 9
7.07e+07 1.34968e-09 2.15235e-07 2.30686e-11 8 1 0.5 8
7.08e+07 1.5053e-09 2.05588e-07 1.98444e-11 10 1 0.5 10
7.09e+07 1.87382e-09 2.05643e-07 2.47283e-11 10 1 0.5 10
7.1e+07 1.48474e-09 2.11493e-07 2.86327e-11 7 1 0.5 7
7.11e+07 1.88053e-09 2.01861e-07 2.03682e-11 12 1 0.5 12
7.12e+07 1.39976e-09 2.01466e-07 3.03321e-11 6 1 0.5 6
7.13e+07 1.59602e-09 2.05961e-07 3.0155e-11 7 1 0.5 7
7.14e+07 1.61746e-09 2.0353e-07 2.64767e-11 8 1 0.5 8
7.15e+07 1.13959e-09 2.10796e-07 2.1895e-11 7 1 0.5 7
7.16e+07 1.45699e-09 1.97613e-07 1.55097e-11 12 1 0.5 12
7.17e+07 1.60099e-09 2.17256e-07 3.15499e-11 7 1 0.5 7
7.18e+07 1.28525e-09 2.04926e-07 1.40699e-11 12 1 0.5 12
7.19e+07 1.79499e-09 2.03624e-07 1.95711e-11 12 1 0.5 12
7.2e+07 1.32166e-09 2.1009e-07 1.26422e-11 14 1 0.5 14
7.21e+07 1.53264e-09 2.11802e-07 3.45577e-11 6 1 0.5 6
7.22e+07 1.08319e-09 2.04412e-07 1.77647e-11 8 1 0.5 8
7.23e+07 1.60016e-09 2.08031e-07 3.04718e-11 7 1 0.5 7
7.24e+07 1.19803e-09 2.09527e-07 3.2131e-11 5 1 0.5 5
7.25e+07 1.44817e-09 2.12048e-07 2.79819e-11 7 1 0.5 7
7.26e+07 1.61173e-09 2.0363e-07 1.75673e-11 12 1 0.5 12
7.27e+07 1.13456e-09 2.09258e-07 1.26221e-11 12 1 0.5 12
7.28e+07 1.38128e-09 2.07616e-07 2.295e-11 8 1 0.5 8
7.29e+07 1.1639e-09 2.12427e-07 2.62671e-11 6 1 0.5 6
7.3e+07 1.59947e-09 2.07176e-07 3.54522e-11 6 1 0.5 6
7.31e+07 2.24997e-09 1.99522e-07 5.83485e-11 5 1 0.5 5
7.32e+07 1.28387e-09 2.0727e-07 2.84334e-11 6 1 0.5 6
7.33e+07 1.64527e-09 2.02154e-07 3.064e-11 7 1 0.5 7
7.34e+07 2.14948e-09 2.12268e-07 2.42303e-11 12 1 0.5 12
7.35e+07 1.00304e-09 2.07984e-07 2.6722e-11 5 1 0.5 5
7.36e+07 1.45326e-09 1.9358e-07 1.30446e-11 14 1 0.5 14
7.37e+07 1.56778e-09 2.02186e-07 2.55274e-11 8 1 0.5 8
7.38e+07 1.75831e-09 2.02828e-07 2.87158e-11 8 1 0.5 8
7.39e+07 1.62851e-09 2.13433e-07 3.69559e-11 6 1 0.5 6
7.4e+07 1.42637e-09 2.04079e-07 2.33855e-11 8 1 0.5 8
7.41e+07 1.42793e-09 2.07631e-07 1.46169e-11 13 1 0.5 13
7.42e+07 1.67889e-09 2.05419e-07 3.21989e-11 7 1 0.5 7
7.43e+07 1.66335e-09 2.13203e-07 4.53229e-11 5 1 0.5 5
7.44e+07 1.79447e-09 2.12255e-07 1.86537e-11 13 1 0.5 13
7.45e+07 1.23651e-09 2.15436e-07 2.41762e-11 7 1 0.5 7
7.46e+07 1.72614e-09 1.99072e-07 3.17714e-11 7 1 0.5 7
7.47e+07 1.09101e-09 2.04353e-07 1.78891e-11 8 1 0.5 8
7.48e+07 1.75011e-09 2.08324e-07 3.33805e-11 7 1 0.5 7
7.49e+07 1.40444e-09 2.1677e-07 2.54347e-11 9 1 0.5 9
7.5e+07 1.16429e-09 2.10913e-07 2.23811e-11 7 1 0.5 7
7.51e+07 1.1079e-09 1.92775e-07 2.7836e-11 5 1 0.5 5
7.52e+07 1.34662e-09 2.0936e-07 2.57512e-11 7 1 0.5 7
7.53e+07 1.43467e-09 2.04567e-07 2.09377e-11 9 1 0.5 9
7.54e+07 1.33461e-09 2.11424e-07 2.57182e-11 7 1 0.5 7
7.55e+07 1.60018e-09 2.01489e-07 2.30877e-11 9 1 0.5 9
7.56e+07 1.62036e-09 2.04974e-07 2.13169e-11 10 1 0.5 10
7.57e+07 1.774e-09 2.04302e-07 2.91378e-11 8 1 0.5 8
7.58e+07 1.46065e-09 2.07747e-07 3.24285e-11 6 1 0.5 6
7.59e+07 1.39943e-09 2.10228e-07 2.6853e-11 7 1 0.5 7
7.6e+07 1.76819e-09 1.99753e-07 3.81132e-11 6 1 0.5 6
7.61e+07 1.58427e-09 1.96496e-07 1.83264e-11 11 1 0.5 11
7.62e+07 1.54698e-09 2.12863e-07 2.99915e-11 7 1 0.5 7
7.63e+07 1.13056e-09 2.08952e-07 2.15713e-11 7 1 0.5 7
7.64e+07 2.07285e-09 2.15779e-07 4.75299e-11 6 1 0.5 6
7.65e+07 1.08316e-09 1.98965e-07 1.98885e-11 7 1 0.5 7
7.66e+07 1.1172e-09 2.14985e-07 2.17986e-11 7 1 0.5 7
7.67e+07 1.43724e-09 2.07633e-07 1.59009e-11 12 1 0.5 12
7.68e+07 1.95107e-09 2.14247e-07 2.21471e-11 12 1 0.5 12
7.69e+07 1.55163e-09 2.0796e-07 1.28837e-11 16 1 0.5 16
7.7e+07 1.58911e-09 2.03639e-07 2.99528e-11 7 1 0.5 7
7.71e+07 1.48287e-09 2.10795e-07 1.99354e-11 10 1 0.5 10
7.72e+07 1.42462e-09 2.14903e-07 2.43251e-11 8 1 0.5 8
7.73e+07 1.50337e-09 2.06814e-07 3.32643e-11 6 1 0.5 6
7.74e+07 1.29679e-09 2.14269e-07 1.96206e-11 9 1 0.5 9
7.75e+07 1.48582e-09 1.99496e-07 2.39364e-11 8 1 0.5 8
7.76e+07 1.59993e-09 2.07747e-07 3.04348e-11 7 1 0.5 7
7.77e+07 1.6561e-09 2.13486e-07 2.04447e-11 11 1 0.5 11
7.78e+07 1.11873e-09 2.12907e-07 1.08103e-11 14 1 0.5 14
7.79e+07 1.04875e-09 2.01916e-07 1.70341e-11 8 1 0.5 8
7.8e+07 1.05511e-09 2.01739e-07 1.36921e-11 10 1 0.5 10
7.81e+07 1.60995e-09 2.01275e-07 1.89756e-11 11 1 0.5 11
7.82e+07 1.7976e-09 2.17671e-07 4.14604e-11 6 1 0.5 6
7.83e+07 2.12698e-09 2.0931e-07 3.16595e-11 9 1 0.5 9
7.84e+07 1.31403e-09 2.03924e-07 2.46126e-11 7 1 0.5 7
7.85e+07 1.25372e-09 2.08538e-07 2.38935e-11 7 1 0.5 7
7.86e+07 1.57441e-09 2.07524e-07 3.49395e-11 6 1 0.5 6
7.87e+07 1.58065e-09 2.06797e-07 2.99583e-11 7 1 0.5 7
7.88e+07 1.79077e-09 2.09252e-07 3.42812e-11 7 1 0.5 7
7.89e+07 1.67865e-09 2.10803e-07 4.5336e-11 5 1 0.5 5
7.9e+07 1.94545e-09 2.04309e-07 2.83999e-11 9 1 0.5 9
7.91e+07 1.25381e-09 2.06135e-07 1.50452e-11 11 1 0.5 11
7.92e+07 1.08435e-09 1.98712e-07 1.54577e-11 9 1 0.5 9
7.93e+07 1.9628e-09 2.09233e-07 2.91952e-11 9 1 0.5 9
7.94e+07 1.40726e-09 1.98966e-07 3.02005e-11 6 1 0.5 6
7.95e+07 1.39475e-09 1.99048e-07 2.56429e-11 7 1 0.5 7
7.96e+07 1.96072e-09 2.04626e-07 2.86588e-11 9 1 0.5 9
7.97e+07 1.85335e-09 2.03382e-07 1.86325e-11 13 1 0.5 13
7.98e+07 1.4862e-09 2.12423e-07 2.23442e-11 9 1 0.5 9
7.99e+07 1.69776e-09 1.99679e-07 2.73861e-11 8 1 0.5 8
8e+07 1.26624e-09 2.09987e-07 1.30397e-11 13 1 0.5 13
8.01e+07 1.60331e-09 2.17561e-07 3.16311e-11 7 1 0.5 7
8.02e+07 1.9442e-09 2.02979e-07 5.10317e-11 5 1 0.5 5
8.03e+07 1.33596e-09 2.10879e-07 1.99627e-11 9 1 0.5 9
8.04e+07 1.62115e-09 2.00796e-07 3.00301e-11 7 1 0.5 7
8.05e+07 1.78468e-09 2.13361e-07 2.01857e-11 12 1 0.5 12
8.06e+07 1.12141e-09 2.1535e-07 1.27607e-11 12 1 0.5 12
8.07e+07 1.64825e-09 2.09854e-07 3.16086e-11 7 1 0.5 7
8.08e+07 1.40812e-09 2.06104e-07 1.85959e-11 10 1 0.5 10
8.09e+07 1.57611e-09 1.99091e-07 1.68788e-11 12 1 0.5 12
8.1e+07 1.26584e-09 2.06559e-07 1.52144e-11 11 1 0.5 11
8.11e+07 1.99515e-09 2.00507e-07 4.31677e-11 6 1 0.5 6
8.12e+07 1.80274e-09 2.03056e-07 4.73029e-11 5 1 0.5 5
8.13e+07 1.65733e-09 2.08705e-07 2.76717e-11 8 1 0.5 8
8.14e+07 1.52868e-09 2.01458e-07 2.83818e-11 7 1 0.5 7
8.15e+07 1.58896e-09 2.17792e-07 2.19254e-11 10 1 0.5 10
8.16e+07 1.33286e-09 2.17365e-07 2.29583e-11 8 1 0.5 8
8.17e+07 1.34678e-09 2.0712e-07 2.55378e-11 7 1 0.5 7
8.18e+07 1.37487e-09 2.09828e-07 1.84123e-11 10 1 0.5 10
8.19e+07 1.75922e-09 2.10746e-07 4.75194e-11 5 1 0.5 5
8.2e+07 1.48885e-09 2.14454e-07 5.09945e-11 4 1 0.5 4
8.21e+07 1.2093e-09 2.1495e-07 1.3743e-11 12 1 0.5 12
8.22e+07 1.19551e-09 1.98173e-07 1.39101e-11 11 1 0.5 11
8.23e+07 1.2034e-09 2.06454e-07 1.76791e-11 9 1 0.5 9
8.24e+07 1.72342e-09 2.02634e-07 2.49836e-11 9 1 0.5 9
8.25e+07 1.65373e-09 2.12729e-07 1.59835e-11 14 1 0.5 14
8.26e+07 1.46476e-09 2.04871e-07 1.92556e-11 10 1 0.5 10
8.27e+07 1.34815e-09 2.17059e-07 2.65259e-11 7 1 0.5 7
8.28e+07 1.24875e-09 2.0313e-07 1.48133e-11 11 1 0.5 11
8.29e+07 1.38264e-09 2.16613e-07 4.7704e-11 4 1 0.5 4
8.3e+07 1.553e-09 2.05037e-07 3.41374e-11 6 1 0.5 6
8.31e+07 1.10804e-09 2.1283e-07 1.66678e-11 9 1 0.5 9
8.32e+07 1.52671e-09 2.13243e-07 1.72518e-11 12 1 0.5 12
8.33e+07 1.44626e-09 2.06669e-07 3.19765e-11 6 1 0.5 6
8.34e+07 1.97407e-09 1.95507e-07 3.13485e-11 8 1 0.5 8
8.35e+07 1.43187e-09 1.99916e-07 2.64177e-11 7 1 0.5 7
8.36e+07 1.15915e-09 2.10311e-07 1.29473e-11 12 1 0.5 12
8.37e+07 1.41102e-09 1.98787e-07 4.55167e-11 4 1 0.5 4
8.38e+07 1.39992e-09 2.07605e-07 1.85926e-11 10 1 0.5 10
8.39e+07 1.28767e-09 2.10512e-07 2.16231e-11 8 1 0.5 8
8.4e+07 1.51509e-09 2.02167e-07 1.79158e-11 11 1 0.5 11
8.41e+07 1.39314e-09 2.08011e-07 3.71841e-11 5 1 0.5 5
8.42e+07 1.79271e-09 2.05764e-07 4.75284e-11 5 1 0.5 5
8.43e+07 1.71078e-09 2.2009e-07 3.97924e-11 6 1 0.5 6
8.44e+07 2.12185e-09 2.11268e-07 3.2653e-11 9 1 0.5 9
8.45e+07 1.5752e-09 2.02756e-07 2.93968e-11 7 1 0.5 7
8.46e+07 1.40189e-09 2.0112e-07 1.65064e-11 11 1 0.5 11
8.47e+07 1.28367e-09 1.96739e-07 1.16645e-11 14 1 0.5 14
8.48e+07 1.56815e-09 2.11599e-07 3.02615e-11 7 1 0.5 7
8.49e+07 1.4888e-09 2.07585e-07 2.47412e-11 8 1 0.5 8
8.5e+07 1.41927e-09 2.14047e-07 3.87492e-11 5 1 0.5 5
8.51e+07 1.16555e-09 2.04966e-07 1.70247e-11 9 1 0.5 9
8.52e+07 1.38809e-09 2.06654e-07 2.62782e-11 7 1 0.5 7
8.53e+07 1.52606e-09 2.05548e-07 2.0116e-11 10 1 0.5 10
8.54e+07 1.00468e-09 1.99312e-07 1.61525e-11 8 1 0.5 8
8.55e+07 1.08851e-09 2.03539e-07 1.58099e-11 9 1 0.5 9
8.56e+07 1.51222e-09 2.08334e-07 1.17522e-10 5 1 0.5 5
8.57e+07 1.63727e-09 2.12062e-07 3.16571e-11 7 1 0.5 7
8.58e+07 2.11506e-09 2.04611e-07 2.78171e-11 10 1 0.5 10
8.59e+07 1.72208e-09 2.04136e-07 4.5358e-11 5 1 0.5 5
8.6e+07 9.52707e-10 2.03076e-07 1.24242e-11 10 1 0.5 10
8.61e+07 1.65575e-09 2.08062e-07 1.83556e-11 12 1 0.5 12
8.62e+07 1.45983e-09 2.06039e-07 2.75781e-11 7 1 0.5 7
8.63e+07 1.38575e-09 2.0866e-07 2.31155e-11 8 1 0.5 8
8.64e+07 1.33622e-09 2.10195e-07 2.56317e-11 7 1 0.5 7
8.65e+07 1.63603e-09 2.05865e-07 2.70221e-11 8 1 0.5 8
8.66e+07 1.48165e-09 1.89959e-07 2.29812e-11 8 1 0.5 8
8.67e+07 1.34132e-09 2.05037e-07 3.53908e-11 5 1 0.5 5
8.68e+07 1.22283e-09 2.00409e-07 1.5793e-11 10 1 0.5 10
8.69e+07 1.17697e-09 2.13987e-07 2.00146e-11 8 1 0.5 8
8.7e+07 1.71259e-09 2.08665e-07 3.2703e-11 7 1 0.5 7
8.71e+07 2.51358e-09 2.15997e-07 4.94565e-11 7 1 0.5 7
8.72e+07 1.87782e-09 2.18255e-07 2.88728e-11 9 1 0.5 9
8.73e+07 1.67629e-09 1.97057e-07 3.06061e-11 7 1 0.5 7
8.74e+07 1.49917e-09 2.11144e-07 2.88748e-11 7 1 0.5 7
8.75e+07 1.48784e-09 2.1051e-07 2.85879e-11 7 1 0.5 7
8.76e+07 1.40151e-09 2.09737e-07 2.08563e-11 9 1 0.5 9
8.77e+07 1.20944e-09 1.97795e-07 1.71843e-11 9 1 0.5 9
8.78e+07 1.8728e-09 2.14199e-07 3.65275e-11 7 1 0.5 7
8.79e+07 2.26091e-09 2.03972e-07 2.69619e-11 11 1 0.5 11
8.8e+07 1.60989e-09 2.12367e-07 2.29291e-10 7 1 0.5 7
8.81e+07 1.63434e-09 2.08931e-07 2.42619e-11 9 1 0.5 9
8.82e+07 1.41591e-09 2.10529e-07 1.3568e-11 14 1 0.5 14
8.83e+07 1.48276e-09 2.09064e-07 3.30858e-11 6 1 0.5 6
8.84e+07 1.54718e-09 2.08916e-07 3.45126e-11 6 1 0.5 6
8.85e+07 1.89386e-09 2.01822e-07 3.5252e-11 7 1 0.5 7
8.86e+07 1.43013e-09 1.90937e-07 2.97307e-11 6 1 0.5 6
8.87e+07 1.35011e-09 2.08336e-07 3.00285e-11 6 1 0.5 6
8.88e+07 1.22045e-09 2.12195e-07 2.06193e-11 8 1 0.5 8
8.89e+07 2.03855e-09 2.15824e-07 4.67448e-11 6 1 0.5 6
8.9e+07 1.61302e-09 2.11284e-07 2.41561e-11 9 1 0.5 9
8.91e+07 1.92003e-09 2.03225e-07 3.59362e-11 7 1 0.5 7
8.92e+07 1.60685e-09 2.00339e-07 2.59799e-11 8 1 0.5 8
8.93e+07 1.43971e-09 2.0171e-07 1.86968e-11 10 1 0.5 10
8.94e+07 1.2989e-09 2.01784e-07 1.53301e-11 11 1 0.5 11
8.95e+07 1.17666e-09 2.07674e-07 1.73651e-11 9 1 0.5 9
8.96e+07 1.25459e-09 2.23975e-07 1.17797e-11 15 1 0.5 15
8.97e+07 1.63605e-09 2.06224e-07 3.61372e-11 6 1 0.5 6
8.98e+07 1.59879e-09 2.03824e-07 2.09397e-11 10 1 0.5 10
8.99e+07 1.84595e-09 2.13031e-07 2.50449e-11 10 1 0.5 10
9e+07 1.4461e-09 2.08728e-07 1.75305e-11 11 1 0.5 11
9.01e+07 1.55422e-09 2.14359e-07 8.38383e-11 9 1 0.5 9
9.02e+07 1.37583e-09 2.06824e-07 2.27907e-11 8 1 0.5 8
9.03e+07 1.35091e-09 2.04901e-07 2.54012e-11 7 1 0.5 7
9.04e+07 1.37099e-09 2.13387e-07 2.32752e-11 8 1 0.5 8
9.05e+07 1.64135e-09 2.14489e-07 3.17836e-11 9 1 0.5 9
9.06e+07 1.68901e-09 2.09139e-07 2.05171e-11 11 1 0.5 11
9.07e+07 1.80809e-09 2.07229e-07 3.43591e-11 7 1 0.5 7
9.08e+07 1.33879e-09 2.00015e-07 1.91939e-11 9 1 0.5 9
9.09e+07 1.00711e-09 2.04772e-07 1.46938e-11 9 1 0.5 9
9.1e+07 1.29384e-09 2.1838e-07 1.98724e-11 9 1 0.5 9
9.11e+07 1.45311e-09 2.08093e-07 2.15172e-11 9 1 0.5 9
9.12e+07 1.22532e-09 2.14574e-07 2.38807e-11 7 1 0.5 7
9.13e+07 1.09435e-09 1.99347e-07 2.01246e-11 7 1 0.5 7
9.14e+07 1.50278e-09 2.08421e-07 2.22587e-11 9 1 0.5 9
9.15e+07 9.82671e-10 2.15955e-07 1.49482e-11 9 1 0.5 9
9.16e+07 1.35498e-09 1.97344e-07 1.9225e-11 9 1 0.5 9
9.17e+07 1.58764e-09 2.03573e-07 2.27272e-10 5 1 0.5 5
9.18e+07 1.5758e-09 2.12644e-07 2.13357e-11 10 1 0.5 10
9.19e+07 1.08678e-09 2.05539e-07 2.04672e-11 7 1 0.5 7
9.2e+07 1.38153e-09 2.12096e-07 2.07398e-11 9 1 0.5 9
9.21e+07 1.57679e-09 2.00123e-07 4.08656e-11 5 1 0.5 5
9.22e+07 1.82136e-09 2.16347e-07 3.22728e-11 8 1 0.5 8
9.23e+07 1.36588e-09 2.00488e-07 2.52512e-11 7 1 0.5 7
9.24e+07 1.50752e-09 2.05076e-07 1.98351e-11 10 1 0.5 10
9.25e+07 1.86414e-09 2.01702e-07 3.03209e-11 8 1 0.5 8
9.26e+07 1.28507e-09 2.06036e-07 2.83272e-11 6 1 0.5 6
9.27e+07 1.1116e-09 2.16531e-07 1.52512e-11 10 1 0.5 10
9.28e+07 1.44078e-09 2.1068e-07 3.23392e-11 6 1 0.5 6
9.29e+07 1.55054e-09 2.07023e-07 3.43414e-11 6 1 0.5 6
9.3e+07 1.59253e-09 2.00945e-07 5.18578e-11 4 1 0.5 4
9.31e+07 9.85399e-10 2.05273e-07 1.44037e-11 9 1 0.5 9
9.32e+07 1.45355e-09 2.05751e-07 2.39855e-11 8 1 0.5 8
9.33e+07 1.17849e-09 2.04521e-07 1.93408e-11 8 1 0.5 8
9.34e+07 2.10735e-09 1.97765e-07 2.24726e-11 12 1 0.5 12
9.35e+07 1.29504e-09 2.07988e-07 1.43431e-11 12 1 0.5 12
9.36e+07 1.36782e-09 2.13761e-07 2.65907e-11 7 1 0.5 7
9.37e+07 1.96749e-09 1.98256e-07 4.2192e-11 6 1 0.5 6
9.38e+07 1.52849e-09 2.01398e-07 1.98296e-11 10 1 0.5 10
9.39e+07 1.47394e-09 2.03266e-07 2.40933e-11 8 1 0.5 8
9.4e+07 1.6006e-09 1.94398e-07 2.89113e-11 7 1 0.5 7
9.41e+07 1.42668e-09 2.11263e-07 3.85525e-11 5 1 0.5 5
9.42e+07 1.53658e-09 2.09297e-07 3.43239e-11 6 1 0.5 6
9.43e+07 1.70672e-09 2.04898e-07 2.49563e-11 9 1 0.5 9
9.44e+07 1.5105e-09 2.11558e-07 2.54805e-11 8 1 0.5 8
9.45e+07 1.39699e-09 2.11097e-07 2.08949e-11 9 1 0.5 9
9.46e+07 1.76144e-09 2.06965e-07 3.34255e-11 7 1 0.5 7
9.47e+07 1.59691e-09 2.1076e-07 3.58759e-11 6 1 0.5 6
9.48e+07 1.46848e-09 2.1241e-07 1.80493e-11 11 1 0.5 11
9.49e+07 1.47474e-09 2.07847e-07 1.78195e-11 11 1 0.5 11
9.5e+07 1.78951e-09 2.02921e-07 2.92383e-11 8 1 0.5 8
9.51e+07 1.4919e-09 2.09843e-07 3.33886e-11 6 1 0.5 6
9.52e+07 1.70428e-09 2.14753e-07 2.32627e-11 10 1 0.5 10
9.53e+07 1.36853e-09 2.1103e-07 1.53331e-11 12 1 0.5 12
9.54e+07 2.193e-09 2.06895e-07 5.84973e-11 5 1 0.5 5
9.55e+07 1.18687e-09 2.08539e-07 2.64016e-11 6 1 0.5 6
9.56e+07 1.5211e-09 2.23727e-07 1.94837e-11 11 1 0.5 11
9.57e+07 1.33058e-09 2.02515e-07 2.16785e-11 8 1 0.5 8
9.58e+07 1.08378e-09 2.04191e-07 2.37048e-11 6 1 0.5 6
9.59e+07 1.33012e-09 2.05369e-07 2.50533e-11 7 1 0.5 7
9.6e+07 1.38192e-09 2.0932e-07 1.41983e-11 13 1 0.5 13
9.61e+07 1.36663e-09 2.09672e-07 3.05508e-11 6 1 0.5 6
9.62e+07 1.26662e-09 2.1294e-07 2.86513e-11 6 1 0.5 6
9.63e+07 1.55695e-09 1.98934e-07 2.50321e-11 8 1 0.5 8
9.64e+07 2.18765e-09 2.036e-07 5.76219e-11 5 1 0.5 5
9.65e+07 1.78371e-09 2.09432e-07 4.79494e-11 5 1 0.5 5
9.66e+07 1.39245e-09 2.1491e-07 4.7746e-11 4 1 0.5 4
9.67e+07 1.4071e-09 2.05695e-07 2.65427e-11 7 1 0.5 7
9.68e+07 1.78738e-09 2.06451e-07 2.96004e-11 8 1 0.5 8
9.69e+07 1.22193e-09 2.08422e-07 1.62722e-11 10 1 0.5 10
9.7e+07 2.25874e-09 2.04116e-07 4.24664e-11 7 1 0.5 7
9.71e+07 1.07838e-09 2.14921e-07 1.47072e-11 10 1 0.5 10
9.72e+07 1.54209e-09 2.11937e-07 2.60524e-11 8 1 0.5 8
9.73e+07 8.89912e-10 2.22337e-07 1.03813e-11 12 1 0.5 12
9.74e+07 1.95161e-09 2.02141e-07 3.18053e-11 8 1 0.5 8
9.75e+07 1.26668e-09 2.11819e-07 3.42749e-11 5 1 0.5 5
9.76e+07 1.79287e-09 2.04754e-07 3.37399e-11 7 1 0.5 7
9.77e+07 1.62976e-09 2.0153e-07 4.24798e-11 5 1 0.5 5
9.78e+07 1.36161e-09 2.10007e-07 1.82465e-11 10 1 0.5 10
9.79e+07 1.73019e-09 2.12959e-07 1.95382e-11 12 1 0.5 12
9.8e+07 1.50883e-09 2.17273e-07 2.5994e-11 8 1 0.5 8
9.81e+07 1.05192e-09 2.01352e-07 1.36302e-11 10 1 0.5 10
9.82e+07 1.30636e-09 2.11755e-07 2.52026e-11 7 1 0.5 7
9.83e+07 1.7007e-09 2.05395e-07 2.49153e-11 9 1 0.5 9
9.84e+07 1.72498e-09 2.01198e-07 2.23712e-11 10 1 0.5 10
9.85e+07 1.43051e-09 2.15456e-07 2.83578e-11 7 1 0.5 7
9.86e+07 1.36811e-09 2.07555e-07 8.42717e-10 9 1 0.5 9
9.87e+07 1.57166e-09 2.03916e-07 1.71482e-11 12 1 0.5 12
9.88e+07 1.59878e-09 2.07092e-07 1.32326e-11 16 1 0.5 16
9.89e+07 1.47411e-09 2.05263e-07 1.94079e-11 10 1 0.5 10
9.9e+07 1.33536e-09 1.93942e-07 4.22423e-11 4 1 0.5 4
9.91e+07 1.34374e-09 2.08236e-07 1.78868e-11 10 1 0.5 10
9.92e+07 1.49411e-09 2.04529e-07 3.93726e-11 5 1 0.5 5
9.93e+07 1.41837e-09 2.08243e-07 2.70157e-11 7 1 0.5 7
9.94e+07 1.81615e-09 2.153e-07 4.99066e-11 5 1 0.5 5
9.95e+07 1.38772e-09 2.14109e-07 1.88831e-11 10 1 0.5 10
9.96e+07 1.20167e-09 2.18581e-07 1.50997e-11 11 1 0.5 11
9.97e+07 1.76949e-09 2.03801e-07 3.31761e-11 7 1 0.5 7
9.98e+07 1.38752e-09 2.09001e-07 3.09421e-11 6 1 0.5 6
9.99e+07 1.95484e-09 2.05209e-07 1.83757e-11 14 1 0.5 14
1e+08 2.15174e-09 2.10499e-07 4.14321e-11 7 1 0.5 7
