0 1.50659e-09 2.07143e-07 1.91083e-11 11 1 0.5 11
100000 1.53723e-09 1.95191e-07 1.7689e-11 11 1 0.5 11
200000 1.46551e-09 2.10025e-07 1.96448e-11 10 1 0.5 10
300000 1.79101e-09 1.94606e-07 2.83259e-11 8 1 0.5 8
400000 1.30843e-09 2.08249e-07 2.49134e-11 7 1 0.5 7
500000 1.47356e-09 2.00215e-07 2.11495e-11 9 1 0.5 9
600000 1.95856e-09 2.08879e-07 4.37511e-11 6 1 0.5 6
700000 2.07844e-09 2.0663e-07 3.06214e-11 9 1 0.5 9
800000 1.39786e-09 1.98915e-07 4.51114e-11 4 1 0.5 4
900000 1.70677e-09 2.1939e-07 3.39084e-11 7 1 0.5 7
1e+06 2.06354e-09 1.98663e-07 1.01508e-10 3 1 0.5 3
1.1e+06 1.92081e-09 2.10124e-07 2.57841e-11 10 1 0.5 10
1.2e+06 8.80951e-10 2.05383e-07 8.90974e-12 13 1 0.5 13
1.3e+06 1.23656e-09 2.09975e-07 1.6564e-11 10 1 0.5 10
1.4e+06 1.49244e-09 2.05275e-07 2.45853e-11 8 1 0.5 8
1.5e+06 1.98703e-09 2.05095e-07 4.37585e-11 6 1 0.5 6
1.6e+06 1.52174e-09 2.06038e-07 2.5143e-11 8 1 0.5 8
1.7e+06 1.32399e-09 2.15659e-07 2.01361e-11 9 1 0.5 9
1.8e+06 1.69268e-09 2.10119e-07 4.56008e-11 5 1 0.5 5
1.9e+06 1.55892e-09 2.07668e-07 2.59197e-11 8 1 0.5 8
2e+06 1.31235e-09 2.09925e-07 1.75789e-11 10 1 0.5 10
2.1e+06 1.18319e-09 2.09333e-07 1.43682e-11 11 1 0.5 11
2.2e+06 1.50661e-09 2.10263e-07 5.08101e-11 4 1 0.5 4
2.3e+06 1.61422e-09 1.96869e-07 2.94454e-11 7 1 0.5 7
2.4e+06 1.24834e-09 2.13275e-07 1.20818e-11 14 1 0.5 14
2.5e+06 1.4871e-09 2.02875e-07 1.94012e-11 10 1 0.5 10
2.6e+06 1.78231e-09 2.05166e-07 2.60933e-11 9 1 0.5 9
2.7e+06 2.29195e-09 2.08631e-07 6.15684e-11 5 1 0.5 5
2.8e+06 1.60244e-09 2.09881e-07 2.38714e-11 9 1 0.5 9
2.9e+06 1.10518e-09 2.09061e-07 1.63927e-11 9 1 0.5 9
3e+06 1.95173e-09 2.04753e-07 8.64963e-11 3 1 0.5 3
3.1e+06 1.75044e-09 2.14387e-07 2.98597e-11 8 1 0.5 8
3.2e+06 1.16215e-09 1.91526e-07 2.0724e-11 7 1 0.5 7
3.3e+06 1.65439e-09 2.10708e-07 3.71681e-11 6 1 0.5 6
3.4e+06 9.78225e-10 2.15542e-07 1.48579e-11 9 1 0.5 9
3.5e+06 1.46837e-09 2.08476e-07 2.79973e-11 7 1 0.5 7
3.6e+06 2.03539e-09 2.06947e-07 7.07424e-11 4 1 0.5 4
3.7e+06 2.11992e-09 2.02312e-07 3.46415e-11 8 1 0.5 8
3.8e+06 1.46736e-09 2.07344e-07 2.78587e-11 7 1 0.5 7
3.9e+06 1.51942e-09 1.97629e-07 1.76525e-11 11 1 0.5 11
4e+06 1.56295e-09 2.04192e-07 5.15275e-11 4 1 0.5 4
4.1e+06 1.89984e-09 2.19894e-07 3.82858e-11 7 1 0.5 7
4.2e+06 1.57506e-09 2.07039e-07 2.98792e-11 7 1 0.5 7
4.3e+06 1.1105e-09 2.04935e-07 1.82503e-11 8 1 0.5 8
4.4e+06 1.48455e-09 2.12406e-07 2.512e-11 8 1 0.5 8
4.5e+06 1.57588e-09 2.04288e-07 2.58681e-11 8 1 0.5 8
4.6e+06 1.30302e-09 2.10866e-07 2.19108e-11 8 1 0.5 8
4.7e+06 1.75183e-09 2.10381e-07 2.9442e-11 8 1 0.5 8
4.8e+06 1.89239e-09 1.96576e-07 2.41114e-11 10 1 0.5 10
4.9e+06 9.94285e-10 2.0918e-07 1.65995e-11 8 1 0.5 8
5e+06 1.0949e-09 2.07678e-07 2.42685e-11 6 1 0.5 6
5.1e+06 2.00952e-09 2.08087e-07 5.38013e-11 5 1 0.5 5
5.2e+06 1.14071e-09 2.14268e-07 2.22005e-11 7 1 0.5 7
5.3e+06 1.50517e-09 2.03434e-07 1.51261e-11 13 1 0.5 13
5.4e+06 1.66107e-09 2.0174e-07 1.19707e-11 18 1 0.5 18
5.5e+06 1.45107e-09 2.11342e-07 2.44541e-11 8 1 0.5 8
5.6e+06 1.43056e-09 2.03097e-07 2.33661e-11 8 1 0.5 8
5.7e+06 2.01202e-09 2.05039e-07 2.94588e-11 9 1 0.5 9
5.8e+06 1.91612e-09 1.9814e-07 2.23236e-11 11 1 0.5 11
5.9e+06 1.44134e-09 2.14232e-07 2.80754e-11 7 1 0.5 7
6e+06 1.43672e-09 2.1148e-07 2.42236e-11 8 1 0.5 8
6.1e+06 1.62629e-09 2.06869e-07 2.155e-11 10 1 0.5 10
6.2e+06 1.36669e-09 1.98913e-07 2.51116e-11 7 1 0.5 7
6.3e+06 1.89098e-09 2.042e-07 3.10573e-11 8 1 0.5 8
6.4e+06 1.63446e-09 2.17466e-07 2.81885e-11 8 1 0.5 8
6.5e+06 1.26512e-09 2.133e-07 2.86553e-11 6 1 0.5 6
6.6e+06 1.30441e-09 2.09136e-07 2.90943e-11 6 1 0.5 6
6.7e+06 2.12612e-09 2.06153e-07 2.34209e-11 12 1 0.5 12
6.8e+06 1.31045e-09 2.06216e-07 2.47608e-11 7 1 0.5 7
6.9e+06 1.68241e-09 2.11719e-07 7.6396e-11 3 1 0.5 3
7e+06 1.28872e-09 2.10905e-07 2.16727e-11 8 1 0.5 8
7.1e+06 1.11931e-09 2.13901e-07 1.69046e-11 9 1 0.5 9
7.2e+06 1.325e-09 2.06107e-07 2.50266e-11 7 1 0.5 7
7.3e+06 1.66645e-09 2.11777e-07 3.75904e-11 6 1 0.5 6
7.4e+06 9.73202e-10 2.1625e-07 1.90681e-11 7 1 0.5 7
7.5e+06 1.6651e-09 2.01864e-07 2.70856e-11 8 1 0.5 8
7.6e+06 1.4894e-09 2.10039e-07 2.85674e-11 7 1 0.5 7
7.7e+06 1.53243e-09 2.09154e-07 3.42121e-11 6 1 0.5 6
7.8e+06 1.63102e-09 2.0438e-07 2.37979e-11 9 1 0.5 9
7.9e+06 1.38409e-09 2.10326e-07 2.32326e-11 8 1 0.5 8
8e+06 1.55248e-09 2.21782e-07 3.63085e-11 6 1 0.5 6
8.1e+06 1.21147e-09 2.05093e-07 1.44784e-11 11 1 0.5 11
8.2e+06 1.4683e-09 2.13891e-07 1.81462e-11 11 1 0.5 11
8.3e+06 1.5884e-09 2.01623e-07 2.06275e-11 10 1 0.5 10
8.4e+06 1.45506e-09 2.07096e-07 2.14417e-11 9 1 0.5 9
8.5e+06 1.42238e-09 2.07889e-07 4.75202e-11 4 1 0.5 4
8.6e+06 1.44092e-09 2.07734e-07 2.73948e-11 7 1 0.5 7
8.7e+06 1.05495e-09 2.10091e-07 2.02099e-11 7 1 0.5 7
8.8e+06 1.38729e-09 2.04315e-07 3.03918e-11 6 1 0.5 6
8.9e+06 1.22677e-09 2.20571e-07 2.44369e-11 7 1 0.5 7
9e+06 8.06991e-10 2.06992e-07 1.3355e-11 8 1 0.5 8
9.1e+06 1.94586e-09 2.02328e-07 3.62969e-11 7 1 0.5 7
9.2e+06 1.42551e-09 2.04991e-07 2.3453e-11 8 1 0.5 8
9.3e+06 2.02049e-09 2.02624e-07 5.29793e-11 5 1 0.5 5
9.4e+06 1.2183e-09 2.04234e-07 2.28397e-11 7 1 0.5 7
9.5e+06 1.48086e-09 2.07425e-07 1.96578e-11 10 1 0.5 10
9.6e+06 1.44488e-09 2.08783e-07 3.86864e-11 5 1 0.5 5
9.7e+06 1.23001e-09 2.14218e-07 1.86035e-11 9 1 0.5 9
9.8e+06 1.41982e-09 2.08964e-07 3.80371e-11 5 1 0.5 5
9.9e+06 1.32629e-09 2.0635e-07 2.19277e-11 8 1 0.5 8
1e+07 1.22615e-09 2.048e-07 2.01471e-11 8 1 0.5 8
1.01e+07 1.41814e-09 2.01829e-07 3.6972e-11 5 1 0.5 5
1.02e+07 1.54137e-09 1.99553e-07 2.84075e-11 7 1 0.5 7
1.03e+07 1.64546e-09 2.02693e-07 3.07073e-11 7 1 0.5 7
1.04e+07 1.65238e-09 1.98897e-07 3.03859e-11 7 1 0.5 7
1.05e+07 1.88573e-09 2.10419e-07 2.30263e-11 11 1 0.5 11
1.06e+07 9.32367e-10 2.0573e-07 1.36505e-11 9 1 0.5 9
1.07e+07 1.42104e-09 2.16296e-07 1.77164e-11 11 1 0.5 11
1.08e+07 1.4494e-09 2.14393e-07 1.31488e-11 15 1 0.5 15
1.09e+07 1.38463e-09 2.03888e-07 3.02837e-11 6 1 0.5 6
1.1e+07 1.92776e-09 1.99155e-07 6.24523e-11 4 1 0.5 4
1.11e+07 1.38632e-09 2.15135e-07 2.36887e-11 8 1 0.5 8
1.12e+07 1.45621e-09 2.03749e-07 2.38465e-11 8 1 0.5 8
1.13e+07 1.56518e-09 2.10895e-07 3.01248e-11 7 1 0.5 7
1.14e+07 1.4197e-09 2.05577e-07 2.07984e-11 9 1 0.5 9
1.15e+07 1.97919e-09 2.05868e-07 5.25372e-11 5 1 0.5 5
1.16e+07 1.92378e-09 1.97563e-07 2.04919e-11 12 1 0.5 12
1.17e+07 1.60902e-09 2.17066e-07 3.91352e-11 8 1 0.5 8
1.18e+07 1.69246e-09 1.98804e-07 2.41708e-11 9 1 0.5 9
1.19e+07 9.40424e-10 2.05485e-07 1.7699e-11 7 1 0.5 7
1.2e+07 1.75478e-09 1.95925e-07 3.19041e-11 7 1 0.5 7
1.21e+07 1.67911e-09 2.03118e-07 3.66561e-11 6 1 0.5 6
1.22e+07 1.92219e-09 2.03859e-07 4.21204e-11 6 1 0.5 6
1.23e+07 1.36529e-09 2.08182e-07 2.59944e-11 7 1 0.5 7
1.24e+07 1.53618e-09 2.14223e-07 2.99311e-11 7 1 0.5 7
1.25e+07 1.62636e-09 2.02268e-07 2.1175e-11 10 1 0.5 10
1.26e+07 1.13944e-09 2.1323e-07 1.54456e-11 10 1 0.5 10
1.27e+07 1.13638e-09 2.09625e-07 1.1684e-11 13 1 0.5 13
1.28e+07 1.68495e-09 2.10101e-07 5.68483e-11 4 1 0.5 4
1.29e+07 1.97708e-09 2.11104e-07 3.33391e-11 8 1 0.5 8
1.3e+07 1.39399e-09 2.04304e-07 3.05382e-11 6 1 0.5 6
1.31e+07 1.69337e-09 2.0374e-07 2.01526e-11 11 1 0.5 11
1.32e+07 1.44732e-09 1.94813e-07 2.61735e-11 7 1 0.5 7
1.33e+07 1.41766e-09 2.06807e-07 3.13571e-11 6 1 0.5 6
1.34e+07 2.11097e-09 2.08336e-07 5.65968e-11 5 1 0.5 5
1.35e+07 1.17115e-09 2.12176e-07 1.75773e-11 9 1 0.5 9
1.36e+07 1.69537e-09 2.07556e-07 3.22368e-11 7 1 0.5 7
1.37e+07 1.30596e-09 2.12282e-07 2.52442e-11 7 1 0.5 7
1.38e+07 1.50314e-09 2.10568e-07 1.83503e-11 11 1 0.5 11
1.39e+07 1.72575e-09 2.05334e-07 2.274e-11 10 1 0.5 10
1.4e+07 1.24534e-09 2.10816e-07 3.35684e-11 5 1 0.5 5
1.41e+07 1.17275e-09 2.09663e-07 2.24391e-11 7 1 0.5 7
1.42e+07 1.50497e-09 2.05706e-07 1.98491e-11 10 1 0.5 10
1.43e+07 1.58988e-09 2.17112e-07 3.65652e-11 6 1 0.5 6
1.44e+07 1.34698e-09 2.00355e-07 2.17641e-11 8 1 0.5 8
1.45e+07 1.88296e-09 2.0097e-07 3.05419e-11 8 1 0.5 8
1.46e+07 1.75287e-09 2.06025e-07 3.87052e-11 6 1 0.5 6
1.47e+07 1.3385e-09 2.04244e-07 1.75488e-11 10 1 0.5 10
1.48e+07 1.19518e-09 2.14866e-07 2.72204e-11 6 1 0.5 6
1.49e+07 1.26207e-09 2.07775e-07 2.80016e-11 6 1 0.5 6
1.5e+07 1.93108e-09 2.06217e-07 4.27006e-11 6 1 0.5 6
1.51e+07 1.08248e-09 2.18252e-07 1.86921e-11 8 1 0.5 8
1.52e+07 1.92815e-09 2.11285e-07 2.59957e-11 10 1 0.5 10
1.53e+07 1.78879e-09 2.03553e-07 4.70238e-11 5 1 0.5 5
1.54e+07 1.61376e-09 2.01763e-07 4.20979e-11 5 1 0.5 5
1.55e+07 1.29168e-09 2.07068e-07 1.7116e-11 10 1 0.5 10
1.56e+07 2.20772e-09 2.01597e-07 5.77071e-11 5 1 0.5 5
1.57e+07 1.52073e-09 2.12471e-07 2.94372e-11 7 1 0.5 7
1.58e+07 1.46994e-09 2.08752e-07 2.17976e-11 9 1 0.5 9
1.59e+07 2.01e-09 1.97869e-07 9.86058e-11 4 1 0.5 4
1.6e+07 1.95776e-09 2.17184e-07 3.37724e-11 8 1 0.5 8
1.61e+07 1.50442e-09 2.06405e-07 5.00026e-11 4 1 0.5 4
1.62e+07 1.634e-09 2.09708e-07 2.73833e-11 8 1 0.5 8
1.63e+07 1.63121e-09 2.08573e-07 3.63515e-11 6 1 0.5 6
1.64e+07 1.43345e-09 1.96514e-07 1.82414e-11 10 1 0.5 10
1.65e+07 1.07078e-09 2.14201e-07 2.08295e-11 7 1 0.5 7
1.66e+07 1.36171e-09 2.11317e-07 3.0628e-11 6 1 0.5 6
1.67e+07 1.4621e-09 2.19692e-07 2.25738e-11 9 1 0.5 9
1.68e+07 1.50898e-09 2.12319e-07 1.3586e-11 15 1 0.5 15
1.69e+07 1.52262e-09 2.11255e-07 2.27946e-11 9 1 0.5 9
1.7e+07 1.50071e-09 2.05747e-07 2.20039e-11 9 1 0.5 9
1.71e+07 1.41247e-09 2.15123e-07 2.41363e-11 8 1 0.5 8
1.72e+07 1.24349e-09 2.08561e-07 2.36999e-11 7 1 0.5 7
1.73e+07 8.6872e-10 2.03719e-07 2.27579e-11 5 1 0.5 5
1.74e+07 1.56101e-09 2.03262e-07 2.03992e-11 10 1 0.5 10
1.75e+07 1.21212e-09 2.07036e-07 1.23434e-11 13 1 0.5 13
1.76e+07 1.30476e-09 2.1051e-07 2.19111e-11 8 1 0.5 8
1.77e+07 1.089e-09 2.01608e-07 1.76687e-11 8 1 0.5 8
1.78e+07 1.80862e-09 2.1122e-07 1.73871e-11 14 1 0.5 14
1.79e+07 1.34745e-09 2.11502e-07 3.64308e-11 5 1 0.5 5
1.8e+07 1.63858e-09 2.08591e-07 4.38795e-11 5 1 0.5 5
1.81e+07 1.60343e-09 2.13758e-07 4.37684e-11 5 1 0.5 5
1.82e+07 1.5134e-09 2.07843e-07 2.87912e-11 7 1 0.5 7
1.83e+07 1.80933e-09 2.0647e-07 3.42751e-11 7 1 0.5 7
1.84e+07 1.46814e-09 2.08868e-07 6.5849e-11 3 1 0.5 3
1.85e+07 1.47732e-09 2.15935e-07 3.38155e-11 6 1 0.5 6
1.86e+07 1.15487e-09 2.0124e-07 2.4981e-11 6 1 0.5 6
1.87e+07 1.6453e-09 2.08882e-07 1.9965e-11 11 1 0.5 11
1.88e+07 1.65433e-09 2.05039e-07 2.724e-11 8 1 0.5 8
1.89e+07 1.35977e-09 2.13495e-07 2.64075e-11 7 1 0.5 7
1.9e+07 2.13549e-09 2.03425e-07 3.49926e-11 8 1 0.5 8
1.91e+07 1.12585e-09 2.12566e-07 2.5418e-11 6 1 0.5 6
1.92e+07 1.70887e-09 1.98472e-07 4.40293e-11 5 1 0.5 5
1.93e+07 1.36103e-09 2.05277e-07 1.99133e-11 9 1 0.5 9
1.94e+07 1.48327e-09 2.07067e-07 3.28487e-11 6 1 0.5 6
1.95e+07 1.73134e-09 1.97457e-07 1.70061e-11 13 1 0.5 13
1.96e+07 1.58558e-09 2.08397e-07 2.11304e-11 10 1 0.5 10
1.97e+07 1.85635e-09 2.03973e-07 4.06855e-11 6 1 0.5 6
1.98e+07 1.13823e-09 2.12754e-07 1.92657e-11 8 1 0.5 8
1.99e+07 1.15263e-09 2.06176e-07 2.17646e-11 7 1 0.5 7
2e+07 1.22385e-09 2.00181e-07 2.63714e-11 6 1 0.5 6
2.01e+07 2.12812e-09 2.03258e-07 3.48488e-11 8 1 0.5 8
2.02e+07 1.38586e-09 1.99483e-07 1.98299e-11 9 1 0.5 9
2.03e+07 1.1822e-09 2.0312e-07 1.10108e-11 14 1 0.5 14
2.04e+07 1.76719e-09 2.13749e-07 4.01712e-11 6 1 0.5 6
2.05e+07 1.80272e-09 2.06619e-07 2.98749e-11 8 1 0.5 8
2.06e+07 1.09201e-09 2.12717e-07 1.84782e-11 8 1 0.5 8
2.07e+07 1.47604e-09 2.04792e-07 1.93986e-11 10 1 0.5 10
2.08e+07 1.72179e-09 2.14581e-07 4.71677e-11 5 1 0.5 5
2.09e+07 1.29764e-09 2.04535e-07 2.84425e-11 6 1 0.5 6
2.1e+07 9.4312e-10 2.1287e-07 2.13016e-11 6 1 0.5 6
2.11e+07 1.35974e-09 2.10495e-07 2.61141e-11 7 1 0.5 7
2.12e+07 1.19612e-09 2.05838e-07 2.256e-11 7 1 0.5 7
2.13e+07 1.82094e-09 2.03381e-07 2.64797e-11 9 1 0.5 9
2.14e+07 1.80648e-09 2.01384e-07 5.89947e-11 4 1 0.5 4
2.15e+07 1.73917e-09 2.07058e-07 3.85524e-11 6 1 0.5 6
2.16e+07 2.12996e-09 2.01945e-07 3.96953e-11 7 1 0.5 7
2.17e+07 1.34828e-09 2.06303e-07 2.22886e-11 8 1 0.5 8
2.18e+07 1.60436e-09 2.07484e-07 1.93642e-11 11 1 0.5 11
2.19e+07 1.13981e-09 2.17829e-07 1.74646e-11 9 1 0.5 9
2.2e+07 1.55848e-09 2.05308e-07 2.28161e-11 9 1 0.5 9
2.21e+07 1.15359e-09 2.09115e-07 1.02572e-11 15 1 0.5 15
2.22e+07 1.37668e-09 2.07866e-07 2.61809e-11 7 1 0.5 7
2.23e+07 1.41263e-09 2.1196e-07 2.72831e-11 7 1 0.5 7
2.24e+07 1.38748e-09 2.05393e-07 2.03106e-11 9 1 0.5 9
2.25e+07 1.64926e-09 2.24996e-07 2.92264e-11 8 1 0.5 8
2.26e+07 1.14711e-09 2.08068e-07 1.69529e-11 9 1 0.5 9
2.27e+07 1.17063e-09 2.0867e-07 1.9516e-11 8 1 0.5 8
2.28e+07 1.39083e-09 2.14042e-07 3.16043e-11 6 1 0.5 6
2.29e+07 1.62881e-09 2.13823e-07 2.21526e-11 10 1 0.5 10
2.3e+07 1.83217e-09 2.09101e-07 4.09424e-11 6 1 0.5 6
2.31e+07 1.87118e-09 2.06016e-07 4.13345e-11 6 1 0.5 6
2.32e+07 1.16436e-09 2.06348e-07 1.39806e-11 11 1 0.5 11
2.33e+07 9.03105e-10 2.12383e-07 1.2197e-11 10 1 0.5 10
2.34e+07 1.73107e-09 2.17474e-07 1.70276e-11 14 1 0.5 14
2.35e+07 1.59034e-09 2.02262e-07 2.5904e-11 8 1 0.5 8
2.36e+07 1.61492e-09 2.06547e-07 3.57115e-11 6 1 0.5 6
2.37e+07 1.1863e-09 2.0767e-07 2.25299e-11 7 1 0.5 7
2.38e+07 1.64924e-09 2.11115e-07 3.71081e-11 6 1 0.5 6
2.39e+07 1.5871e-09 2.15645e-07 4.3621e-11 5 1 0.5 5
2.4e+07 1.00035e-09 2.12165e-07 1.03808e-11 13 1 0.5 13
2.41e+07 1.76249e-09 2.12376e-07 2.38498e-11 10 1 0.5 10
2.42e+07 2.08504e-09 2.13347e-07 3.15032e-11 9 1 0.5 9
2.43e+07 2.08144e-09 2.08447e-07 4.6442e-11 6 1 0.5 6
2.44e+07 1.85983e-09 2.16687e-07 3.66062e-11 7 1 0.5 7
2.45e+07 1.38823e-09 2.16272e-07 2.11642e-11 9 1 0.5 9
2.46e+07 1.66675e-09 2.04447e-07 3.13172e-11 7 1 0.5 7
2.47e+07 1.34957e-09 2.07532e-07 1.7917e-11 10 1 0.5 10
2.48e+07 1.35165e-09 2.01824e-07 1.75576e-11 10 1 0.5 10
2.49e+07 1.43901e-09 2.08113e-07 2.39581e-11 8 1 0.5 8
2.5e+07 1.33046e-09 2.10735e-07 1.78763e-11 10 1 0.5 10
2.51e+07 1.23745e-09 2.09841e-07 2.07247e-11 8 1 0.5 8
2.52e+07 1.56786e-09 2.00458e-07 2.53585e-11 8 1 0.5 8
2.53e+07 1.27833e-09 2.03582e-07 3.35321e-11 5 1 0.5 5
2.54e+07 1.57856e-09 2.10353e-07 5.32984e-11 4 1 0.5 4
2.55e+07 1.64501e-09 1.97538e-07 4.22171e-11 5 1 0.5 5
2.56e+07 1.16519e-09 2.10479e-07 1.42099e-11 11 1 0.5 11
2.57e+07 1.18103e-09 2.05271e-07 1.94381e-11 8 1 0.5 8
2.58e+07 1.30155e-09 2.09431e-07 2.90626e-11 6 1 0.5 6
2.59e+07 8.42667e-10 2.12561e-07 1.26547e-11 9 1 0.5 9
2.6e+07 1.33526e-09 2.02359e-07 3.48698e-11 5 1 0.5 5
2.61e+07 1.69406e-09 2.08397e-07 2.82551e-11 8 1 0.5 8
2.62e+07 1.82417e-09 2.08785e-07 6.12902e-11 4 1 0.5 4
2.63e+07 1.58446e-09 2.04842e-07 2.98081e-11 7 1 0.5 7
2.64e+07 1.10992e-09 1.95055e-07 1.16892e-11 12 1 0.5 12
2.65e+07 1.83024e-09 2.07586e-07 3.04447e-11 8 1 0.5 8
2.66e+07 1.35046e-09 2.11499e-07 1.57371e-11 12 1 0.5 12
2.67e+07 1.5062e-09 1.98429e-07 3.22675e-11 6 1 0.5 6
2.68e+07 1.45407e-09 1.97419e-07 3.10216e-11 6 1 0.5 6
2.69e+07 1.37212e-09 2.06057e-07 3.63492e-11 5 1 0.5 5
2.7e+07 1.87996e-09 2.02485e-07 4.09711e-11 6 1 0.5 6
2.71e+07 1.88603e-09 2.16114e-07 6.51451e-11 4 1 0.5 4
2.72e+07 1.25882e-09 2.11554e-07 1.69627e-11 10 1 0.5 10
2.73e+07 1.11035e-09 2.14806e-07 1.8935e-11 8 1 0.5 8
2.74e+07 1.55185e-09 2.1213e-07 2.911e-11 8 1 0.5 8
2.75e+07 1.3425e-09 2.09208e-07 2.99565e-11 6 1 0.5 6
2.76e+07 1.43316e-09 2.01379e-07 3.73011e-11 5 1 0.5 5
2.77e+07 1.31204e-09 2.07432e-07 2.49056e-11 7 1 0.5 7
2.78e+07 1.39883e-09 2.08233e-07 2.0699e-11 9 1 0.5 9
2.79e+07 1.52962e-09 2.03612e-07 2.86362e-11 7 1 0.5 7
2.8e+07 1.73935e-09 2.12922e-07 1.96393e-11 12 1 0.5 12
2.81e+07 1.69994e-09 2.07302e-07 3.77114e-11 6 1 0.5 6
2.82e+07 1.9404e-09 2.04974e-07 4.27044e-11 6 1 0.5 6
2.83e+07 1.34094e-09 2.06116e-07 1.47478e-11 12 1 0.5 12
2.84e+07 1.47848e-09 2.10058e-07 1.41441e-11 14 1 0.5 14
2.85e+07 1.6577e-09 2.07774e-07 1.69411e-11 13 1 0.5 13
2.86e+07 1.50098e-09 2.05354e-07 2.82854e-11 7 1 0.5 7
2.87e+07 1.25943e-09 2.13154e-07 1.55158e-11 11 1 0.5 11
2.88e+07 1.23942e-09 1.97164e-07 2.63952e-11 6 1 0.5 6
2.89e+07 1.54101e-09 2.06219e-07 3.40251e-11 6 1 0.5 6
2.9e+07 1.63737e-09 2.07362e-07 1.81034e-11 12 1 0.5 12
2.91e+07 1.33138e-09 2.00979e-07 3.45829e-11 5 1 0.5 5
2.92e+07 1.4933e-09 2.12548e-07 3.40757e-11 6 1 0.5 6
2.93e+07 1.81268e-09 2.19883e-07 5.0651e-11 5 1 0.5 5
2.94e+07 1.94785e-09 2.0225e-07 3.17571e-11 8 1 0.5 8
2.95e+07 1.89154e-09 2.005e-07 3.06259e-11 8 1 0.5 8
2.96e+07 2.00047e-09 2.06657e-07 3.31753e-11 8 1 0.5 8
2.97e+07 1.24536e-09 2.08011e-07 1.65595e-11 10 1 0.5 10
2.98e+07 1.78226e-09 2.22074e-07 3.12677e-11 8 1 0.5 8
2.99e+07 1.71677e-09 2.0365e-07 4.51326e-11 5 1 0.5 5
3e+07 1.78106e-09 2.10428e-07 2.17443e-11 11 1 0.5 11
3.01e+07 1.57124e-09 1.98027e-07 2.51733e-11 8 1 0.5 8
3.02e+07 1.10274e-09 2.00218e-07 1.77962e-11 8 1 0.5 8
3.03e+07 1.16827e-09 2.0562e-07 1.92529e-11 8 1 0.5 8
3.04e+07 1.17586e-09 2.02045e-07 2.18566e-11 7 1 0.5 7
3.05e+07 1.40497e-09 2.0673e-07 2.66067e-11 7 1 0.5 7
3.06e+07 1.83802e-09 2.03531e-07 2.00346e-11 12 1 0.5 12
3.07e+07 1.3411e-09 2.05123e-07 2.94658e-11 6 1 0.5 6
3.08e+07 1.90872e-09 2.10665e-07 2.85399e-11 9 1 0.5 9
3.09e+07 1.6845e-09 2.11497e-07 2.52512e-11 9 1 0.5 9
3.1e+07 1.19662e-09 2.10315e-07 1.60479e-11 10 1 0.5 10
3.11e+07 1.73097e-09 2.12518e-07 2.10234e-10 6 1 0.5 6
3.12e+07 1.60726e-09 2.07297e-07 2.66895e-11 8 1 0.5 8
3.13e+07 1.37871e-09 2.04966e-07 1.64746e-11 11 1 0.5 11
3.14e+07 1.01203e-09 2.08225e-07 1.49603e-11 9 1 0.5 9
3.15e+07 1.43046e-09 1.98205e-07 1.66536e-11 11 1 0.5 11
3.16e+07 1.78277e-09 2.08677e-07 3.40522e-11 7 1 0.5 7
3.17e+07 1.39398e-09 2.05886e-07 2.63131e-11 7 1 0.5 7
3.18e+07 1.24549e-09 2.07028e-07 1.64998e-11 10 1 0.5 10
3.19e+07 1.6159e-09 2.03438e-07 2.11332e-11 10 1 0.5 10
3.2e+07 1.44727e-09 2.07289e-07 1.74497e-11 11 1 0.5 11
3.21e+07 1.44877e-09 2.10294e-07 2.43197e-11 8 1 0.5 8
3.22e+07 1.66826e-09 2.09763e-07 3.73493e-11 6 1 0.5 6
3.23e+07 1.92618e-09 2.04161e-07 2.81013e-11 9 1 0.5 9
3.24e+07 1.84988e-09 1.99811e-07 2.16902e-11 11 1 0.5 11
3.25e+07 1.87778e-09 1.91518e-07 5.90571e-11 4 1 0.5 4
3.26e+07 1.49597e-09 2.06727e-07 2.47802e-11 8 1 0.5 8
3.27e+07 1.3138e-09 2.06516e-07 1.73737e-11 10 1 0.5 10
3.28e+07 2.074e-09 2.08401e-07 3.07613e-11 9 1 0.5 9
3.29e+07 1.7571e-09 2.01674e-07 3.81563e-11 6 1 0.5 6
3.3e+07 1.07255e-09 1.99154e-07 2.30063e-11 6 1 0.5 6
3.31e+07 1.24688e-09 2.06365e-07 2.35681e-11 7 1 0.5 7
3.32e+07 1.69372e-09 2.07883e-07 2.50481e-11 9 1 0.5 9
3.33e+07 1.58738e-09 1.99408e-07 2.55708e-11 8 1 0.5 8
3.34e+07 2.07978e-09 2.08481e-07 2.7756e-11 10 1 0.5 10
3.35e+07 2.01594e-09 2.0879e-07 3.85517e-11 7 1 0.5 7
3.36e+07 1.32541e-09 2.05201e-07 4.3807e-11 4 1 0.5 4
3.37e+07 1.7195e-09 2.05886e-07 4.55936e-11 5 1 0.5 5
3.38e+07 2.12309e-09 1.9389e-07 4.47734e-11 6 1 0.5 6
3.39e+07 2.18654e-09 1.97233e-07 4.00136e-11 7 1 0.5 7
3.4e+07 1.55807e-09 2.05677e-07 3.43332e-11 6 1 0.5 6
3.41e+07 1.825e-09 2.0589e-07 1.12662e-10 7 1 0.5 7
3.42e+07 1.65417e-09 2.06162e-07 3.65313e-11 6 1 0.5 6
3.43e+07 1.24866e-09 2.08684e-07 1.85013e-11 9 1 0.5 9
3.44e+07 1.88715e-09 2.05491e-07 4.16063e-11 6 1 0.5 6
3.45e+07 2.04671e-09 2.08697e-07 4.63833e-11 6 1 0.5 6
3.46e+07 1.7947e-09 2.01142e-07 2.91227e-11 8 1 0.5 8
3.47e+07 1.44493e-09 2.07915e-07 1.74626e-11 11 1 0.5 11
3.48e+07 1.70595e-09 1.97211e-07 1.97943e-11 11 1 0.5 11
3.49e+07 1.61674e-09 2.12111e-07 2.7337e-11 8 1 0.5 8
3.5e+07 1.41524e-09 2.09581e-07 1.89371e-11 10 1 0.5 10
3.51e+07 1.62142e-09 2.04469e-07 2.12898e-11 10 1 0.5 10
3.52e+07 1.67356e-09 2.10911e-07 3.22239e-11 7 1 0.5 7
3.53e+07 1.21974e-09 2.11622e-07 9.65832e-12 17 1 0.5 17
3.54e+07 1.70385e-09 1.98969e-07 1.56289e-11 14 1 0.5 14
3.55e+07 1.68897e-09 1.99558e-07 2.72307e-11 8 1 0.5 8
3.56e+07 1.65374e-09 2.09847e-07 1.84568e-11 12 1 0.5 12
3.57e+07 1.32554e-09 2.04673e-07 1.08665e-11 16 1 0.5 16
3.58e+07 1.55776e-09 2.12596e-07 2.10868e-11 10 1 0.5 10
3.59e+07 1.34834e-09 2.05007e-07 2.218e-11 8 1 0.5 8
3.6e+07 1.59025e-09 2.0571e-07 2.09782e-11 10 1 0.5 10
3.61e+07 1.77975e-09 1.99545e-07 2.29363e-11 10 1 0.5 10
3.62e+07 1.44342e-09 2.07041e-07 2.12651e-11 9 1 0.5 9
3.63e+07 1.20681e-09 1.97961e-07 2.57783e-11 6 1 0.5 6
3.64e+07 1.28634e-09 2.11922e-07 1.73583e-11 10 1 0.5 10
3.65e+07 1.64683e-09 2.07877e-07 2.74097e-11 8 1 0.5 8
3.66e+07 1.80455e-09 2.16397e-07 3.34466e-11 8 1 0.5 8
3.67e+07 1.26367e-09 2.11207e-07 2.84006e-11 6 1 0.5 6
3.68e+07 1.69884e-09 1.99622e-07 2.43398e-11 9 1 0.5 9
3.69e+07 1.19863e-09 2.11572e-07 2.02025e-11 8 1 0.5 8
3.7e+07 1.43973e-09 2.08187e-07 3.84611e-11 5 1 0.5 5
3.71e+07 1.59331e-09 2.02839e-07 4.17336e-11 5 1 0.5 5
3.72e+07 1.37021e-09 2.22005e-07 2.40033e-11 8 1 0.5 8
3.73e+07 1.15988e-09 2.08604e-07 1.93314e-11 8 1 0.5 8
3.74e+07 1.86237e-09 2.12008e-07 5.05677e-11 5 1 0.5 5
3.75e+07 1.17265e-09 2.1229e-07 1.31953e-11 12 1 0.5 12
3.76e+07 1.30646e-09 2.02133e-07 2.83736e-11 6 1 0.5 6
3.77e+07 1.83243e-09 2.03891e-07 3.0055e-11 8 1 0.5 8
3.78e+07 1.79642e-09 1.99902e-07 2.90106e-11 8 1 0.5 8
3.79e+07 1.67883e-09 2.04472e-07 3.15482e-11 7 1 0.5 7
3.8e+07 1.85617e-09 2.06447e-07 6.18263e-11 4 1 0.5 4
3.81e+07 1.73395e-09 2.08032e-07 4.63556e-11 5 1 0.5 5
3.82e+07 1.16496e-09 2.03997e-07 1.17257e-11 13 1 0.5 13
3.83e+07 1.13014e-09 2.07776e-07 1.66829e-11 9 1 0.5 9
3.84e+07 1.25541e-09 2.07775e-07 2.08639e-11 8 1 0.5 8
3.85e+07 1.54993e-09 2.0486e-07 1.2719e-11 16 1 0.5 16
3.86e+07 1.76072e-09 1.9808e-07 1.87876e-11 12 1 0.5 12
3.87e+07 1.53189e-09 2.05306e-07 2.52409e-11 8 1 0.5 8
3.88e+07 1.29117e-09 1.97746e-07 1.65055e-11 10 1 0.5 10
3.89e+07 1.62782e-09 2.11183e-07 2.74302e-11 8 1 0.5 8
3.9e+07 1.70545e-09 2.02243e-07 5.58497e-11 4 1 0.5 4
3.91e+07 1.75563e-09 2.01975e-07 1.90193e-11 12 1 0.5 12
3.92e+07 1.87799e-09 2.01402e-07 2.4383e-11 10 1 0.5 10
3.93e+07 2.01479e-09 1.99342e-07 2.88572e-11 9 1 0.5 9
3.94e+07 1.15984e-09 2.04951e-07 1.69402e-11 9 1 0.5 9
3.95e+07 1.48367e-09 2.05437e-07 2.79663e-11 7 1 0.5 7
3.96e+07 1.41497e-09 2.13507e-07 1.92123e-11 10 1 0.5 10
3.97e+07 1.34087e-09 2.16136e-07 3.06986e-11 6 1 0.5 6
3.98e+07 1.03451e-09 2.06976e-07 1.36956e-11 10 1 0.5 10
3.99e+07 1.71205e-09 2.0321e-07 2.0037e-11 12 1 0.5 12
4e+07 1.55981e-09 2.05837e-07 5.62104e-11 6 1 0.5 6
4.01e+07 1.03607e-09 2.1339e-07 1.75725e-11 8 1 0.5 8
4.02e+07 1.87494e-09 2.05215e-07 2.47027e-11 10 1 0.5 10
4.03e+07 1.7025e-09 2.06111e-07 3.21966e-11 7 1 0.5 7
4.04e+07 1.40901e-09 2.04262e-07 1.53892e-11 12 1 0.5 12
4.05e+07 1.12584e-09 2.04608e-07 1.13576e-11 13 1 0.5 13
4.06e+07 1.41064e-09 2.00779e-07 2.61118e-11 7 1 0.5 7
4.07e+07 1.74571e-09 2.09221e-07 2.92112e-11 8 1 0.5 8
4.08e+07 1.50212e-09 2.04842e-07 1.97462e-11 10 1 0.5 10
4.09e+07 1.94885e-09 1.98874e-07 4.18907e-11 6 1 0.5 6
4.1e+07 1.3788e-09 2.21056e-07 2.75273e-11 7 1 0.5 7
4.11e+07 1.50111e-09 2.15598e-07 3.43209e-11 6 1 0.5 6
4.12e+07 1.39361e-09 2.04462e-07 2.61637e-11 7 1 0.5 7
4.13e+07 1.47027e-09 2.10819e-07 1.51934e-11 13 1 0.5 13
4.14e+07 1.43067e-09 2.00793e-07 3.71512e-11 5 1 0.5 5
4.15e+07 1.5661e-09 2.0657e-07 1.59296e-11 13 1 0.5 13
4.16e+07 1.16488e-09 2.12887e-07 1.12563e-11 14 1 0.5 14
4.17e+07 9.48168e-10 2.02509e-07 1.54314e-11 8 1 0.5 8
4.18e+07 1.87063e-09 2.0427e-07 4.93286e-11 5 1 0.5 5
4.19e+07 1.39214e-09 2.07116e-07 2.64013e-11 7 1 0.5 7
4.2e+07 1.61813e-09 2.07032e-07 3.06997e-11 7 1 0.5 7
4.21e+07 1.66679e-09 1.97097e-07 5.34862e-11 4 1 0.5 4
4.22e+07 1.61931e-09 2.12672e-07 3.13789e-11 7 1 0.5 7
4.23e+07 1.5327e-09 1.98484e-07 3.28455e-11 6 1 0.5 6
4.24e+07 9.29833e-10 2.14358e-07 1.40598e-11 9 1 0.5 9
4.25e+07 1.88877e-09 2.03118e-07 3.08922e-11 8 1 0.5 8
4.26e+07 1.97172e-09 2.12675e-07 3.48698e-11 8 1 0.5 8
4.27e+07 1.33601e-09 2.15963e-07 1.14249e-11 16 1 0.5 16
4.28e+07 1.40448e-09 2.11744e-07 3.8017e-11 5 1 0.5 5
4.29e+07 1.18024e-09 2.06656e-07 2.23286e-11 7 1 0.5 7
4.3e+07 1.0419e-09 2.1031e-07 2.44017e-11 11 1 0.5 11
4.31e+07 1.32921e-09 1.93874e-07 2.09351e-11 8 1 0.5 8
4.32e+07 1.54617e-09 2.12157e-07 2.98972e-11 7 1 0.5 7
4.33e+07 1.18849e-09 2.09142e-07 1.13256e-11 14 1 0.5 14
4.34e+07 1.81814e-09 2.02975e-07 2.37465e-11 10 1 0.5 10
4.35e+07 2.0047e-09 2.00212e-07 6.52418e-11 4 1 0.5 4
4.36e+07 1.68467e-09 2.22839e-07 4.04349e-11 8 1 0.5 8
4.37e+07 1.49489e-09 2.11054e-07 2.87823e-11 7 1 0.5 7
4.38e+07 1.28645e-09 2.06785e-07 3.41611e-11 5 1 0.5 5
4.39e+07 1.78867e-09 2.09038e-07 2.6574e-11 9 1 0.5 9
4.4e+07 1.53612e-09 2.03465e-07 1.67303e-11 12 1 0.5 12
4.41e+07 1.56549e-09 2.03865e-07 3.42595e-11 6 1 0.5 6
4.42e+07 1.78927e-09 2.14393e-07 2.03151e-11 12 1 0.5 12
4.43e+07 1.68881e-09 2.08892e-07 4.52864e-11 5 1 0.5 5
4.44e+07 1.45178e-09 2.02107e-07 2.70151e-11 7 1 0.5 7
4.45e+07 2.41088e-09 2.02888e-07 5.27273e-11 6 1 0.5 6
4.46e+07 1.86253e-09 2.17752e-07 2.33661e-11 11 1 0.5 11
4.47e+07 1.33538e-09 2.08775e-07 1.3691e-11 13 1 0.5 13
4.48e+07 1.58564e-09 2.12057e-07 3.57938e-11 6 1 0.5 6
4.49e+07 1.4447e-09 2.07393e-07 2.39878e-11 8 1 0.5 8
4.5e+07 1.76273e-09 2.10457e-07 3.95813e-11 6 1 0.5 6
4.51e+07 1.40019e-09 2.06944e-07 2.65373e-11 7 1 0.5 7
4.52e+07 1.506e-09 2.05064e-07 2.8349e-11 7 1 0.5 7
4.53e+07 1.74786e-09 2.08579e-07 2.91768e-11 8 1 0.5 8
4.54e+07 1.6597e-09 2.05678e-07 3.13308e-11 7 1 0.5 7
4.55e+07 1.13078e-09 2.01508e-07 1.83417e-11 8 1 0.5 8
4.56e+07 1.39043e-09 2.13877e-07 3.79331e-11 5 1 0.5 5
4.57e+07 1.80514e-09 2.0421e-07 2.96414e-11 8 1 0.5 8
4.58e+07 1.17303e-09 2.0256e-07 3.06349e-11 5 1 0.5 5
4.59e+07 1.43276e-09 2.08438e-07 1.73493e-11 11 1 0.5 11
4.6e+07 1.69863e-09 2.06173e-07 2.8094e-11 8 1 0.5 8
4.61e+07 1.3869e-09 2.11318e-07 2.07606e-11 9 1 0.5 9
4.62e+07 1.89552e-09 2.07489e-07 3.60568e-11 7 1 0.5 7
4.63e+07 5.78766e-10 2.26848e-07 9.14518e-12 9 1 0.5 9
4.64e+07 1.35863e-09 2.06376e-07 2.24666e-11 8 1 0.5 8
4.65e+07 1.40658e-09 2.11588e-07 2.71283e-11 7 1 0.5 7
4.66e+07 1.55104e-09 2.0962e-07 4.16798e-11 5 1 0.5 5
4.67e+07 1.54266e-09 2.0904e-07 2.94834e-11 7 1 0.5 7
4.68e+07 1.71843e-09 1.98441e-07 2.00361e-11 11 1 0.5 11
4.69e+07 1.78818e-09 2.07131e-07 2.96904e-11 8 1 0.5 8
4.7e+07 1.9884e-09 2.0967e-07 3.33514e-11 8 1 0.5 8
4.71e+07 1.35559e-09 1.96039e-07 2.4627e-11 7 1 0.5 7
4.72e+07 8.79578e-10 2.1573e-07 1.50405e-11 8 1 0.5 8
4.73e+07 9.18623e-10 2.01107e-07 1.69995e-11 7 1 0.5 7
4.74e+07 1.82185e-09 2.18046e-07 3.60325e-11 7 1 0.5 7
4.75e+07 1.52487e-09 2.01461e-07 1.79826e-11 11 1 0.5 11
4.76e+07 1.44284e-09 2.04622e-07 2.10618e-11 9 1 0.5 9
4.77e+07 1.2592e-09 2.01199e-07 1.63138e-11 10 1 0.5 10
4.78e+07 1.87229e-09 2.09459e-07 2.27795e-11 11 1 0.5 11
4.79e+07 1.70556e-09 2.10832e-07 2.29442e-11 10 1 0.5 10
4.8e+07 1.70757e-09 2.02301e-07 3.7164e-11 6 1 0.5 6
4.81e+07 1.71119e-09 1.96573e-07 3.64195e-11 6 1 0.5 6
4.82e+07 2.08076e-09 2.14684e-07 4.75205e-11 6 1 0.5 6
4.83e+07 8.91862e-10 2.13818e-07 1.34576e-11 9 1 0.5 9
4.84e+07 1.25064e-09 2.14998e-07 1.70681e-11 10 1 0.5 10
4.85e+07 1.68046e-09 2.05745e-07 4.45266e-11 5 1 0.5 5
4.86e+07 1.48299e-09 2.10277e-07 1.80839e-11 11 1 0.5 11
4.87e+07 2.17386e-09 2.04538e-07 7.20099e-11 4 1 0.5 4
4.88e+07 1.51871e-09 2.07514e-07 2.01688e-11 10 1 0.5 10
4.89e+07 1.93647e-09 2.15396e-07 3.79442e-11 7 1 0.5 7
4.9e+07 1.06833e-09 2.10019e-07 1.59016e-11 9 1 0.5 9
4.91e+07 1.22486e-09 2.07122e-07 1.62315e-11 10 1 0.5 10
4.92e+07 1.30839e-09 2.08708e-07 1.9391e-11 9 1 0.5 9
4.93e+07 1.8041e-09 2.14024e-07 1.88774e-11 13 1 0.5 13
4.94e+07 1.1092e-09 2.0414e-07 1.61483e-11 9 1 0.5 9
4.95e+07 1.23027e-09 2.09016e-07 1.82507e-11 9 1 0.5 9
4.96e+07 1.42836e-09 2.13073e-07 2.15231e-11 9 1 0.5 9
4.97e+07 1.40327e-09 2.10315e-07 1.88282e-11 10 1 0.5 10
4.98e+07 1.48087e-09 2.08795e-07 2.47214e-11 8 1 0.5 8
4.99e+07 1.3637e-09 2.07004e-07 2.58485e-11 7 1 0.5 7
5e+07 1.59025e-09 2.02772e-07 2.96809e-11 7 1 0.5 7
5.01e+07 1.44189e-09 2.01692e-07 2.08121e-11 9 1 0.5 9
5.02e+07 2.05476e-09 2.06137e-07 6.2187e-11 5 1 0.5 5
5.03e+07 1.40011e-09 2.09812e-07 2.68242e-11 7 1 0.5 7
5.04e+07 1.26704e-09 2.17286e-07 1.16137e-11 15 1 0.5 15
5.05e+07 1.59399e-09 2.0999e-07 2.37548e-11 9 1 0.5 9
5.06e+07 2.22291e-09 2.00351e-07 2.87656e-11 10 1 0.5 10
5.07e+07 1.34441e-09 2.05505e-07 3.55361e-11 5 1 0.5 5
5.08e+07 1.44783e-09 2.07942e-07 2.75482e-11 7 1 0.5 7
5.09e+07 1.50371e-09 2.0228e-07 4.91951e-11 4 1 0.5 4
5.1e+07 1.21809e-09 2.01942e-07 3.17423e-11 5 1 0.5 5
5.11e+07 1.88742e-09 2.00196e-07 2.03114e-11 12 1 0.5 12
5.12e+07 1.45363e-09 1.98173e-07 2.06968e-11 9 1 0.5 9
5.13e+07 1.39273e-09 2.09396e-07 1.55099e-11 12 1 0.5 12
5.14e+07 1.17406e-09 2.15165e-07 1.60301e-11 10 1 0.5 10
5.15e+07 1.44399e-09 2.08769e-07 1.92642e-11 10 1 0.5 10
5.16e+07 1.36863e-09 2.09364e-07 1.5239e-11 12 1 0.5 12
5.17e+07 1.14802e-09 2.14704e-07 2.23791e-11 7 1 0.5 7
5.18e+07 1.37375e-09 2.00595e-07 2.96653e-11 6 1 0.5 6
5.19e+07 1.64926e-09 2.03823e-07 3.6098e-11 6 1 0.5 6
5.2e+07 1.65958e-09 2.06766e-07 2.00547e-11 11 1 0.5 11
5.21e+07 1.09213e-09 2.15895e-07 2.49575e-11 6 1 0.5 6
5.22e+07 1.49439e-09 2.16352e-07 3.42608e-11 6 1 0.5 6
5.23e+07 1.92519e-09 2.0553e-07 3.63531e-11 7 1 0.5 7
5.24e+07 1.20544e-09 2.149e-07 1.49449e-11 11 1 0.5 11
5.25e+07 1.55495e-09 1.99474e-07 4.01938e-11 5 1 0.5 5
5.26e+07 1.97067e-09 1.97619e-07 3.60936e-11 7 1 0.5 7
5.27e+07 1.66893e-09 1.94442e-07 3.52157e-11 6 1 0.5 6
5.28e+07 1.69971e-09 2.08324e-07 3.24139e-11 7 1 0.5 7
5.29e+07 1.83437e-09 2.07254e-07 2.70731e-11 9 1 0.5 9
5.3e+07 1.49646e-09 2.02695e-07 2.16865e-11 9 1 0.5 9
5.31e+07 1.88396e-09 2.04093e-07 4.96496e-11 5 1 0.5 5
5.32e+07 1.49318e-09 2.02915e-07 1.94837e-11 10 1 0.5 10
5.33e+07 1.84032e-09 2.06187e-07 3.04511e-11 8 1 0.5 8
5.34e+07 1.22236e-09 2.10596e-07 2.34739e-11 7 1 0.5 7
5.35e+07 1.7374e-09 1.95768e-07 3.68633e-11 6 1 0.5 6
5.36e+07 9.17127e-10 2.19695e-07 1.27226e-11 10 1 0.5 10
5.37e+07 1.62097e-09 2.13238e-07 3.67571e-11 6 1 0.5 6
5.38e+07 1.89935e-09 2.10315e-07 4.70531e-11 6 1 0.5 6
5.39e+07 1.18633e-09 2.06193e-07 1.56643e-11 10 1 0.5 10
5.4e+07 1.76882e-09 2.03781e-07 2.90019e-11 8 1 0.5 8
5.41e+07 2.01056e-09 2.02806e-07 2.91861e-11 9 1 0.5 9
5.42e+07 2.39878e-09 2.14127e-07 3.27194e-11 10 1 0.5 10
5.43e+07 1.85821e-09 2.03928e-07 4.07195e-11 6 1 0.5 6
5.44e+07 1.61056e-09 2.06494e-07 4.27829e-11 5 1 0.5 5
5.45e+07 1.66935e-09 2.04044e-07 2.4328e-11 9 1 0.5 9
5.46e+07 1.22074e-09 2.01606e-07 3.9771e-11 4 1 0.5 4
5.47e+07 1.75396e-09 2.04275e-07 1.64241e-11 14 1 0.5 14
5.48e+07 1.71139e-09 2.09752e-07 2.29299e-11 10 1 0.5 10
5.49e+07 1.71142e-09 1.98878e-07 1.8317e-11 12 1 0.5 12
5.5e+07 1.35247e-09 2.08801e-07 2.25702e-11 8 1 0.5 8
5.51e+07 1.32512e-09 2.05951e-07 1.74862e-11 10 1 0.5 10
5.52e+07 1.4518e-09 2.04176e-07 3.81987e-11 5 1 0.5 5
5.53e+07 1.49053e-09 2.1536e-07 2.91593e-11 7 1 0.5 7
5.54e+07 1.36374e-09 1.98916e-07 2.19126e-11 8 1 0.5 8
5.55e+07 1.30556e-09 2.11213e-07 1.46407e-11 12 1 0.5 12
5.56e+07 1.51905e-09 2.04425e-07 2.8526e-11 7 1 0.5 7
5.57e+07 1.82638e-09 2.12185e-07 3.09142e-11 8 1 0.5 8
5.58e+07 1.5695e-09 2.09666e-07 3.00696e-11 7 1 0.5 7
5.59e+07 1.5992e-09 2.00841e-07 2.96266e-11 7 1 0.5 7
5.6e+07 1.57668e-09 2.08628e-07 3.00903e-11 7 1 0.5 7
5.61e+07 1.44986e-09 2.08266e-07 3.22505e-11 6 1 0.5 6
5.62e+07 1.36318e-09 2.03064e-07 1.97766e-11 9 1 0.5 9
5.63e+07 1.47947e-09 2.08307e-07 2.46526e-11 8 1 0.5 8
5.64e+07 1.60766e-09 2.08137e-07 4.2972e-11 5 1 0.5 5
5.65e+07 1.45259e-09 2.11423e-07 2.80025e-11 7 1 0.5 7
5.66e+07 2.02335e-09 2.13063e-07 3.43736e-11 8 1 0.5 8
5.67e+07 1.52732e-09 2.05494e-07 1.43628e-11 14 1 0.5 14
5.68e+07 1.13673e-09 2.21651e-07 9.9203e-12 16 1 0.5 16
5.69e+07 1.32656e-09 1.97249e-07 2.82691e-11 6 1 0.5 6
5.7e+07 1.74157e-09 2.04131e-07 3.26957e-11 7 1 0.5 7
5.71e+07 1.65084e-09 2.06049e-07 3.75116e-11 8 1 0.5 8
5.72e+07 1.25028e-09 2.04094e-07 3.28566e-11 5 1 0.5 5
5.73e+07 1.53682e-09 2.15726e-07 2.10439e-11 10 1 0.5 10
5.74e+07 1.2009e-09 2.06416e-07 1.44241e-11 11 1 0.5 11
5.75e+07 1.69271e-09 2.09693e-07 3.24464e-11 7 1 0.5 7
5.76e+07 1.73071e-09 1.95713e-07 2.44204e-11 9 1 0.5 9
5.77e+07 1.7376e-09 2.07419e-07 3.30274e-11 7 1 0.5 7
5.78e+07 1.25734e-09 2.0381e-07 2.74786e-11 6 1 0.5 6
5.79e+07 1.28824e-09 2.12329e-07 2.17796e-11 8 1 0.5 8
5.8e+07 1.50733e-09 2.06046e-07 3.17994e-11 7 1 0.5 7
5.81e+07 1.23322e-09 2.09709e-07 2.06435e-11 8 1 0.5 8
5.82e+07 2.00383e-09 2.21198e-07 1.76337e-10 10 1 0.5 10
5.83e+07 1.58679e-09 2.05807e-07 2.99622e-11 7 1 0.5 7
5.84e+07 1.26984e-09 1.99106e-07 2.72526e-11 6 1 0.5 6
5.85e+07 1.57609e-09 2.0696e-07 2.61363e-11 8 1 0.5 8
5.86e+07 1.45249e-09 2.03767e-07 1.90133e-11 10 1 0.5 10
5.87e+07 1.06605e-09 2.08349e-07 1.28948e-11 11 1 0.5 11
5.88e+07 1.81658e-09 2.11351e-07 4.91929e-11 5 1 0.5 5
5.89e+07 1.2705e-09 2.04093e-07 1.66451e-11 10 1 0.5 10
5.9e+07 1.36928e-09 2.11815e-07 3.08564e-11 6 1 0.5 6
5.91e+07 1.34863e-09 2.03699e-07 2.9471e-11 6 1 0.5 6
5.92e+07 1.68239e-09 2.16519e-07 2.31121e-11 10 1 0.5 10
5.93e+07 1.57448e-09 2.05744e-07 3.47057e-11 6 1 0.5 6
5.94e+07 1.23467e-09 2.06717e-07 3.27698e-11 5 1 0.5 5
5.95e+07 1.30788e-09 1.98883e-07 1.19853e-11 14 1 0.5 14
5.96e+07 1.11025e-09 2.11234e-07 1.49378e-11 10 1 0.5 10
5.97e+07 1.77618e-09 2.1003e-07 4.78526e-11 5 1 0.5 5
5.98e+07 1.26913e-09 2.07237e-07 1.87031e-11 9 1 0.5 9
5.99e+07 1.50074e-09 2.00965e-07 2.16037e-11 9 1 0.5 9
6e+07 1.27598e-09 2.02752e-07 1.84852e-11 9 1 0.5 9
6.01e+07 1.65209e-09 2.12657e-07 2.48703e-11 9 1 0.5 9
6.02e+07 1.65007e-09 1.96816e-07 2.6346e-11 8 1 0.5 8
6.03e+07 1.25879e-09 2.09427e-07 3.37571e-11 5 1 0.5 5
6.04e+07 1.47729e-09 2.05694e-07 3.25454e-11 6 1 0.5 6
6.05e+07 1.26017e-09 2.11603e-07 2.83634e-11 6 1 0.5 6
6.06e+07 1.84607e-09 2.05802e-07 3.48864e-11 7 1 0.5 7
6.07e+07 1.03809e-09 2.07605e-07 1.53108e-11 9 1 0.5 9
6.08e+07 1.57899e-09 2.13437e-07 2.1442e-11 10 1 0.5 10
6.09e+07 1.57192e-09 2.14712e-07 2.14462e-11 10 1 0.5 10
6.1e+07 1.44974e-09 2.12816e-07 2.18257e-11 9 1 0.5 9
6.11e+07 1.41165e-09 2.04572e-07 1.6844e-11 11 1 0.5 11
6.12e+07 1.02454e-09 2.03348e-07 1.3377e-11 10 1 0.5 10
6.13e+07 1.4873e-09 2.06954e-07 1.79111e-11 11 1 0.5 11
6.14e+07 1.51946e-09 2.11482e-07 2.04815e-11 10 1 0.5 10
6.15e+07 1.56485e-09 2.02571e-07 2.03952e-11 10 1 0.5 10
6.16e+07 1.4567e-09 2.07634e-07 1.75866e-11 11 1 0.5 11
6.17e+07 1.49348e-09 2.04824e-07 3.2795e-11 6 1 0.5 6
6.18e+07 1.34086e-09 2.05132e-07 1.60312e-11 11 1 0.5 11
6.19e+07 1.07118e-09 2.11723e-07 1.60458e-11 9 1 0.5 9
6.2e+07 1.17649e-09 2.15768e-07 1.23757e-11 13 1 0.5 13
