0 1.50659e-09 2.07143e-07 1.91083e-11 11 1 0.5 11
100000 1.30388e-09 2.0878e-07 2.17562e-11 8 2 0.5 6
100000 1.30388e-09 2.0878e-07 2.17562e-11 8 2 0.457422 2
200000 1.91586e-09 2.23389e-07 2.45354e-11 11 3 0.468426 8
200000 1.91586e-09 2.23389e-07 2.45354e-11 11 3 0.474712 2
200000 1.91586e-09 2.23389e-07 2.45354e-11 11 3 0.473395 1
300000 1.20144e-09 2.50295e-07 1.85282e-11 10 1 0.439873 10
400000 1.00923e-09 2.67656e-07 1.49404e-11 11 4 0.422989 2
400000 1.00923e-09 2.67656e-07 1.49404e-11 11 4 0.399943 5
400000 1.00923e-09 2.67656e-07 1.49404e-11 11 4 0.388947 3
400000 1.00923e-09 2.67656e-07 1.49404e-11 11 4 0.399872 1
500000 1.4992e-09 2.46377e-07 3.2697e-11 7 2 0.391531 3
500000 1.4992e-09 2.46377e-07 3.2697e-11 7 2 0.427832 4
600000 1.07319e-09 2.83962e-07 3.71554e-11 5 1 0.384936 5
700000 1.42585e-09 2.77571e-07 2.17767e-11 11 5 0.384936 1
700000 1.42585e-09 2.77571e-07 2.17767e-11 11 5 0.37983 5
700000 1.42585e-09 2.77571e-07 2.17767e-11 11 5 0.408442 3
700000 1.42585e-09 2.77571e-07 2.17767e-11 11 5 0.431895 1
700000 1.42585e-09 2.77571e-07 2.17767e-11 11 5 0.395815 1
800000 1.16407e-09 2.61239e-07 2.32597e-11 8 4 0.424527 5
800000 1.16407e-09 2.61239e-07 2.32597e-11 8 4 0.411992 1
800000 1.16407e-09 2.61239e-07 2.32597e-11 8 4 0.402547 1
800000 1.16407e-09 2.61239e-07 2.32597e-11 8 4 0.392869 1
900000 1.44064e-09 2.49118e-07 2.77126e-11 8 3 0.421702 4
900000 1.44064e-09 2.49118e-07 2.77126e-11 8 3 0.428808 2
900000 1.44064e-09 2.49118e-07 2.77126e-11 8 3 0.425242 2
1e+06 1.03322e-09 2.36717e-07 1.52236e-11 10 2 0.439244 9
1e+06 1.03322e-09 2.36717e-07 1.52236e-11 10 2 0.452558 1
1.1e+06 1.41363e-09 2.24787e-07 2.50228e-11 8 2 0.439244 2
1.1e+06 1.41363e-09 2.24787e-07 2.50228e-11 8 2 0.455458 6
1.2e+06 8.03115e-10 2.3756e-07 9.87948e-12 12 3 0.450896 7
1.2e+06 8.03115e-10 2.3756e-07 9.87948e-12 12 3 0.451775 4
1.2e+06 8.03115e-10 2.3756e-07 9.87948e-12 12 3 0.432683 1
1.3e+06 1.14229e-09 2.43556e-07 3.45561e-11 5 1 0.451775 5
1.4e+06 1.06632e-09 2.51345e-07 2.36005e-11 7 3 0.410187 4
1.4e+06 1.06632e-09 2.51345e-07 2.36005e-11 7 3 0.409624 2
1.4e+06 1.06632e-09 2.51345e-07 2.36005e-11 7 3 0.38113 1
1.5e+06 1.35663e-09 2.53166e-07 2.64362e-11 8 3 0.410187 5
1.5e+06 1.35663e-09 2.53166e-07 2.64362e-11 8 3 0.417563 1
1.5e+06 1.35663e-09 2.53166e-07 2.64362e-11 8 3 0.432515 2
1.6e+06 9.85976e-10 2.79582e-07 1.1883e-11 14 2 0.388796 10
1.6e+06 9.85976e-10 2.79582e-07 1.1883e-11 14 2 0.3757 4
1.7e+06 8.20563e-10 3.38931e-07 2.03867e-11 8 3 0.328728 1
1.7e+06 8.20563e-10 3.38931e-07 2.03867e-11 8 3 0.319398 3
1.7e+06 8.20563e-10 3.38931e-07 2.03867e-11 8 3 0.350152 4
1.8e+06 9.87353e-10 3.10468e-07 1.39971e-11 13 6 0.333428 4
1.8e+06 9.87353e-10 3.10468e-07 1.39971e-11 13 6 0.340978 2
1.8e+06 9.87353e-10 3.10468e-07 1.39971e-11 13 6 0.326691 2
1.8e+06 9.87353e-10 3.10468e-07 1.39971e-11 13 6 0.32822 3
1.8e+06 9.87353e-10 3.10468e-07 1.39971e-11 13 6 0.354451 1
1.8e+06 9.87353e-10 3.10468e-07 1.39971e-11 13 6 0.315892 1
1.9e+06 1.31772e-09 2.893e-07 3.28027e-11 7 3 0.366313 3
1.9e+06 1.31772e-09 2.893e-07 3.28027e-11 7 3 0.378113 2
1.9e+06 1.31772e-09 2.893e-07 3.28027e-11 7 3 0.348736 2
2e+06 1.46433e-09 2.93555e-07 2.34384e-11 11 2 0.344836 1
2e+06 1.46433e-09 2.93555e-07 2.34384e-11 11 2 0.382959 10
2.1e+06 1.10883e-09 2.72682e-07 2.62476e-11 7 4 0.402797 1
2.1e+06 1.10883e-09 2.72682e-07 2.62476e-11 7 4 0.402496 2
2.1e+06 1.10883e-09 2.72682e-07 2.62476e-11 7 4 0.393613 2
2.1e+06 1.10883e-09 2.72682e-07 2.62476e-11 7 4 0.372772 2
2.2e+06 1.31148e-09 2.79476e-07 2.77293e-11 8 3 0.372772 3
2.2e+06 1.31148e-09 2.79476e-07 2.77293e-11 8 3 0.393266 4
2.2e+06 1.31148e-09 2.79476e-07 2.77293e-11 8 3 0.37929 1
2.3e+06 4.35058e-10 2.98312e-07 5.9554e-12 13 3 0.349271 11
2.3e+06 4.35058e-10 2.98312e-07 5.9554e-12 13 3 0.344438 1
2.3e+06 4.35058e-10 2.98312e-07 5.9554e-12 13 3 0.328741 1
2.4e+06 6.39955e-10 3.16999e-07 1.50078e-11 8 2 0.338336 6
2.4e+06 6.39955e-10 3.16999e-07 1.50078e-11 8 2 0.34145 2
2.5e+06 1.04987e-09 3.18003e-07 1.97721e-11 10 2 0.338336 5
2.5e+06 1.04987e-09 3.18003e-07 1.97721e-11 10 2 0.359488 5
2.6e+06 1.23023e-09 3.32794e-07 2.40884e-11 10 3 0.298298 4
2.6e+06 1.23023e-09 3.32794e-07 2.40884e-11 10 3 0.361501 5
2.6e+06 1.23023e-09 3.32794e-07 2.40884e-11 10 3 0.345676 1
2.7e+06 1.06854e-09 3.66141e-07 2.2705e-11 10 5 0.298298 1
2.7e+06 1.06854e-09 3.66141e-07 2.2705e-11 10 5 0.300681 2
2.7e+06 1.06854e-09 3.66141e-07 2.2705e-11 10 5 0.328966 4
2.7e+06 1.06854e-09 3.66141e-07 2.2705e-11 10 5 0.316264 2
2.7e+06 1.06854e-09 3.66141e-07 2.2705e-11 10 5 0.295413 1
2.8e+06 4.71308e-10 3.64144e-07 9.04087e-12 11 5 0.316264 4
2.8e+06 4.71308e-10 3.64144e-07 9.04087e-12 11 5 0.317698 1
2.8e+06 4.71308e-10 3.64144e-07 9.04087e-12 11 5 0.293098 4
2.8e+06 4.71308e-10 3.64144e-07 9.04087e-12 11 5 0.314184 1
2.8e+06 4.71308e-10 3.64144e-07 9.04087e-12 11 5 0.325794 1
2.9e+06 1.11657e-09 3.80145e-07 3.06819e-11 8 5 0.317698 2
2.9e+06 1.11657e-09 3.80145e-07 3.06819e-11 8 5 0.318843 1
2.9e+06 1.11657e-09 3.80145e-07 3.06819e-11 8 5 0.289799 3
2.9e+06 1.11657e-09 3.80145e-07 3.06819e-11 8 5 0.266323 1
2.9e+06 1.11657e-09 3.80145e-07 3.06819e-11 8 5 0.318004 1
3e+06 3.93914e-10 4.09322e-07 1.02272e-11 9 4 0.255233 2
3e+06 3.93914e-10 4.09322e-07 1.02272e-11 9 4 0.326779 3
3e+06 3.93914e-10 4.09322e-07 1.02272e-11 9 4 0.267681 3
3e+06 3.93914e-10 4.09322e-07 1.02272e-11 9 4 0.30563 1
3.1e+06 4.166e-10 4.68683e-07 9.97807e-12 11 6 0.230255 1
3.1e+06 4.166e-10 4.68683e-07 9.97807e-12 11 6 0.245696 1
3.1e+06 4.166e-10 4.68683e-07 9.97807e-12 11 6 0.22115 4
3.1e+06 4.166e-10 4.68683e-07 9.97807e-12 11 6 0.221909 3
3.1e+06 4.166e-10 4.68683e-07 9.97807e-12 11 6 0.243746 1
3.1e+06 4.166e-10 4.68683e-07 9.97807e-12 11 6 0.215199 1
3.2e+06 8.44648e-10 4.36804e-07 1.74405e-11 12 5 0.2684 5
3.2e+06 8.44648e-10 4.36804e-07 1.74405e-11 12 5 0.239575 1
3.2e+06 8.44648e-10 4.36804e-07 1.74405e-11 12 5 0.245224 2
3.2e+06 8.44648e-10 4.36804e-07 1.74405e-11 12 5 0.220671 2
3.2e+06 8.44648e-10 4.36804e-07 1.74405e-11 12 5 0.224979 2
3.3e+06 5.04763e-10 4.06311e-07 1.30296e-11 9 2 0.2684 5
3.3e+06 5.04763e-10 4.06311e-07 1.30296e-11 9 2 0.271173 4
3.4e+06 1.28916e-09 3.6496e-07 2.73389e-11 10 4 0.306143 3
3.4e+06 1.28916e-09 3.6496e-07 2.73389e-11 10 4 0.300097 4
3.4e+06 1.28916e-09 3.6496e-07 2.73389e-11 10 4 0.331501 2
3.4e+06 1.28916e-09 3.6496e-07 2.73389e-11 10 4 0.323749 1
3.5e+06 6.1711e-10 4.0743e-07 1.5974e-11 9 3 0.284767 3
3.5e+06 6.1711e-10 4.0743e-07 1.5974e-11 9 3 0.286063 4
3.5e+06 6.1711e-10 4.0743e-07 1.5974e-11 9 3 0.267699 2
3.6e+06 7.11756e-10 3.9148e-07 1.14278e-11 14 2 0.286063 12
3.6e+06 7.11756e-10 3.9148e-07 1.14278e-11 14 2 0.310784 2
3.7e+06 9.564e-10 4.05168e-07 2.46716e-11 9 2 0.286063 7
3.7e+06 9.564e-10 4.05168e-07 2.46716e-11 9 2 0.279322 2
3.8e+06 8.99542e-10 3.92037e-07 1.55853e-11 13 2 0.277907 12
3.8e+06 8.99542e-10 3.92037e-07 1.55853e-11 13 2 0.294697 1
3.9e+06 7.51442e-10 3.75317e-07 2.3315e-11 7 5 0.277923 2
3.9e+06 7.51442e-10 3.75317e-07 2.3315e-11 7 5 0.28869 1
3.9e+06 7.51442e-10 3.75317e-07 2.3315e-11 7 5 0.302873 1
3.9e+06 7.51442e-10 3.75317e-07 2.3315e-11 7 5 0.275712 2
3.9e+06 7.51442e-10 3.75317e-07 2.3315e-11 7 5 0.302517 1
4e+06 7.8086e-10 3.61683e-07 1.09238e-11 15 3 0.302873 10
4e+06 7.8086e-10 3.61683e-07 1.09238e-11 15 3 0.291428 4
4e+06 7.8086e-10 3.61683e-07 1.09238e-11 15 3 0.304278 1
4.1e+06 9.74203e-10 3.66553e-07 2.30239e-11 9 3 0.302873 4
4.1e+06 9.74203e-10 3.66553e-07 2.30239e-11 9 3 0.334496 1
4.1e+06 9.74203e-10 3.66553e-07 2.30239e-11 9 3 0.32782 4
4.2e+06 7.67926e-10 3.73989e-07 1.66031e-11 10 3 0.302873 6
4.2e+06 7.67926e-10 3.73989e-07 1.66031e-11 10 3 0.308154 2
4.2e+06 7.67926e-10 3.73989e-07 1.66031e-11 10 3 0.321287 2
4.3e+06 8.10295e-10 3.41139e-07 1.47096e-11 11 3 0.318074 5
4.3e+06 8.10295e-10 3.41139e-07 1.47096e-11 11 3 0.321722 5
4.3e+06 8.10295e-10 3.41139e-07 1.47096e-11 11 3 0.303301 1
4.4e+06 7.94063e-10 3.54572e-07 1.49023e-11 11 4 0.300929 4
4.4e+06 7.94063e-10 3.54572e-07 1.49023e-11 11 4 0.302171 4
4.4e+06 7.94063e-10 3.54572e-07 1.49023e-11 11 4 0.310758 2
4.4e+06 7.94063e-10 3.54572e-07 1.49023e-11 11 4 0.282824 1
4.5e+06 6.01967e-10 3.97123e-07 1.71456e-11 8 3 0.291037 5
4.5e+06 6.01967e-10 3.97123e-07 1.71456e-11 8 3 0.282339 2
4.5e+06 6.01967e-10 3.97123e-07 1.71456e-11 8 3 0.244508 1
4.6e+06 9.46882e-10 3.61724e-07 3.32521e-11 6 2 0.301594 3
4.6e+06 9.46882e-10 3.61724e-07 3.32521e-11 6 2 0.307193 3
4.7e+06 3.23311e-10 5.67184e-07 2.5354e-11 4 1 0.208113 4
4.8e+06 4.49943e-10 4.91004e-07 1.2362e-11 10 4 0.242164 3
4.8e+06 4.49943e-10 4.91004e-07 1.2362e-11 10 4 0.191127 1
4.8e+06 4.49943e-10 4.91004e-07 1.2362e-11 10 4 0.213738 5
4.8e+06 4.49943e-10 4.91004e-07 1.2362e-11 10 4 0.257635 1
4.9e+06 5.55241e-10 5.50985e-07 1.1279e-11 15 2 0.207037 14
4.9e+06 5.55241e-10 5.50985e-07 1.1279e-11 15 2 0.203454 1
5e+06 6.90154e-10 5.27555e-07 2.02546e-11 10 3 0.238005 4
5e+06 6.90154e-10 5.27555e-07 2.02546e-11 10 3 0.188506 2
5e+06 6.90154e-10 5.27555e-07 2.02546e-11 10 3 0.17606 4
5.1e+06 5.85635e-10 5.26762e-07 2.14552e-11 8 3 0.224815 6
5.1e+06 5.85635e-10 5.26762e-07 2.14552e-11 8 3 0.197757 1
5.1e+06 5.85635e-10 5.26762e-07 2.14552e-11 8 3 0.242919 1
5.2e+06 7.7997e-10 5.72799e-07 1.89656e-11 13 4 0.197757 2
5.2e+06 7.7997e-10 5.72799e-07 1.89656e-11 13 4 0.185452 1
5.2e+06 7.7997e-10 5.72799e-07 1.89656e-11 13 4 0.182611 8
5.2e+06 7.7997e-10 5.72799e-07 1.89656e-11 13 4 0.166139 2
5.3e+06 3.82716e-10 6.42254e-07 8.93768e-12 15 7 0.185452 1
5.3e+06 3.82716e-10 6.42254e-07 8.93768e-12 15 7 0.210187 1
5.3e+06 3.82716e-10 6.42254e-07 8.93768e-12 15 7 0.170436 2
5.3e+06 3.82716e-10 6.42254e-07 8.93768e-12 15 7 0.184622 2
5.3e+06 3.82716e-10 6.42254e-07 8.93768e-12 15 7 0.172147 4
5.3e+06 3.82716e-10 6.42254e-07 8.93768e-12 15 7 0.179301 4
5.3e+06 3.82716e-10 6.42254e-07 8.93768e-12 15 7 0.182819 1
5.4e+06 6.03538e-10 6.34963e-07 2.09657e-11 10 2 0.184622 6
5.4e+06 6.03538e-10 6.34963e-07 2.09657e-11 10 2 0.179301 4
5.5e+06 6.76573e-10 5.33308e-07 1.33478e-11 15 6 0.191428 1
5.5e+06 6.76573e-10 5.33308e-07 1.33478e-11 15 6 0.21926 6
5.5e+06 6.76573e-10 5.33308e-07 1.33478e-11 15 6 0.226356 4
5.5e+06 6.76573e-10 5.33308e-07 1.33478e-11 15 6 0.228872 2
5.5e+06 6.76573e-10 5.33308e-07 1.33478e-11 15 6 0.222941 1
5.5e+06 6.76573e-10 5.33308e-07 1.33478e-11 15 6 0.254225 1
5.6e+06 3.66598e-10 5.58807e-07 8.0778e-12 14 3 0.185023 8
5.6e+06 3.66598e-10 5.58807e-07 8.0778e-12 14 3 0.212006 2
5.6e+06 3.66598e-10 5.58807e-07 8.0778e-12 14 3 0.21327 4
5.7e+06 3.66111e-10 6.77167e-07 1.4975e-11 9 2 0.185023 8
5.7e+06 3.66111e-10 6.77167e-07 1.4975e-11 9 2 0.188162 1
5.8e+06 1.06457e-09 4.92573e-07 1.95775e-11 15 6 0.191873 4
5.8e+06 1.06457e-09 4.92573e-07 1.95775e-11 15 6 0.227117 7
5.8e+06 1.06457e-09 4.92573e-07 1.95775e-11 15 6 0.205933 1
5.8e+06 1.06457e-09 4.92573e-07 1.95775e-11 15 6 0.193736 1
5.8e+06 1.06457e-09 4.92573e-07 1.95775e-11 15 6 0.211642 1
5.8e+06 1.06457e-09 4.92573e-07 1.95775e-11 15 6 0.242719 1
5.9e+06 6.29752e-10 5.0244e-07 1.35885e-11 13 3 0.227117 11
5.9e+06 6.29752e-10 5.0244e-07 1.35885e-11 13 3 0.177253 1
5.9e+06 6.29752e-10 5.0244e-07 1.35885e-11 13 3 0.202284 1
6e+06 2.95718e-10 5.27636e-07 7.87399e-12 11 3 0.227117 2
6e+06 2.95718e-10 5.27636e-07 7.87399e-12 11 3 0.23293 2
6e+06 2.95718e-10 5.27636e-07 7.87399e-12 11 3 0.189909 7
6.1e+06 5.33212e-10 6.00275e-07 1.59824e-11 11 2 0.18461 10
6.1e+06 5.33212e-10 6.00275e-07 1.59824e-11 11 2 0.190142 1
6.2e+06 1.80674e-10 7.04141e-07 7.65473e-12 9 5 0.170594 3
6.2e+06 1.80674e-10 7.04141e-07 7.65473e-12 9 5 0.155606 3
6.2e+06 1.80674e-10 7.04141e-07 7.65473e-12 9 5 0.185321 1
6.2e+06 1.80674e-10 7.04141e-07 7.65473e-12 9 5 0.138272 1
6.2e+06 1.80674e-10 7.04141e-07 7.65473e-12 9 5 0.127464 1
6.3e+06 3.53712e-10 7.55743e-07 2.06121e-11 7 2 0.155606 3
6.3e+06 3.53712e-10 7.55743e-07 2.06121e-11 7 2 0.176702 4
6.4e+06 6.87815e-10 6.07578e-07 1.91146e-11 12 3 0.206028 6
6.4e+06 6.87815e-10 6.07578e-07 1.91146e-11 12 3 0.178568 2
6.4e+06 6.87815e-10 6.07578e-07 1.91146e-11 12 3 0.196832 4
6.5e+06 2.10191e-10 8.18749e-07 2.31132e-11 4 1 0.151421 4
6.6e+06 3.61015e-10 8.20693e-07 2.27325e-11 7 3 0.140419 1
6.6e+06 3.61015e-10 8.20693e-07 2.27325e-11 7 3 0.145523 2
6.6e+06 3.61015e-10 8.20693e-07 2.27325e-11 7 3 0.145823 4
6.7e+06 8.6695e-11 8.40494e-07 2.78152e-12 14 6 0.145523 3
6.7e+06 8.6695e-11 8.40494e-07 2.78152e-12 14 6 0.12894 4
6.7e+06 8.6695e-11 8.40494e-07 2.78152e-12 14 6 0.130288 4
6.7e+06 8.6695e-11 8.40494e-07 2.78152e-12 14 6 0.111454 1
6.7e+06 8.6695e-11 8.40494e-07 2.78152e-12 14 6 0.151233 1
6.7e+06 8.6695e-11 8.40494e-07 2.78152e-12 14 6 0.120569 1
6.8e+06 3.71848e-10 7.12971e-07 8.43654e-12 17 7 0.144874 7
6.8e+06 3.71848e-10 7.12971e-07 8.43654e-12 17 7 0.185276 4
6.8e+06 3.71848e-10 7.12971e-07 8.43654e-12 17 7 0.15707 2
6.8e+06 3.71848e-10 7.12971e-07 8.43654e-12 17 7 0.15166 1
6.8e+06 3.71848e-10 7.12971e-07 8.43654e-12 17 7 0.14537 1
6.8e+06 3.71848e-10 7.12971e-07 8.43654e-12 17 7 0.15696 1
6.8e+06 3.71848e-10 7.12971e-07 8.43654e-12 17 7 0.143286 1
6.9e+06 9.69113e-10 9.71198e-07 1.85134e-11 27 5 0.128471 14
6.9e+06 9.69113e-10 9.71198e-07 1.85134e-11 27 5 0.126407 8
6.9e+06 9.69113e-10 9.71198e-07 1.85134e-11 27 5 0.155919 1
6.9e+06 9.69113e-10 9.71198e-07 1.85134e-11 27 5 0.137676 2
6.9e+06 9.69113e-10 9.71198e-07 1.85134e-11 27 5 0.154319 2
7e+06 1.83438e-10 1.12191e-06 1.80858e-11 6 2 0.108218 5
7e+06 1.83438e-10 1.12191e-06 1.80858e-11 6 2 0.118497 1
7.1e+06 1.36359e-11 1.23672e-06 4.43592e-12 2 2 0.0894812 1
7.1e+06 1.36359e-11 1.23672e-06 4.43592e-12 2 2 0.0536421 1
